 0.0000  0.141848E+02  0.180089E+00  0.140405E+02  0.140375E+02  0.000000E+00
 0.0256  0.141420E+02 -0.288299E+00  0.139952E+02  0.162323E+02  0.000000E+00
 0.0513  0.141830E+02  0.448157E-01  0.139698E+02  0.183778E+02  0.000000E+00
 0.0769  0.141715E+02  0.352306E-01  0.139218E+02  0.203685E+02  0.000000E+00
 0.1026  0.141665E+02  0.342432E-01  0.138619E+02  0.221605E+02  0.000000E+00
 0.1282  0.141617E+02  0.282886E-01  0.138040E+02  0.237256E+02  0.000000E+00
 0.1538  0.141581E+02  0.174328E-01  0.137516E+02  0.250311E+02  0.000000E+00
 0.1795  0.141566E+02  0.214324E-02  0.137081E+02  0.260519E+02  0.000000E+00
 0.2051  0.141582E+02 -0.167497E-01  0.136765E+02  0.267701E+02  0.000000E+00
 0.2308  0.141636E+02 -0.381795E-01  0.136590E+02  0.271743E+02  0.000000E+00
 0.2564  0.141732E+02 -0.609627E-01  0.136570E+02  0.272587E+02  0.000000E+00
 0.2821  0.141870E+02 -0.838678E-01  0.136714E+02  0.270228E+02  0.000000E+00
 0.3077  0.142046E+02 -0.105630E+00  0.137017E+02  0.264710E+02  0.000000E+00
 0.3333  0.142254E+02 -0.124953E+00  0.137471E+02  0.256128E+02  0.000000E+00
 0.3590  0.142485E+02 -0.140552E+00  0.138054E+02  0.244629E+02  0.000000E+00
 0.3846  0.142728E+02 -0.151272E+00  0.138740E+02  0.230421E+02  0.000000E+00
 0.4103  0.142969E+02 -0.156249E+00  0.139492E+02  0.213778E+02  0.000000E+00
 0.4359  0.143198E+02 -0.155077E+00  0.140273E+02  0.195048E+02  0.000000E+00
 0.4615  0.143404E+02 -0.147905E+00  0.141041E+02  0.174656E+02  0.000000E+00
 0.4872  0.143581E+02 -0.135460E+00  0.141758E+02  0.153100E+02  0.000000E+00
 0.5128  0.143725E+02 -0.118985E+00  0.142391E+02  0.130947E+02  0.000000E+00
 0.5385  0.143834E+02 -0.100119E+00  0.142918E+02  0.108808E+02  0.000000E+00
 0.5641  0.143912E+02 -0.807102E-01  0.143329E+02  0.873179E+01  0.000000E+00
 0.5897  0.143962E+02 -0.624735E-01  0.143624E+02  0.671028E+01  0.000000E+00
 0.6154  0.144001E+02 -0.558534E-01  0.143828E+02  0.487566E+01  0.000000E+00
 0.6410  0.144042E+02 -0.496876E-01  0.143966E+02  0.328081E+01  0.000000E+00
 0.6667  0.144081E+02 -0.426269E-01  0.144053E+02  0.197027E+01  0.000000E+00
 0.6923  0.144111E+02 -0.349343E-01  0.144100E+02  0.980063E+00  0.000000E+00
 0.7179  0.144124E+02 -0.267894E-01  0.144117E+02  0.337037E+00  0.000000E+00
 0.7436  0.144117E+02 -0.183843E-01  0.144111E+02  0.583831E-01  0.000000E+00
 0.7692  0.144089E+02 -0.991932E-02  0.144082E+02  0.151413E+00  0.000000E+00
 0.7949  0.144043E+02 -0.159705E-02  0.144025E+02  0.613418E+00  0.000000E+00
 0.8205  0.143984E+02  0.633889E-02  0.143933E+02  0.143163E+01  0.000000E+00
 0.8462  0.143916E+02  0.149617E-01  0.143791E+02  0.258331E+01  0.000000E+00
 0.8718  0.143826E+02  0.392206E-01  0.143565E+02  0.403534E+01  0.000000E+00
 0.8974  0.143691E+02  0.693469E-01  0.143212E+02  0.574437E+01  0.000000E+00
 0.9231  0.143502E+02  0.102727E+00  0.142709E+02  0.765830E+01  0.000000E+00
 0.9487  0.143253E+02  0.136447E+00  0.142047E+02  0.971826E+01  0.000000E+00
 0.9744  0.142945E+02  0.166579E+00  0.141229E+02  0.118613E+02  0.000000E+00
 1.0000  0.142533E+02  0.180089E+00  0.140405E+02  0.140375E+02  0.000000E+00
