 0.0000  0.175369E+02  0.749542E+00  0.171342E+02  0.170092E+02  0.000000E+00
 0.0256  0.148530E+02  0.413599E+00  0.145682E+02  0.168172E+02  0.000000E+00
 0.0513  0.131695E+02  0.378639E+00  0.127597E+02  0.167263E+02  0.000000E+00
 0.0769  0.117225E+02  0.272064E+00  0.113830E+02  0.166145E+02  0.000000E+00
 0.1026  0.106678E+02  0.194262E+00  0.103824E+02  0.165723E+02  0.000000E+00
 0.1282  0.990503E+01  0.134437E+00  0.966411E+01  0.165947E+02  0.000000E+00
 0.1538  0.936901E+01  0.869961E-01  0.916580E+01  0.166755E+02  0.000000E+00
 0.1795  0.901250E+01  0.493873E-01  0.884109E+01  0.167984E+02  0.000000E+00
 0.2051  0.879675E+01  0.204959E-01  0.865013E+01  0.169303E+02  0.000000E+00
 0.2308  0.868947E+01 -0.132266E-02  0.855807E+01  0.170259E+02  0.000000E+00
 0.2564  0.866911E+01 -0.196043E-01  0.854093E+01  0.170472E+02  0.000000E+00
 0.2821  0.873092E+01 -0.392857E-01  0.859336E+01  0.169850E+02  0.000000E+00
 0.3077  0.888851E+01 -0.648265E-01  0.873067E+01  0.168649E+02  0.000000E+00
 0.3333  0.916941E+01 -0.988233E-01  0.898313E+01  0.167311E+02  0.000000E+00
 0.3590  0.960900E+01 -0.142485E+00  0.938813E+01  0.166241E+02  0.000000E+00
 0.3846  0.102489E+02 -0.197448E+00  0.998748E+01  0.165676E+02  0.000000E+00
 0.4103  0.111421E+02 -0.267538E+00  0.108326E+02  0.165701E+02  0.000000E+00
 0.4359  0.123651E+02 -0.360153E+00  0.119963E+02  0.166335E+02  0.000000E+00
 0.4615  0.140358E+02 -0.488123E+00  0.135906E+02  0.167605E+02  0.000000E+00
 0.4872  0.163432E+02 -0.673362E+00  0.157953E+02  0.169593E+02  0.000000E+00
 0.5128  0.196000E+02 -0.954112E+00  0.189083E+02  0.172450E+02  0.000000E+00
 0.5385  0.243376E+02 -0.139875E+01  0.234369E+02  0.176354E+02  0.000000E+00
 0.5641  0.314776E+02 -0.212978E+01  0.302667E+02  0.181358E+02  0.000000E+00
 0.5897  0.426105E+02 -0.335407E+01  0.409461E+02  0.186874E+02  0.000000E+00
 0.6154  0.602806E+02 -0.534398E+01  0.580236E+02  0.190374E+02  0.000000E+00
 0.6410  0.875429E+02 -0.812040E+01  0.847746E+02  0.184952E+02  0.000000E+00
 0.6667  0.124605E+03 -0.103388E+02  0.121989E+03  0.158414E+02  0.000000E+00
 0.6923  0.161988E+03 -0.855827E+01  0.160460E+03  0.104151E+02  0.000000E+00
 0.7179  0.183910E+03 -0.291140E+01  0.183496E+03  0.420189E+01  0.000000E+00
 0.7436  0.189159E+03 -0.361094E+00  0.189133E+03  0.765931E+00  0.000000E+00
 0.7692  0.187900E+03  0.334351E+00  0.187764E+03  0.195940E+01  0.000000E+00
 0.7949  0.175507E+03  0.519609E+01  0.174609E+03  0.717562E+01  0.000000E+00
 0.8205  0.144319E+03  0.965055E+01  0.142164E+03  0.134270E+02  0.000000E+00
 0.8462  0.105142E+03  0.911570E+01  0.102326E+03  0.175133E+02  0.000000E+00
 0.8718  0.725595E+02  0.641315E+01  0.700075E+02  0.189449E+02  0.000000E+00
 0.8974  0.504291E+02  0.406283E+01  0.484799E+02  0.189159E+02  0.000000E+00
 0.9231  0.364029E+02  0.253795E+01  0.349849E+02  0.184099E+02  0.000000E+00
 0.9487  0.275111E+02  0.162487E+01  0.264700E+02  0.178609E+02  0.000000E+00
 0.9744  0.217021E+02  0.108064E+01  0.209144E+02  0.173936E+02  0.000000E+00
 1.0000  0.177507E+02  0.749542E+00  0.171342E+02  0.170092E+02  0.000000E+00
