 0.0000  0.195306E+02  0.199379E+01  0.188338E+02  0.187507E+02  0.000000E+00
 0.0256  0.176589E+02  0.891277E+00  0.170203E+02  0.196797E+02  0.000000E+00
 0.0513  0.166356E+02  0.130229E+01  0.155908E+02  0.204625E+02  0.000000E+00
 0.0769  0.153826E+02  0.100814E+01  0.144480E+02  0.211052E+02  0.000000E+00
 0.1026  0.144182E+02  0.741156E+00  0.135972E+02  0.217162E+02  0.000000E+00
 0.1282  0.137093E+02  0.511745E+00  0.130029E+02  0.223370E+02  0.000000E+00
 0.1538  0.132158E+02  0.326703E+00  0.126180E+02  0.229621E+02  0.000000E+00
 0.1795  0.128939E+02  0.187410E+00  0.123913E+02  0.235471E+02  0.000000E+00
 0.2051  0.127021E+02  0.888617E-01  0.122731E+02  0.240226E+02  0.000000E+00
 0.2308  0.126074E+02  0.196514E-01  0.122225E+02  0.243164E+02  0.000000E+00
 0.2564  0.125902E+02 -0.363551E-01  0.122139E+02  0.243782E+02  0.000000E+00
 0.2821  0.126466E+02 -0.973936E-01  0.122421E+02  0.241976E+02  0.000000E+00
 0.3077  0.127894E+02 -0.181104E+00  0.123235E+02  0.238073E+02  0.000000E+00
 0.3333  0.130460E+02 -0.301857E+00  0.124928E+02  0.232723E+02  0.000000E+00
 0.3590  0.134556E+02 -0.468410E+00  0.127971E+02  0.226678E+02  0.000000E+00
 0.3846  0.140631E+02 -0.683020E+00  0.132888E+02  0.220543E+02  0.000000E+00
 0.4103  0.149133E+02 -0.942273E+00  0.140194E+02  0.214587E+02  0.000000E+00
 0.4359  0.160449E+02 -0.123788E+01  0.150351E+02  0.208660E+02  0.000000E+00
 0.4615  0.174839E+02 -0.155545E+01  0.163727E+02  0.202194E+02  0.000000E+00
 0.4872  0.192349E+02 -0.187087E+01  0.180527E+02  0.194263E+02  0.000000E+00
 0.5128  0.212687E+02 -0.214577E+01  0.200671E+02  0.183704E+02  0.000000E+00
 0.5385  0.235083E+02 -0.232607E+01  0.223606E+02  0.169325E+02  0.000000E+00
 0.5641  0.258201E+02 -0.234932E+01  0.248120E+02  0.150259E+02  0.000000E+00
 0.5897  0.280203E+02 -0.216656E+01  0.272281E+02  0.126432E+02  0.000000E+00
 0.6154  0.299091E+02 -0.177564E+01  0.293705E+02  0.989888E+01  0.000000E+00
 0.6410  0.313280E+02 -0.124711E+01  0.310251E+02  0.703607E+01  0.000000E+00
 0.6667  0.322204E+02 -0.713261E+00  0.320884E+02  0.437383E+01  0.000000E+00
 0.6923  0.326567E+02 -0.310154E+00  0.326169E+02  0.221424E+01  0.000000E+00
 0.7179  0.327998E+02 -0.104670E+00  0.327932E+02  0.766463E+00  0.000000E+00
 0.7436  0.328237E+02 -0.605681E-01  0.328234E+02  0.132964E+00  0.000000E+00
 0.7692  0.328203E+02 -0.462156E-01  0.328184E+02  0.344860E+00  0.000000E+00
 0.7949  0.327540E+02  0.716124E-01  0.327358E+02  0.139274E+01  0.000000E+00
 0.8205  0.324822E+02  0.382948E+00  0.324045E+02  0.321476E+01  0.000000E+00
 0.8462  0.318240E+02  0.872791E+00  0.316146E+02  0.565624E+01  0.000000E+00
 0.8718  0.306544E+02  0.143147E+01  0.302365E+02  0.845355E+01  0.000000E+00
 0.8974  0.289663E+02  0.191522E+01  0.282956E+02  0.112818E+02  0.000000E+00
 0.9231  0.268732E+02  0.221804E+01  0.259608E+02  0.138472E+02  0.000000E+00
 0.9487  0.245621E+02  0.230740E+01  0.234687E+02  0.159653E+02  0.000000E+00
 0.9744  0.222295E+02  0.221325E+01  0.210398E+02  0.175825E+02  0.000000E+00
 1.0000  0.200339E+02  0.199379E+01  0.188338E+02  0.187507E+02  0.000000E+00
