 0.0000  0.196344E+02  0.168559E+01  0.189432E+02  0.188073E+02  0.000000E+00
 0.0256  0.166013E+02  0.872344E+00  0.161113E+02  0.185966E+02  0.000000E+00
 0.0513  0.148270E+02  0.885221E+00  0.140847E+02  0.184630E+02  0.000000E+00
 0.0769  0.131721E+02  0.636103E+00  0.125644E+02  0.183391E+02  0.000000E+00
 0.1026  0.119808E+02  0.446631E+00  0.114805E+02  0.183262E+02  0.000000E+00
 0.1282  0.111433E+02  0.300166E+00  0.107325E+02  0.184310E+02  0.000000E+00
 0.1538  0.105782E+02  0.187598E+00  0.102431E+02  0.186370E+02  0.000000E+00
 0.1795  0.102199E+02  0.104128E+00  0.994749E+01  0.189017E+02  0.000000E+00
 0.2051  0.100131E+02  0.457805E-01  0.978842E+01  0.191587E+02  0.000000E+00
 0.2308  0.991399E+01  0.613287E-02  0.971802E+01  0.193337E+02  0.000000E+00
 0.2564  0.989545E+01 -0.247294E-01  0.970551E+01  0.193717E+02  0.000000E+00
 0.2821  0.995177E+01 -0.587070E-01  0.974426E+01  0.192601E+02  0.000000E+00
 0.3077  0.100996E+02 -0.107060E+00  0.985344E+01  0.190345E+02  0.000000E+00
 0.3333  0.103750E+02 -0.178148E+00  0.100733E+02  0.187629E+02  0.000000E+00
 0.3590  0.108278E+02 -0.277049E+00  0.104569E+02  0.185184E+02  0.000000E+00
 0.3846  0.115182E+02 -0.407884E+00  0.110652E+02  0.183568E+02  0.000000E+00
 0.4103  0.125186E+02 -0.577505E+00  0.119678E+02  0.183071E+02  0.000000E+00
 0.4359  0.139220E+02 -0.798601E+00  0.132524E+02  0.183745E+02  0.000000E+00
 0.4615  0.158559E+02 -0.109169E+01  0.150392E+02  0.185457E+02  0.000000E+00
 0.4872  0.184982E+02 -0.148579E+01  0.174984E+02  0.187878E+02  0.000000E+00
 0.5128  0.220905E+02 -0.201599E+01  0.208678E+02  0.190380E+02  0.000000E+00
 0.5385  0.269357E+02 -0.271158E+01  0.254590E+02  0.191794E+02  0.000000E+00
 0.5641  0.333450E+02 -0.356232E+01  0.316229E+02  0.190075E+02  0.000000E+00
 0.5897  0.414786E+02 -0.444840E+01  0.396103E+02  0.182047E+02  0.000000E+00
 0.6154  0.510341E+02 -0.505211E+01  0.492507E+02  0.163858E+02  0.000000E+00
 0.6410  0.608976E+02 -0.488235E+01  0.595099E+02  0.133038E+02  0.000000E+00
 0.6667  0.692220E+02 -0.364753E+01  0.684239E+02  0.920523E+01  0.000000E+00
 0.6923  0.744184E+02 -0.183028E+01  0.741218E+02  0.498807E+01  0.000000E+00
 0.7179  0.764603E+02 -0.501452E+00  0.764040E+02  0.178020E+01  0.000000E+00
 0.7436  0.768243E+02 -0.138330E+00  0.768215E+02  0.311189E+00  0.000000E+00
 0.7692  0.767458E+02 -0.487404E-01  0.767295E+02  0.805489E+00  0.000000E+00
 0.7949  0.757621E+02  0.782978E+00  0.756182E+02  0.319839E+01  0.000000E+00
 0.8205  0.722582E+02  0.249582E+01  0.717386E+02  0.703762E+01  0.000000E+00
 0.8462  0.653711E+02  0.416412E+01  0.642700E+02  0.113380E+02  0.000000E+00
 0.8718  0.560238E+02  0.490115E+01  0.544006E+02  0.150004E+02  0.000000E+00
 0.8974  0.461114E+02  0.465712E+01  0.442483E+02  0.174384E+02  0.000000E+00
 0.9231  0.371748E+02  0.389152E+01  0.353588E+02  0.186947E+02  0.000000E+00
 0.9487  0.298875E+02  0.302668E+01  0.282819E+02  0.191204E+02  0.000000E+00
 0.9744  0.242697E+02  0.227296E+01  0.229207E+02  0.190741E+02  0.000000E+00
 1.0000  0.200508E+02  0.168559E+01  0.189432E+02  0.188073E+02  0.000000E+00
