 0.0000  0.165804E+02  0.729962E+00  0.162587E+02  0.162407E+02  0.000000E+00
 0.0256  0.162443E+02 -0.339076E-01  0.158694E+02  0.183937E+02  0.000000E+00
 0.0513  0.161840E+02  0.519401E+00  0.155498E+02  0.204462E+02  0.000000E+00
 0.0769  0.159211E+02  0.452846E+00  0.152590E+02  0.223175E+02  0.000000E+00
 0.1026  0.156913E+02  0.374339E+00  0.150130E+02  0.239957E+02  0.000000E+00
 0.1282  0.154970E+02  0.290656E+00  0.148211E+02  0.254708E+02  0.000000E+00
 0.1538  0.153416E+02  0.209470E+00  0.146803E+02  0.267202E+02  0.000000E+00
 0.1795  0.152256E+02  0.135259E+00  0.145841E+02  0.277161E+02  0.000000E+00
 0.2051  0.151481E+02  0.690983E-01  0.145244E+02  0.284296E+02  0.000000E+00
 0.2308  0.151079E+02  0.911130E-02  0.144940E+02  0.288356E+02  0.000000E+00
 0.2564  0.151044E+02 -0.486229E-01  0.144888E+02  0.289189E+02  0.000000E+00
 0.2821  0.151379E+02 -0.108914E+00  0.145084E+02  0.286772E+02  0.000000E+00
 0.3077  0.152098E+02 -0.176227E+00  0.145566E+02  0.281223E+02  0.000000E+00
 0.3333  0.153222E+02 -0.253468E+00  0.146408E+02  0.272769E+02  0.000000E+00
 0.3590  0.154773E+02 -0.340918E+00  0.147699E+02  0.261697E+02  0.000000E+00
 0.3846  0.156766E+02 -0.435449E+00  0.149528E+02  0.248299E+02  0.000000E+00
 0.4103  0.159188E+02 -0.530281E+00  0.151956E+02  0.232815E+02  0.000000E+00
 0.4359  0.161993E+02 -0.615517E+00  0.154991E+02  0.215422E+02  0.000000E+00
 0.4615  0.165087E+02 -0.679565E+00  0.158569E+02  0.196245E+02  0.000000E+00
 0.4872  0.168332E+02 -0.711295E+00  0.162546E+02  0.175417E+02  0.000000E+00
 0.5128  0.171555E+02 -0.702632E+00  0.166701E+02  0.153163E+02  0.000000E+00
 0.5385  0.174568E+02 -0.651047E+00  0.170764E+02  0.129876E+02  0.000000E+00
 0.5641  0.177201E+02 -0.561246E+00  0.174452E+02  0.106167E+02  0.000000E+00
 0.5897  0.179326E+02 -0.445283E+00  0.177529E+02  0.828608E+01  0.000000E+00
 0.6154  0.180887E+02 -0.320577E+00  0.179849E+02  0.609161E+01  0.000000E+00
 0.6410  0.181905E+02 -0.205986E+00  0.181395E+02  0.413114E+01  0.000000E+00
 0.6667  0.182468E+02 -0.116935E+00  0.182269E+02  0.249197E+01  0.000000E+00
 0.6923  0.182714E+02 -0.611678E-01  0.182659E+02  0.124208E+01  0.000000E+00
 0.7179  0.182805E+02 -0.440433E-01  0.182796E+02  0.427438E+00  0.000000E+00
 0.7436  0.182837E+02 -0.334774E-01  0.182837E+02  0.740670E-01  0.000000E+00
 0.7692  0.182819E+02 -0.228216E-01  0.182816E+02  0.192118E+00  0.000000E+00
 0.7949  0.182753E+02 -0.120974E-01  0.182724E+02  0.778193E+00  0.000000E+00
 0.8205  0.182563E+02  0.354978E-01  0.182434E+02  0.181407E+01  0.000000E+00
 0.8462  0.182082E+02  0.119158E+00  0.181713E+02  0.326282E+01  0.000000E+00
 0.8718  0.181158E+02  0.234728E+00  0.180340E+02  0.506514E+01  0.000000E+00
 0.8974  0.179670E+02  0.368989E+00  0.178164E+02  0.713965E+01  0.000000E+00
 0.9231  0.177562E+02  0.503127E+00  0.175145E+02  0.938926E+01  0.000000E+00
 0.9487  0.174858E+02  0.617635E+00  0.171379E+02  0.117129E+02  0.000000E+00
 0.9744  0.171662E+02  0.696921E+00  0.167078E+02  0.140185E+02  0.000000E+00
 1.0000  0.168115E+02  0.729962E+00  0.162587E+02  0.162407E+02  0.000000E+00
