 0.0000  0.136698E+02 -0.196561E-01  0.135766E+02  0.135755E+02  0.000000E+00
 0.0256  0.136652E+02 -0.114402E+00  0.135541E+02  0.157206E+02  0.000000E+00
 0.0513  0.136763E+02  0.512772E-01  0.135283E+02  0.177970E+02  0.000000E+00
 0.0769  0.136787E+02 -0.397814E-02  0.134883E+02  0.197346E+02  0.000000E+00
 0.1026  0.136869E+02 -0.404459E-02  0.134416E+02  0.214889E+02  0.000000E+00
 0.1282  0.136952E+02 -0.589906E-02  0.133946E+02  0.230222E+02  0.000000E+00
 0.1538  0.137032E+02 -0.101169E-01  0.133507E+02  0.243015E+02  0.000000E+00
 0.1795  0.137105E+02 -0.165969E-01  0.133133E+02  0.253017E+02  0.000000E+00
 0.2051  0.137166E+02 -0.249491E-01  0.132855E+02  0.260048E+02  0.000000E+00
 0.2308  0.137214E+02 -0.345367E-01  0.132695E+02  0.263995E+02  0.000000E+00
 0.2564  0.137247E+02 -0.445495E-01  0.132667E+02  0.264797E+02  0.000000E+00
 0.2821  0.137264E+02 -0.540973E-01  0.132774E+02  0.262442E+02  0.000000E+00
 0.3077  0.137265E+02 -0.623147E-01  0.133009E+02  0.256967E+02  0.000000E+00
 0.3333  0.137250E+02 -0.684637E-01  0.133353E+02  0.248458E+02  0.000000E+00
 0.3590  0.137222E+02 -0.720272E-01  0.133782E+02  0.237062E+02  0.000000E+00
 0.3846  0.137184E+02 -0.727763E-01  0.134261E+02  0.222989E+02  0.000000E+00
 0.4103  0.137139E+02 -0.708021E-01  0.134758E+02  0.206531E+02  0.000000E+00
 0.4359  0.137090E+02 -0.667859E-01  0.135237E+02  0.188057E+02  0.000000E+00
 0.4615  0.137042E+02 -0.599648E-01  0.135673E+02  0.168021E+02  0.000000E+00
 0.4872  0.137000E+02 -0.598674E-01  0.136048E+02  0.146947E+02  0.000000E+00
 0.5128  0.136975E+02 -0.597209E-01  0.136355E+02  0.125408E+02  0.000000E+00
 0.5385  0.136965E+02 -0.579036E-01  0.136591E+02  0.104001E+02  0.000000E+00
 0.5641  0.136967E+02 -0.551455E-01  0.136763E+02  0.833253E+01  0.000000E+00
 0.5897  0.136979E+02 -0.514980E-01  0.136882E+02  0.639572E+01  0.000000E+00
 0.6154  0.136996E+02 -0.470378E-01  0.136958E+02  0.464309E+01  0.000000E+00
 0.6410  0.137015E+02 -0.418653E-01  0.137005E+02  0.312235E+01  0.000000E+00
 0.6667  0.137031E+02 -0.361013E-01  0.137030E+02  0.187430E+01  0.000000E+00
 0.6923  0.137041E+02 -0.298822E-01  0.137041E+02  0.932090E+00  0.000000E+00
 0.7179  0.137045E+02 -0.233553E-01  0.137042E+02  0.320497E+00  0.000000E+00
 0.7436  0.137040E+02 -0.166742E-01  0.137034E+02  0.555155E-01  0.000000E+00
 0.7692  0.137026E+02 -0.999318E-02  0.137017E+02  0.143997E+00  0.000000E+00
 0.7949  0.137005E+02 -0.346336E-02  0.136990E+02  0.583492E+00  0.000000E+00
 0.8205  0.136979E+02  0.277190E-02  0.136949E+02  0.136227E+01  0.000000E+00
 0.8462  0.136949E+02  0.858016E-02  0.136890E+02  0.245955E+01  0.000000E+00
 0.8718  0.136919E+02  0.138426E-01  0.136807E+02  0.384588E+01  0.000000E+00
 0.8974  0.136892E+02  0.184559E-01  0.136692E+02  0.548374E+01  0.000000E+00
 0.9231  0.136871E+02  0.223338E-01  0.136535E+02  0.732835E+01  0.000000E+00
 0.9487  0.136861E+02  0.254083E-01  0.136326E+02  0.932869E+01  0.000000E+00
 0.9744  0.136864E+02  0.245136E-01  0.136056E+02  0.114290E+02  0.000000E+00
 1.0000  0.136889E+02 -0.196561E-01  0.135766E+02  0.135755E+02  0.000000E+00
