0.000   0.000  0.000 0.000 0.000
0.020   0.000 -0.002 1.356 39.413
0.040   0.126 -0.255 22.403 77.127
0.060   2.411 -2.820 64.331 98.568
0.080   8.361 -7.760 94.486 103.632
0.100  14.810 -10.310 110.536 95.934
0.120  19.478 -9.518 119.468 80.483
0.140  22.704 -7.867 134.931 61.871
0.160  24.883 -6.542 144.625 52.817
0.180  26.193 -5.201 144.847 46.323
0.200  27.002 -4.104 139.991 35.384
0.220  28.216 -5.062 143.089 28.723
0.240  31.003 -7.818 152.810 35.812
0.260  35.027 -9.976 157.903 44.864
0.280  39.447 -11.648 162.193 50.602
0.300  44.442 -14.061 166.119 58.743
0.320  50.075 -17.420 171.394 69.194
0.340  56.064 -20.459 161.010 78.885
0.360  62.124 -20.938 161.344 68.612
0.380  67.923 -20.354 181.065 55.846
0.400  72.925 -19.675 192.559 59.801
0.420  75.885 -17.689 201.498 70.922
0.440  76.839 -20.130 224.594 90.017
0.460  77.345 -15.316 0.000 150.075
0.480  77.940  3.560 0.000 -150.957
0.500  78.430  7.361 250.750 -51.894
0.520  78.626 -0.570 225.522 14.507
0.540  78.638 -3.806 211.849 29.971
0.560  78.552 -3.674 204.427 21.530
0.580  78.158 -3.514 215.935 16.583
0.600  77.451 -4.730 224.443 36.286
0.620  75.642 -3.500 213.553 53.745
0.640  69.995  1.013 198.836 52.805
0.660  58.590  5.879 173.844 46.011
0.680  43.694  8.040 150.307 30.040
0.700  31.375  6.132 144.022 13.923
0.720  23.843  3.778 139.924 13.617
0.740  18.430  2.880 128.169 15.828
0.760  13.762  2.391 116.672 11.586
0.780  10.272  1.600 109.804 8.247
0.800   8.043  0.932 105.086 8.760
0.820   6.489  0.594 100.154 9.392
0.840   5.299  0.397 95.809 9.062
0.860   4.400  0.230 92.214 8.798
0.880   3.762  0.070 89.308 8.395
0.900   3.421 -0.105 88.620 8.647
0.920   3.349 -0.214 93.278 10.006
0.940   3.329 -0.106 100.403 10.103
0.960   2.950  0.143 100.948 7.989
0.980   1.262  0.133 84.422 4.221
1.000   0.000 -0.000 0.000 0.000
