0.000  19.798  1.693  18.451 18.530 -20.866
0.010  18.467  1.486  17.232 18.389 -19.670
0.020  17.296  1.306  16.162 18.258 -18.527
0.030  16.264  1.149  15.220 18.139 -17.430
0.040  15.354  1.012  14.391 18.032 -16.373
0.050  14.550  0.891  13.660 17.940 -15.349
0.060  13.841  0.784  13.016 17.863 -14.352
0.070  13.214  0.690  12.449 17.802 -13.375
0.080  12.661  0.606  11.950 17.756 -12.412
0.090  12.174  0.530  11.512 17.726 -11.457
0.100  11.746  0.463  11.129 17.713 -10.504
0.110  11.371  0.401  10.796 17.715 -9.550
0.120  11.044  0.346  10.506 17.734 -8.594
0.130  10.760  0.295  10.258 17.767 -7.637
0.140  10.517  0.249  10.046 17.814 -6.686
0.150  10.310  0.207   9.867 17.873 -5.751
0.160  10.135  0.169   9.718 17.942 -4.848
0.170   9.991  0.134   9.596 18.019 -3.994
0.180   9.874  0.103   9.497 18.101 -3.207
0.190   9.782  0.076   9.419 18.183 -2.500
0.200   9.712  0.052   9.359 18.263 -1.881
0.210   9.661  0.031   9.314 18.336 -1.352
0.220   9.628  0.014   9.282 18.398 -0.907
0.230   9.608  0.000   9.261 18.445 -0.536
0.240   9.599 -0.010   9.249 18.475 -0.221
0.250   9.598 -0.017   9.245 18.484 0.064
0.260   9.599 -0.024   9.249 18.473 0.349
0.270   9.608 -0.034   9.261 18.441 0.664
0.280   9.627 -0.047   9.282 18.391 1.035
0.290   9.661 -0.065   9.314 18.326 1.479
0.300   9.711 -0.085   9.359 18.249 2.008
0.310   9.781 -0.110   9.419 18.165 2.627
0.320   9.873 -0.138   9.497 18.078 3.334
0.330   9.989 -0.169   9.595 17.991 4.121
0.340  10.133 -0.204   9.718 17.908 4.974
0.350  10.306 -0.243   9.867 17.832 5.877
0.360  10.513 -0.285  10.046 17.767 6.811
0.370  10.756 -0.332  10.258 17.713 7.762
0.380  11.038 -0.384  10.506 17.673 8.718
0.390  11.365 -0.441  10.796 17.648 9.674
0.400  11.739 -0.503  11.129 17.639 10.628
0.410  12.166 -0.572  11.512 17.646 11.581
0.420  12.652 -0.649  11.950 17.669 12.536
0.430  13.204 -0.735  12.449 17.708 13.500
0.440  13.829 -0.832  13.016 17.763 14.477
0.450  14.537 -0.941  13.660 17.833 15.474
0.460  15.339 -1.064  14.391 17.918 16.499
0.470  16.247 -1.205  15.220 18.017 17.557
0.480  17.277 -1.366  16.162 18.128 18.655
0.490  18.446 -1.549  17.232 18.252 19.799
0.500  19.773 -1.760  18.451 18.384 20.995
0.510  21.283 -2.002  19.840 18.523 22.248
0.520  23.002 -2.280  21.425 18.664 23.562
0.530  24.960 -2.598  23.236 18.802 24.938
0.540  27.189 -2.959  25.307 18.927 26.378
0.550  29.727 -3.367  27.673 19.030 27.878
0.560  32.608 -3.822  30.376 19.097 29.431
0.570  35.869 -4.322  33.456 19.108 31.024
0.580  39.539 -4.857  36.952 19.041 32.635
0.590  43.638 -5.413  40.895 18.868 34.233
0.600  48.167 -5.963  45.304 18.555 35.773
0.610  53.103 -6.468  50.173 18.068 37.197
0.620  58.384 -6.877  55.464 17.370 38.425
0.630  63.905 -7.132  61.089 16.430 39.364
0.640  69.513 -7.170  66.907 15.227 39.901
0.650  75.011 -6.938  72.718 13.762 39.914
0.660  80.174 -6.413  78.278 12.059 39.282
0.670  84.776 -5.609  83.321 10.177 37.898
0.680  88.627 -4.592  87.608 8.203 35.688
0.690  91.612 -3.473  90.972 6.244 32.624
0.700  93.711 -2.387  93.364 4.416 28.736
0.710  95.013 -1.462  94.857 2.820 24.112
0.720  95.689 -0.785  95.636 1.534 18.897
0.730  95.955 -0.381  95.944 0.609 13.304
0.740  96.015 -0.209  96.014 0.084 7.701
0.750  96.017 -0.168  96.017 0.980 0.233
0.760  96.015 -0.127  96.014 0.098 -7.697
0.770  95.957  0.044  95.944 0.676 -13.298
0.780  95.697  0.445  95.637 1.649 -18.886
0.790  95.029  1.122  94.857 2.978 -24.092
0.800  93.740  2.049  93.363 4.610 -28.704
0.810  91.655  3.142  90.972 6.468 -32.579
0.820  88.686  4.272  87.607 8.450 -35.630
0.830  84.849  5.304  83.321 10.440 -37.826
0.840  80.259  6.127  78.278 12.333 -39.197
0.850  75.104  6.674  72.718 14.040 -39.817
0.860  69.611  6.927  66.907 15.505 -39.794
0.870  64.003  6.912  61.089 16.704 -39.249
0.880  58.479  6.678  55.464 17.638 -38.304
0.890  53.193  6.287  50.173 18.327 -37.070
0.900  48.251  5.800  45.304 18.804 -35.643
0.910  43.714  5.266  40.895 19.106 -34.101
0.920  39.607  4.724  36.951 19.268 -32.501
0.930  35.929  4.201  33.456 19.324 -30.890
0.940  32.662  3.712  30.376 19.301 -29.298
0.950  29.774  3.267  27.673 19.224 -27.745
0.960  27.231  2.867  25.307 19.111 -26.246
0.970  24.996  2.513  23.236 18.975 -24.807
0.980  23.034  2.202  21.425 18.828 -23.431
0.990  21.311  1.930  19.840 18.678 -22.118
1.000  19.798  1.693  18.451 18.530 -20.866
