0.000  16.220  0.089  15.922 15.973 -14.453
0.010  16.219  0.095  15.888 16.935 -14.339
0.020  16.219  0.100  15.852 17.886 -14.179
0.030  16.219  0.105  15.814 18.823 -13.964
0.040  16.218  0.110  15.774 19.742 -13.697
0.050  16.218  0.113  15.734 20.639 -13.378
0.060  16.218  0.116  15.693 21.510 -13.011
0.070  16.218  0.117  15.651 22.353 -12.596
0.080  16.217  0.117  15.610 23.165 -12.137
0.090  16.217  0.117  15.568 23.942 -11.635
0.100  16.217  0.115  15.527 24.683 -11.092
0.110  16.217  0.112  15.486 25.385 -10.512
0.120  16.216  0.108  15.447 26.045 -9.897
0.130  16.216  0.102  15.408 26.663 -9.249
0.140  16.216  0.096  15.372 27.236 -8.571
0.150  16.216  0.088  15.338 27.763 -7.866
0.160  16.216  0.080  15.306 28.243 -7.136
0.170  16.216  0.070  15.276 28.674 -6.384
0.180  16.216  0.060  15.250 29.056 -5.613
0.190  16.215  0.049  15.226 29.389 -4.825
0.200  16.215  0.037  15.206 29.670 -4.023
0.210  16.215  0.025  15.189 29.901 -3.209
0.220  16.215  0.012  15.176 30.080 -2.386
0.230  16.215 -0.001  15.167 30.207 -1.556
0.240  16.215 -0.014  15.161 30.283 -0.722
0.250  16.215 -0.028  15.159 30.306 0.115
0.260  16.215 -0.041  15.161 30.277 0.951
0.270  16.215 -0.055  15.167 30.196 1.784
0.280  16.215 -0.068  15.176 30.063 2.612
0.290  16.215 -0.081  15.190 29.878 3.433
0.300  16.215 -0.093  15.207 29.642 4.243
0.310  16.215 -0.105  15.227 29.355 5.042
0.320  16.216 -0.116  15.250 29.017 5.825
0.330  16.216 -0.126  15.277 28.630 6.592
0.340  16.216 -0.136  15.306 28.193 7.338
0.350  16.216 -0.144  15.338 27.708 8.062
0.360  16.216 -0.152  15.373 27.176 8.761
0.370  16.216 -0.158  15.409 26.599 9.433
0.380  16.217 -0.164  15.447 25.977 10.075
0.390  16.217 -0.168  15.487 25.312 10.683
0.400  16.217 -0.171  15.527 24.606 11.257
0.410  16.217 -0.173  15.568 23.861 11.793
0.420  16.218 -0.174  15.610 23.080 12.289
0.430  16.218 -0.174  15.652 22.265 12.742
0.440  16.218 -0.172  15.693 21.419 13.150
0.450  16.218 -0.170  15.735 20.545 13.512
0.460  16.219 -0.167  15.775 19.646 13.824
0.470  16.219 -0.163  15.814 18.725 14.086
0.480  16.219 -0.158  15.852 17.787 14.296
0.490  16.219 -0.152  15.888 16.834 14.453
0.500  16.220 -0.146  15.923 15.872 14.555
0.510  16.220 -0.139  15.955 14.903 14.602
0.520  16.220 -0.132  15.986 13.933 14.593
0.530  16.220 -0.125  16.015 12.965 14.528
0.540  16.221 -0.117  16.041 12.003 14.408
0.550  16.221 -0.109  16.065 11.053 14.233
0.560  16.221 -0.102  16.087 10.118 14.003
0.570  16.221 -0.094  16.107 9.202 13.719
0.580  16.221 -0.087  16.124 8.311 13.384
0.590  16.221 -0.080  16.140 7.447 12.998
0.600  16.221 -0.073  16.153 6.615 12.564
0.610  16.221 -0.067  16.165 5.818 12.082
0.620  16.221 -0.061  16.175 5.060 11.557
0.630  16.222 -0.056  16.184 4.345 10.989
0.640  16.222 -0.051  16.190 3.676 10.382
0.650  16.222 -0.047  16.196 3.055 9.736
0.660  16.222 -0.043  16.201 2.486 9.055
0.670  16.222 -0.040  16.204 1.971 8.339
0.680  16.222 -0.037  16.207 1.511 7.589
0.690  16.222 -0.035  16.209 1.110 6.806
0.700  16.222 -0.033  16.210 0.768 5.986
0.710  16.222 -0.031  16.211 0.488 5.126
0.720  16.222 -0.030  16.211 0.270 4.215
0.730  16.222 -0.029  16.212 0.115 3.233
0.740  16.222 -0.029  16.212 0.024 2.150
0.750  16.222 -0.028  16.212 0.099 0.494
0.760  16.222 -0.028  16.212 0.030 -2.128
0.770  16.222 -0.027  16.212 0.134 -3.223
0.780  16.222 -0.026  16.211 0.297 -4.209
0.790  16.222 -0.025  16.211 0.522 -5.121
0.800  16.222 -0.024  16.210 0.809 -5.981
0.810  16.222 -0.022  16.209 1.157 -6.798
0.820  16.222 -0.020  16.207 1.564 -7.578
0.830  16.222 -0.017  16.204 2.028 -8.324
0.840  16.222 -0.014  16.201 2.549 -9.035
0.850  16.222 -0.010  16.196 3.123 -9.712
0.860  16.222 -0.006  16.191 3.748 -10.353
0.870  16.222 -0.001  16.184 4.422 -10.955
0.880  16.221  0.004  16.175 5.141 -11.518
0.890  16.221  0.010  16.165 5.902 -12.038
0.900  16.221  0.016  16.154 6.702 -12.515
0.910  16.221  0.023  16.140 7.537 -12.944
0.920  16.221  0.030  16.124 8.404 -13.325
0.930  16.221  0.037  16.107 9.298 -13.655
0.940  16.221  0.045  16.087 10.216 -13.934
0.950  16.221  0.052  16.065 11.152 -14.159
0.960  16.220  0.060  16.041 12.104 -14.329
0.970  16.220  0.068  16.015 13.066 -14.444
0.980  16.220  0.075  15.986 14.034 -14.504
0.990  16.220  0.082  15.955 15.005 -14.507
1.000  16.220  0.089  15.922 15.973 -14.453
