0.000  21.219  2.527  19.416 19.501 -24.791
0.010  20.210  2.346  18.467 19.708 -23.786
0.020  19.271  2.165  17.595 19.879 -22.751
0.030  18.404  1.986  16.800 20.023 -21.690
0.040  17.608  1.811  16.078 20.149 -20.604
0.050  16.879  1.643  15.427 20.262 -19.492
0.060  16.217  1.482  14.841 20.370 -18.353
0.070  15.618  1.329  14.319 20.477 -17.185
0.080  15.080  1.185  13.855 20.588 -15.986
0.090  14.598  1.048  13.446 20.706 -14.755
0.100  14.170  0.921  13.088 20.832 -13.493
0.110  13.793  0.802  12.778 20.969 -12.206
0.120  13.462  0.692  12.510 21.116 -10.905
0.130  13.175  0.590  12.282 21.272 -9.608
0.140  12.929  0.497  12.088 21.434 -8.343
0.150  12.719  0.413  11.925 21.600 -7.138
0.160  12.544  0.336  11.789 21.765 -6.021
0.170  12.399  0.268  11.677 21.925 -5.010
0.180  12.283  0.208  11.584 22.076 -4.110
0.190  12.191  0.155  11.508 22.215 -3.316
0.200  12.122  0.110  11.447 22.337 -2.614
0.210  12.073  0.072  11.399 22.440 -1.989
0.220  12.041  0.040  11.363 22.523 -1.422
0.230  12.022  0.015  11.338 22.582 -0.898
0.240  12.015 -0.005  11.323 22.618 -0.403
0.250  12.013 -0.021  11.318 22.628 0.079
0.260  12.014 -0.037  11.323 22.614 0.560
0.270  12.022 -0.057  11.338 22.575 1.055
0.280  12.040 -0.082  11.363 22.512 1.578
0.290  12.072 -0.114  11.399 22.426 2.143
0.300  12.121 -0.152  11.447 22.318 2.768
0.310  12.189 -0.197  11.508 22.191 3.469
0.320  12.279 -0.250  11.583 22.047 4.264
0.330  12.395 -0.311  11.676 21.889 5.163
0.340  12.538 -0.379  11.789 21.722 6.175
0.350  12.713 -0.456  11.925 21.549 7.291
0.360  12.921 -0.541  12.088 21.375 8.495
0.370  13.166 -0.635  12.282 21.204 9.760
0.380  13.452 -0.737  12.510 21.040 11.054
0.390  13.781 -0.848  12.778 20.884 12.354
0.400  14.156 -0.968  13.089 20.738 13.639
0.410  14.582 -1.097  13.446 20.602 14.899
0.420  15.062 -1.235  13.855 20.476 16.129
0.430  15.599 -1.381  14.319 20.357 17.327
0.440  16.195 -1.536  14.842 20.242 18.494
0.450  16.855 -1.699  15.427 20.126 19.633
0.460  17.581 -1.870  16.079 20.005 20.744
0.470  18.375 -2.047  16.801 19.872 21.830
0.480  19.240 -2.229  17.596 19.720 22.890
0.490  20.176 -2.413  18.467 19.542 23.923
0.500  21.182 -2.598  19.417 19.328 24.926
0.510  22.258 -2.779  20.445 19.069 25.895
0.520  23.400 -2.951  21.553 18.756 26.820
0.530  24.603 -3.110  22.738 18.379 27.692
0.540  25.858 -3.249  23.995 17.927 28.498
0.550  27.157 -3.360  25.316 17.390 29.220
0.560  28.484 -3.437  26.692 16.762 29.841
0.570  29.826 -3.471  28.108 16.035 30.338
0.580  31.162 -3.456  29.545 15.206 30.685
0.590  32.473 -3.387  30.982 14.275 30.856
0.600  33.738 -3.259  32.394 13.248 30.825
0.610  34.933 -3.073  33.754 12.134 30.564
0.620  36.039 -2.833  35.034 10.948 30.049
0.630  37.036 -2.545  36.210 9.711 29.259
0.640  37.912 -2.221  37.257 8.448 28.180
0.650  38.655 -1.876  38.159 7.186 26.804
0.660  39.264 -1.527  38.907 5.955 25.132
0.670  39.742 -1.192  39.499 4.785 23.174
0.680  40.097 -0.886  39.944 3.702 20.947
0.690  40.345 -0.623  40.257 2.730 18.478
0.700  40.505 -0.412  40.460 1.887 15.800
0.710  40.597 -0.257  40.577 1.187 12.952
0.720  40.642 -0.156  40.635 0.640 9.984
0.730  40.659 -0.099  40.657 0.254 6.964
0.740  40.662 -0.076  40.662 0.036 4.028
0.750  40.662 -0.071  40.662 0.474 0.156
0.760  40.662 -0.066  40.662 0.043 -4.025
0.770  40.659 -0.043  40.657 0.289 -6.961
0.780  40.643  0.012  40.635 0.701 -9.979
0.790  40.599  0.113  40.577 1.271 -12.943
0.800  40.509  0.267  40.460 1.992 -15.786
0.810  40.352  0.478  40.257 2.855 -18.459
0.820  40.108  0.740  39.944 3.846 -20.921
0.830  39.756  1.047  39.499 4.945 -23.140
0.840  39.283  1.383  38.907 6.130 -25.090
0.850  38.679  1.735  38.159 7.372 -26.753
0.860  37.940  2.082  37.257 8.644 -28.120
0.870  37.069  2.410  36.210 9.915 -29.190
0.880  36.075  2.702  35.034 11.158 -29.972
0.890  34.973  2.948  33.754 12.347 -30.479
0.900  33.781  3.139  32.394 13.463 -30.732
0.910  32.519  3.272  30.982 14.490 -30.756
0.920  31.209  3.347  29.545 15.419 -30.578
0.930  29.873  3.368  28.108 16.246 -30.226
0.940  28.531  3.339  26.692 16.969 -29.724
0.950  27.203  3.268  25.316 17.594 -29.099
0.960  25.903  3.161  23.995 18.125 -28.372
0.970  24.646  3.027  22.738 18.571 -27.564
0.980  23.441  2.873  21.553 18.943 -26.689
0.990  22.297  2.704  20.445 19.249 -25.761
1.000  21.219  2.527  19.416 19.501 -24.791
