0.000  20.298  8.189 63.156 -38.700
0.010  19.849  8.149 63.343 -38.721
0.020  19.370  8.060 63.561 -38.603
0.030  18.862  7.920 63.810 -38.343
0.040  18.329  7.730 64.089 -37.942
0.050  17.774  7.494 64.394 -37.398
0.060  17.201  7.212 64.725 -36.710
0.070  16.616  6.889 65.080 -35.877
0.080  16.024  6.528 65.457 -34.900
0.090  15.430  6.135 65.853 -33.780
0.100  14.842  5.714 66.268 -32.517
0.110  14.267  5.272 66.700 -31.113
0.120  13.710  4.816 67.148 -29.569
0.130  13.180  4.351 67.609 -27.888
0.140  12.683  3.883 68.080 -26.071
0.150  12.226  3.421 68.558 -24.120
0.160  11.813  2.969 69.037 -22.039
0.170  11.449  2.533 69.508 -19.831
0.180  11.138  2.117 69.961 -17.500
0.190  10.880  1.726 70.384 -15.056
0.200  10.677  1.362 70.764 -12.507
0.210  10.525  1.026 71.087 -9.866
0.220  10.422  0.718 71.339 -7.151
0.230  10.360  0.436 71.509 -4.380
0.240  10.331  0.176 71.589 -1.573
0.250  10.324 -0.068 71.574 1.247
0.260  10.325 -0.309 71.462 4.058
0.270  10.341 -0.562 71.258 6.838
0.280  10.385 -0.836 70.968 9.567
0.290  10.466 -1.136 70.604 12.229
0.300  10.591 -1.464 70.178 14.808
0.310  10.766 -1.821 69.704 17.292
0.320  10.993 -2.208 69.196 19.671
0.330  11.274 -2.620 68.669 21.937
0.340  11.608 -3.057 68.134 24.084
0.350  11.992 -3.512 67.601 26.107
0.360  12.423 -3.980 67.079 28.002
0.370  12.895 -4.457 66.573 29.766
0.380  13.404 -4.934 66.087 31.395
0.390  13.942 -5.406 65.625 32.887
0.400  14.503 -5.865 65.186 34.239
0.410  15.081 -6.306 64.773 35.451
0.420  15.668 -6.721 64.385 36.522
0.430  16.257 -7.106 64.023 37.450
0.440  16.844 -7.454 63.688 38.238
0.450  17.421 -7.761 63.381 38.884
0.460  17.983 -8.023 63.102 39.391
0.470  18.527 -8.238 62.852 39.760
0.480  19.048 -8.402 62.632 39.992
0.490  19.543 -8.516 62.444 40.089
0.500  20.009 -8.577 62.287 40.053
0.510  20.445 -8.587 62.164 39.884
0.520  20.849 -8.547 62.074 39.586
0.530  21.219 -8.458 62.017 39.159
0.540  21.557 -8.322 61.993 38.604
0.550  21.863 -8.142 62.002 37.922
0.560  22.136 -7.921 62.043 37.116
0.570  22.378 -7.663 62.114 36.185
0.580  22.591 -7.371 62.215 35.131
0.590  22.776 -7.048 62.342 33.955
0.600  22.934 -6.699 62.494 32.659
0.610  23.069 -6.327 62.668 31.243
0.620  23.181 -5.935 62.860 29.709
0.630  23.273 -5.528 63.068 28.061
0.640  23.348 -5.107 63.286 26.300
0.650  23.407 -4.677 63.512 24.430
0.660  23.452 -4.239 63.741 22.455
0.670  23.486 -3.796 63.968 20.380
0.680  23.511 -3.350 64.187 18.211
0.690  23.527 -2.902 64.395 15.956
0.700  23.538 -2.453 64.586 13.621
0.710  23.545 -2.005 64.755 11.218
0.720  23.548 -1.558 64.899 8.755
0.730  23.550 -1.113 65.013 6.246
0.740  23.550 -0.669 65.095 3.702
0.750  23.550 -0.225 65.143 1.137
0.760  23.550  0.217 65.154 -1.435
0.770  23.550  0.660 65.130 -3.998
0.780  23.549  1.103 65.071 -6.540
0.790  23.548  1.547 64.980 -9.045
0.800  23.543  1.991 64.860 -11.500
0.810  23.536  2.435 64.714 -13.892
0.820  23.523  2.878 64.548 -16.211
0.830  23.505  3.319 64.366 -18.445
0.840  23.478  3.757 64.174 -20.587
0.850  23.440  4.190 63.977 -22.628
0.860  23.391  4.616 63.780 -24.562
0.870  23.328  5.033 63.589 -26.383
0.880  23.248  5.437 63.407 -28.089
0.890  23.150  5.828 63.240 -29.674
0.900  23.031  6.200 63.092 -31.137
0.910  22.889  6.551 62.965 -32.476
0.920  22.722  6.877 62.862 -33.689
0.930  22.528  7.174 62.787 -34.774
0.940  22.305  7.440 62.742 -35.730
0.950  22.052  7.671 62.728 -36.557
0.960  21.767  7.863 62.746 -37.252
0.970  21.450  8.014 62.798 -37.816
0.980  21.099  8.119 62.883 -38.246
0.990  20.715  8.179 63.003 -38.541
1.000  20.298  8.189 63.156 -38.700
