0.000  28.225  3.773 80.235 -4.689
0.010  25.058  3.378 77.897 -4.533
0.020  22.131  2.994 75.533 -4.355
0.030  19.451  2.630 73.155 -4.159
0.040  17.018  2.288 70.775 -3.946
0.050  14.827  1.973 68.404 -3.720
0.060  12.872  1.687 66.056 -3.484
0.070  11.141  1.430 63.743 -3.242
0.080   9.619  1.203 61.478 -2.995
0.090   8.292  1.005 59.273 -2.747
0.100   7.143  0.833 57.139 -2.498
0.110   6.155  0.686 55.089 -2.253
0.120   5.311  0.561 53.134 -2.010
0.130   4.594  0.456 51.285 -1.774
0.140   3.990  0.369 49.551 -1.542
0.150   3.484  0.296 47.943 -1.318
0.160   3.063  0.235 46.472 -1.100
0.170   2.716  0.185 45.146 -0.888
0.180   2.434  0.143 43.975 -0.682
0.190   2.208  0.108 42.970 -0.480
0.200   2.031  0.078 42.139 -0.282
0.210   1.899  0.053 41.489 -0.086
0.220   1.807  0.030 41.021 0.110
0.230   1.750  0.011 40.725 0.308
0.240   1.723 -0.004 40.576 0.507
0.250   1.718 -0.015 40.534 0.709
0.260   1.722 -0.026 40.569 0.913
0.270   1.748 -0.042 40.711 1.124
0.280   1.803 -0.061 40.999 1.343
0.290   1.893 -0.085 41.459 1.572
0.300   2.023 -0.113 42.100 1.812
0.310   2.197 -0.146 42.922 2.064
0.320   2.420 -0.185 43.918 2.330
0.330   2.698 -0.231 45.078 2.609
0.340   3.040 -0.287 46.393 2.901
0.350   3.456 -0.354 47.854 3.206
0.360   3.955 -0.435 49.449 3.524
0.370   4.552 -0.533 51.170 3.852
0.380   5.259 -0.649 53.007 4.190
0.390   6.092 -0.788 54.949 4.535
0.400   7.067 -0.951 56.986 4.886
0.410   8.201 -1.141 59.106 5.240
0.420   9.510 -1.361 61.299 5.594
0.430  11.012 -1.613 63.551 5.944
0.440  12.721 -1.898 65.852 6.288
0.450  14.652 -2.216 68.189 6.621
0.460  16.816 -2.567 70.549 6.941
0.470  19.221 -2.949 72.920 7.244
0.480  21.871 -3.358 75.291 7.526
0.490  24.767 -3.791 77.648 7.783
0.500  27.903 -4.239 79.980 8.013
0.510  31.267 -4.697 82.276 8.212
0.520  34.844 -5.153 84.526 8.377
0.530  38.610 -5.598 86.719 8.506
0.540  42.537 -6.021 88.845 8.596
0.550  46.591 -6.409 90.895 8.645
0.560  50.733 -6.751 92.862 8.653
0.570  54.919 -7.034 94.737 8.617
0.580  59.103 -7.248 96.514 8.538
0.590  63.237 -7.383 98.186 8.415
0.600  67.270 -7.432 99.750 8.248
0.610  71.154 -7.390 101.199 8.039
0.620  74.841 -7.253 102.532 7.788
0.630  78.288 -7.021 103.744 7.498
0.640  81.456 -6.699 104.836 7.169
0.650  84.311 -6.293 105.807 6.805
0.660  86.829 -5.813 106.657 6.409
0.670  88.993 -5.271 107.389 5.983
0.680  90.796 -4.684 108.007 5.531
0.690  92.241 -4.069 108.515 5.055
0.700  93.343 -3.446 108.921 4.561
0.710  94.128 -2.834 109.234 4.050
0.720  94.633 -2.255 109.463 3.527
0.730  94.907 -1.725 109.619 2.995
0.740  95.013 -1.257 109.711 2.456
0.750  95.028 -0.841 109.746 1.915
0.760  95.018 -0.425 109.728 1.373
0.770  94.929  0.042 109.654 0.834
0.780  94.681  0.573 109.516 0.301
0.790  94.210  1.158 109.304 -0.224
0.800  93.464  1.781 109.008 -0.736
0.810  92.405  2.423 108.618 -1.233
0.820  91.005  3.064 108.126 -1.710
0.830  89.248  3.684 107.524 -2.165
0.840  87.129  4.266 106.807 -2.595
0.850  84.653  4.794 105.971 -2.996
0.860  81.837  5.254 105.015 -3.366
0.870  78.703  5.637 103.936 -3.703
0.880  75.284  5.933 102.735 -4.004
0.890  71.618  6.140 101.414 -4.269
0.900  67.749  6.256 99.975 -4.495
0.910  63.724  6.282 98.421 -4.682
0.920  59.592  6.224 96.757 -4.830
0.930  55.403  6.087 94.987 -4.938
0.940  51.206  5.880 93.117 -5.008
0.950  47.048  5.613 91.154 -5.040
0.960  42.973  5.298 89.106 -5.035
0.970  39.021  4.945 86.981 -4.995
0.980  35.227  4.566 84.787 -4.923
0.990  31.620  4.172 82.535 -4.820
1.000  28.225  3.773 80.235 -4.689
