0.000  25.521  1.710 78.825 -1.641
0.010  22.512  1.511 76.396 -1.582
0.020  19.773  1.323 73.966 -1.514
0.030  17.300  1.149 71.545 -1.437
0.040  15.082  0.989 69.143 -1.352
0.050  13.108  0.845 66.772 -1.261
0.060  11.362  0.716 64.441 -1.165
0.070   9.828  0.603 62.162 -1.066
0.080   8.490  0.503 59.944 -0.964
0.090   7.329  0.418 57.797 -0.861
0.100   6.327  0.344 55.730 -0.758
0.110   5.468  0.282 53.752 -0.655
0.120   4.736  0.229 51.873 -0.552
0.130   4.114  0.186 50.099 -0.451
0.140   3.589  0.149 48.440 -0.351
0.150   3.149  0.119 46.901 -0.254
0.160   2.782  0.094 45.491 -0.158
0.170   2.478  0.073 44.215 -0.064
0.180   2.229  0.056 43.079 0.029
0.190   2.027  0.041 42.090 0.121
0.200   1.867  0.029 41.255 0.213
0.210   1.744  0.018 40.581 0.306
0.220   1.656  0.008 40.076 0.399
0.230   1.598 -0.000 39.743 0.495
0.240   1.570 -0.008 39.574 0.592
0.250   1.564 -0.014 39.534 0.691
0.260   1.570 -0.019 39.571 0.793
0.270   1.597 -0.027 39.736 0.901
0.280   1.653 -0.037 40.066 1.014
0.290   1.741 -0.048 40.567 1.133
0.300   1.863 -0.061 41.237 1.259
0.310   2.021 -0.076 42.068 1.392
0.320   2.222 -0.094 43.052 1.532
0.330   2.469 -0.116 44.183 1.680
0.340   2.771 -0.142 45.455 1.835
0.350   3.136 -0.173 46.861 1.998
0.360   3.573 -0.211 48.394 2.167
0.370   4.094 -0.257 50.048 2.342
0.380   4.711 -0.311 51.816 2.524
0.390   5.438 -0.376 53.690 2.710
0.400   6.291 -0.453 55.661 2.899
0.410   7.286 -0.544 57.722 3.091
0.420   8.439 -0.649 59.864 3.284
0.430   9.768 -0.772 62.076 3.477
0.440  11.291 -0.911 64.350 3.668
0.450  13.025 -1.070 66.675 3.855
0.460  14.986 -1.248 69.041 4.037
0.470  17.188 -1.446 71.438 4.212
0.480  19.646 -1.663 73.855 4.377
0.490  22.367 -1.897 76.282 4.532
0.500  25.358 -2.148 78.707 4.674
0.510  28.620 -2.412 81.121 4.802
0.520  32.150 -2.687 83.514 4.914
0.530  35.939 -2.966 85.874 5.008
0.540  39.972 -3.246 88.192 5.084
0.550  44.228 -3.519 90.457 5.139
0.560  48.679 -3.781 92.662 5.173
0.570  53.291 -4.022 94.795 5.185
0.580  58.024 -4.236 96.849 5.175
0.590  62.833 -4.416 98.814 5.141
0.600  67.666 -4.554 100.683 5.084
0.610  72.467 -4.643 102.448 5.004
0.620  77.178 -4.678 104.101 4.900
0.630  81.737 -4.653 105.635 4.774
0.640  86.083 -4.565 107.044 4.626
0.650  90.153 -4.413 108.323 4.457
0.660  93.890 -4.197 109.466 4.269
0.670  97.241 -3.920 110.469 4.062
0.680 100.160 -3.588 111.330 3.839
0.690 102.613 -3.211 112.047 3.601
0.700 104.580 -2.801 112.624 3.350
0.710 106.059 -2.375 113.063 3.089
0.720 107.072 -1.954 113.376 2.820
0.730 107.666 -1.562 113.576 2.544
0.740 107.923 -1.224 113.684 2.265
0.750 107.967 -0.947 113.719 1.984
0.760 107.931 -0.669 113.693 1.702
0.770 107.695 -0.328 113.595 1.421
0.780 107.128  0.073 113.403 1.141
0.790 106.147  0.511 113.100 0.866
0.800 104.702  0.962 112.669 0.597
0.810 102.769  1.407 112.102 0.335
0.820 100.350  1.828 111.393 0.083
0.830  97.461  2.212 110.540 -0.157
0.840  94.138  2.549 109.545 -0.384
0.850  90.423  2.832 108.410 -0.596
0.860  86.371  3.058 107.138 -0.792
0.870  82.039  3.223 105.735 -0.972
0.880  77.488  3.329 104.206 -1.133
0.890  72.781  3.378 102.558 -1.276
0.900  67.978  3.374 100.798 -1.400
0.910  63.141  3.322 98.933 -1.504
0.920  58.323  3.227 96.970 -1.590
0.930  53.578  3.096 94.919 -1.656
0.940  48.952  2.936 92.787 -1.703
0.950  44.485  2.753 90.583 -1.733
0.960  40.211  2.553 88.317 -1.745
0.970  36.159  2.344 85.999 -1.741
0.980  32.351  2.130 83.637 -1.721
0.990  28.802  1.918 81.242 -1.687
1.000  25.521  1.710 78.825 -1.641
