0.000  16.632  0.237  16.230 16.277 -13.426
0.010  16.615  0.244  16.169 17.229 -13.220
0.020  16.597  0.250  16.105 18.166 -12.977
0.030  16.579  0.255  16.039 19.085 -12.695
0.040  16.561  0.257  15.970 19.981 -12.375
0.050  16.542  0.257  15.901 20.852 -12.017
0.060  16.524  0.255  15.830 21.693 -11.625
0.070  16.507  0.252  15.759 22.502 -11.198
0.080  16.490  0.246  15.688 23.276 -10.740
0.090  16.473  0.238  15.617 24.013 -10.251
0.100  16.458  0.229  15.547 24.711 -9.733
0.110  16.443  0.218  15.478 25.368 -9.189
0.120  16.429  0.206  15.412 25.982 -8.620
0.130  16.417  0.192  15.348 26.554 -8.029
0.140  16.406  0.177  15.287 27.081 -7.417
0.150  16.396  0.161  15.229 27.563 -6.787
0.160  16.387  0.144  15.176 28.000 -6.141
0.170  16.380  0.126  15.127 28.391 -5.480
0.180  16.373  0.107  15.083 28.735 -4.807
0.190  16.369  0.089  15.043 29.034 -4.124
0.200  16.365  0.069  15.010 29.286 -3.431
0.210  16.362  0.050  14.982 29.492 -2.731
0.220  16.360  0.030  14.960 29.651 -2.026
0.230  16.359  0.011  14.944 29.764 -1.316
0.240  16.359 -0.009  14.935 29.831 -0.604
0.250  16.359 -0.028  14.932 29.852 0.109
0.260  16.359 -0.047  14.935 29.826 0.822
0.270  16.359 -0.067  14.945 29.755 1.533
0.280  16.360 -0.086  14.960 29.637 2.241
0.290  16.362 -0.106  14.982 29.472 2.945
0.300  16.364 -0.125  15.010 29.262 3.642
0.310  16.368 -0.144  15.044 29.005 4.332
0.320  16.373 -0.163  15.083 28.702 5.012
0.330  16.379 -0.182  15.127 28.353 5.682
0.340  16.386 -0.200  15.176 27.957 6.338
0.350  16.394 -0.217  15.230 27.516 6.980
0.360  16.404 -0.233  15.287 27.030 7.605
0.370  16.415 -0.248  15.348 26.498 8.212
0.380  16.428 -0.262  15.412 25.923 8.798
0.390  16.441 -0.275  15.479 25.304 9.361
0.400  16.456 -0.286  15.547 24.643 9.899
0.410  16.471 -0.295  15.617 23.941 10.411
0.420  16.487 -0.303  15.688 23.201 10.894
0.430  16.504 -0.309  15.759 22.423 11.347
0.440  16.522 -0.313  15.831 21.611 11.768
0.450  16.540 -0.315  15.901 20.767 12.155
0.460  16.558 -0.315  15.971 19.895 12.507
0.470  16.576 -0.313  16.039 18.996 12.823
0.480  16.594 -0.309  16.105 18.075 13.101
0.490  16.612 -0.303  16.169 17.136 13.340
0.500  16.630 -0.295  16.230 16.182 13.537
0.510  16.646 -0.286  16.289 15.219 13.690
0.520  16.662 -0.274  16.344 14.249 13.797
0.530  16.678 -0.261  16.397 13.278 13.854
0.540  16.692 -0.247  16.446 12.310 13.857
0.550  16.705 -0.232  16.492 11.350 13.802
0.560  16.717 -0.215  16.534 10.403 13.687
0.570  16.728 -0.198  16.572 9.472 13.509
0.580  16.738 -0.181  16.607 8.563 13.264
0.590  16.747 -0.164  16.638 7.680 12.952
0.600  16.754 -0.147  16.666 6.827 12.572
0.610  16.760 -0.130  16.690 6.009 12.125
0.620  16.766 -0.114  16.710 5.229 11.612
0.630  16.770 -0.099  16.727 4.492 11.036
0.640  16.774 -0.086  16.741 3.801 10.400
0.650  16.776 -0.074  16.753 3.159 9.708
0.660  16.778 -0.063  16.762 2.570 8.963
0.670  16.780 -0.054  16.768 2.036 8.172
0.680  16.781 -0.047  16.773 1.560 7.339
0.690  16.781 -0.041  16.777 1.144 6.470
0.700  16.782 -0.036  16.779 0.790 5.570
0.710  16.782 -0.033  16.780 0.500 4.642
0.720  16.782 -0.031  16.781 0.275 3.690
0.730  16.782 -0.030  16.781 0.115 2.711
0.740  16.782 -0.030  16.781 0.021 1.705
0.750  16.782 -0.029  16.781 0.064 0.025
0.760  16.782 -0.029  16.781 0.026 -1.712
0.770  16.782 -0.029  16.781 0.130 -2.719
0.780  16.782 -0.028  16.781 0.298 -3.695
0.790  16.782 -0.026  16.780 0.531 -4.645
0.800  16.782 -0.023  16.779 0.828 -5.569
0.810  16.781 -0.018  16.777 1.188 -6.466
0.820  16.781 -0.012  16.773 1.611 -7.332
0.830  16.780 -0.005  16.768 2.092 -8.161
0.840  16.779  0.004  16.762 2.632 -8.947
0.850  16.777  0.014  16.753 3.226 -9.687
0.860  16.774  0.026  16.741 3.873 -10.374
0.870  16.771  0.040  16.727 4.569 -11.005
0.880  16.766  0.055  16.710 5.310 -11.575
0.890  16.761  0.070  16.690 6.093 -12.082
0.900  16.755  0.087  16.666 6.915 -12.523
0.910  16.748  0.104  16.638 7.770 -12.896
0.920  16.739  0.122  16.607 8.655 -13.202
0.930  16.729  0.139  16.572 9.566 -13.440
0.940  16.719  0.156  16.534 10.498 -13.612
0.950  16.707  0.172  16.492 11.446 -13.721
0.960  16.694  0.188  16.446 12.407 -13.769
0.970  16.680  0.202  16.397 13.375 -13.759
0.980  16.664  0.215  16.344 14.345 -13.697
0.990  16.649  0.227  16.289 15.314 -13.585
1.000  16.632  0.237  16.230 16.277 -13.426
