0.000  30.851 10.195 78.637 -22.911
0.010  29.083  9.877 77.732 -22.561
0.020  27.279  9.485 76.761 -22.098
0.030  25.454  9.028 75.721 -21.529
0.040  23.626  8.514 74.609 -20.859
0.050  21.812  7.954 73.427 -20.096
0.060  20.030  7.360 72.177 -19.248
0.070  18.298  6.744 70.861 -18.324
0.080  16.631  6.117 69.486 -17.337
0.090  15.045  5.492 68.063 -16.297
0.100  13.552  4.879 66.602 -15.217
0.110  12.165  4.287 65.122 -14.109
0.120  10.890  3.723 63.641 -12.986
0.130   9.735  3.195 62.183 -11.858
0.140   8.703  2.706 60.775 -10.736
0.150   7.795  2.260 59.445 -9.625
0.160   7.011  1.857 58.219 -8.531
0.170   6.347  1.497 57.122 -7.453
0.180   5.798  1.180 56.171 -6.392
0.190   5.358  0.904 55.375 -5.341
0.200   5.019  0.666 54.733 -4.298
0.210   4.771  0.465 54.236 -3.258
0.220   4.605  0.299 53.871 -2.216
0.230   4.507  0.163 53.619 -1.171
0.240   4.463  0.055 53.465 -0.121
0.250   4.454 -0.034 53.400 0.934
0.260   4.459 -0.122 53.418 1.995
0.270   4.492 -0.227 53.523 3.065
0.280   4.576 -0.360 53.725 4.147
0.290   4.724 -0.524 54.039 5.245
0.300   4.949 -0.723 54.479 6.363
0.310   5.263 -0.960 55.062 7.506
0.320   5.675 -1.236 55.795 8.676
0.330   6.193 -1.555 56.680 9.875
0.340   6.823 -1.918 57.710 11.099
0.350   7.570 -2.326 58.868 12.343
0.360   8.439 -2.780 60.132 13.597
0.370   9.430 -3.278 61.476 14.853
0.380  10.542 -3.818 62.874 16.097
0.390  11.774 -4.396 64.302 17.319
0.400  13.120 -5.007 65.736 18.504
0.410  14.571 -5.642 67.157 19.643
0.420  16.118 -6.293 68.549 20.722
0.430  17.750 -6.949 69.899 21.731
0.440  19.451 -7.598 71.199 22.661
0.450  21.206 -8.228 72.440 23.503
0.460  22.999 -8.827 73.619 24.249
0.470  24.813 -9.383 74.734 24.894
0.480  26.630 -9.885 75.783 25.431
0.490  28.433 -10.323 76.767 25.857
0.500  30.206 -10.687 77.689 26.170
0.510  31.932 -10.971 78.549 26.366
0.520  33.598 -11.169 79.353 26.444
0.530  35.191 -11.279 80.101 26.405
0.540  36.699 -11.298 80.799 26.248
0.550  38.115 -11.228 81.449 25.975
0.560  39.431 -11.070 82.055 25.587
0.570  40.641 -10.830 82.620 25.085
0.580  41.742 -10.511 83.147 24.473
0.590  42.733 -10.121 83.639 23.754
0.600  43.614 -9.668 84.098 22.930
0.610  44.388 -9.159 84.525 22.006
0.620  45.058 -8.604 84.924 20.986
0.630  45.628 -8.011 85.294 19.874
0.640  46.106 -7.388 85.636 18.675
0.650  46.497 -6.745 85.952 17.394
0.660  46.810 -6.089 86.242 16.038
0.670  47.053 -5.428 86.505 14.612
0.680  47.235 -4.766 86.741 13.123
0.690  47.365 -4.112 86.951 11.576
0.700  47.453 -3.467 87.133 9.981
0.710  47.507 -2.835 87.288 8.343
0.720  47.537 -2.218 87.415 6.670
0.730  47.550 -1.616 87.513 4.972
0.740  47.554 -1.026 87.581 3.255
0.750  47.555 -0.444 87.621 1.529
0.760  47.555  0.138 87.631 -0.198
0.770  47.553  0.725 87.612 -1.918
0.780  47.544  1.324 87.563 -3.621
0.790  47.523  1.936 87.485 -5.300
0.800  47.480  2.562 87.378 -6.947
0.810  47.408  3.202 87.242 -8.552
0.820  47.297  3.853 87.077 -10.108
0.830  47.138  4.511 86.885 -11.607
0.840  46.922  5.172 86.665 -13.042
0.850  46.639  5.829 86.417 -14.406
0.860  46.282  6.476 86.142 -15.693
0.870  45.841  7.105 85.838 -16.895
0.880  45.309  7.709 85.507 -18.008
0.890  44.679  8.278 85.145 -19.026
0.900  43.947  8.805 84.754 -19.944
0.910  43.108  9.280 84.330 -20.758
0.920  42.158  9.696 83.872 -21.463
0.930  41.098 10.045 83.378 -22.057
0.940  39.926 10.320 82.845 -22.535
0.950  38.647 10.514 82.270 -22.897
0.960  37.264 10.625 81.649 -23.139
0.970  35.783 10.649 80.979 -23.261
0.980  34.214 10.584 80.257 -23.264
0.990  32.565 10.432 79.477 -23.147
1.000  30.851 10.195 78.637 -22.911
