0.000  32.086  7.389 81.833 -11.028
0.010  29.119  6.842 79.933 -10.725
0.020  26.263  6.270 77.962 -10.369
0.030  23.541  5.685 75.927 -9.965
0.040  20.976  5.101 73.837 -9.520
0.050  18.581  4.531 71.704 -9.039
0.060  16.370  3.982 69.539 -8.530
0.070  14.348  3.466 67.357 -7.999
0.080  12.519  2.986 65.171 -7.453
0.090  10.880  2.548 62.998 -6.897
0.100   9.426  2.154 60.855 -6.339
0.110   8.150  1.804 58.759 -5.783
0.120   7.040  1.497 56.729 -5.235
0.130   6.085  1.232 54.785 -4.698
0.140   5.271  1.004 52.946 -4.176
0.150   4.584  0.810 51.232 -3.670
0.160   4.011  0.647 49.665 -3.181
0.170   3.541  0.509 48.262 -2.710
0.180   3.160  0.393 47.042 -2.255
0.190   2.860  0.296 46.016 -1.812
0.200   2.629  0.214 45.192 -1.379
0.210   2.461  0.146 44.565 -0.951
0.220   2.347  0.089 44.122 -0.525
0.230   2.279  0.043 43.838 -0.098
0.240   2.248  0.008 43.682 0.331
0.250   2.242 -0.019 43.629 0.763
0.260   2.247 -0.046 43.666 1.200
0.270   2.275 -0.081 43.804 1.644
0.280   2.338 -0.127 44.069 2.100
0.290   2.446 -0.185 44.493 2.572
0.300   2.608 -0.256 45.098 3.064
0.310   2.830 -0.340 45.900 3.579
0.320   3.122 -0.441 46.900 4.120
0.330   3.491 -0.562 48.095 4.688
0.340   3.949 -0.706 49.469 5.282
0.350   4.506 -0.877 51.007 5.900
0.360   5.175 -1.079 52.690 6.539
0.370   5.968 -1.318 54.498 7.197
0.380   6.900 -1.596 56.411 7.868
0.390   7.982 -1.917 58.410 8.547
0.400   9.228 -2.284 60.476 9.228
0.410  10.648 -2.699 62.590 9.905
0.420  12.250 -3.160 64.737 10.570
0.430  14.041 -3.666 66.898 11.218
0.440  16.021 -4.213 69.059 11.840
0.450  18.191 -4.795 71.205 12.429
0.460  20.543 -5.404 73.322 12.979
0.470  23.068 -6.030 75.400 13.484
0.480  25.750 -6.661 77.426 13.937
0.490  28.571 -7.284 79.392 14.332
0.500  31.506 -7.885 81.290 14.665
0.510  34.531 -8.448 83.113 14.932
0.520  37.614 -8.960 84.855 15.128
0.530  40.726 -9.407 86.511 15.251
0.540  43.834 -9.776 88.078 15.300
0.550  46.905 -10.056 89.554 15.271
0.560  49.907 -10.238 90.937 15.166
0.570  52.809 -10.316 92.227 14.984
0.580  55.582 -10.287 93.423 14.725
0.590  58.201 -10.150 94.526 14.392
0.600  60.644 -9.907 95.537 13.986
0.610  62.892 -9.562 96.459 13.509
0.620  64.932 -9.125 97.293 12.965
0.630  66.753 -8.604 98.043 12.358
0.640  68.351 -8.012 98.712 11.691
0.650  69.725 -7.362 99.303 10.969
0.660  70.881 -6.669 99.821 10.196
0.670  71.827 -5.947 100.269 9.377
0.680  72.575 -5.213 100.652 8.517
0.690  73.144 -4.479 100.975 7.621
0.700  73.552 -3.761 101.241 6.694
0.710  73.824 -3.068 101.454 5.742
0.720  73.985 -2.411 101.620 4.769
0.730  74.065 -1.795 101.740 3.780
0.740  74.091 -1.218 101.818 2.781
0.750  74.094 -0.669 101.854 1.777
0.760  74.093 -0.121 101.850 0.774
0.770  74.074  0.454 101.804 -0.225
0.780  74.011  1.066 101.715 -1.213
0.790  73.872  1.721 101.580 -2.186
0.800  73.630  2.413 101.397 -3.137
0.810  73.257  3.134 101.160 -4.062
0.820  72.728  3.874 100.867 -4.955
0.830  72.024  4.620 100.512 -5.811
0.840  71.126  5.358 100.092 -6.624
0.850  70.019  6.074 99.601 -7.390
0.860  68.695  6.751 99.035 -8.103
0.870  67.147  7.376 98.392 -8.760
0.880  65.374  7.935 97.666 -9.356
0.890  63.380  8.417 96.855 -9.888
0.900  61.173  8.810 95.955 -10.352
0.910  58.767  9.106 94.965 -10.746
0.920  56.178  9.301 93.882 -11.068
0.930  53.429  9.390 92.704 -11.316
0.940  50.544  9.373 91.431 -11.490
0.950  47.551  9.255 90.062 -11.589
0.960  44.481  9.038 88.599 -11.616
0.970  41.367  8.733 87.041 -11.570
0.980  38.242  8.348 85.392 -11.455
0.990  35.137  7.896 83.655 -11.273
1.000  32.086  7.389 81.833 -11.028
