0.000  10.624  4.772 37.023 -46.965
0.010  10.598  4.776 37.640 -47.671
0.020  10.571  4.755 38.340 -48.289
0.030  10.541  4.709 39.129 -48.818
0.040  10.510  4.640 40.015 -49.254
0.050  10.478  4.547 41.008 -49.592
0.060  10.444  4.431 42.117 -49.825
0.070  10.410  4.295 43.354 -49.944
0.080  10.376  4.139 44.731 -49.936
0.090  10.341  3.965 46.259 -49.786
0.100  10.307  3.774 47.951 -49.472
0.110  10.273  3.569 49.820 -48.967
0.120  10.241  3.351 51.875 -48.237
0.130  10.209  3.121 54.125 -47.241
0.140  10.180  2.881 56.570 -45.929
0.150  10.153  2.632 59.204 -44.243
0.160  10.129  2.377 62.006 -42.120
0.170  10.107  2.116 64.938 -39.492
0.180  10.089  1.850 67.939 -36.296
0.190  10.073  1.581 70.921 -32.483
0.200  10.061  1.309 73.770 -28.032
0.210  10.052  1.036 76.348 -22.960
0.220  10.045  0.762 78.510 -17.339
0.230  10.041  0.487 80.116 -11.290
0.240  10.039  0.212 81.058 -4.981
0.250  10.038 -0.062 81.275 1.395
0.260  10.038 -0.336 80.764 7.645
0.270  10.039 -0.610 79.575 13.599
0.280  10.041 -0.884 77.802 19.124
0.290  10.045 -1.157 75.567 24.134
0.300  10.052 -1.430 73.000 28.583
0.310  10.061 -1.702 70.227 32.466
0.320  10.073 -1.971 67.359 35.800
0.330  10.089 -2.238 64.488 38.624
0.340  10.107 -2.501 61.683 40.984
0.350  10.129 -2.758 58.995 42.934
0.360  10.153 -3.010 56.457 44.522
0.370  10.180 -3.253 54.088 45.797
0.380  10.209 -3.488 51.897 46.800
0.390  10.240 -3.711 49.884 47.568
0.400  10.272 -3.922 48.047 48.133
0.410  10.306 -4.119 46.377 48.519
0.420  10.340 -4.299 44.864 48.748
0.430  10.374 -4.462 43.499 48.836
0.440  10.409 -4.605 42.270 48.798
0.450  10.443 -4.728 41.168 48.642
0.460  10.476 -4.828 40.181 48.378
0.470  10.508 -4.905 39.301 48.011
0.480  10.539 -4.957 38.519 47.546
0.490  10.569 -4.985 37.826 46.987
0.500  10.597 -4.987 37.216 46.336
0.510  10.623 -4.963 36.683 45.594
0.520  10.647 -4.915 36.221 44.763
0.530  10.669 -4.841 35.825 43.844
0.540  10.690 -4.744 35.490 42.838
0.550  10.708 -4.624 35.213 41.744
0.560  10.725 -4.483 34.991 40.564
0.570  10.739 -4.322 34.821 39.296
0.580  10.752 -4.144 34.699 37.941
0.590  10.764 -3.951 34.625 36.498
0.600  10.773 -3.743 34.596 34.966
0.610  10.782 -3.525 34.610 33.346
0.620  10.789 -3.297 34.664 31.634
0.630  10.795 -3.061 34.757 29.831
0.640  10.799 -2.820 34.886 27.933
0.650  10.803 -2.574 35.046 25.939
0.660  10.806 -2.327 35.234 23.847
0.670  10.808 -2.077 35.445 21.655
0.680  10.810 -1.827 35.671 19.361
0.690  10.811 -1.577 35.905 16.963
0.700  10.812 -1.328 36.138 14.463
0.710  10.812 -1.080 36.358 11.863
0.720  10.812 -0.833 36.553 9.169
0.730  10.812 -0.587 36.711 6.390
0.740  10.812 -0.342 36.821 3.541
0.750  10.812 -0.097 36.872 0.643
0.760  10.812  0.147 36.859 -2.281
0.770  10.812  0.391 36.780 -5.201
0.780  10.812  0.636 36.639 -8.089
0.790  10.812  0.881 36.445 -10.918
0.800  10.812  1.127 36.212 -13.666
0.810  10.812  1.373 35.954 -16.316
0.820  10.811  1.620 35.685 -18.857
0.830  10.810  1.867 35.421 -21.285
0.840  10.808  2.113 35.171 -23.597
0.850  10.806  2.357 34.945 -25.794
0.860  10.803  2.599 34.751 -27.879
0.870  10.800  2.837 34.594 -29.856
0.880  10.795  3.069 34.477 -31.728
0.890  10.789  3.294 34.405 -33.499
0.900  10.783  3.511 34.378 -35.172
0.910  10.774  3.716 34.398 -36.750
0.920  10.765  3.909 34.467 -38.236
0.930  10.754  4.087 34.587 -39.631
0.940  10.741  4.248 34.759 -40.937
0.950  10.726  4.390 34.985 -42.156
0.960  10.710  4.512 35.267 -43.289
0.970  10.691  4.613 35.609 -44.335
0.980  10.671  4.690 36.012 -45.297
0.990  10.649  4.744 36.482 -46.174
1.000  10.624  4.772 37.023 -46.965
