0.000  17.467  0.710  16.739 16.801 -14.471
0.010  16.345  0.618  15.674 16.714 -13.481
0.020  15.361  0.541  14.741 16.641 -12.557
0.030  14.496  0.475  13.920 16.577 -11.689
0.040  13.732  0.418  13.195 16.521 -10.868
0.050  13.055  0.369  12.553 16.474 -10.089
0.060  12.455  0.326  11.983 16.433 -9.347
0.070  11.921  0.289  11.477 16.399 -8.638
0.080  11.446  0.255  11.027 16.372 -7.956
0.090  11.024  0.225  10.628 16.352 -7.299
0.100  10.648  0.198  10.273 16.338 -6.662
0.110  10.315  0.174   9.958 16.330 -6.043
0.120  10.020  0.152   9.681 16.329 -5.441
0.130   9.761  0.131   9.437 16.336 -4.852
0.140   9.534  0.112   9.225 16.349 -4.278
0.150   9.337  0.095   9.041 16.370 -3.718
0.160   9.169  0.078   8.884 16.398 -3.175
0.170   9.027  0.063   8.753 16.432 -2.654
0.180   8.909  0.048   8.644 16.473 -2.158
0.190   8.814  0.035   8.557 16.518 -1.695
0.200   8.741  0.023   8.489 16.566 -1.271
0.210   8.687  0.012   8.439 16.614 -0.894
0.220   8.650  0.002   8.405 16.660 -0.570
0.230   8.628 -0.006   8.384 16.698 -0.305
0.240   8.618 -0.011   8.373 16.723 -0.101
0.250   8.617 -0.015   8.369 16.732 0.058
0.260   8.618 -0.019   8.372 16.722 0.218
0.270   8.628 -0.024   8.384 16.695 0.422
0.280   8.650 -0.032   8.405 16.655 0.686
0.290   8.686 -0.042   8.439 16.608 1.010
0.300   8.740 -0.053   8.489 16.557 1.387
0.310   8.814 -0.065   8.557 16.506 1.810
0.320   8.908 -0.079   8.644 16.457 2.273
0.330   9.025 -0.094   8.753 16.413 2.769
0.340   9.167 -0.110   8.884 16.375 3.290
0.350   9.336 -0.127   9.041 16.343 3.832
0.360   9.532 -0.146   9.225 16.319 4.392
0.370   9.759 -0.165   9.437 16.301 4.966
0.380  10.018 -0.187   9.681 16.291 5.555
0.390  10.312 -0.210   9.958 16.287 6.157
0.400  10.645 -0.235  10.273 16.291 6.776
0.410  11.020 -0.264  10.628 16.300 7.413
0.420  11.442 -0.295  11.027 16.316 8.070
0.430  11.917 -0.330  11.477 16.339 8.752
0.440  12.450 -0.370  11.983 16.367 9.462
0.450  13.050 -0.415  12.553 16.403 10.204
0.460  13.726 -0.466  13.195 16.445 10.983
0.470  14.489 -0.525  13.920 16.496 11.805
0.480  15.354 -0.594  14.741 16.554 12.675
0.490  16.336 -0.675  15.675 16.622 13.600
0.500  17.457 -0.770  16.740 16.700 14.587
0.510  18.743 -0.883  17.960 16.790 15.645
0.520  20.224 -1.018  19.366 16.894 16.785
0.530  21.940 -1.181  20.995 17.013 18.018
0.540  23.942 -1.379  22.894 17.148 19.357
0.550  26.293 -1.622  25.124 17.303 20.817
0.560  29.074 -1.923  27.761 17.479 22.415
0.570  32.388 -2.297  30.903 17.677 24.170
0.580  36.369 -2.766  34.677 17.896 26.101
0.590  41.185 -3.355  39.246 18.134 28.226
0.600  47.052 -4.095  44.819 18.383 30.563
0.610  54.238 -5.023  51.658 18.628 33.118
0.620  63.068 -6.171  60.088 18.843 35.887
0.630  73.909 -7.559  70.488 18.982 38.834
0.640  87.138 -9.173  83.264 18.976 41.884
0.650 103.055 -10.923  98.780 18.726 44.893
0.660 121.728 -12.603 117.203 18.104 47.622
0.670 142.776 -13.861 138.282 16.965 49.721
0.680 165.136 -14.233 161.067 15.194 50.723
0.690 186.989 -13.303 183.746 12.764 50.093
0.700 206.043 -10.977 203.871 9.815 47.340
0.710 220.283 -7.700 219.135 6.673 42.166
0.720 228.885 -4.375 228.453 3.776 34.620
0.730 232.660 -1.918 232.567 1.528 25.175
0.740 233.581 -0.717 233.577 0.211 14.856
0.750 233.618 -0.408 233.617 2.085 0.217
0.760 233.583 -0.102 233.577 0.239 -14.852
0.770 232.675  1.096 232.568 1.659 -25.164
0.780 228.933  3.561 228.452 3.994 -34.594
0.790 220.377  6.913 219.133 6.957 -42.119
0.800 206.185 10.244 203.869 10.142 -47.270
0.810 187.167 12.644 183.745 13.113 -50.003
0.820 165.331 13.657 161.067 15.547 -50.616
0.830 142.967 13.369 138.283 17.311 -49.602
0.840 121.903 12.187 117.204 18.435 -47.496
0.850 103.207 10.572  98.781 19.038 -44.762
0.860  87.267  8.876  83.265 19.267 -41.752
0.870  74.015  7.308  70.488 19.252 -38.701
0.880  63.154  5.956  60.088 19.092 -35.754
0.890  54.308  4.838  51.658 18.859 -32.987
0.900  47.109  3.934  44.819 18.596 -30.433
0.910  41.231  3.213  39.246 18.331 -28.099
0.920  36.407  2.641  34.677 18.078 -25.975
0.930  32.420  2.186  30.903 17.845 -24.046
0.940  29.101  1.822  27.761 17.635 -22.292
0.950  26.316  1.531  25.124 17.448 -20.695
0.960  23.961  1.296  22.894 17.283 -19.237
0.970  21.956  1.105  20.995 17.138 -17.899
0.980  20.237  0.948  19.366 17.011 -16.668
0.990  18.754  0.818  17.960 16.899 -15.529
1.000  17.467  0.710  16.739 16.801 -14.471
