0.000   0.000  0.000 0.000 0.000
0.020   0.000 -0.002 1.358 39.374
0.040   0.126 -0.254 22.413 76.980
0.060   2.398 -2.799 64.267 98.280
0.080   8.291 -7.673 94.272 103.235
0.100  14.632 -10.138 110.158 95.482
0.120  19.164 -9.288 118.935 80.022
0.140  22.239 -7.605 134.186 61.433
0.160  24.260 -6.259 143.661 52.368
0.180  25.418 -4.913 143.700 45.857
0.200  26.083 -3.785 138.645 34.948
0.220  27.075 -4.561 141.373 28.246
0.240  29.419 -6.959 150.561 35.041
0.260  32.766 -8.708 155.028 43.696
0.280  36.293 -9.889 158.487 48.965
0.300  40.104 -11.586 161.409 56.400
0.320  44.187 -13.961 165.403 65.919
0.340  48.254 -15.785 154.243 74.717
0.360  52.060 -15.234 153.331 64.221
0.380  55.385 -13.798 170.108 50.778
0.400  57.968 -12.196 177.695 51.034
0.420  59.224 -8.857 179.307 47.008
0.440  59.537 -5.523 167.865 37.882
0.460  59.835 -4.628 162.985 21.864
0.480  60.637 -5.132 169.652 5.636
0.500  61.863 -5.210 184.825 0.184
0.520  62.952 -5.527 199.755 14.618
0.540  63.515 -5.606 196.381 28.461
0.560  63.677 -4.479 192.644 20.416
0.580  63.697 -4.041 205.110 15.999
0.600  63.691 -5.174 214.730 35.339
0.620  63.285 -4.393 205.992 52.408
0.640  60.238 -0.486 193.227 51.748
0.660  52.053  4.191 170.065 45.229
0.680  39.944  6.677 147.731 29.591
0.700  29.325  5.344 141.965 13.772
0.720  22.633  3.369 138.344 13.531
0.740  17.702  2.635 127.079 15.733
0.760  13.350  2.239 115.919 11.529
0.780  10.044  1.517 109.265 8.222
0.800   7.911  0.889 104.706 8.743
0.820   6.411  0.571 99.894 9.378
0.840   5.254  0.384 95.633 9.053
0.860   4.374  0.223 92.097 8.792
0.880   3.747  0.066 89.229 8.390
0.900   3.412 -0.107 88.561 8.644
0.920   3.342 -0.214 93.229 10.003
0.940   3.323 -0.107 100.362 10.101
0.960   2.946  0.143 100.920 7.988
0.980   1.261  0.133 84.411 4.221
1.000   0.000 -0.000 0.000 0.000
