0.000  18.256  1.191  17.278 17.346 -19.902
0.010  18.025  1.178  17.003 18.135 -19.280
0.020  17.796  1.155  16.736 18.895 -18.570
0.030  17.570  1.121  16.479 19.626 -17.777
0.040  17.350  1.078  16.235 20.328 -16.910
0.050  17.137  1.028  16.004 21.002 -15.979
0.060  16.932  0.971  15.788 21.648 -14.998
0.070  16.737  0.909  15.586 22.267 -13.983
0.080  16.554  0.844  15.399 22.859 -12.954
0.090  16.382  0.776  15.226 23.422 -11.929
0.100  16.223  0.707  15.067 23.956 -10.926
0.110  16.077  0.638  14.921 24.461 -9.959
0.120  15.945  0.569  14.787 24.934 -9.037
0.130  15.826  0.502  14.664 25.376 -8.162
0.140  15.721  0.438  14.552 25.783 -7.332
0.150  15.630  0.376  14.451 26.157 -6.545
0.160  15.551  0.318  14.359 26.495 -5.794
0.170  15.486  0.264  14.278 26.798 -5.073
0.180  15.432  0.213  14.206 27.066 -4.379
0.190  15.389  0.167  14.143 27.297 -3.705
0.200  15.357  0.126  14.090 27.492 -3.048
0.210  15.333  0.088  14.047 27.651 -2.404
0.220  15.318  0.055  14.013 27.775 -1.770
0.230  15.310  0.025  13.989 27.862 -1.143
0.240  15.306 -0.001  13.975 27.914 -0.521
0.250  15.305 -0.026  13.970 27.930 0.099
0.260  15.306 -0.051  13.975 27.910 0.718
0.270  15.309 -0.078  13.989 27.854 1.339
0.280  15.317 -0.107  14.013 27.762 1.965
0.290  15.332 -0.141  14.047 27.634 2.597
0.300  15.355 -0.178  14.090 27.470 3.240
0.310  15.386 -0.220  14.143 27.271 3.895
0.320  15.428 -0.266  14.206 27.035 4.566
0.330  15.481 -0.316  14.278 26.762 5.258
0.340  15.546 -0.370  14.359 26.454 5.976
0.350  15.624 -0.429  14.451 26.111 6.725
0.360  15.715 -0.490  14.552 25.731 7.510
0.370  15.819 -0.555  14.664 25.318 8.338
0.380  15.936 -0.622  14.787 24.871 9.211
0.390  16.068 -0.691  14.921 24.391 10.132
0.400  16.212 -0.761  15.067 23.880 11.096
0.410  16.370 -0.831  15.226 23.338 12.096
0.420  16.541 -0.899  15.399 22.768 13.117
0.430  16.724 -0.965  15.586 22.169 14.141
0.440  16.918 -1.028  15.788 21.544 15.151
0.450  17.122 -1.086  16.005 20.890 16.126
0.460  17.335 -1.137  16.235 20.210 17.052
0.470  17.555 -1.181  16.480 19.502 17.914
0.480  17.780 -1.216  16.736 18.766 18.702
0.490  18.009 -1.240  17.003 18.001 19.406
0.500  18.240 -1.254  17.278 17.207 20.021
0.510  18.470 -1.257  17.559 16.384 20.539
0.520  18.697 -1.247  17.844 15.534 20.956
0.530  18.919 -1.224  18.128 14.658 21.265
0.540  19.135 -1.189  18.410 13.758 21.463
0.550  19.341 -1.143  18.685 12.838 21.545
0.560  19.536 -1.085  18.951 11.901 21.508
0.570  19.718 -1.016  19.204 10.955 21.347
0.580  19.886 -0.940  19.442 10.003 21.061
0.590  20.038 -0.856  19.661 9.055 20.648
0.600  20.174 -0.768  19.861 8.116 20.108
0.610  20.294 -0.677  20.039 7.196 19.442
0.620  20.398 -0.587  20.195 6.301 18.652
0.630  20.485 -0.498  20.328 5.441 17.743
0.640  20.557 -0.414  20.439 4.623 16.718
0.650  20.614 -0.336  20.529 3.855 15.586
0.660  20.659 -0.266  20.600 3.143 14.353
0.670  20.692 -0.205  20.653 2.493 13.030
0.680  20.716 -0.154  20.691 1.910 11.625
0.690  20.732 -0.114  20.717 1.399 10.151
0.700  20.741 -0.083  20.734 0.964 8.619
0.710  20.747 -0.061  20.743 0.606 7.044
0.720  20.749 -0.047  20.748 0.328 5.443
0.730  20.750 -0.040  20.750 0.133 3.839
0.740  20.750 -0.037  20.750 0.020 2.274
0.750  20.750 -0.036  20.750 0.104 0.018
0.760  20.750 -0.036  20.750 0.025 -2.274
0.770  20.750 -0.033  20.750 0.152 -3.839
0.780  20.749 -0.025  20.748 0.361 -5.442
0.790  20.747 -0.012  20.743 0.651 -7.041
0.800  20.742  0.009  20.734 1.021 -8.613
0.810  20.732  0.040  20.717 1.468 -10.141
0.820  20.717  0.080  20.691 1.990 -11.612
0.830  20.694  0.131  20.653 2.583 -13.012
0.840  20.661  0.192  20.600 3.242 -14.331
0.850  20.618  0.261  20.529 3.963 -15.559
0.860  20.561  0.339  20.439 4.740 -16.686
0.870  20.490  0.423  20.328 5.565 -17.704
0.880  20.404  0.512  20.195 6.431 -18.608
0.890  20.302  0.603  20.039 7.331 -19.392
0.900  20.183  0.694  19.861 8.256 -20.051
0.910  20.048  0.783  19.661 9.199 -20.585
0.920  19.897  0.867  19.442 10.150 -20.991
0.930  19.730  0.945  19.204 11.103 -21.271
0.940  19.549  1.014  18.951 12.051 -21.425
0.950  19.355  1.073  18.685 12.988 -21.457
0.960  19.149  1.121  18.410 13.907 -21.368
0.970  18.935  1.158  18.128 14.806 -21.164
0.980  18.713  1.181  17.844 15.680 -20.849
0.990  18.486  1.192  17.559 16.527 -20.426
1.000  18.256  1.191  17.278 17.346 -19.902
