0.00000000E+00  0.21331556E+02  0.80842145E+01  0.62138587E+02  -.33533759E+02
0.41666667E-02  0.21227761E+02  0.80771652E+01  0.62204341E+02  -.33405696E+02
0.83333333E-02  0.21118059E+02  0.80632354E+01  0.62272756E+02  -.33160352E+02
0.12500000E-01  0.21002367E+02  0.80423537E+01  0.62352346E+02  -.32915804E+02
0.16666667E-01  0.20880617E+02  0.80144557E+01  0.62442823E+02  -.32649892E+02
0.20833333E-01  0.20752757E+02  0.79794844E+01  0.62544055E+02  -.32365202E+02
0.25000000E-01  0.20618753E+02  0.79373920E+01  0.62655930E+02  -.32063479E+02
0.29166667E-01  0.20478587E+02  0.78881405E+01  0.62778318E+02  -.31743155E+02
0.33333333E-01  0.20332262E+02  0.78317028E+01  0.62910961E+02  -.31405945E+02
0.37500000E-01  0.20179804E+02  0.77680643E+01  0.63053675E+02  -.31050909E+02
0.41666667E-01  0.20021259E+02  0.76972235E+01  0.63206149E+02  -.30679122E+02
0.45833333E-01  0.19856696E+02  0.76191937E+01  0.63368121E+02  -.30290107E+02
0.50000000E-01  0.19686212E+02  0.75340039E+01  0.63539242E+02  -.29884564E+02
0.54166667E-01  0.19509927E+02  0.74416997E+01  0.63719183E+02  -.29462277E+02
0.58333333E-01  0.19327991E+02  0.73423451E+01  0.63907558E+02  -.29023737E+02
0.62500000E-01  0.19140579E+02  0.72360230E+01  0.64103983E+02  -.28568881E+02
0.66666667E-01  0.18947899E+02  0.71228364E+01  0.64308037E+02  -.28098083E+02
0.70833333E-01  0.18750188E+02  0.70029096E+01  0.64519296E+02  -.27611374E+02
0.75000000E-01  0.18547712E+02  0.68763887E+01  0.64737308E+02  -.27109059E+02
0.79166667E-01  0.18340773E+02  0.67434427E+01  0.64961615E+02  -.26591230E+02
0.83333333E-01  0.18129701E+02  0.66042637E+01  0.65191741E+02  -.26058153E+02
0.87500000E-01  0.17914860E+02  0.64590679E+01  0.65427203E+02  -.25509957E+02
0.91666667E-01  0.17696646E+02  0.63080959E+01  0.65667505E+02  -.24946882E+02
0.95833333E-01  0.17475485E+02  0.61516126E+01  0.65912141E+02  -.24369081E+02
0.10000000E+00  0.17251837E+02  0.59899075E+01  0.66160595E+02  -.23776773E+02
0.10416667E+00  0.17026190E+02  0.58232945E+01  0.66412343E+02  -.23170124E+02
0.10833333E+00  0.16799061E+02  0.56521114E+01  0.66666847E+02  -.22549329E+02
0.11250000E+00  0.16570994E+02  0.54767197E+01  0.66923559E+02  -.21914560E+02
0.11666667E+00  0.16342560E+02  0.52975033E+01  0.67181913E+02  -.21265986E+02
0.12083333E+00  0.16114350E+02  0.51148680E+01  0.67441333E+02  -.20603772E+02
0.12500000E+00  0.15886978E+02  0.49292396E+01  0.67701216E+02  -.19928054E+02
0.12916667E+00  0.15661073E+02  0.47410629E+01  0.67960941E+02  -.19238987E+02
0.13333333E+00  0.15437279E+02  0.45507995E+01  0.68219855E+02  -.18536662E+02
0.13750000E+00  0.15216251E+02  0.43589255E+01  0.68477277E+02  -.17821217E+02
0.14166667E+00  0.14998650E+02  0.41659294E+01  0.68732486E+02  -.17092695E+02
0.14583333E+00  0.14785140E+02  0.39723090E+01  0.68984705E+02  -.16351227E+02
0.15000000E+00  0.14576384E+02  0.37785677E+01  0.69233088E+02  -.15596808E+02
0.15416667E+00  0.14373037E+02  0.35852112E+01  0.69476635E+02  -.14829589E+02
0.15833333E+00  0.14175748E+02  0.33927431E+01  0.69714386E+02  -.14049582E+02
0.16250000E+00  0.13985149E+02  0.32016595E+01  0.69945427E+02  -.13257047E+02
0.16666667E+00  0.13801856E+02  0.30124440E+01  0.70168606E+02  -.12452096E+02
0.17083333E+00  0.13626461E+02  0.28255612E+01  0.70382650E+02  -.11635291E+02
0.17500000E+00  0.13459531E+02  0.26414492E+01  0.70586165E+02  -.10807106E+02
0.17916667E+00  0.13301599E+02  0.24605126E+01  0.70777654E+02  -.99687500E+01
0.18333333E+00  0.13153166E+02  0.22831125E+01  0.70955481E+02  -.91214837E+01
0.18750000E+00  0.13014692E+02  0.21095581E+01  0.71117914E+02  -.82677278E+01
0.19166667E+00  0.12886587E+02  0.19400950E+01  0.71263110E+02  -.74101901E+01
0.19583333E+00  0.12769212E+02  0.17748956E+01  0.71389200E+02  -.65532986E+01
0.20000000E+00  0.12662861E+02  0.16140462E+01  0.71494310E+02  -.57020665E+01
0.20416667E+00  0.12567757E+02  0.14575373E+01  0.71576707E+02  -.48638528E+01
0.20833333E+00  0.12484029E+02  0.13052510E+01  0.71634890E+02  -.40468484E+01
0.21250000E+00  0.12411701E+02  0.11569550E+01  0.71667814E+02  -.32620834E+01
0.21666667E+00  0.12350662E+02  0.10122925E+01  0.71675081E+02  -.25213420E+01
0.22083333E+00  0.12300641E+02  0.87078697E+00  0.71657268E+02  -.18391912E+01
0.22500000E+00  0.12261166E+02  0.73183858E+00  0.71616220E+02  -.12299850E+01
0.22916667E+00  0.12231539E+02  0.59475554E+00  0.71555463E+02  -.70940113E+00
0.23333333E+00  0.12210770E+02  0.45876127E+00  0.71480538E+02  -.28984002E+00
0.23750000E+00  0.12197594E+02  0.32308389E+00  0.71399289E+02  0.19679475E-01
0.24166667E+00  0.12190329E+02  0.18699306E+00  0.71321692E+02  0.22111156E+00
0.24583333E+00  0.12187124E+02  0.49998140E-01  0.71258809E+02  0.33020493E+00
0.25000000E+00  0.12185648E+02  -.87802135E-01  0.71220154E+02  0.38402509E+00
0.25416667E+00  0.12184501E+02  -.22575377E+00  0.71210002E+02  0.43414871E+00
0.25833333E+00  0.12184448E+02  -.36303347E+00  0.71224961E+02  0.53501795E+00
0.26250000E+00  0.12187719E+02  -.49938403E+00  0.71255971E+02  0.72437580E+00
0.26666667E+00  0.12196278E+02  -.63517998E+00  0.71292051E+02  0.10218665E+01
0.27083333E+00  0.12211906E+02  -.77111712E+00  0.71323035E+02  0.14294451E+01
0.27500000E+00  0.12235965E+02  -.90798525E+00  0.71340891E+02  0.19404051E+01
0.27916667E+00  0.12269529E+02  -.10465860E+01  0.71339857E+02  0.25413939E+01
0.28333333E+00  0.12313366E+02  -.11876531E+01  0.71316291E+02  0.32180563E+01
0.28750000E+00  0.12368009E+02  -.13318285E+01  0.71268222E+02  0.39548354E+01
0.29166667E+00  0.12433777E+02  -.14796339E+01  0.71195048E+02  0.47379967E+01
0.29583333E+00  0.12510823E+02  -.16314682E+01  0.71097120E+02  0.55546261E+01
0.30000000E+00  0.12599156E+02  -.17876035E+01  0.70975511E+02  0.63942684E+01
0.30416667E+00  0.12698676E+02  -.19481928E+01  0.70831725E+02  0.72477921E+01
0.30833333E+00  0.12809187E+02  -.21132771E+01  0.70667551E+02  0.81082676E+01
0.31250000E+00  0.12930417E+02  -.22827965E+01  0.70484887E+02  0.89699523E+01
0.31666667E+00  0.13062030E+02  -.24566010E+01  0.70285667E+02  0.98287566E+01
0.32083333E+00  0.13203636E+02  -.26344630E+01  0.70071765E+02  0.10681434E+02
0.32500000E+00  0.13354796E+02  -.28160877E+01  0.69844972E+02  0.11525837E+02
0.32916667E+00  0.13515034E+02  -.30011244E+01  0.69606956E+02  0.12360319E+02
0.33333333E+00  0.13683834E+02  -.31891760E+01  0.69359261E+02  0.13183889E+02
0.33750000E+00  0.13860653E+02  -.33798088E+01  0.69103309E+02  0.13995807E+02
0.34166667E+00  0.14044918E+02  -.35725602E+01  0.68840408E+02  0.14795674E+02
0.34583333E+00  0.14236034E+02  -.37669462E+01  0.68571791E+02  0.15583198E+02
0.35000000E+00  0.14433389E+02  -.39624680E+01  0.68298287E+02  0.16358248E+02
0.35416667E+00  0.14636354E+02  -.41586181E+01  0.68020920E+02  0.17120674E+02
0.35833333E+00  0.14844290E+02  -.43548849E+01  0.67740717E+02  0.17870424E+02
0.36250000E+00  0.15056551E+02  -.45507576E+01  0.67458542E+02  0.18607410E+02
0.36666667E+00  0.15272488E+02  -.47457304E+01  0.67175166E+02  0.19331562E+02
0.37083333E+00  0.15491453E+02  -.49393054E+01  0.66891315E+02  0.20042777E+02
0.37500000E+00  0.15712805E+02  -.51309960E+01  0.66607676E+02  0.20740951E+02
0.37916667E+00  0.15935909E+02  -.53203299E+01  0.66324902E+02  0.21425952E+02
0.38333333E+00  0.16160144E+02  -.55068507E+01  0.66043615E+02  0.22097640E+02
0.38750000E+00  0.16384904E+02  -.56901205E+01  0.65764411E+02  0.22755855E+02
0.39166667E+00  0.16609603E+02  -.58697211E+01  0.65487866E+02  0.23400430E+02
0.39583333E+00  0.16833674E+02  -.60452557E+01  0.65214537E+02  0.24031182E+02
0.40000000E+00  0.17056574E+02  -.62163503E+01  0.64944966E+02  0.24647925E+02
0.40416667E+00  0.17277786E+02  -.63826537E+01  0.64679680E+02  0.25250464E+02
0.40833333E+00  0.17496821E+02  -.65438394E+01  0.64419198E+02  0.25838600E+02
0.41250000E+00  0.17713218E+02  -.66996048E+01  0.64164024E+02  0.26412133E+02
0.41666667E+00  0.17926546E+02  -.68496723E+01  0.63914654E+02  0.26970861E+02
0.42083333E+00  0.18136402E+02  -.69937890E+01  0.63671572E+02  0.27514581E+02
0.42500000E+00  0.18342418E+02  -.71317267E+01  0.63435253E+02  0.28043093E+02
0.42916667E+00  0.18544255E+02  -.72632813E+01  0.63206159E+02  0.28556198E+02
0.43333333E+00  0.18741605E+02  -.73882728E+01  0.62984740E+02  0.29053702E+02
0.43750000E+00  0.18934190E+02  -.75065442E+01  0.62771432E+02  0.29535412E+02
0.44166667E+00  0.19121766E+02  -.76179613E+01  0.62566657E+02  0.30001142E+02
0.44583333E+00  0.19304114E+02  -.77224115E+01  0.62370817E+02  0.30450707E+02
0.45000000E+00  0.19481046E+02  -.78198028E+01  0.62184296E+02  0.30883927E+02
0.45416667E+00  0.19652404E+02  -.79100633E+01  0.62007458E+02  0.31300623E+02
0.45833333E+00  0.19818054E+02  -.79931395E+01  0.61840644E+02  0.31700617E+02
0.46250000E+00  0.19977890E+02  -.80689958E+01  0.61684169E+02  0.32083731E+02
0.46666667E+00  0.20131829E+02  -.81376129E+01  0.61538322E+02  0.32449786E+02
0.47083333E+00  0.20279812E+02  -.81989868E+01  0.61403364E+02  0.32798596E+02
0.47500000E+00  0.20421805E+02  -.82531275E+01  0.61279528E+02  0.33129971E+02
0.47916667E+00  0.20557790E+02  -.83000581E+01  0.61167011E+02  0.33443708E+02
0.48333333E+00  0.20687774E+02  -.83398132E+01  0.61065984E+02  0.33739593E+02
0.48750000E+00  0.20811780E+02  -.83724382E+01  0.60976581E+02  0.34017398E+02
0.49166667E+00  0.20929848E+02  -.83979878E+01  0.60898904E+02  0.34276876E+02
0.49583333E+00  0.21042035E+02  -.84165252E+01  0.60833018E+02  0.34517759E+02
0.50000000E+00  0.21148414E+02  -.84281207E+01  0.60778958E+02  0.34739758E+02
0.50416667E+00  0.21249069E+02  -.84328511E+01  0.60736720E+02  0.34942556E+02
0.50833333E+00  0.21344099E+02  -.84307988E+01  0.60706268E+02  0.35125813E+02
0.51250000E+00  0.21433615E+02  -.84220503E+01  0.60687532E+02  0.35289158E+02
0.51666667E+00  0.21517737E+02  -.84066963E+01  0.60680407E+02  0.35432195E+02
0.52083333E+00  0.21596596E+02  -.83848301E+01  0.60684756E+02  0.35554498E+02
0.52500000E+00  0.21670332E+02  -.83565476E+01  0.60700412E+02  0.35655613E+02
0.52916667E+00  0.21739091E+02  -.83219463E+01  0.60727173E+02  0.35735061E+02
0.53333333E+00  0.21803030E+02  -.82811249E+01  0.60764810E+02  0.35792336E+02
0.53750000E+00  0.21862307E+02  -.82341829E+01  0.60813063E+02  0.35826911E+02
0.54166667E+00  0.21917091E+02  -.81812200E+01  0.60871645E+02  0.35838240E+02
0.54583333E+00  0.21967551E+02  -.81223362E+01  0.60940243E+02  0.35825759E+02
0.55000000E+00  0.22013864E+02  -.80576310E+01  0.61018518E+02  0.35788891E+02
0.55416667E+00  0.22056207E+02  -.79872035E+01  0.61106105E+02  0.35727048E+02
0.55833333E+00  0.22094763E+02  -.79111523E+01  0.61202618E+02  0.35639637E+02
0.56250000E+00  0.22129716E+02  -.78295752E+01  0.61307649E+02  0.35526059E+02
0.56666667E+00  0.22161249E+02  -.77425692E+01  0.61420767E+02  0.35385710E+02
0.57083333E+00  0.22189550E+02  -.76502307E+01  0.61541525E+02  0.35217990E+02
0.57500000E+00  0.22214805E+02  -.75526554E+01  0.61669457E+02  0.35022295E+02
0.57916667E+00  0.22237200E+02  -.74499383E+01  0.61804085E+02  0.34798026E+02
0.58333333E+00  0.22256921E+02  -.73421743E+01  0.61944917E+02  0.34544590E+02
0.58750000E+00  0.22274154E+02  -.72294579E+01  0.62091452E+02  0.34261406E+02
0.59166667E+00  0.22289080E+02  -.71118835E+01  0.62243186E+02  0.33947909E+02
0.59583333E+00  0.22301882E+02  -.69895456E+01  0.62399609E+02  0.33603568E+02
0.60000000E+00  0.22312737E+02  -.68625389E+01  0.62560213E+02  0.33227887E+02
0.60416667E+00  0.22321822E+02  -.67309588E+01  0.62724490E+02  0.32820423E+02
0.60833333E+00  0.22329310E+02  -.65949010E+01  0.62891937E+02  0.32380797E+02
0.61250000E+00  0.22335370E+02  -.64544616E+01  0.63062051E+02  0.31908710E+02
0.61666667E+00  0.22340172E+02  -.63097372E+01  0.63234335E+02  0.31403932E+02
0.62083333E+00  0.22343883E+02  -.61608241E+01  0.63408307E+02  0.30866314E+02
0.62500000E+00  0.22346678E+02  -.60078192E+01  0.63583488E+02  0.30295841E+02
0.62916667E+00  0.22348748E+02  -.58508261E+01  0.63759392E+02  0.29692582E+02
0.63333333E+00  0.22350303E+02  -.56899667E+01  0.63935543E+02  0.29056655E+02
0.63750000E+00  0.22351543E+02  -.55253993E+01  0.64111457E+02  0.28388325E+02
0.64166667E+00  0.22352590E+02  -.53573285E+01  0.64286626E+02  0.27687945E+02
0.64583333E+00  0.22353444E+02  -.51859365E+01  0.64460555E+02  0.26955920E+02
0.65000000E+00  0.22354126E+02  -.50113751E+01  0.64632802E+02  0.26192788E+02
0.65416667E+00  0.22354675E+02  -.48338085E+01  0.64802932E+02  0.25399134E+02
0.65833333E+00  0.22355118E+02  -.46534018E+01  0.64970504E+02  0.24575660E+02
0.66250000E+00  0.22355469E+02  -.44703180E+01  0.65135066E+02  0.23723111E+02
0.66666667E+00  0.22355752E+02  -.42847034E+01  0.65296177E+02  0.22842323E+02
0.67083333E+00  0.22356000E+02  -.40967050E+01  0.65453403E+02  0.21934191E+02
0.67500000E+00  0.22356236E+02  -.39064676E+01  0.65606320E+02  0.20999676E+02
0.67916667E+00  0.22356473E+02  -.37141368E+01  0.65754516E+02  0.20039798E+02
0.68333333E+00  0.22356723E+02  -.35198653E+01  0.65897591E+02  0.19055633E+02
0.68750000E+00  0.22357005E+02  -.33237781E+01  0.66035158E+02  0.18048311E+02
0.69166667E+00  0.22357341E+02  -.31260059E+01  0.66166847E+02  0.17019008E+02
0.69583333E+00  0.22357743E+02  -.29266836E+01  0.66292301E+02  0.15968948E+02
0.70000000E+00  0.22358225E+02  -.27259440E+01  0.66411184E+02  0.14899396E+02
0.70416667E+00  0.22358796E+02  -.25239123E+01  0.66523177E+02  0.13811656E+02
0.70833333E+00  0.22359465E+02  -.23207103E+01  0.66627980E+02  0.12707069E+02
0.71250000E+00  0.22360239E+02  -.21164590E+01  0.66725317E+02  0.11587008E+02
0.71666667E+00  0.22361125E+02  -.19112725E+01  0.66814932E+02  0.10452876E+02
0.72083333E+00  0.22362127E+02  -.17052637E+01  0.66896594E+02  0.93061064E+01
0.72500000E+00  0.22363248E+02  -.14985433E+01  0.66970095E+02  0.81481547E+01
0.72916667E+00  0.22364490E+02  -.12912207E+01  0.67035251E+02  0.69805011E+01
0.73333333E+00  0.22365849E+02  -.10834030E+01  0.67091906E+02  0.58046455E+01
0.73750000E+00  0.22367323E+02  -.87519488E+00  0.67139928E+02  0.46221058E+01
0.74166667E+00  0.22368906E+02  -.66669844E+00  0.67179212E+02  0.34344149E+01
0.74583333E+00  0.22370587E+02  -.45801345E+00  0.67209679E+02  0.22431175E+01
0.75000000E+00  0.22372354E+02  -.24923636E+00  0.67231278E+02  0.10497677E+01
0.75416667E+00  0.22374170E+02  -.40448476E-01  0.67243983E+02  -.14407539E+00
0.75833333E+00  0.22376008E+02  0.16830002E+00  0.67247795E+02  -.13368506E+01
0.76250000E+00  0.22377901E+02  0.37694918E+00  0.67242742E+02  -.25269989E+01
0.76666667E+00  0.22379868E+02  0.58540952E+00  0.67228876E+02  -.37129670E+01
0.77083333E+00  0.22381924E+02  0.79358664E+00  0.67206278E+02  -.48932112E+01
0.77500000E+00  0.22384076E+02  0.10013781E+01  0.67175054E+02  -.60662010E+01
0.77916667E+00  0.22386327E+02  0.12086782E+01  0.67135336E+02  -.72304219E+01
0.78333333E+00  0.22388677E+02  0.14153801E+01  0.67087281E+02  -.83843791E+01
0.78750000E+00  0.22391125E+02  0.16213742E+01  0.67031072E+02  -.95266000E+01
0.79166667E+00  0.22393669E+02  0.18265451E+01  0.66966914E+02  -.10655637E+02
0.79583333E+00  0.22396301E+02  0.20307739E+01  0.66895039E+02  -.11770069E+02
0.80000000E+00  0.22399016E+02  0.22339397E+01  0.66815699E+02  -.12868507E+02
0.80416667E+00  0.22401803E+02  0.24359174E+01  0.66729171E+02  -.13949594E+02
0.80833333E+00  0.22404652E+02  0.26365782E+01  0.66635750E+02  -.15012009E+02
0.81250000E+00  0.22407548E+02  0.28357928E+01  0.66535752E+02  -.16054467E+02
0.81666667E+00  0.22410474E+02  0.30334328E+01  0.66429511E+02  -.17075729E+02
0.82083333E+00  0.22413413E+02  0.32293620E+01  0.66317380E+02  -.18074596E+02
0.82500000E+00  0.22416351E+02  0.34234346E+01  0.66199727E+02  -.19049920E+02
0.82916667E+00  0.22419272E+02  0.36155103E+01  0.66076932E+02  -.20000602E+02
0.83333333E+00  0.22422155E+02  0.38054430E+01  0.65949394E+02  -.20925600E+02
0.83750000E+00  0.22424970E+02  0.39930828E+01  0.65817519E+02  -.21823926E+02
0.84166667E+00  0.22427689E+02  0.41782884E+01  0.65681728E+02  -.22694662E+02
0.84583333E+00  0.22430291E+02  0.43609016E+01  0.65542450E+02  -.23536943E+02
0.85000000E+00  0.22432756E+02  0.45407593E+01  0.65400122E+02  -.24349994E+02
0.85416667E+00  0.22435051E+02  0.47176964E+01  0.65255174E+02  -.25133082E+02
0.85833333E+00  0.22437137E+02  0.48915528E+01  0.65108026E+02  -.25885590E+02
0.86250000E+00  0.22439001E+02  0.50621726E+01  0.64959112E+02  -.26606941E+02
0.86666667E+00  0.22440620E+02  0.52293666E+01  0.64808920E+02  -.27296697E+02
0.87083333E+00  0.22441874E+02  0.53929386E+01  0.64657955E+02  -.27954459E+02
0.87500000E+00  0.22442579E+02  0.55527345E+01  0.64506693E+02  -.28579923E+02
0.87916667E+00  0.22442544E+02  0.57086290E+01  0.64355604E+02  -.29172921E+02
0.88333333E+00  0.22441591E+02  0.58605125E+01  0.64205165E+02  -.29733330E+02
0.88750000E+00  0.22439551E+02  0.60082823E+01  0.64055848E+02  -.30261113E+02
0.89166667E+00  0.22436262E+02  0.61518363E+01  0.63908132E+02  -.30756360E+02
0.89583333E+00  0.22431560E+02  0.62910737E+01  0.63762509E+02  -.31219236E+02
0.90000000E+00  0.22425278E+02  0.64258940E+01  0.63619475E+02  -.31649973E+02
0.90416667E+00  0.22417247E+02  0.65561981E+01  0.63479527E+02  -.32048879E+02
0.90833333E+00  0.22407291E+02  0.66818875E+01  0.63343166E+02  -.32416322E+02
0.91250000E+00  0.22395234E+02  0.68028649E+01  0.63210890E+02  -.32752723E+02
0.91666667E+00  0.22380896E+02  0.69190336E+01  0.63083200E+02  -.33058540E+02
0.92083333E+00  0.22364094E+02  0.70302975E+01  0.62960588E+02  -.33334272E+02
0.92500000E+00  0.22344643E+02  0.71365609E+01  0.62843541E+02  -.33580431E+02
0.92916667E+00  0.22322356E+02  0.72377280E+01  0.62732539E+02  -.33797565E+02
0.93333333E+00  0.22297044E+02  0.73337032E+01  0.62628045E+02  -.33986216E+02
0.93750000E+00  0.22268520E+02  0.74243908E+01  0.62530513E+02  -.34146968E+02
0.94166667E+00  0.22236594E+02  0.75096947E+01  0.62440374E+02  -.34280374E+02
0.94583333E+00  0.22201078E+02  0.75895183E+01  0.62358049E+02  -.34387055E+02
0.95000000E+00  0.22161785E+02  0.76637648E+01  0.62283930E+02  -.34467547E+02
0.95416667E+00  0.22118528E+02  0.77323367E+01  0.62218400E+02  -.34522525E+02
0.95833333E+00  0.22071124E+02  0.77951361E+01  0.62161801E+02  -.34552460E+02
0.96250000E+00  0.22019392E+02  0.78520650E+01  0.62114481E+02  -.34558121E+02
0.96666667E+00  0.21963154E+02  0.79030250E+01  0.62076717E+02  -.34539810E+02
0.97083333E+00  0.21902238E+02  0.79479179E+01  0.62048836E+02  -.34498527E+02
0.97500000E+00  0.21836475E+02  0.79866459E+01  0.62031004E+02  -.34434109E+02
0.97916667E+00  0.21765704E+02  0.80191119E+01  0.62023609E+02  -.34348356E+02
0.98333333E+00  0.21689769E+02  0.80452198E+01  0.62026491E+02  -.34239241E+02
0.98750000E+00  0.21608521E+02  0.80648750E+01  0.62040653E+02  -.34113130E+02
0.99166667E+00  0.21521822E+02  0.80779851E+01  0.62063930E+02  -.33954735E+02
0.99583333E+00  0.21429540E+02  0.80844604E+01  0.62103137E+02  -.33811467E+02
0.10000000E+01  0.21331556E+02  0.80842145E+01  0.62138588E+02  -.33533760E+02
