0.00000000E+00  0.28486909E+02  0.37833843E+01  0.80018136E+02  -.54120533E+01
0.41666667E-02  0.27134075E+02  0.36181879E+01  0.79053468E+02  -.54373744E+01
0.83333333E-02  0.25821103E+02  0.34542151E+01  0.78081195E+02  -.53504897E+01
0.12500000E-01  0.24548873E+02  0.32920176E+01  0.77103724E+02  -.52881504E+01
0.16666667E-01  0.23318091E+02  0.31321116E+01  0.76122527E+02  -.52134112E+01
0.20833333E-01  0.22129296E+02  0.29749660E+01  0.75138033E+02  -.51364879E+01
0.25000000E-01  0.20982860E+02  0.28210105E+01  0.74151256E+02  -.50550319E+01
0.29166667E-01  0.19878995E+02  0.26706272E+01  0.73163003E+02  -.49698334E+01
0.33333333E-01  0.18817761E+02  0.25241574E+01  0.72174156E+02  -.48810862E+01
0.37500000E-01  0.17799072E+02  0.23818965E+01  0.71185594E+02  -.47889361E+01
0.41666667E-01  0.16822701E+02  0.22440988E+01  0.70198198E+02  -.46937203E+01
0.45833333E-01  0.15888292E+02  0.21109753E+01  0.69212862E+02  -.45955820E+01
0.50000000E-01  0.14995365E+02  0.19826979E+01  0.68230459E+02  -.44948336E+01
0.54166667E-01  0.14143326E+02  0.18593984E+01  0.67251876E+02  -.43916476E+01
0.58333333E-01  0.13331477E+02  0.17411724E+01  0.66278065E+02  -.42863090E+01
0.62500000E-01  0.12559026E+02  0.16280795E+01  0.65309916E+02  -.41790070E+01
0.66666667E-01  0.11825094E+02  0.15201471E+01  0.64348321E+02  -.40700040E+01
0.70833333E-01  0.11128727E+02  0.14173715E+01  0.63394181E+02  -.39594980E+01
0.75000000E-01  0.10468903E+02  0.13197211E+01  0.62448389E+02  -.38477307E+01
0.79166667E-01  0.98445445E+01  0.12271380E+01  0.61511836E+02  -.37349003E+01
0.83333333E-01  0.92545261E+01  0.11395416E+01  0.60585403E+02  -.36212296E+01
0.87500000E-01  0.86976831E+01  0.10568301E+01  0.59669967E+02  -.35069105E+01
0.91666667E-01  0.81728209E+01  0.97888380E+00  0.58766396E+02  -.33921468E+01
0.95833333E-01  0.76787236E+01  0.90556687E+00  0.57875547E+02  -.32771192E+01
0.10000000E+00  0.72141612E+01  0.83673018E+00  0.56998268E+02  -.31620116E+01
0.10416667E+00  0.67778976E+01  0.77221340E+00  0.56135393E+02  -.30469892E+01
0.10833333E+00  0.63686976E+01  0.71184721E+00  0.55287746E+02  -.29322150E+01
0.11250000E+00  0.59853334E+01  0.65545533E+00  0.54456139E+02  -.28178352E+01
0.11666667E+00  0.56265904E+01  0.60285645E+00  0.53641370E+02  -.27039905E+01
0.12083333E+00  0.52912728E+01  0.55386596E+00  0.52844222E+02  -.25908053E+01
0.12500000E+00  0.49782090E+01  0.50829761E+00  0.52065470E+02  -.24783964E+01
0.12916667E+00  0.46862552E+01  0.46596487E+00  0.51305872E+02  -.23668635E+01
0.13333333E+00  0.44143000E+01  0.42668235E+00  0.50566177E+02  -.22562986E+01
0.13750000E+00  0.41612678E+01  0.39026680E+00  0.49847123E+02  -.21467744E+01
0.14166667E+00  0.39261214E+01  0.35653820E+00  0.49149439E+02  -.20383569E+01
0.14583333E+00  0.37078647E+01  0.32532051E+00  0.48473845E+02  -.19310889E+01
0.15000000E+00  0.35055450E+01  0.29644243E+00  0.47821058E+02  -.18250110E+01
0.15416667E+00  0.33182545E+01  0.26973792E+00  0.47191790E+02  -.17201326E+01
0.15833333E+00  0.31451316E+01  0.24504669E+00  0.46586754E+02  -.16164705E+01
0.16250000E+00  0.29853618E+01  0.22221448E+00  0.46006659E+02  -.15139965E+01
0.16666667E+00  0.28381788E+01  0.20109350E+00  0.45452224E+02  -.14127093E+01
0.17083333E+00  0.27028640E+01  0.18154239E+00  0.44924165E+02  -.13125359E+01
0.17500000E+00  0.25787474E+01  0.16342677E+00  0.44423207E+02  -.12134695E+01
0.17916667E+00  0.24652063E+01  0.14661901E+00  0.43950067E+02  -.11153815E+01
0.18333333E+00  0.23616653E+01  0.13099901E+00  0.43505473E+02  -.10182854E+01
0.18750000E+00  0.22675944E+01  0.11645383E+00  0.43090114E+02  -.92197733E+00
0.19166667E+00  0.21825076E+01  0.10287915E+00  0.42704684E+02  -.82654142E+00
0.19583333E+00  0.21059599E+01  0.90178528E-01  0.42349781E+02  -.73166067E+00
0.20000000E+00  0.20375443E+01  0.78266142E-01  0.42025983E+02  -.63758410E+00
0.20416667E+00  0.19768866E+01  0.67065478E-01  0.41733669E+02  -.54380637E+00
0.20833333E+00  0.19236403E+01  0.56514109E-01  0.41473161E+02  -.45090507E+00
0.21250000E+00  0.18774778E+01  0.46561351E-01  0.41244399E+02  -.35801381E+00
0.21666667E+00  0.18380822E+01  0.37175929E-01  0.41047224E+02  -.26630896E+00
0.22083333E+00  0.18051351E+01  0.28339301E-01  0.40880807E+02  -.17436410E+00
0.22500000E+00  0.17783034E+01  0.20053214E-01  0.40744311E+02  -.84857919E-01
0.22916667E+00  0.17572166E+01  0.12333369E-01  0.40636178E+02  0.47816321E-02
0.23333333E+00  0.17414334E+01  0.52625626E-02  0.40555275E+02  0.93093511E-01
0.23750000E+00  0.17304473E+01  -.96958235E-03  0.40497299E+02  0.19356631E+00
0.24166667E+00  0.17236861E+01  -.61252083E-02  0.40453476E+02  0.30024837E+00
0.24583333E+00  0.17206479E+01  -.10539987E-01  0.40411251E+02  0.37880499E+00
0.25000000E+00  0.17200758E+01  -.14950624E-01  0.40387661E+02  0.33995104E+00
0.25416667E+00  0.17205266E+01  -.19370010E-01  0.40408334E+02  0.30166820E+00
0.25833333E+00  0.17233963E+01  -.23825736E-01  0.40447575E+02  0.38083886E+00
0.26250000E+00  0.17299558E+01  -.29069619E-01  0.40488447E+02  0.48869658E+00
0.26666667E+00  0.17407048E+01  -.35461733E-01  0.40543468E+02  0.59067174E+00
0.27083333E+00  0.17562194E+01  -.42782622E-01  0.40621402E+02  0.68115401E+00
0.27500000E+00  0.17770104E+01  -.50847667E-01  0.40726535E+02  0.77326271E+00
0.27916667E+00  0.18035226E+01  -.59579705E-01  0.40860021E+02  0.86580795E+00
0.28333333E+00  0.18361275E+01  -.68968032E-01  0.41023396E+02  0.96116950E+00
0.28750000E+00  0.18751585E+01  -.79016546E-01  0.41217505E+02  0.10568013E+01
0.29166667E+00  0.19209333E+01  -.89748568E-01  0.41443163E+02  0.11540286E+01
0.29583333E+00  0.19737674E+01  -.10120047E+00  0.41700535E+02  0.12517410E+01
0.30000000E+00  0.20339864E+01  -.11342795E+00  0.41989668E+02  0.13507536E+01
0.30416667E+00  0.21019343E+01  -.12649902E+00  0.42310242E+02  0.14505184E+01
0.30833333E+00  0.21779824E+01  -.14049615E+00  0.42661872E+02  0.15515137E+01
0.31250000E+00  0.22625341E+01  -.15551179E+00  0.43043978E+02  0.16535022E+01
0.31666667E+00  0.23560306E+01  -.17164959E+00  0.43455958E+02  0.17567853E+01
0.32083333E+00  0.24589538E+01  -.18902187E+00  0.43897118E+02  0.18612816E+01
0.32500000E+00  0.25718293E+01  -.20775028E+00  0.44366763E+02  0.19671848E+01
0.32916667E+00  0.26952277E+01  -.22796439E+00  0.44864167E+02  0.20744795E+01
0.33333333E+00  0.28297667E+01  -.24980212E+00  0.45388611E+02  0.21832863E+01
0.33750000E+00  0.29761111E+01  -.27340896E+00  0.45939368E+02  0.22936077E+01
0.34166667E+00  0.31349737E+01  -.29893817E+00  0.46515722E+02  0.24055094E+01
0.34583333E+00  0.33071153E+01  -.32655027E+00  0.47116956E+02  0.25189870E+01
0.35000000E+00  0.34933443E+01  -.35641306E+00  0.47742360E+02  0.26340616E+01
0.35416667E+00  0.36945161E+01  -.38870117E+00  0.48391223E+02  0.27507098E+01
0.35833333E+00  0.39115319E+01  -.42359578E+00  0.49062833E+02  0.28689147E+01
0.36250000E+00  0.41453381E+01  -.46128409E+00  0.49756477E+02  0.29886287E+01
0.36666667E+00  0.43969239E+01  -.50195882E+00  0.50471436E+02  0.31098008E+01
0.37083333E+00  0.46673195E+01  -.54581738E+00  0.51206983E+02  0.32323577E+01
0.37500000E+00  0.49575937E+01  -.59306107E+00  0.51962385E+02  0.33562180E+01
0.37916667E+00  0.52688510E+01  -.64389404E+00  0.52736896E+02  0.34812823E+01
0.38333333E+00  0.56022281E+01  -.69852211E+00  0.53529760E+02  0.36074412E+01
0.38750000E+00  0.59588897E+01  -.75715143E+00  0.54340211E+02  0.37345704E+01
0.39166667E+00  0.63400249E+01  -.81998693E+00  0.55167467E+02  0.38625351E+01
0.39583333E+00  0.67468417E+01  -.88723070E+00  0.56010736E+02  0.39911876E+01
0.40000000E+00  0.71805616E+01  -.95908009E+00  0.56869212E+02  0.41203698E+01
0.40416667E+00  0.76424141E+01  -.10357257E+01  0.57742078E+02  0.42499123E+01
0.40833333E+00  0.81336295E+01  -.11173495E+01  0.58628504E+02  0.43796364E+01
0.41250000E+00  0.86554329E+01  -.12041219E+01  0.59527650E+02  0.45093534E+01
0.41666667E+00  0.92090361E+01  -.12962001E+01  0.60438666E+02  0.46388660E+01
0.42083333E+00  0.97956298E+01  -.13937254E+01  0.61360690E+02  0.47679688E+01
0.42500000E+00  0.10416376E+02  -.14968200E+01  0.62292855E+02  0.48964488E+01
0.42916667E+00  0.11072398E+02  -.16055854E+01  0.63234285E+02  0.50240863E+01
0.43333333E+00  0.11764773E+02  -.17200989E+01  0.64184098E+02  0.51506555E+01
0.43750000E+00  0.12494523E+02  -.18404113E+01  0.65141407E+02  0.52759254E+01
0.44166667E+00  0.13262602E+02  -.19665443E+01  0.66105324E+02  0.53996601E+01
0.44583333E+00  0.14069894E+02  -.20984879E+01  0.67074955E+02  0.55216203E+01
0.45000000E+00  0.14917193E+02  -.22361977E+01  0.68049415E+02  0.56415630E+01
0.45416667E+00  0.15805204E+02  -.23795930E+01  0.69027819E+02  0.57592441E+01
0.45833333E+00  0.16734526E+02  -.25285543E+01  0.70009234E+02  0.58744171E+01
0.46250000E+00  0.17705648E+02  -.26829215E+01  0.70992784E+02  0.59868344E+01
0.46666667E+00  0.18718936E+02  -.28424919E+01  0.71977603E+02  0.60962495E+01
0.47083333E+00  0.19774628E+02  -.30070191E+01  0.72962816E+02  0.62024160E+01
0.47500000E+00  0.20872824E+02  -.31762116E+01  0.73947554E+02  0.63050897E+01
0.47916667E+00  0.22013479E+02  -.33497321E+01  0.74930956E+02  0.64040281E+01
0.48333333E+00  0.23196396E+02  -.35271968E+01  0.75912169E+02  0.64989923E+01
0.48750000E+00  0.24421220E+02  -.37081753E+01  0.76890354E+02  0.65897470E+01
0.49166667E+00  0.25687433E+02  -.38921912E+01  0.77864679E+02  0.66760614E+01
0.49583333E+00  0.26994349E+02  -.40787224E+01  0.78834328E+02  0.67577098E+01
0.50000000E+00  0.28341110E+02  -.42672025E+01  0.79798496E+02  0.68344728E+01
0.50416667E+00  0.29726685E+02  -.44570219E+01  0.80756395E+02  0.69061368E+01
0.50833333E+00  0.31149867E+02  -.46475304E+01  0.81707250E+02  0.69724961E+01
0.51250000E+00  0.32609270E+02  -.48380392E+01  0.82650301E+02  0.70333518E+01
0.51666667E+00  0.34103335E+02  -.50278236E+01  0.83584808E+02  0.70885141E+01
0.52083333E+00  0.35630327E+02  -.52161268E+01  0.84510046E+02  0.71378013E+01
0.52500000E+00  0.37188338E+02  -.54021630E+01  0.85425306E+02  0.71810416E+01
0.52916667E+00  0.38775294E+02  -.55851218E+01  0.86329900E+02  0.72180724E+01
0.53333333E+00  0.40388955E+02  -.57641725E+01  0.87223158E+02  0.72487420E+01
0.53750000E+00  0.42026924E+02  -.59384688E+01  0.88104430E+02  0.72729084E+01
0.54166667E+00  0.43686654E+02  -.61071538E+01  0.88973083E+02  0.72904420E+01
0.54583333E+00  0.45365455E+02  -.62693656E+01  0.89828507E+02  0.73012228E+01
0.55000000E+00  0.47060503E+02  -.64242425E+01  0.90670111E+02  0.73051449E+01
0.55416667E+00  0.48768851E+02  -.65709291E+01  0.91497325E+02  0.73021116E+01
0.55833333E+00  0.50487438E+02  -.67085820E+01  0.92309601E+02  0.72920418E+01
0.56250000E+00  0.52213104E+02  -.68363757E+01  0.93106411E+02  0.72748636E+01
0.56666667E+00  0.53942600E+02  -.69535091E+01  0.93887249E+02  0.72505218E+01
0.57083333E+00  0.55672602E+02  -.70592114E+01  0.94651631E+02  0.72189697E+01
0.57500000E+00  0.57399725E+02  -.71527481E+01  0.95399095E+02  0.71801794E+01
0.57916667E+00  0.59120539E+02  -.72334271E+01  0.96129204E+02  0.71341298E+01
0.58333333E+00  0.60831584E+02  -.73006048E+01  0.96841540E+02  0.70808211E+01
0.58750000E+00  0.62529383E+02  -.73536915E+01  0.97535711E+02  0.70202584E+01
0.59166667E+00  0.64210463E+02  -.73921573E+01  0.98211348E+02  0.69524706E+01
0.59583333E+00  0.65871368E+02  -.74155368E+01  0.98868106E+02  0.68774890E+01
0.60000000E+00  0.67508677E+02  -.74234346E+01  0.99505663E+02  0.67953724E+01
0.60416667E+00  0.69119020E+02  -.74155297E+01  0.10012373E+03  0.67061778E+01
0.60833333E+00  0.70699097E+02  -.73915798E+01  0.10072202E+03  0.66099944E+01
0.61250000E+00  0.72245692E+02  -.73514250E+01  0.10130031E+03  0.65069043E+01
0.61666667E+00  0.73755694E+02  -.72949915E+01  0.10185837E+03  0.63970277E+01
0.62083333E+00  0.75226111E+02  -.72222945E+01  0.10239602E+03  0.62804708E+01
0.62500000E+00  0.76654088E+02  -.71334403E+01  0.10291310E+03  0.61573854E+01
0.62916667E+00  0.78036921E+02  -.70286281E+01  0.10340946E+03  0.60279001E+01
0.63333333E+00  0.79372078E+02  -.69081515E+01  0.10388502E+03  0.58921992E+01
0.63750000E+00  0.80657207E+02  -.67723987E+01  0.10433971E+03  0.57504315E+01
0.64166667E+00  0.81890159E+02  -.66218532E+01  0.10477348E+03  0.56028145E+01
0.64583333E+00  0.83068995E+02  -.64570922E+01  0.10518634E+03  0.54495156E+01
0.65000000E+00  0.84192004E+02  -.62787859E+01  0.10557833E+03  0.52907888E+01
0.65416667E+00  0.85257714E+02  -.60876949E+01  0.10594950E+03  0.51268211E+01
0.65833333E+00  0.86264904E+02  -.58846673E+01  0.10629998E+03  0.49579108E+01
0.66250000E+00  0.87212614E+02  -.56706340E+01  0.10662991E+03  0.47842692E+01
0.66666667E+00  0.88100161E+02  -.54466049E+01  0.10693949E+03  0.46062491E+01
0.67083333E+00  0.88927140E+02  -.52136621E+01  0.10722894E+03  0.44240843E+01
0.67500000E+00  0.89693442E+02  -.49729560E+01  0.10749851E+03  0.42381732E+01
0.67916667E+00  0.90399263E+02  -.47256995E+01  0.10774851E+03  0.40487256E+01
0.68333333E+00  0.91045108E+02  -.44731685E+01  0.10797925E+03  0.38560997E+01
0.68750000E+00  0.91631807E+02  -.42167046E+01  0.10819110E+03  0.36603180E+01
0.69166667E+00  0.92160513E+02  -.39577276E+01  0.10838444E+03  0.34614703E+01
0.69583333E+00  0.92632701E+02  -.36977529E+01  0.10855974E+03  0.32590903E+01
0.70000000E+00  0.93050157E+02  -.34384176E+01  0.10871761E+03  0.30527172E+01
0.70416667E+00  0.93414948E+02  -.31814991E+01  0.10885884E+03  0.28412381E+01
0.70833333E+00  0.93729372E+02  -.29289161E+01  0.10898453E+03  0.26238715E+01
0.71250000E+00  0.93995905E+02  -.26826790E+01  0.10909622E+03  0.23997349E+01
0.71666667E+00  0.94217141E+02  -.24447568E+01  0.10919587E+03  0.21696294E+01
0.72083333E+00  0.94395765E+02  -.22168304E+01  0.10928591E+03  0.19359640E+01
0.72500000E+00  0.94534608E+02  -.19999068E+01  0.10936887E+03  0.17052824E+01
0.72916667E+00  0.94636806E+02  -.17938742E+01  0.10944693E+03  0.14875602E+01
0.73333333E+00  0.94706190E+02  -.15970557E+01  0.10952090E+03  0.12977790E+01
0.73750000E+00  0.94747670E+02  -.14062032E+01  0.10958939E+03  0.11511692E+01
0.74166667E+00  0.94767944E+02  -.12170521E+01  0.10964778E+03  0.10603018E+01
0.74583333E+00  0.94774912E+02  -.10263853E+01  0.10968913E+03  0.10230702E+01
0.75000000E+00  0.94777052E+02  -.83431380E+00  0.10970637E+03  0.10211973E+01
0.75416667E+00  0.94778396E+02  -.64225448E+00  0.10969680E+03  0.10175235E+01
0.75833333E+00  0.94775366E+02  -.45139132E+00  0.10966322E+03  0.98042442E+00
0.76250000E+00  0.94759638E+02  -.26190906E+00  0.10961257E+03  0.88675261E+00
0.76666667E+00  0.94723270E+02  -.70648154E-01  0.10955189E+03  0.73919952E+00
0.77083333E+00  0.94659520E+02  0.12679523E+00  0.10948565E+03  0.54607692E+00
0.77500000E+00  0.94563434E+02  0.33384615E+00  0.10941535E+03  0.32656457E+00
0.77916667E+00  0.94431145E+02  0.55237285E+00  0.10934003E+03  0.92014141E-01
0.78333333E+00  0.94259486E+02  0.78263137E+00  0.10925761E+03  -.14438930E+00
0.78750000E+00  0.94045591E+02  0.10237367E+01  0.10916545E+03  -.37906514E+00
0.79166667E+00  0.93786740E+02  0.12740818E+01  0.10906123E+03  -.60698992E+00
0.79583333E+00  0.93480292E+02  0.15317621E+01  0.10894288E+03  -.82973068E+00
0.80000000E+00  0.93123729E+02  0.17948024E+01  0.10880894E+03  -.10460553E+01
0.80416667E+00  0.92714696E+02  0.20613221E+01  0.10865824E+03  -.12586250E+01
0.80833333E+00  0.92251080E+02  0.23295640E+01  0.10849002E+03  -.14668625E+01
0.81250000E+00  0.91731041E+02  0.25979186E+01  0.10830363E+03  -.16727166E+01
0.81666667E+00  0.91153054E+02  0.28648827E+01  0.10809865E+03  -.18753158E+01
0.82083333E+00  0.90515912E+02  0.31290548E+01  0.10787461E+03  -.20757440E+01
0.82500000E+00  0.89818740E+02  0.33890978E+01  0.10763121E+03  -.22729260E+01
0.82916667E+00  0.89060983E+02  0.36437433E+01  0.10736807E+03  -.24674244E+01
0.83333333E+00  0.88242402E+02  0.38917724E+01  0.10708493E+03  -.26582040E+01
0.83750000E+00  0.87363062E+02  0.41320310E+01  0.10678148E+03  -.28455844E+01
0.84166667E+00  0.86423324E+02  0.43634205E+01  0.10645752E+03  -.30286869E+01
0.84583333E+00  0.85423833E+02  0.45849155E+01  0.10611284E+03  -.32077148E+01
0.85000000E+00  0.84365513E+02  0.47955587E+01  0.10574729E+03  -.33819542E+01
0.85416667E+00  0.83249548E+02  0.49944758E+01  0.10536074E+03  -.35515357E+01
0.85833333E+00  0.82077380E+02  0.51808707E+01  0.10495313E+03  -.37158812E+01
0.86250000E+00  0.80850689E+02  0.53540375E+01  0.10452440E+03  -.38750656E+01
0.86666667E+00  0.79571388E+02  0.55133555E+01  0.10407456E+03  -.40286177E+01
0.87083333E+00  0.78241603E+02  0.56582974E+01  0.10360364E+03  -.41765710E+01
0.87500000E+00  0.76863664E+02  0.57884245E+01  0.10311169E+03  -.43185404E+01
0.87916667E+00  0.75440087E+02  0.59033924E+01  0.10259882E+03  -.44545325E+01
0.88333333E+00  0.73973560E+02  0.60029459E+01  0.10206515E+03  -.45842344E+01
0.88750000E+00  0.72466927E+02  0.60869223E+01  0.10151084E+03  -.47076390E+01
0.89166667E+00  0.70923172E+02  0.61552463E+01  0.10093607E+03  -.48244948E+01
0.89583333E+00  0.69345402E+02  0.62079312E+01  0.10034105E+03  -.49347918E+01
0.90000000E+00  0.67736828E+02  0.62450735E+01  0.99726038E+02  -.50383315E+01
0.90416667E+00  0.66100753E+02  0.62668522E+01  0.99091284E+02  -.51351095E+01
0.90833333E+00  0.64440550E+02  0.62735234E+01  0.98437090E+02  -.52249732E+01
0.91250000E+00  0.62759646E+02  0.62654178E+01  0.97763772E+02  -.53079308E+01
0.91666667E+00  0.61061507E+02  0.62429353E+01  0.97071674E+02  -.53838692E+01
0.92083333E+00  0.59349617E+02  0.62065412E+01  0.96361163E+02  -.54528151E+01
0.92500000E+00  0.57627468E+02  0.61567606E+01  0.95632634E+02  -.55146891E+01
0.92916667E+00  0.55898536E+02  0.60941739E+01  0.94886502E+02  -.55695418E+01
0.93333333E+00  0.54166270E+02  0.60194104E+01  0.94123205E+02  -.56173213E+01
0.93750000E+00  0.52434075E+02  0.59331437E+01  0.93343208E+02  -.56581072E+01
0.94166667E+00  0.50705297E+02  0.58360849E+01  0.92546993E+02  -.56918686E+01
0.94583333E+00  0.48983208E+02  0.57289779E+01  0.91735072E+02  -.57187203E+01
0.95000000E+00  0.47270995E+02  0.56125919E+01  0.90907969E+02  -.57386441E+01
0.95416667E+00  0.45571744E+02  0.54877176E+01  0.90066242E+02  -.57517979E+01
0.95833333E+00  0.43888430E+02  0.53551591E+01  0.89210457E+02  -.57581649E+01
0.96250000E+00  0.42223904E+02  0.52157305E+01  0.88341216E+02  -.57579577E+01
0.96666667E+00  0.40580885E+02  0.50702474E+01  0.87459124E+02  -.57511424E+01
0.97083333E+00  0.38961948E+02  0.49195250E+01  0.86564831E+02  -.57380157E+01
0.97500000E+00  0.37369520E+02  0.47643690E+01  0.85658969E+02  -.57184533E+01
0.97916667E+00  0.35805868E+02  0.46055750E+01  0.84742265E+02  -.56930456E+01
0.98333333E+00  0.34273096E+02  0.44439188E+01  0.83815278E+02  -.56608725E+01
0.98750000E+00  0.32773139E+02  0.42801576E+01  0.82879096E+02  -.56252926E+01
0.99166667E+00  0.31307760E+02  0.41150200E+01  0.81933393E+02  -.55756886E+01
0.99583333E+00  0.29878547E+02  0.39492071E+01  0.80981763E+02  -.55504325E+01
0.10000000E+01  0.28486909E+02  0.37833843E+01  0.80018139E+02  -.54120523E+01
