0.00000000E+00  0.32023410E+02  0.10128277E+02  0.77934616E+02  -.20367232E+02
0.41666667E-02  0.31351358E+02  0.10017836E+02  0.77559860E+02  -.20359511E+02
0.83333333E-02  0.30667655E+02  0.98945414E+01  0.77171057E+02  -.20230935E+02
0.12500000E-01  0.29973186E+02  0.97587495E+01  0.76771842E+02  -.20112772E+02
0.16666667E-01  0.29268892E+02  0.96108645E+01  0.76363530E+02  -.19972782E+02
0.20833333E-01  0.28555770E+02  0.94513368E+01  0.75945221E+02  -.19818348E+02
0.25000000E-01  0.27834873E+02  0.92806625E+01  0.75517077E+02  -.19649064E+02
0.29166667E-01  0.27107304E+02  0.90993806E+01  0.75078932E+02  -.19464382E+02
0.33333333E-01  0.26374212E+02  0.89080718E+01  0.74630704E+02  -.19265675E+02
0.37500000E-01  0.25636792E+02  0.87073553E+01  0.74172380E+02  -.19052226E+02
0.41666667E-01  0.24896276E+02  0.84978870E+01  0.73703922E+02  -.18825250E+02
0.45833333E-01  0.24153931E+02  0.82803550E+01  0.73225392E+02  -.18584284E+02
0.50000000E-01  0.23411052E+02  0.80554773E+01  0.72736840E+02  -.18330343E+02
0.54166667E-01  0.22668958E+02  0.78239970E+01  0.72238418E+02  -.18063173E+02
0.58333333E-01  0.21928985E+02  0.75866795E+01  0.71730287E+02  -.17783643E+02
0.62500000E-01  0.21192478E+02  0.73443061E+01  0.71212707E+02  -.17491658E+02
0.66666667E-01  0.20460789E+02  0.70976716E+01  0.70685972E+02  -.17187979E+02
0.70833333E-01  0.19735262E+02  0.68475773E+01  0.70150474E+02  -.16872634E+02
0.75000000E-01  0.19017235E+02  0.65948280E+01  0.69606660E+02  -.16546302E+02
0.79166667E-01  0.18308024E+02  0.63402251E+01  0.69055082E+02  -.16209110E+02
0.83333333E-01  0.17608924E+02  0.60845630E+01  0.68496357E+02  -.15861669E+02
0.87500000E-01  0.16921195E+02  0.58286226E+01  0.67931217E+02  -.15504186E+02
0.91666667E-01  0.16246058E+02  0.55731675E+01  0.67360478E+02  -.15137211E+02
0.95833333E-01  0.15584686E+02  0.53189380E+01  0.66785072E+02  -.14761018E+02
0.10000000E+00  0.14938202E+02  0.50666471E+01  0.66206024E+02  -.14376099E+02
0.10416667E+00  0.14307667E+02  0.48169759E+01  0.65624465E+02  -.13982788E+02
0.10833333E+00  0.13694075E+02  0.45705692E+01  0.65041674E+02  -.13581511E+02
0.11250000E+00  0.13098352E+02  0.43280321E+01  0.64458874E+02  -.13172654E+02
0.11666667E+00  0.12521347E+02  0.40899269E+01  0.63877643E+02  -.12756586E+02
0.12083333E+00  0.11963829E+02  0.38567701E+01  0.63299601E+02  -.12333732E+02
0.12500000E+00  0.11426484E+02  0.36290305E+01  0.62726359E+02  -.11904385E+02
0.12916667E+00  0.10909911E+02  0.34071276E+01  0.62159675E+02  -.11469034E+02
0.13333333E+00  0.10414621E+02  0.31914309E+01  0.61601348E+02  -.11027880E+02
0.13750000E+00  0.99410370E+01  0.29822597E+01  0.61053251E+02  -.10581480E+02
0.14166667E+00  0.94894910E+01  0.27798836E+01  0.60517256E+02  -.10129940E+02
0.14583333E+00  0.90602261E+01  0.25845240E+01  0.59995260E+02  -.96739069E+01
0.15000000E+00  0.86533967E+01  0.23963556E+01  0.59489095E+02  -.92133711E+01
0.15416667E+00  0.82690707E+01  0.22155095E+01  0.59000556E+02  -.87491065E+01
0.15833333E+00  0.79072313E+01  0.20420757E+01  0.58531292E+02  -.82809640E+01
0.16250000E+00  0.75677803E+01  0.18761077E+01  0.58082853E+02  -.78098792E+01
0.16666667E+00  0.72505405E+01  0.17176256E+01  0.57656552E+02  -.73355189E+01
0.17083333E+00  0.69552595E+01  0.15666222E+01  0.57253544E+02  -.68590020E+01
0.17500000E+00  0.66816135E+01  0.14230667E+01  0.56874666E+02  -.63797105E+01
0.17916667E+00  0.64292107E+01  0.12869114E+01  0.56520561E+02  -.58989153E+01
0.18333333E+00  0.61975951E+01  0.11580959E+01  0.56191478E+02  -.54155098E+01
0.18750000E+00  0.59862516E+01  0.10365542E+01  0.55887449E+02  -.49307914E+01
0.19166667E+00  0.57946099E+01  0.92221786E+00  0.55608039E+02  -.44428441E+01
0.19583333E+00  0.56220510E+01  0.81502163E+00  0.55352544E+02  -.39528374E+01
0.20000000E+00  0.54679145E+01  0.71490172E+00  0.55119662E+02  -.34578320E+01
0.20416667E+00  0.53315085E+01  0.62179568E+00  0.54907694E+02  -.29591623E+01
0.20833333E+00  0.52121200E+01  0.53562754E+00  0.54714114E+02  -.24536195E+01
0.21250000E+00  0.51090296E+01  0.45629311E+00  0.54535816E+02  -.19447304E+01
0.21666667E+00  0.50215189E+01  0.38362000E+00  0.54368722E+02  -.14324595E+01
0.22083333E+00  0.49488804E+01  0.31733023E+00  0.54208312E+02  -.92808781E+00
0.22500000E+00  0.48903954E+01  0.25696535E+00  0.54049724E+02  -.44223314E+00
0.22916667E+00  0.48453129E+01  0.20183863E+00  0.53889101E+02  -.26452129E-02
0.23333333E+00  0.48127194E+01  0.15094088E+00  0.53724975E+02  0.36147787E+00
0.23750000E+00  0.47914784E+01  0.10296161E+00  0.53561061E+02  0.60357373E+00
0.24166667E+00  0.47797950E+01  0.56296417E-01  0.53409403E+02  0.68665567E+00
0.24583333E+00  0.47753766E+01  0.93571747E-02  0.53293148E+02  0.58650800E+00
0.25000000E+00  0.47744112E+01  -.38494064E-01  0.53242420E+02  0.35190707E+00
0.25416667E+00  0.47743010E+01  -.86447203E-01  0.53274196E+02  0.11048061E+00
0.25833333E+00  0.47771414E+01  -.13353782E+00  0.53372585E+02  0.84155942E-02
0.26250000E+00  0.47867837E+01  -.18030116E+00  0.53507291E+02  0.81959912E-01
0.26666667E+00  0.48056516E+01  -.22829687E+00  0.53655111E+02  0.32321265E+00
0.27083333E+00  0.48356020E+01  -.27917319E+00  0.53803248E+02  0.68225170E+00
0.27500000E+00  0.48778062E+01  -.33430982E+00  0.53948065E+02  0.11245514E+01
0.27916667E+00  0.49331849E+01  -.39477230E+00  0.54090539E+02  0.16094677E+01
0.28333333E+00  0.50024860E+01  -.46130272E+00  0.54234784E+02  0.21187666E+01
0.28750000E+00  0.50864174E+01  -.53439761E+00  0.54385350E+02  0.26326214E+01
0.29166667E+00  0.51856766E+01  -.61436862E+00  0.54547050E+02  0.31474104E+01
0.29583333E+00  0.53009723E+01  -.70140907E+00  0.54723733E+02  0.36560206E+01
0.30000000E+00  0.54330174E+01  -.79564240E+00  0.54918759E+02  0.41610391E+01
0.30416667E+00  0.55825200E+01  -.89715593E+00  0.55134470E+02  0.46601859E+01
0.30833333E+00  0.57501696E+01  -.10060243E+01  0.55372761E+02  0.51569223E+01
0.31250000E+00  0.59366257E+01  -.11223188E+01  0.55634787E+02  0.56499809E+01
0.31666667E+00  0.61425082E+01  -.12461143E+01  0.55921403E+02  0.61418925E+01
0.32083333E+00  0.63683888E+01  -.13774858E+01  0.56232925E+02  0.66313543E+01
0.32500000E+00  0.66147860E+01  -.15165081E+01  0.56569444E+02  0.71198918E+01
0.32916667E+00  0.68821597E+01  -.16632484E+01  0.56930620E+02  0.76061581E+01
0.33333333E+00  0.71709071E+01  -.18177626E+01  0.57315910E+02  0.80910194E+01
0.33750000E+00  0.74813591E+01  -.19800886E+01  0.57724414E+02  0.85732339E+01
0.34166667E+00  0.78137763E+01  -.21502416E+01  0.58155057E+02  0.90532908E+01
0.34583333E+00  0.81683459E+01  -.23282084E+01  0.58606484E+02  0.95301231E+01
0.35000000E+00  0.85451784E+01  -.25139428E+01  0.59077216E+02  0.10003997E+02
0.35416667E+00  0.89443042E+01  -.27073613E+01  0.59565579E+02  0.10474014E+02
0.35833333E+00  0.93656713E+01  -.29083393E+01  0.60069837E+02  0.10940292E+02
0.36250000E+00  0.98091429E+01  -.31167077E+01  0.60588146E+02  0.11402067E+02
0.36666667E+00  0.10274496E+02  -.33322504E+01  0.61118663E+02  0.11859338E+02
0.37083333E+00  0.10761419E+02  -.35547021E+01  0.61659514E+02  0.12311442E+02
0.37500000E+00  0.11269513E+02  -.37837471E+01  0.62208874E+02  0.12758280E+02
0.37916667E+00  0.11798293E+02  -.40190184E+01  0.62764947E+02  0.13199255E+02
0.38333333E+00  0.12347185E+02  -.42600982E+01  0.63326022E+02  0.13634193E+02
0.38750000E+00  0.12915530E+02  -.45065180E+01  0.63890474E+02  0.14062536E+02
0.39166667E+00  0.13502590E+02  -.47577604E+01  0.64456752E+02  0.14484050E+02
0.39583333E+00  0.14107545E+02  -.50132612E+01  0.65023359E+02  0.14898211E+02
0.40000000E+00  0.14729501E+02  -.52724117E+01  0.65588971E+02  0.15304732E+02
0.40416667E+00  0.15367492E+02  -.55345620E+01  0.66152397E+02  0.15703112E+02
0.40833333E+00  0.16020489E+02  -.57990247E+01  0.66712533E+02  0.16093033E+02
0.41250000E+00  0.16687403E+02  -.60650788E+01  0.67268367E+02  0.16474015E+02
0.41666667E+00  0.17367088E+02  -.63319745E+01  0.67818999E+02  0.16845715E+02
0.42083333E+00  0.18058355E+02  -.65989375E+01  0.68363629E+02  0.17207674E+02
0.42500000E+00  0.18759973E+02  -.68651740E+01  0.68901558E+02  0.17559537E+02
0.42916667E+00  0.19470677E+02  -.71298761E+01  0.69432176E+02  0.17900863E+02
0.43333333E+00  0.20189175E+02  -.73922266E+01  0.69954965E+02  0.18231296E+02
0.43750000E+00  0.20914158E+02  -.76514045E+01  0.70469484E+02  0.18550414E+02
0.44166667E+00  0.21644304E+02  -.79065901E+01  0.70975373E+02  0.18857864E+02
0.44583333E+00  0.22378285E+02  -.81569698E+01  0.71472339E+02  0.19153246E+02
0.45000000E+00  0.23114775E+02  -.84017416E+01  0.71960157E+02  0.19436215E+02
0.45416667E+00  0.23852458E+02  -.86401192E+01  0.72438658E+02  0.19706392E+02
0.45833333E+00  0.24590031E+02  -.88713371E+01  0.72907731E+02  0.19963445E+02
0.46250000E+00  0.25326214E+02  -.90946546E+01  0.73367309E+02  0.20207017E+02
0.46666667E+00  0.26059751E+02  -.93093594E+01  0.73817373E+02  0.20436789E+02
0.47083333E+00  0.26789419E+02  -.95147721E+01  0.74257939E+02  0.20652427E+02
0.47500000E+00  0.27514034E+02  -.97102487E+01  0.74689062E+02  0.20853629E+02
0.47916667E+00  0.28232451E+02  -.98951838E+01  0.75110822E+02  0.21040084E+02
0.48333333E+00  0.28943569E+02  -.10069013E+02  0.75523328E+02  0.21211505E+02
0.48750000E+00  0.29646340E+02  -.10231217E+02  0.75926711E+02  0.21367605E+02
0.49166667E+00  0.30339763E+02  -.10381319E+02  0.76321120E+02  0.21508114E+02
0.49583333E+00  0.31022896E+02  -.10518890E+02  0.76706718E+02  0.21632766E+02
0.50000000E+00  0.31694850E+02  -.10643550E+02  0.77083683E+02  0.21741313E+02
0.50416667E+00  0.32354797E+02  -.10754967E+02  0.77452202E+02  0.21833508E+02
0.50833333E+00  0.33001965E+02  -.10852857E+02  0.77812467E+02  0.21909122E+02
0.51250000E+00  0.33635648E+02  -.10936986E+02  0.78164677E+02  0.21967932E+02
0.51666667E+00  0.34255195E+02  -.11007170E+02  0.78509033E+02  0.22009726E+02
0.52083333E+00  0.34860019E+02  -.11063271E+02  0.78845733E+02  0.22034303E+02
0.52500000E+00  0.35449595E+02  -.11105202E+02  0.79174980E+02  0.22041471E+02
0.52916667E+00  0.36023455E+02  -.11132921E+02  0.79496971E+02  0.22031048E+02
0.53333333E+00  0.36581193E+02  -.11146431E+02  0.79811900E+02  0.22002865E+02
0.53750000E+00  0.37122460E+02  -.11145783E+02  0.80119956E+02  0.21956762E+02
0.54166667E+00  0.37646965E+02  -.11131066E+02  0.80421325E+02  0.21892591E+02
0.54583333E+00  0.38154472E+02  -.11102414E+02  0.80716183E+02  0.21810213E+02
0.55000000E+00  0.38644797E+02  -.11060000E+02  0.81004704E+02  0.21709506E+02
0.55416667E+00  0.39117811E+02  -.11004034E+02  0.81287051E+02  0.21590356E+02
0.55833333E+00  0.39573432E+02  -.10934762E+02  0.81563382E+02  0.21452665E+02
0.56250000E+00  0.40011627E+02  -.10852462E+02  0.81833849E+02  0.21296350E+02
0.56666667E+00  0.40432406E+02  -.10757445E+02  0.82098595E+02  0.21121345E+02
0.57083333E+00  0.40835826E+02  -.10650053E+02  0.82357759E+02  0.20927601E+02
0.57500000E+00  0.41221980E+02  -.10530652E+02  0.82611473E+02  0.20715090E+02
0.57916667E+00  0.41591004E+02  -.10399637E+02  0.82859863E+02  0.20483807E+02
0.58333333E+00  0.41943065E+02  -.10257421E+02  0.83103049E+02  0.20233774E+02
0.58750000E+00  0.42278366E+02  -.10104443E+02  0.83341150E+02  0.19965040E+02
0.59166667E+00  0.42597141E+02  -.99411574E+01  0.83574277E+02  0.19677689E+02
0.59583333E+00  0.42899650E+02  -.97680349E+01  0.83802540E+02  0.19371839E+02
0.60000000E+00  0.43186183E+02  -.95855608E+01  0.84026045E+02  0.19047651E+02
0.60416667E+00  0.43457050E+02  -.93942320E+01  0.84244894E+02  0.18705333E+02
0.60833333E+00  0.43712584E+02  -.91945543E+01  0.84459188E+02  0.18345141E+02
0.61250000E+00  0.43953137E+02  -.89870405E+01  0.84669023E+02  0.17967387E+02
0.61666667E+00  0.44179080E+02  -.87722078E+01  0.84874492E+02  0.17572446E+02
0.62083333E+00  0.44390796E+02  -.85505753E+01  0.85075684E+02  0.17160758E+02
0.62500000E+00  0.44588686E+02  -.83226613E+01  0.85272687E+02  0.16732827E+02
0.62916667E+00  0.44773159E+02  -.80889811E+01  0.85465593E+02  0.16289242E+02
0.63333333E+00  0.44944637E+02  -.78500439E+01  0.85654475E+02  0.15830672E+02
0.63750000E+00  0.45103550E+02  -.76063504E+01  0.85839395E+02  0.15357854E+02
0.64166667E+00  0.45250339E+02  -.73583898E+01  0.86020410E+02  0.14871617E+02
0.64583333E+00  0.45385450E+02  -.71066370E+01  0.86197554E+02  0.14372872E+02
0.65000000E+00  0.45509336E+02  -.68515500E+01  0.86370852E+02  0.13862610E+02
0.65416667E+00  0.45622457E+02  -.65935669E+01  0.86540309E+02  0.13341904E+02
0.65833333E+00  0.45725282E+02  -.63331032E+01  0.86705912E+02  0.12811896E+02
0.66250000E+00  0.45818281E+02  -.60705496E+01  0.86867618E+02  0.12273800E+02
0.66666667E+00  0.45901934E+02  -.58062691E+01  0.87025348E+02  0.11728879E+02
0.67083333E+00  0.45976726E+02  -.55405952E+01  0.87179031E+02  0.11178441E+02
0.67500000E+00  0.46043151E+02  -.52738295E+01  0.87328523E+02  0.10623827E+02
0.67916667E+00  0.46101708E+02  -.50062406E+01  0.87473567E+02  0.10066382E+02
0.68333333E+00  0.46152904E+02  -.47380626E+01  0.87613964E+02  0.95074319E+01
0.68750000E+00  0.46197254E+02  -.44694951E+01  0.87749506E+02  0.89482754E+01
0.69166667E+00  0.46235282E+02  -.42007028E+01  0.87879920E+02  0.83901504E+01
0.69583333E+00  0.46267515E+02  -.39318164E+01  0.88004872E+02  0.78342067E+01
0.70000000E+00  0.46294490E+02  -.36629339E+01  0.88123993E+02  0.72814803E+01
0.70416667E+00  0.46316746E+02  -.33941231E+01  0.88236880E+02  0.67328663E+01
0.70833333E+00  0.46334824E+02  -.31254242E+01  0.88343106E+02  0.61890941E+01
0.71250000E+00  0.46349263E+02  -.28568539E+01  0.88442226E+02  0.56507037E+01
0.71666667E+00  0.46360596E+02  -.25884093E+01  0.88533782E+02  0.51180270E+01
0.72083333E+00  0.46369344E+02  -.23200733E+01  0.88617320E+02  0.45911726E+01
0.72500000E+00  0.46376009E+02  -.20518195E+01  0.88692393E+02  0.40700190E+01
0.72916667E+00  0.46381063E+02  -.17836185E+01  0.88758583E+02  0.35542134E+01
0.73333333E+00  0.46384942E+02  -.15154417E+01  0.88815502E+02  0.30431813E+01
0.73750000E+00  0.46388032E+02  -.12472679E+01  0.88862817E+02  0.25361440E+01
0.74166667E+00  0.46390656E+02  -.97908476E+00  0.88900253E+02  0.20321483E+01
0.74583333E+00  0.46393061E+02  -.71089248E+00  0.88927604E+02  0.15301023E+01
0.75000000E+00  0.46395405E+02  -.44269875E+00  0.88944746E+02  0.10288229E+01
0.75416667E+00  0.46397741E+02  -.17450096E+00  0.88951633E+02  0.52708282E+00
0.75833333E+00  0.46400025E+02  0.93715020E-01  0.88948303E+02  0.23665230E-01
0.76250000E+00  0.46402114E+02  0.36195729E+00  0.88934878E+02  -.48258995E+00
0.76666667E+00  0.46403780E+02  0.63023621E+00  0.88911551E+02  -.99273492E+00
0.77083333E+00  0.46404716E+02  0.89857327E+00  0.88878585E+02  -.15076772E+01
0.77500000E+00  0.46404552E+02  0.11669988E+01  0.88836302E+02  -.20281411E+01
0.77916667E+00  0.46402867E+02  0.14355504E+01  0.88785068E+02  -.25546468E+01
0.78333333E+00  0.46399198E+02  0.17042675E+01  0.88725285E+02  -.30874904E+01
0.78750000E+00  0.46393053E+02  0.19731870E+01  0.88657377E+02  -.36267406E+01
0.79166667E+00  0.46383919E+02  0.22423371E+01  0.88581776E+02  -.41722370E+01
0.79583333E+00  0.46371269E+02  0.25117326E+01  0.88498915E+02  -.47236023E+01
0.80000000E+00  0.46354567E+02  0.27813693E+01  0.88409217E+02  -.52802539E+01
0.80416667E+00  0.46333276E+02  0.30512200E+01  0.88313084E+02  -.58414271E+01
0.80833333E+00  0.46306857E+02  0.33212301E+01  0.88210895E+02  -.64061948E+01
0.81250000E+00  0.46274775E+02  0.35913152E+01  0.88102997E+02  -.69734968E+01
0.81666667E+00  0.46236499E+02  0.38613583E+01  0.87989683E+02  -.75421588E+01
0.82083333E+00  0.46191505E+02  0.41312084E+01  0.87871157E+02  -.81109285E+01
0.82500000E+00  0.46139274E+02  0.44006795E+01  0.87747657E+02  -.86785048E+01
0.82916667E+00  0.46079294E+02  0.46695507E+01  0.87619449E+02  -.92435449E+01
0.83333333E+00  0.46011061E+02  0.49375666E+01  0.87486682E+02  -.98046937E+01
0.83750000E+00  0.45934076E+02  0.52044382E+01  0.87349455E+02  -.10360616E+02
0.84166667E+00  0.45847847E+02  0.54698442E+01  0.87207857E+02  -.10910002E+02
0.84583333E+00  0.45751887E+02  0.57334333E+01  0.87061945E+02  -.11451585E+02
0.85000000E+00  0.45645715E+02  0.59948260E+01  0.86911740E+02  -.11984156E+02
0.85416667E+00  0.45528856E+02  0.62536171E+01  0.86757244E+02  -.12506572E+02
0.85833333E+00  0.45400840E+02  0.65093784E+01  0.86598435E+02  -.13017761E+02
0.86250000E+00  0.45261203E+02  0.67616612E+01  0.86435277E+02  -.13516734E+02
0.86666667E+00  0.45109487E+02  0.70099990E+01  0.86267721E+02  -.14002576E+02
0.87083333E+00  0.44945241E+02  0.72539104E+01  0.86095698E+02  -.14474463E+02
0.87500000E+00  0.44768023E+02  0.74929016E+01  0.85919137E+02  -.14931648E+02
0.87916667E+00  0.44577399E+02  0.77264697E+01  0.85737950E+02  -.15373462E+02
0.88333333E+00  0.44372943E+02  0.79541050E+01  0.85552035E+02  -.15799310E+02
0.88750000E+00  0.44154244E+02  0.81752937E+01  0.85361296E+02  -.16208685E+02
0.89166667E+00  0.43920902E+02  0.83895206E+01  0.85165636E+02  -.16601133E+02
0.89583333E+00  0.43672532E+02  0.85962715E+01  0.84964951E+02  -.16976278E+02
0.90000000E+00  0.43408766E+02  0.87950359E+01  0.84759135E+02  -.17333790E+02
0.90416667E+00  0.43129255E+02  0.89853090E+01  0.84548081E+02  -.17673412E+02
0.90833333E+00  0.42833672E+02  0.91665946E+01  0.84331677E+02  -.17994914E+02
0.91250000E+00  0.42521711E+02  0.93384069E+01  0.84109810E+02  -.18298137E+02
0.91666667E+00  0.42193094E+02  0.95002731E+01  0.83882363E+02  -.18582932E+02
0.92083333E+00  0.41847569E+02  0.96517358E+01  0.83649216E+02  -.18849225E+02
0.92500000E+00  0.41484916E+02  0.97923547E+01  0.83410245E+02  -.19096926E+02
0.92916667E+00  0.41104947E+02  0.99217094E+01  0.83165324E+02  -.19326034E+02
0.93333333E+00  0.40707511E+02  0.10039401E+02  0.82914317E+02  -.19536499E+02
0.93750000E+00  0.40292493E+02  0.10145056E+02  0.82657090E+02  -.19728388E+02
0.94166667E+00  0.39859820E+02  0.10238325E+02  0.82393496E+02  -.19901669E+02
0.94583333E+00  0.39409461E+02  0.10318888E+02  0.82123391E+02  -.20056480E+02
0.95000000E+00  0.38941432E+02  0.10386456E+02  0.81846612E+02  -.20192786E+02
0.95416667E+00  0.38455795E+02  0.10440773E+02  0.81563006E+02  -.20310804E+02
0.95833333E+00  0.37952663E+02  0.10481614E+02  0.81272393E+02  -.20410466E+02
0.96250000E+00  0.37432200E+02  0.10508795E+02  0.80974614E+02  -.20492101E+02
0.96666667E+00  0.36894626E+02  0.10522167E+02  0.80669463E+02  -.20555549E+02
0.97083333E+00  0.36340215E+02  0.10521623E+02  0.80356792E+02  -.20601331E+02
0.97500000E+00  0.35769299E+02  0.10507097E+02  0.80036342E+02  -.20629047E+02
0.97916667E+00  0.35182270E+02  0.10478567E+02  0.79708056E+02  -.20639739E+02
0.98333333E+00  0.34579581E+02  0.10436056E+02  0.79371409E+02  -.20631851E+02
0.98750000E+00  0.33961744E+02  0.10379632E+02  0.79027038E+02  -.20609804E+02
0.99166667E+00  0.33329334E+02  0.10309410E+02  0.78672448E+02  -.20561290E+02
0.99583333E+00  0.32682990E+02  0.10225555E+02  0.78313745E+02  -.20527482E+02
0.10000000E+01  0.32023410E+02  0.10128277E+02  0.77934619E+02  -.20367231E+02
