0.00000000E+00  0.11032869E+02  0.49210298E+01  0.26943832E+02  -.63327153E+02
0.41666667E-02  0.11054614E+02  0.49271054E+01  0.27241916E+02  -.63159005E+02
0.83333333E-02  0.11076241E+02  0.49298212E+01  0.27557326E+02  -.62855889E+02
0.12500000E-01  0.11097733E+02  0.49291639E+01  0.27909966E+02  -.62501223E+02
0.16666667E-01  0.11119068E+02  0.49251216E+01  0.28295692E+02  -.62096194E+02
0.20833333E-01  0.11140228E+02  0.49176841E+01  0.28716487E+02  -.61634403E+02
0.25000000E-01  0.11161195E+02  0.49068426E+01  0.29172565E+02  -.61120430E+02
0.29166667E-01  0.11181949E+02  0.48925896E+01  0.29664613E+02  -.60552341E+02
0.33333333E-01  0.11202474E+02  0.48749191E+01  0.30193073E+02  -.59931968E+02
0.37500000E-01  0.11222751E+02  0.48538268E+01  0.30758398E+02  -.59259157E+02
0.41666667E-01  0.11242764E+02  0.48293094E+01  0.31360939E+02  -.58535093E+02
0.45833333E-01  0.11262494E+02  0.48013655E+01  0.32000985E+02  -.57760316E+02
0.50000000E-01  0.11281927E+02  0.47699950E+01  0.32678736E+02  -.56935956E+02
0.54166667E-01  0.11301044E+02  0.47351996E+01  0.33394305E+02  -.56062963E+02
0.58333333E-01  0.11319832E+02  0.46969826E+01  0.34147702E+02  -.55142606E+02
0.62500000E-01  0.11338274E+02  0.46553493E+01  0.34938835E+02  -.54176158E+02
0.66666667E-01  0.11356355E+02  0.46103071E+01  0.35767492E+02  -.53165110E+02
0.70833333E-01  0.11374062E+02  0.45618652E+01  0.36633340E+02  -.52111032E+02
0.75000000E-01  0.11391379E+02  0.45100350E+01  0.37535913E+02  -.51015673E+02
0.79166667E-01  0.11408292E+02  0.44548303E+01  0.38474602E+02  -.49880897E+02
0.83333333E-01  0.11424787E+02  0.43962672E+01  0.39448649E+02  -.48708726E+02
0.87500000E-01  0.11440851E+02  0.43343650E+01  0.40457136E+02  -.47501311E+02
0.91666667E-01  0.11456469E+02  0.42691457E+01  0.41498978E+02  -.46260950E+02
0.95833333E-01  0.11471631E+02  0.42006343E+01  0.42572912E+02  -.44990070E+02
0.10000000E+00  0.11486324E+02  0.41288591E+01  0.43677493E+02  -.43691236E+02
0.10416667E+00  0.11500539E+02  0.40538516E+01  0.44811085E+02  -.42367135E+02
0.10833333E+00  0.11514264E+02  0.39756469E+01  0.45971854E+02  -.41020571E+02
0.11250000E+00  0.11527492E+02  0.38942841E+01  0.47157764E+02  -.39654456E+02
0.11666667E+00  0.11540213E+02  0.38098056E+01  0.48366573E+02  -.38271799E+02
0.12083333E+00  0.11552420E+02  0.37222576E+01  0.49595830E+02  -.36875685E+02
0.12500000E+00  0.11564107E+02  0.36316900E+01  0.50842872E+02  -.35469263E+02
0.12916667E+00  0.11575270E+02  0.35381574E+01  0.52104827E+02  -.34055725E+02
0.13333333E+00  0.11585902E+02  0.34417193E+01  0.53378617E+02  -.32638286E+02
0.13750000E+00  0.11596003E+02  0.33424397E+01  0.54660958E+02  -.31220157E+02
0.14166667E+00  0.11605567E+02  0.32403870E+01  0.55948371E+02  -.29804523E+02
0.14583333E+00  0.11614595E+02  0.31356345E+01  0.57237189E+02  -.28394506E+02
0.15000000E+00  0.11623087E+02  0.30282599E+01  0.58523568E+02  -.26993140E+02
0.15416667E+00  0.11631046E+02  0.29183450E+01  0.59803497E+02  -.25603339E+02
0.15833333E+00  0.11638476E+02  0.28059753E+01  0.61072819E+02  -.24227870E+02
0.16250000E+00  0.11645379E+02  0.26912413E+01  0.62327249E+02  -.22869317E+02
0.16666667E+00  0.11651760E+02  0.25742379E+01  0.63562394E+02  -.21530045E+02
0.17083333E+00  0.11657623E+02  0.24550646E+01  0.64773776E+02  -.20212168E+02
0.17500000E+00  0.11662976E+02  0.23338257E+01  0.65956855E+02  -.18917517E+02
0.17916667E+00  0.11667824E+02  0.22106283E+01  0.67107062E+02  -.17647605E+02
0.18333333E+00  0.11672179E+02  0.20855837E+01  0.68219821E+02  -.16403596E+02
0.18750000E+00  0.11676049E+02  0.19588060E+01  0.69290580E+02  -.15186269E+02
0.19166667E+00  0.11679442E+02  0.18304129E+01  0.70314838E+02  -.13996008E+02
0.19583333E+00  0.11682368E+02  0.17005249E+01  0.71288181E+02  -.12832778E+02
0.20000000E+00  0.11684836E+02  0.15692659E+01  0.72206317E+02  -.11696123E+02
0.20416667E+00  0.11686860E+02  0.14367620E+01  0.73065132E+02  -.10585144E+02
0.20833333E+00  0.11688452E+02  0.13031405E+01  0.73860630E+02  -.94985525E+01
0.21250000E+00  0.11689627E+02  0.11685300E+01  0.74588798E+02  -.84345753E+01
0.21666667E+00  0.11690402E+02  0.10330590E+01  0.75245320E+02  -.73910768E+01
0.22083333E+00  0.11690796E+02  0.89685519E+00  0.75826900E+02  -.63657682E+01
0.22500000E+00  0.11690834E+02  0.76004403E+00  0.76331157E+02  -.53559643E+01
0.22916667E+00  0.11690545E+02  0.62274725E+00  0.76755370E+02  -.43587481E+01
0.23333333E+00  0.11689970E+02  0.48507759E+00  0.77096886E+02  -.33713478E+01
0.23750000E+00  0.11689157E+02  0.34713676E+00  0.77353393E+02  -.23911503E+01
0.24166667E+00  0.11688164E+02  0.20900908E+00  0.77523022E+02  -.14160003E+01
0.24583333E+00  0.11687041E+02  0.70765675E-01  0.77604496E+02  -.44425509E+00
0.25000000E+00  0.11685846E+02  -.67532361E-01  0.77597423E+02  0.52499241E+00
0.25416667E+00  0.11684627E+02  -.20583099E+00  0.77502181E+02  0.14925605E+01
0.25833333E+00  0.11683336E+02  -.34407505E+00  0.77318965E+02  0.24593523E+01
0.26250000E+00  0.11681916E+02  -.48220474E+00  0.77048712E+02  0.34265033E+01
0.26666667E+00  0.11680318E+02  -.62014998E+00  0.76693199E+02  0.43959726E+01
0.27083333E+00  0.11678482E+02  -.75782804E+00  0.76254742E+02  0.53702484E+01
0.27500000E+00  0.11676361E+02  -.89513836E+00  0.75736060E+02  0.63522641E+01
0.27916667E+00  0.11673916E+02  -.10319689E+01  0.75140181E+02  0.73450495E+01
0.28333333E+00  0.11671120E+02  -.11681974E+01  0.74470197E+02  0.83517769E+01
0.28750000E+00  0.11667954E+02  -.13036985E+01  0.73728605E+02  0.93753309E+01
0.29166667E+00  0.11664404E+02  -.14383441E+01  0.72918994E+02  0.10418139E+02
0.29583333E+00  0.11660457E+02  -.15720061E+01  0.72045982E+02  0.11482510E+02
0.30000000E+00  0.11656104E+02  -.17045566E+01  0.71113755E+02  0.12570355E+02
0.30416667E+00  0.11651338E+02  -.18358691E+01  0.70126410E+02  0.13683100E+02
0.30833333E+00  0.11646151E+02  -.19658185E+01  0.69088163E+02  0.14821775E+02
0.31250000E+00  0.11640539E+02  -.20942819E+01  0.68003392E+02  0.15986962E+02
0.31666667E+00  0.11634496E+02  -.22211408E+01  0.66876562E+02  0.17178839E+02
0.32083333E+00  0.11628019E+02  -.23462797E+01  0.65712182E+02  0.18397158E+02
0.32500000E+00  0.11621102E+02  -.24695866E+01  0.64514784E+02  0.19641288E+02
0.32916667E+00  0.11613741E+02  -.25909535E+01  0.63288895E+02  0.20910222E+02
0.33333333E+00  0.11605930E+02  -.27102758E+01  0.62039011E+02  0.22202602E+02
0.33750000E+00  0.11597667E+02  -.28274520E+01  0.60769568E+02  0.23516753E+02
0.34166667E+00  0.11588946E+02  -.29423843E+01  0.59484920E+02  0.24850712E+02
0.34583333E+00  0.11579767E+02  -.30549798E+01  0.58189320E+02  0.26202261E+02
0.35000000E+00  0.11570128E+02  -.31651507E+01  0.56886894E+02  0.27568959E+02
0.35416667E+00  0.11560027E+02  -.32728129E+01  0.55581630E+02  0.28948184E+02
0.35833333E+00  0.11549465E+02  -.33778866E+01  0.54277356E+02  0.30337154E+02
0.36250000E+00  0.11538441E+02  -.34802976E+01  0.52977728E+02  0.31732963E+02
0.36666667E+00  0.11526957E+02  -.35799752E+01  0.51686219E+02  0.33132604E+02
0.37083333E+00  0.11515013E+02  -.36768526E+01  0.50406110E+02  0.34532997E+02
0.37500000E+00  0.11502614E+02  -.37708667E+01  0.49140486E+02  0.35931024E+02
0.37916667E+00  0.11489763E+02  -.38619595E+01  0.47892230E+02  0.37323551E+02
0.38333333E+00  0.11476467E+02  -.39500769E+01  0.46664020E+02  0.38707456E+02
0.38750000E+00  0.11462729E+02  -.40351690E+01  0.45458331E+02  0.40079645E+02
0.39166667E+00  0.11448559E+02  -.41171901E+01  0.44277429E+02  0.41437077E+02
0.39583333E+00  0.11433962E+02  -.41960986E+01  0.43123382E+02  0.42776777E+02
0.40000000E+00  0.11418947E+02  -.42718568E+01  0.41998056E+02  0.44095853E+02
0.40416667E+00  0.11403524E+02  -.43444306E+01  0.40903124E+02  0.45391508E+02
0.40833333E+00  0.11387703E+02  -.44137891E+01  0.39840073E+02  0.46661052E+02
0.41250000E+00  0.11371495E+02  -.44799048E+01  0.38810205E+02  0.47901907E+02
0.41666667E+00  0.11354910E+02  -.45427532E+01  0.37814650E+02  0.49111619E+02
0.42083333E+00  0.11337960E+02  -.46023127E+01  0.36854370E+02  0.50287858E+02
0.42500000E+00  0.11320658E+02  -.46585649E+01  0.35930170E+02  0.51428427E+02
0.42916667E+00  0.11303016E+02  -.47114939E+01  0.35042704E+02  0.52531261E+02
0.43333333E+00  0.11285047E+02  -.47610860E+01  0.34192486E+02  0.53594432E+02
0.43750000E+00  0.11266764E+02  -.48073299E+01  0.33379895E+02  0.54616149E+02
0.44166667E+00  0.11248180E+02  -.48502162E+01  0.32605187E+02  0.55594754E+02
0.44583333E+00  0.11229310E+02  -.48897377E+01  0.31868502E+02  0.56528727E+02
0.45000000E+00  0.11210168E+02  -.49258890E+01  0.31169872E+02  0.57416675E+02
0.45416667E+00  0.11190768E+02  -.49586669E+01  0.30509229E+02  0.58257335E+02
0.45833333E+00  0.11171124E+02  -.49880696E+01  0.29886413E+02  0.59049570E+02
0.46250000E+00  0.11151253E+02  -.50140971E+01  0.29301180E+02  0.59792360E+02
0.46666667E+00  0.11131169E+02  -.50367505E+01  0.28753208E+02  0.60484803E+02
0.47083333E+00  0.11110887E+02  -.50560327E+01  0.28242105E+02  0.61126107E+02
0.47500000E+00  0.11090424E+02  -.50719474E+01  0.27767415E+02  0.61715587E+02
0.47916667E+00  0.11069796E+02  -.50845001E+01  0.27328623E+02  0.62252658E+02
0.48333333E+00  0.11049020E+02  -.50936974E+01  0.26925163E+02  0.62736833E+02
0.48750000E+00  0.11028111E+02  -.50995472E+01  0.26556422E+02  0.63167715E+02
0.49166667E+00  0.11007089E+02  -.51020588E+01  0.26221745E+02  0.63544994E+02
0.49583333E+00  0.10985970E+02  -.51012430E+01  0.25920439E+02  0.63868441E+02
0.50000000E+00  0.10964773E+02  -.50971117E+01  0.25651780E+02  0.64137905E+02
0.50416667E+00  0.10943515E+02  -.50896784E+01  0.25415014E+02  0.64353307E+02
0.50833333E+00  0.10922216E+02  -.50789578E+01  0.25209359E+02  0.64514637E+02
0.51250000E+00  0.10900895E+02  -.50649660E+01  0.25034015E+02  0.64621947E+02
0.51666667E+00  0.10879570E+02  -.50477205E+01  0.24888161E+02  0.64675352E+02
0.52083333E+00  0.10858262E+02  -.50272403E+01  0.24770959E+02  0.64675020E+02
0.52500000E+00  0.10836989E+02  -.50035455E+01  0.24681557E+02  0.64621174E+02
0.52916667E+00  0.10815772E+02  -.49766579E+01  0.24619091E+02  0.64514086E+02
0.53333333E+00  0.10794631E+02  -.49466009E+01  0.24582688E+02  0.64354074E+02
0.53750000E+00  0.10773587E+02  -.49133990E+01  0.24571465E+02  0.64141501E+02
0.54166667E+00  0.10752660E+02  -.48770785E+01  0.24584531E+02  0.63876769E+02
0.54583333E+00  0.10731871E+02  -.48376673E+01  0.24620992E+02  0.63560322E+02
0.55000000E+00  0.10711241E+02  -.47951946E+01  0.24679946E+02  0.63192640E+02
0.55416667E+00  0.10690791E+02  -.47496916E+01  0.24760486E+02  0.62774235E+02
0.55833333E+00  0.10670541E+02  -.47011909E+01  0.24861705E+02  0.62305657E+02
0.56250000E+00  0.10650514E+02  -.46497267E+01  0.24982687E+02  0.61787485E+02
0.56666667E+00  0.10630729E+02  -.45953352E+01  0.25122517E+02  0.61220327E+02
0.57083333E+00  0.10611209E+02  -.45380540E+01  0.25280274E+02  0.60604817E+02
0.57500000E+00  0.10591972E+02  -.44779226E+01  0.25455034E+02  0.59941613E+02
0.57916667E+00  0.10573041E+02  -.44149821E+01  0.25645872E+02  0.59231395E+02
0.58333333E+00  0.10554435E+02  -.43492756E+01  0.25851857E+02  0.58474875E+02
0.58750000E+00  0.10536174E+02  -.42808475E+01  0.26072058E+02  0.57672803E+02
0.59166667E+00  0.10518278E+02  -.42097444E+01  0.26305535E+02  0.56825960E+02
0.59583333E+00  0.10500767E+02  -.41360143E+01  0.26551340E+02  0.55935127E+02
0.60000000E+00  0.10483659E+02  -.40597071E+01  0.26808519E+02  0.55001048E+02
0.60416667E+00  0.10466971E+02  -.39808741E+01  0.27076125E+02  0.54024482E+02
0.60833333E+00  0.10450723E+02  -.38995685E+01  0.27353216E+02  0.53006303E+02
0.61250000E+00  0.10434932E+02  -.38158453E+01  0.27638838E+02  0.51947497E+02
0.61666667E+00  0.10419613E+02  -.37297612E+01  0.27932001E+02  0.50849013E+02
0.62083333E+00  0.10404782E+02  -.36413744E+01  0.28231696E+02  0.49711656E+02
0.62500000E+00  0.10390455E+02  -.35507447E+01  0.28536927E+02  0.48536216E+02
0.62916667E+00  0.10376646E+02  -.34579330E+01  0.28846716E+02  0.47323670E+02
0.63333333E+00  0.10363367E+02  -.33630019E+01  0.29160049E+02  0.46075108E+02
0.63750000E+00  0.10350631E+02  -.32660156E+01  0.29475864E+02  0.44791458E+02
0.64166667E+00  0.10338448E+02  -.31670401E+01  0.29793106E+02  0.43473642E+02
0.64583333E+00  0.10326830E+02  -.30661426E+01  0.30110753E+02  0.42122710E+02
0.65000000E+00  0.10315785E+02  -.29633918E+01  0.30427785E+02  0.40739674E+02
0.65416667E+00  0.10305323E+02  -.28588579E+01  0.30743189E+02  0.39325623E+02
0.65833333E+00  0.10295449E+02  -.27526121E+01  0.31055936E+02  0.37881614E+02
0.66250000E+00  0.10286170E+02  -.26447273E+01  0.31364990E+02  0.36408751E+02
0.66666667E+00  0.10277492E+02  -.25352773E+01  0.31669306E+02  0.34908143E+02
0.67083333E+00  0.10269415E+02  -.24243372E+01  0.31967847E+02  0.33380920E+02
0.67500000E+00  0.10261944E+02  -.23119829E+01  0.32259576E+02  0.31828235E+02
0.67916667E+00  0.10255077E+02  -.21982916E+01  0.32543469E+02  0.30251257E+02
0.68333333E+00  0.10248812E+02  -.20833415E+01  0.32818517E+02  0.28651179E+02
0.68750000E+00  0.10243147E+02  -.19672116E+01  0.33083726E+02  0.27029206E+02
0.69166667E+00  0.10238077E+02  -.18499816E+01  0.33338127E+02  0.25386573E+02
0.69583333E+00  0.10233594E+02  -.17317319E+01  0.33580775E+02  0.23724523E+02
0.70000000E+00  0.10229688E+02  -.16125438E+01  0.33810761E+02  0.22044324E+02
0.70416667E+00  0.10226348E+02  -.14924987E+01  0.34027210E+02  0.20347261E+02
0.70833333E+00  0.10223559E+02  -.13716786E+01  0.34229289E+02  0.18634634E+02
0.71250000E+00  0.10221304E+02  -.12501656E+01  0.34416215E+02  0.16907761E+02
0.71666667E+00  0.10219562E+02  -.11280419E+01  0.34587255E+02  0.15167975E+02
0.72083333E+00  0.10218309E+02  -.10053894E+01  0.34741737E+02  0.13416624E+02
0.72500000E+00  0.10217517E+02  -.88228949E+00  0.34879047E+02  0.11655067E+02
0.72916667E+00  0.10217152E+02  -.75882271E+00  0.34998644E+02  0.98846778E+01
0.73333333E+00  0.10217176E+02  -.63506808E+00  0.35100055E+02  0.81068385E+01
0.73750000E+00  0.10217543E+02  -.51110236E+00  0.35182882E+02  0.63229411E+01
0.74166667E+00  0.10218199E+02  -.38699811E+00  0.35246809E+02  0.45343850E+01
0.74583333E+00  0.10219081E+02  -.26282327E+00  0.35291599E+02  0.27425753E+01
0.75000000E+00  0.10220108E+02  -.13863021E+00  0.35317099E+02  0.94892106E+00
0.75416667E+00  0.10221188E+02  -.14450127E-01  0.35323241E+02  -.84516620E+00
0.75833333E+00  0.10222304E+02  0.10973361E+00  0.35310043E+02  -.26382745E+01
0.76250000E+00  0.10223531E+02  0.23390068E+00  0.35277607E+02  -.44289929E+01
0.76666667E+00  0.10224958E+02  0.35800472E+00  0.35226120E+02  -.62159137E+01
0.77083333E+00  0.10226650E+02  0.48198011E+00  0.35155854E+02  -.79976337E+01
0.77500000E+00  0.10228662E+02  0.60575494E+00  0.35067158E+02  -.97727561E+01
0.77916667E+00  0.10231042E+02  0.72925289E+00  0.34960462E+02  -.11539892E+02
0.78333333E+00  0.10233830E+02  0.85239469E+00  0.34836270E+02  -.13297663E+02
0.78750000E+00  0.10237060E+02  0.97509940E+00  0.34695154E+02  -.15044699E+02
0.79166667E+00  0.10240761E+02  0.10972850E+01  0.34537755E+02  -.16779647E+02
0.79583333E+00  0.10244959E+02  0.12188687E+01  0.34364774E+02  -.18501161E+02
0.80000000E+00  0.10249673E+02  0.13397675E+01  0.34176968E+02  -.20207917E+02
0.80416667E+00  0.10254922E+02  0.14598983E+01  0.33975147E+02  -.21898600E+02
0.80833333E+00  0.10260720E+02  0.15791782E+01  0.33760165E+02  -.23571916E+02
0.81250000E+00  0.10267080E+02  0.16975243E+01  0.33532919E+02  -.25226586E+02
0.81666667E+00  0.10274010E+02  0.18148544E+01  0.33294339E+02  -.26861351E+02
0.82083333E+00  0.10281519E+02  0.19310867E+01  0.33045387E+02  -.28474966E+02
0.82500000E+00  0.10289610E+02  0.20461400E+01  0.32787053E+02  -.30066213E+02
0.82916667E+00  0.10298288E+02  0.21599340E+01  0.32520344E+02  -.31633883E+02
0.83333333E+00  0.10307553E+02  0.22723890E+01  0.32246287E+02  -.33176794E+02
0.83750000E+00  0.10317406E+02  0.23834265E+01  0.31965922E+02  -.34693781E+02
0.84166667E+00  0.10327845E+02  0.24929688E+01  0.31680295E+02  -.36183695E+02
0.84583333E+00  0.10338865E+02  0.26009392E+01  0.31390458E+02  -.37645416E+02
0.85000000E+00  0.10350463E+02  0.27072623E+01  0.31097458E+02  -.39077820E+02
0.85416667E+00  0.10362631E+02  0.28118637E+01  0.30802340E+02  -.40479843E+02
0.85833333E+00  0.10375363E+02  0.29146703E+01  0.30506130E+02  -.41850366E+02
0.86250000E+00  0.10388648E+02  0.30156102E+01  0.30209870E+02  -.43188385E+02
0.86666667E+00  0.10402479E+02  0.31146130E+01  0.29914599E+02  -.44492807E+02
0.87083333E+00  0.10416843E+02  0.32116096E+01  0.29621390E+02  -.45762702E+02
0.87500000E+00  0.10431729E+02  0.33065324E+01  0.29331329E+02  -.46997144E+02
0.87916667E+00  0.10447124E+02  0.33993154E+01  0.29045448E+02  -.48195002E+02
0.88333333E+00  0.10463015E+02  0.34898945E+01  0.28764746E+02  -.49355283E+02
0.88750000E+00  0.10479387E+02  0.35782065E+01  0.28490244E+02  -.50477208E+02
0.89166667E+00  0.10496224E+02  0.36641898E+01  0.28222975E+02  -.51559940E+02
0.89583333E+00  0.10513510E+02  0.37477844E+01  0.27963944E+02  -.52602488E+02
0.90000000E+00  0.10531227E+02  0.38289317E+01  0.27714128E+02  -.53603843E+02
0.90416667E+00  0.10549358E+02  0.39075752E+01  0.27474490E+02  -.54563127E+02
0.90833333E+00  0.10567883E+02  0.39836599E+01  0.27246000E+02  -.55479567E+02
0.91250000E+00  0.10586784E+02  0.40571326E+01  0.27029634E+02  -.56352390E+02
0.91666667E+00  0.10606041E+02  0.41279417E+01  0.26826360E+02  -.57180786E+02
0.92083333E+00  0.10625633E+02  0.41960375E+01  0.26637139E+02  -.57963951E+02
0.92500000E+00  0.10645541E+02  0.42613719E+01  0.26462924E+02  -.58701113E+02
0.92916667E+00  0.10665741E+02  0.43238987E+01  0.26304664E+02  -.59391536E+02
0.93333333E+00  0.10686215E+02  0.43835734E+01  0.26163305E+02  -.60034511E+02
0.93750000E+00  0.10706939E+02  0.44403534E+01  0.26039789E+02  -.60629353E+02
0.94166667E+00  0.10727891E+02  0.44941977E+01  0.25935056E+02  -.61175392E+02
0.94583333E+00  0.10749051E+02  0.45450674E+01  0.25850040E+02  -.61671997E+02
0.95000000E+00  0.10770395E+02  0.45929251E+01  0.25785670E+02  -.62118536E+02
0.95416667E+00  0.10791902E+02  0.46377351E+01  0.25742876E+02  -.62514464E+02
0.95833333E+00  0.10813549E+02  0.46794637E+01  0.25722571E+02  -.62859162E+02
0.96250000E+00  0.10835313E+02  0.47180788E+01  0.25725683E+02  -.63152239E+02
0.96666667E+00  0.10857173E+02  0.47535500E+01  0.25753101E+02  -.63392977E+02
0.97083333E+00  0.10879106E+02  0.47858485E+01  0.25805767E+02  -.63581381E+02
0.97500000E+00  0.10901091E+02  0.48149472E+01  0.25884498E+02  -.63716156E+02
0.97916667E+00  0.10923105E+02  0.48408208E+01  0.25990326E+02  -.63798771E+02
0.98333333E+00  0.10945127E+02  0.48634452E+01  0.26123805E+02  -.63824906E+02
0.98750000E+00  0.10967136E+02  0.48827983E+01  0.26286544E+02  -.63803613E+02
0.99166667E+00  0.10989109E+02  0.48988593E+01  0.26477294E+02  -.63711442E+02
0.99583333E+00  0.11011027E+02  0.49116090E+01  0.26703385E+02  -.63609773E+02
0.10000000E+01  0.11032869E+02  0.49210298E+01  0.26943827E+02  -.63327161E+02
