0.00000000E+00  0.16301375E+02  0.13225142E+00  0.15978671E+02  0.15955786E+02  -.12363619E+02
0.41666667E-02  0.16302429E+02  0.13395815E+00  0.15962789E+02  0.16355852E+02  -.12423724E+02
0.83333333E-02  0.16303546E+02  0.13551572E+00  0.15946636E+02  0.16754533E+02  -.12471206E+02
0.12500000E-01  0.16304724E+02  0.13691908E+00  0.15930225E+02  0.17151541E+02  -.12506206E+02
0.16666667E-01  0.16305961E+02  0.13816356E+00  0.15913570E+02  0.17546586E+02  -.12528886E+02
0.20833333E-01  0.16307254E+02  0.13924489E+00  0.15896683E+02  0.17939387E+02  -.12539429E+02
0.25000000E-01  0.16308601E+02  0.14015916E+00  0.15879581E+02  0.18329664E+02  -.12538028E+02
0.29166667E-01  0.16309997E+02  0.14090289E+00  0.15862280E+02  0.18717142E+02  -.12524894E+02
0.33333333E-01  0.16311440E+02  0.14147299E+00  0.15844795E+02  0.19101552E+02  -.12500244E+02
0.37500000E-01  0.16312926E+02  0.14186678E+00  0.15827144E+02  0.19482629E+02  -.12464304E+02
0.41666667E-01  0.16314450E+02  0.14208201E+00  0.15809346E+02  0.19860114E+02  -.12417305E+02
0.45833333E-01  0.16316009E+02  0.14211684E+00  0.15791418E+02  0.20233753E+02  -.12359480E+02
0.50000000E-01  0.16317598E+02  0.14196984E+00  0.15773381E+02  0.20603298E+02  -.12291064E+02
0.54166667E-01  0.16319214E+02  0.14164001E+00  0.15755255E+02  0.20968506E+02  -.12212292E+02
0.58333333E-01  0.16320850E+02  0.14112677E+00  0.15737059E+02  0.21329143E+02  -.12123397E+02
0.62500000E-01  0.16322504E+02  0.14042994E+00  0.15718815E+02  0.21684979E+02  -.12024607E+02
0.66666667E-01  0.16324169E+02  0.13954976E+00  0.15700544E+02  0.22035792E+02  -.11916149E+02
0.70833333E-01  0.16325842E+02  0.13848688E+00  0.15682268E+02  0.22381364E+02  -.11798244E+02
0.75000000E-01  0.16327518E+02  0.13724231E+00  0.15664010E+02  0.22721487E+02  -.11671107E+02
0.79166667E-01  0.16329191E+02  0.13581749E+00  0.15645790E+02  0.23055957E+02  -.11534945E+02
0.83333333E-01  0.16330857E+02  0.13421421E+00  0.15627633E+02  0.23384580E+02  -.11389961E+02
0.87500000E-01  0.16332511E+02  0.13243462E+00  0.15609560E+02  0.23707166E+02  -.11236348E+02
0.91666667E-01  0.16334150E+02  0.13048124E+00  0.15591596E+02  0.24023533E+02  -.11074292E+02
0.95833333E-01  0.16335767E+02  0.12835692E+00  0.15573762E+02  0.24333506E+02  -.10903970E+02
0.10000000E+00  0.16337359E+02  0.12606482E+00  0.15556082E+02  0.24636916E+02  -.10725551E+02
0.10416667E+00  0.16338922E+02  0.12360842E+00  0.15538578E+02  0.24933602E+02  -.10539193E+02
0.10833333E+00  0.16340451E+02  0.12099149E+00  0.15521275E+02  0.25223408E+02  -.10345048E+02
0.11250000E+00  0.16341943E+02  0.11821808E+00  0.15504193E+02  0.25506188E+02  -.10143256E+02
0.11666667E+00  0.16343394E+02  0.11529249E+00  0.15487357E+02  0.25781799E+02  -.99339499E+01
0.12083333E+00  0.16344800E+02  0.11221927E+00  0.15470787E+02  0.26050105E+02  -.97172525E+01
0.12500000E+00  0.16346158E+02  0.10900320E+00  0.15454507E+02  0.26310978E+02  -.94932784E+01
0.12916667E+00  0.16347465E+02  0.10564928E+00  0.15438538E+02  0.26564296E+02  -.92621344E+01
0.13333333E+00  0.16348719E+02  0.10216270E+00  0.15422900E+02  0.26809941E+02  -.90239195E+01
0.13750000E+00  0.16349917E+02  0.98548821E-01  0.15407616E+02  0.27047803E+02  -.87787259E+01
0.14166667E+00  0.16351057E+02  0.94813131E-01  0.15392705E+02  0.27277778E+02  -.85266399E+01
0.14583333E+00  0.16352137E+02  0.90961231E-01  0.15378187E+02  0.27499765E+02  -.82677428E+01
0.15000000E+00  0.16353156E+02  0.86998770E-01  0.15364082E+02  0.27713672E+02  -.80021125E+01
0.15416667E+00  0.16354114E+02  0.82931408E-01  0.15350408E+02  0.27919409E+02  -.77298241E+01
0.15833333E+00  0.16355009E+02  0.78764762E-01  0.15337183E+02  0.28116893E+02  -.74509522E+01
0.16250000E+00  0.16355842E+02  0.74504371E-01  0.15324425E+02  0.28306047E+02  -.71655720E+01
0.16666667E+00  0.16356613E+02  0.70155671E-01  0.15312150E+02  0.28486796E+02  -.68737616E+01
0.17083333E+00  0.16357323E+02  0.65723976E-01  0.15300374E+02  0.28659071E+02  -.65756038E+01
0.17500000E+00  0.16357974E+02  0.61214478E-01  0.15289113E+02  0.28822809E+02  -.62711884E+01
0.17916667E+00  0.16358566E+02  0.56632240E-01  0.15278380E+02  0.28977949E+02  -.59606150E+01
0.18333333E+00  0.16359102E+02  0.51982199E-01  0.15268190E+02  0.29124434E+02  -.56439958E+01
0.18750000E+00  0.16359584E+02  0.47269156E-01  0.15258556E+02  0.29262214E+02  -.53214586E+01
0.19166667E+00  0.16360014E+02  0.42497776E-01  0.15249489E+02  0.29391240E+02  -.49931505E+01
0.19583333E+00  0.16360395E+02  0.37672577E-01  0.15241000E+02  0.29511468E+02  -.46592410E+01
0.20000000E+00  0.16360728E+02  0.32797923E-01  0.15233100E+02  0.29622858E+02  -.43199260E+01
0.20416667E+00  0.16361018E+02  0.27878019E-01  0.15225799E+02  0.29725372E+02  -.39754308E+01
0.20833333E+00  0.16361265E+02  0.22916917E-01  0.15219104E+02  0.29818978E+02  -.36260129E+01
0.21250000E+00  0.16361473E+02  0.17918528E-01  0.15213024E+02  0.29903644E+02  -.32719641E+01
0.21666667E+00  0.16361645E+02  0.12886645E-01  0.15207565E+02  0.29979344E+02  -.29136118E+01
0.22083333E+00  0.16361783E+02  0.78249780E-02  0.15202735E+02  0.30046054E+02  -.25513192E+01
0.22500000E+00  0.16361889E+02  0.27372083E-02  0.15198538E+02  0.30103754E+02  -.21854845E+01
0.22916667E+00  0.16361967E+02  -.23729764E-02  0.15194979E+02  0.30152424E+02  -.18165395E+01
0.23333333E+00  0.16362020E+02  -.75018087E-02  0.15192061E+02  0.30192051E+02  -.14449476E+01
0.23750000E+00  0.16362050E+02  -.12645412E-01  0.15189789E+02  0.30222621E+02  -.10712002E+01
0.24166667E+00  0.16362063E+02  -.17799769E-01  0.15188164E+02  0.30244127E+02  -.69581306E+00
0.24583333E+00  0.16362062E+02  -.22960635E-01  0.15187189E+02  0.30256559E+02  -.31932136E+00
0.25000000E+00  0.16362054E+02  -.28124240E-01  0.15186863E+02  0.30259916E+02  0.57726040E-01
0.25416667E+00  0.16362044E+02  -.33287885E-01  0.15187189E+02  0.30254194E+02  0.43477329E+00
0.25833333E+00  0.16362029E+02  -.38449468E-01  0.15188164E+02  0.30239397E+02  0.81126454E+00
0.26250000E+00  0.16362001E+02  -.43605154E-01  0.15189789E+02  0.30215527E+02  0.11866510E+01
0.26666667E+00  0.16361956E+02  -.48750715E-01  0.15192061E+02  0.30182592E+02  0.15603973E+01
0.27083333E+00  0.16361889E+02  -.53882096E-01  0.15194978E+02  0.30140601E+02  0.19319879E+01
0.27500000E+00  0.16361798E+02  -.58995380E-01  0.15198538E+02  0.30089567E+02  0.23009312E+01
0.27916667E+00  0.16361678E+02  -.64086777E-01  0.15202735E+02  0.30029505E+02  0.26667640E+01
0.28333333E+00  0.16361529E+02  -.69152578E-01  0.15207565E+02  0.29960433E+02  0.30290544E+01
0.28750000E+00  0.16361345E+02  -.74189097E-01  0.15213023E+02  0.29882374E+02  0.33874042E+01
0.29166667E+00  0.16361126E+02  -.79192623E-01  0.15219103E+02  0.29795351E+02  0.37414502E+01
0.29583333E+00  0.16360868E+02  -.84159368E-01  0.15225798E+02  0.29699392E+02  0.40908650E+01
0.30000000E+00  0.16360569E+02  -.89085435E-01  0.15233100E+02  0.29594529E+02  0.44353568E+01
0.30416667E+00  0.16360226E+02  -.93966789E-01  0.15241000E+02  0.29480796E+02  0.47746681E+01
0.30833333E+00  0.16359836E+02  -.98799241E-01  0.15249488E+02  0.29358232E+02  0.51085736E+01
0.31250000E+00  0.16359398E+02  -.10357844E+00  0.15258555E+02  0.29226877E+02  0.54368775E+01
0.31666667E+00  0.16358908E+02  -.10829990E+00  0.15268190E+02  0.29086778E+02  0.57594102E+01
0.32083333E+00  0.16358365E+02  -.11295895E+00  0.15278380E+02  0.28937984E+02  0.60760246E+01
0.32500000E+00  0.16357766E+02  -.11755083E+00  0.15289112E+02  0.28780549E+02  0.63865930E+01
0.32916667E+00  0.16357110E+02  -.12207059E+00  0.15300373E+02  0.28614529E+02  0.66910031E+01
0.33333333E+00  0.16356394E+02  -.12651321E+00  0.15312149E+02  0.28439987E+02  0.69891555E+01
0.33750000E+00  0.16355618E+02  -.13087349E+00  0.15324424E+02  0.28256988E+02  0.72809601E+01
0.34166667E+00  0.16354781E+02  -.13514615E+00  0.15337182E+02  0.28065604E+02  0.75663344E+01
0.34583333E+00  0.16353881E+02  -.13932577E+00  0.15350407E+02  0.27865909E+02  0.78452002E+01
0.35000000E+00  0.16352920E+02  -.14340682E+00  0.15364081E+02  0.27657984E+02  0.81174823E+01
0.35416667E+00  0.16351897E+02  -.14738370E+00  0.15378186E+02  0.27441913E+02  0.83831062E+01
0.35833333E+00  0.16350814E+02  -.15125075E+00  0.15392704E+02  0.27217787E+02  0.86419965E+01
0.36250000E+00  0.16349671E+02  -.15500233E+00  0.15407615E+02  0.26985702E+02  0.88940758E+01
0.36666667E+00  0.16348470E+02  -.15863283E+00  0.15422899E+02  0.26745757E+02  0.91392624E+01
0.37083333E+00  0.16347213E+02  -.16213675E+00  0.15438536E+02  0.26498060E+02  0.93774703E+01
0.37500000E+00  0.16345902E+02  -.16550870E+00  0.15454506E+02  0.26242723E+02  0.96086070E+01
0.37916667E+00  0.16344541E+02  -.16874348E+00  0.15470786E+02  0.25979865E+02  0.98325737E+01
0.38333333E+00  0.16343132E+02  -.17183607E+00  0.15487355E+02  0.25709608E+02  0.10049264E+02
0.38750000E+00  0.16341678E+02  -.17478166E+00  0.15504192E+02  0.25432085E+02  0.10258563E+02
0.39166667E+00  0.16340183E+02  -.17757567E+00  0.15521273E+02  0.25147432E+02  0.10460347E+02
0.39583333E+00  0.16338651E+02  -.18021377E+00  0.15538577E+02  0.24855791E+02  0.10654484E+02
0.40000000E+00  0.16337085E+02  -.18269187E+00  0.15556080E+02  0.24557314E+02  0.10840834E+02
0.40416667E+00  0.16335489E+02  -.18500619E+00  0.15573761E+02  0.24252155E+02  0.11019246E+02
0.40833333E+00  0.16333868E+02  -.18715321E+00  0.15591594E+02  0.23940478E+02  0.11189560E+02
0.41250000E+00  0.16332226E+02  -.18912971E+00  0.15609559E+02  0.23622453E+02  0.11351608E+02
0.41666667E+00  0.16330568E+02  -.19093282E+00  0.15627631E+02  0.23298257E+02  0.11505213E+02
0.42083333E+00  0.16328898E+02  -.19255998E+00  0.15645789E+02  0.22968072E+02  0.11650189E+02
0.42500000E+00  0.16327220E+02  -.19400899E+00  0.15664008E+02  0.22632089E+02  0.11786343E+02
0.42916667E+00  0.16325541E+02  -.19527801E+00  0.15682267E+02  0.22290505E+02  0.11913473E+02
0.43333333E+00  0.16323863E+02  -.19636557E+00  0.15700543E+02  0.21943524E+02  0.12031370E+02
0.43750000E+00  0.16322193E+02  -.19727059E+00  0.15718813E+02  0.21591357E+02  0.12139820E+02
0.44166667E+00  0.16320535E+02  -.19799238E+00  0.15737057E+02  0.21234220E+02  0.12238602E+02
0.44583333E+00  0.16318893E+02  -.19853065E+00  0.15755253E+02  0.20872337E+02  0.12327490E+02
0.45000000E+00  0.16317272E+02  -.19888552E+00  0.15773380E+02  0.20505938E+02  0.12406254E+02
0.45416667E+00  0.16315678E+02  -.19905754E+00  0.15791417E+02  0.20135261E+02  0.12474662E+02
0.45833333E+00  0.16314113E+02  -.19904763E+00  0.15809344E+02  0.19760547E+02  0.12532479E+02
0.46250000E+00  0.16312584E+02  -.19885717E+00  0.15827142E+02  0.19382046E+02  0.12579471E+02
0.46666667E+00  0.16311093E+02  -.19848795E+00  0.15844793E+02  0.19000012E+02  0.12615403E+02
0.47083333E+00  0.16309644E+02  -.19794216E+00  0.15862278E+02  0.18614704E+02  0.12640046E+02
0.47500000E+00  0.16308242E+02  -.19722243E+00  0.15879579E+02  0.18226388E+02  0.12653173E+02
0.47916667E+00  0.16306891E+02  -.19633178E+00  0.15896681E+02  0.17835334E+02  0.12654566E+02
0.48333333E+00  0.16305592E+02  -.19527365E+00  0.15913568E+02  0.17441818E+02  0.12644017E+02
0.48750000E+00  0.16304349E+02  -.19405188E+00  0.15930223E+02  0.17046117E+02  0.12621329E+02
0.49166667E+00  0.16303166E+02  -.19267070E+00  0.15946634E+02  0.16648517E+02  0.12586322E+02
0.49583333E+00  0.16302044E+02  -.19113471E+00  0.15962787E+02  0.16249303E+02  0.12538833E+02
0.50000000E+00  0.16300985E+02  -.18944891E+00  0.15978668E+02  0.15848766E+02  0.12478721E+02
0.50416667E+00  0.16299992E+02  -.18761864E+00  0.15994268E+02  0.15447201E+02  0.12405868E+02
0.50833333E+00  0.16299065E+02  -.18564959E+00  0.16009574E+02  0.15044903E+02  0.12320179E+02
0.51250000E+00  0.16298206E+02  -.18354777E+00  0.16024577E+02  0.14642173E+02  0.12221587E+02
0.51666667E+00  0.16297415E+02  -.18131952E+00  0.16039268E+02  0.14239311E+02  0.12110051E+02
0.52083333E+00  0.16296693E+02  -.17897147E+00  0.16053639E+02  0.13836622E+02  0.11985549E+02
0.52500000E+00  0.16296039E+02  -.17651052E+00  0.16067682E+02  0.13434411E+02  0.11848083E+02
0.52916667E+00  0.16295454E+02  -.17394382E+00  0.16081391E+02  0.13032985E+02  0.11697668E+02
0.53333333E+00  0.16294934E+02  -.17127876E+00  0.16094760E+02  0.12632654E+02  0.11534331E+02
0.53750000E+00  0.16294481E+02  -.16852294E+00  0.16107784E+02  0.12233727E+02  0.11358102E+02
0.54166667E+00  0.16294090E+02  -.16568412E+00  0.16120459E+02  0.11836514E+02  0.11169010E+02
0.54583333E+00  0.16293760E+02  -.16277023E+00  0.16132781E+02  0.11441325E+02  0.10967082E+02
0.55000000E+00  0.16293489E+02  -.15978930E+00  0.16144748E+02  0.11048470E+02  0.10752336E+02
0.55416667E+00  0.16293271E+02  -.15674944E+00  0.16156358E+02  0.10658257E+02  0.10524786E+02
0.55833333E+00  0.16293103E+02  -.15365881E+00  0.16167609E+02  0.10270992E+02  0.10284442E+02
0.56250000E+00  0.16292981E+02  -.15052552E+00  0.16178500E+02  0.98869806E+01  0.10031315E+02
0.56666667E+00  0.16292898E+02  -.14735757E+00  0.16189033E+02  0.95065230E+01  0.97654252E+01
0.57083333E+00  0.16292849E+02  -.14416275E+00  0.16199207E+02  0.91299168E+01  0.94868118E+01
0.57500000E+00  0.16292825E+02  -.14094839E+00  0.16209024E+02  0.87574557E+01  0.91955428E+01
0.57916667E+00  0.16292819E+02  -.13772100E+00  0.16218488E+02  0.83894284E+01  0.88917288E+01
0.58333333E+00  0.16292823E+02  -.13448557E+00  0.16227600E+02  0.80261186E+01  0.85755371E+01
0.58750000E+00  0.16292829E+02  -.13124349E+00  0.16236365E+02  0.76678041E+01  0.82472070E+01
0.59166667E+00  0.16292846E+02  -.12799614E+00  0.16244787E+02  0.73147567E+01  0.79070665E+01
0.59583333E+00  0.16292885E+02  -.12474800E+00  0.16252872E+02  0.69672416E+01  0.75555484E+01
0.60000000E+00  0.16292953E+02  -.12150583E+00  0.16260626E+02  0.66255172E+01  0.71932066E+01
0.60416667E+00  0.16293054E+02  -.11827619E+00  0.16268055E+02  0.62898349E+01  0.68207291E+01
0.60833333E+00  0.16293191E+02  -.11506521E+00  0.16275166E+02  0.59604397E+01  0.64389484E+01
0.61250000E+00  0.16293364E+02  -.11187861E+00  0.16281967E+02  0.56375700E+01  0.60488442E+01
0.61666667E+00  0.16293574E+02  -.10872149E+00  0.16288465E+02  0.53214591E+01  0.56515406E+01
0.62083333E+00  0.16293819E+02  -.10559841E+00  0.16294669E+02  0.50123353E+01  0.52482902E+01
0.62500000E+00  0.16294097E+02  -.10251328E+00  0.16300587E+02  0.47104232E+01  0.48404575E+01
0.62916667E+00  0.16294406E+02  -.99469422E-01  0.16306226E+02  0.44159443E+01  0.44294823E+01
0.63333333E+00  0.16294742E+02  -.96469540E-01  0.16311595E+02  0.41291168E+01  0.40168604E+01
0.63750000E+00  0.16295101E+02  -.93515721E-01  0.16316702E+02  0.38501563E+01  0.36040898E+01
0.64166667E+00  0.16295480E+02  -.90609457E-01  0.16321553E+02  0.35792743E+01  0.31926760E+01
0.64583333E+00  0.16295872E+02  -.87751669E-01  0.16326156E+02  0.33166789E+01  0.27840513E+01
0.65000000E+00  0.16296275E+02  -.84942733E-01  0.16330518E+02  0.30625724E+01  0.23796459E+01
0.65416667E+00  0.16296682E+02  -.82182526E-01  0.16334644E+02  0.28171532E+01  0.19807279E+01
0.65833333E+00  0.16297089E+02  -.79470481E-01  0.16338540E+02  0.25806125E+01  0.15886236E+01
0.66250000E+00  0.16297492E+02  -.76805657E-01  0.16342212E+02  0.23531384E+01  0.12043321E+01
0.66666667E+00  0.16297887E+02  -.74186809E-01  0.16345663E+02  0.21349099E+01  0.82911206E+00
0.67083333E+00  0.16298269E+02  -.71612469E-01  0.16348900E+02  0.19261057E+01  0.46351043E+00
0.67500000E+00  0.16298636E+02  -.69081016E-01  0.16351924E+02  0.17268907E+01  0.10889296E+00
0.67916667E+00  0.16298984E+02  -.66590726E-01  0.16354740E+02  0.15374338E+01  -.23502515E+00
0.68333333E+00  0.16299312E+02  -.64139808E-01  0.16357351E+02  0.13578794E+01  -.56621555E+00
0.68750000E+00  0.16299618E+02  -.61726424E-01  0.16359761E+02  0.11883837E+01  -.88665415E+00
0.69166667E+00  0.16299900E+02  -.59348684E-01  0.16361972E+02  0.10290588E+01  -.11921111E+01
0.69583333E+00  0.16300159E+02  -.57004650E-01  0.16363988E+02  0.88004280E+00  -.14884167E+01
0.70000000E+00  0.16300393E+02  -.54692331E-01  0.16365812E+02  0.74139849E+00  -.17651483E+01
0.70416667E+00  0.16300602E+02  -.52409694E-01  0.16367448E+02  0.61323818E+00  -.20377496E+01
0.70833333E+00  0.16300787E+02  -.50154665E-01  0.16368901E+02  0.49555423E+00  -.22793240E+01
0.71250000E+00  0.16300948E+02  -.47925154E-01  0.16370177E+02  0.38840431E+00  -.25304739E+01
0.71666667E+00  0.16301085E+02  -.45719050E-01  0.16371280E+02  0.29169105E+00  -.27207122E+01
0.72083333E+00  0.16301199E+02  -.43534217E-01  0.16372219E+02  0.20527829E+00  -.29582032E+01
0.72500000E+00  0.16301292E+02  -.41368450E-01  0.16372997E+02  0.12902451E+00  -.30548405E+01
0.72916667E+00  0.16301364E+02  -.39219430E-01  0.16373631E+02  0.61870588E-01  -.33049602E+01
0.73333333E+00  0.16301416E+02  -.37084644E-01  0.16374119E+02  0.42920768E-02  -.31904967E+01
0.73750000E+00  0.16301451E+02  -.34961341E-01  0.16374486E+02  -.50455397E-01  -.35411570E+01
0.74166667E+00  0.16301472E+02  -.32846514E-01  0.16374724E+02  -.96206114E-01  -.28366703E+01
0.74583333E+00  0.16301482E+02  -.30736861E-01  0.16374870E+02  -.18781815E+00  -.35895896E+01
0.75000000E+00  0.16301487E+02  -.28629396E-01  0.16374902E+02  -.48498807E+00  0.65794883E-01
0.75416667E+00  0.16301490E+02  -.26521962E-01  0.16374870E+02  -.15852844E+00  0.37036393E+01
0.75833333E+00  0.16301488E+02  -.24412874E-01  0.16374724E+02  -.65958089E-01  0.29538276E+01
0.76250000E+00  0.16301477E+02  -.22299084E-01  0.16374486E+02  -.13263655E-01  0.36563488E+01
0.76666667E+00  0.16301452E+02  -.20177292E-01  0.16374119E+02  0.45283083E-01  0.33061054E+01
0.77083333E+00  0.16301410E+02  -.18044440E-01  0.16373631E+02  0.10697694E+00  0.34199962E+01
0.77500000E+00  0.16301349E+02  -.15897724E-01  0.16372997E+02  0.17758219E+00  0.31699480E+01
0.77916667E+00  0.16301268E+02  -.13734590E-01  0.16372219E+02  0.25715009E+00  0.30730919E+01
0.78333333E+00  0.16301165E+02  -.11552688E-01  0.16371280E+02  0.34657935E+00  0.28356147E+01
0.78750000E+00  0.16301039E+02  -.93497958E-02  0.16370178E+02  0.44615193E+00  0.26452846E+01
0.79166667E+00  0.16300890E+02  -.71237664E-02  0.16368902E+02  0.55596643E+00  0.23941344E+01
0.79583333E+00  0.16300717E+02  -.48724852E-02  0.16367449E+02  0.67617349E+00  0.21525167E+01
0.80000000E+00  0.16300519E+02  -.25938557E-02  0.16365813E+02  0.80670868E+00  0.18799104E+01
0.80416667E+00  0.16300298E+02  -.28580246E-03  0.16363989E+02  0.94760475E+00  0.16031563E+01
0.80833333E+00  0.16300051E+02  0.20537169E-02  0.16361973E+02  0.10987522E+01  0.13068462E+01
0.81250000E+00  0.16299781E+02  0.44266992E-02  0.16359762E+02  0.12601031E+01  0.10013798E+01
0.81666667E+00  0.16299488E+02  0.68350892E-02  0.16357353E+02  0.14315250E+01  0.68094162E+00
0.82083333E+00  0.16299172E+02  0.92807794E-02  0.16354742E+02  0.16129163E+01  0.34975167E+00
0.82500000E+00  0.16298835E+02  0.11765612E-01  0.16351926E+02  0.18041274E+01  0.58401116E-02
0.82916667E+00  0.16298480E+02  0.14291380E-01  0.16348902E+02  0.20050220E+01  -.34876992E+00
0.83333333E+00  0.16298109E+02  0.16859808E-01  0.16345666E+02  0.22154373E+01  -.71436094E+00
0.83750000E+00  0.16297726E+02  0.19472530E-01  0.16342214E+02  0.24352150E+01  -.10895698E+01
0.84166667E+00  0.16297333E+02  0.22131030E-01  0.16338543E+02  0.26641816E+01  -.14738493E+01
0.84583333E+00  0.16296936E+02  0.24836580E-01  0.16334646E+02  0.29021633E+01  -.18659417E+01
0.85000000E+00  0.16296538E+02  0.27590163E-01  0.16330520E+02  0.31489761E+01  -.22648479E+01
0.85416667E+00  0.16296144E+02  0.30392397E-01  0.16326159E+02  0.34044327E+01  -.26692422E+01
0.85833333E+00  0.16295759E+02  0.33243465E-01  0.16321556E+02  0.36683379E+01  -.30778564E+01
0.86250000E+00  0.16295388E+02  0.36143061E-01  0.16316705E+02  0.39404920E+01  -.34892602E+01
0.86666667E+00  0.16295036E+02  0.39090342E-01  0.16311598E+02  0.42206890E+01  -.39020213E+01
0.87083333E+00  0.16294706E+02  0.42083898E-01  0.16306229E+02  0.45087188E+01  -.43146340E+01
0.87500000E+00  0.16294403E+02  0.45121725E-01  0.16300590E+02  0.48043669E+01  -.47256001E+01
0.87916667E+00  0.16294130E+02  0.48201217E-01  0.16294673E+02  0.51074152E+01  -.51334237E+01
0.88333333E+00  0.16293890E+02  0.51319148E-01  0.16288469E+02  0.54176419E+01  -.55366649E+01
0.88750000E+00  0.16293685E+02  0.54471686E-01  0.16281970E+02  0.57348217E+01  -.59339591E+01
0.89166667E+00  0.16293517E+02  0.57654383E-01  0.16275169E+02  0.60587246E+01  -.63240537E+01
0.89583333E+00  0.16293386E+02  0.60862218E-01  0.16268058E+02  0.63891159E+01  -.67058245E+01
0.90000000E+00  0.16293290E+02  0.64089587E-01  0.16260629E+02  0.67257549E+01  -.70782921E+01
0.90416667E+00  0.16293228E+02  0.67330414E-01  0.16252876E+02  0.70683944E+01  -.74406239E+01
0.90833333E+00  0.16293196E+02  0.70578228E-01  0.16244790E+02  0.74167807E+01  -.77921320E+01
0.91250000E+00  0.16293187E+02  0.73826241E-01  0.16236368E+02  0.77706529E+01  -.81322626E+01
0.91666667E+00  0.16293191E+02  0.77069501E-01  0.16227603E+02  0.81297436E+01  -.84605830E+01
0.92083333E+00  0.16293198E+02  0.80305961E-01  0.16218491E+02  0.84937789E+01  -.87767652E+01
0.92500000E+00  0.16293213E+02  0.83535129E-01  0.16209027E+02  0.88624789E+01  -.90805699E+01
0.92916667E+00  0.16293244E+02  0.86752065E-01  0.16199210E+02  0.92355583E+01  -.93718300E+01
0.93333333E+00  0.16293300E+02  0.89950536E-01  0.16189036E+02  0.96127266E+01  -.96504349E+01
0.93750000E+00  0.16293388E+02  0.93123291E-01  0.16178503E+02  0.99936892E+01  -.99163163E+01
0.94166667E+00  0.16293515E+02  0.96262577E-01  0.16167612E+02  0.10378147E+02  -.10169435E+02
0.94583333E+00  0.16293685E+02  0.99360399E-01  0.16156361E+02  0.10765799E+02  -.10409772E+02
0.95000000E+00  0.16293905E+02  0.10240863E+00  0.16144751E+02  0.11156339E+02  -.10637314E+02
0.95416667E+00  0.16294178E+02  0.10539911E+00  0.16132784E+02  0.11549461E+02  -.10852053E+02
0.95833333E+00  0.16294508E+02  0.10832371E+00  0.16120462E+02  0.11944855E+02  -.11053974E+02
0.96250000E+00  0.16294898E+02  0.11117435E+00  0.16107787E+02  0.12342213E+02  -.11243059E+02
0.96666667E+00  0.16295351E+02  0.11394310E+00  0.16094762E+02  0.12741223E+02  -.11419281E+02
0.97083333E+00  0.16295868E+02  0.11662214E+00  0.16081393E+02  0.13141576E+02  -.11582612E+02
0.97500000E+00  0.16296452E+02  0.11920385E+00  0.16067684E+02  0.13542961E+02  -.11733020E+02
0.97916667E+00  0.16297102E+02  0.12168080E+00  0.16053641E+02  0.13945071E+02  -.11870479E+02
0.98333333E+00  0.16297821E+02  0.12404579E+00  0.16039270E+02  0.14347598E+02  -.11994974E+02
0.98750000E+00  0.16298608E+02  0.12629187E+00  0.16024579E+02  0.14750235E+02  -.12106505E+02
0.99166667E+00  0.16299464E+02  0.12841237E+00  0.16009576E+02  0.15152680E+02  -.12205090E+02
0.99583333E+00  0.16300386E+02  0.13040091E+00  0.15994270E+02  0.15554630E+02  -.12290772E+02
0.10000000E+01  0.16301375E+02  0.13225142E+00  0.15978671E+02  0.15955786E+02  -.12363619E+02
