0.00000000E+00  0.18352039E+02  0.12211642E+01  0.17309341E+02  0.17328576E+02  -.18576489E+02
0.41666667E-02  0.18261707E+02  0.12158768E+01  0.17188030E+02  0.17655723E+02  -.18333811E+02
0.83333333E-02  0.18171192E+02  0.12085924E+01  0.17068308E+02  0.17977817E+02  -.18074568E+02
0.12500000E-01  0.18080623E+02  0.11993797E+01  0.16950355E+02  0.18294881E+02  -.17799037E+02
0.16666667E-01  0.17990131E+02  0.11883134E+01  0.16834338E+02  0.18606953E+02  -.17507608E+02
0.20833333E-01  0.17899844E+02  0.11754731E+01  0.16720409E+02  0.18914077E+02  -.17200625E+02
0.25000000E-01  0.17809887E+02  0.11609433E+01  0.16608708E+02  0.19216311E+02  -.16878541E+02
0.29166667E-01  0.17720385E+02  0.11448124E+01  0.16499356E+02  0.19513714E+02  -.16541803E+02
0.33333333E-01  0.17631459E+02  0.11271720E+01  0.16392463E+02  0.19806352E+02  -.16190971E+02
0.37500000E-01  0.17543228E+02  0.11081166E+01  0.16288123E+02  0.20094288E+02  -.15826641E+02
0.41666667E-01  0.17455807E+02  0.10877428E+01  0.16186414E+02  0.20377588E+02  -.15449533E+02
0.45833333E-01  0.17369307E+02  0.10661486E+01  0.16087398E+02  0.20656309E+02  -.15060438E+02
0.50000000E-01  0.17283836E+02  0.10434331E+01  0.15991123E+02  0.20930505E+02  -.14660290E+02
0.54166667E-01  0.17199499E+02  0.10196955E+01  0.15897620E+02  0.21200220E+02  -.14250121E+02
0.58333333E-01  0.17116395E+02  0.99503514E+00  0.15806906E+02  0.21465487E+02  -.13831111E+02
0.62500000E-01  0.17034621E+02  0.96955025E+00  0.15718983E+02  0.21726326E+02  -.13404550E+02
0.66666667E-01  0.16954267E+02  0.94333800E+00  0.15633840E+02  0.21982742E+02  -.12971860E+02
0.70833333E-01  0.16875421E+02  0.91649383E+00  0.15551449E+02  0.22234726E+02  -.12534554E+02
0.75000000E-01  0.16798165E+02  0.88911102E+00  0.15471775E+02  0.22482247E+02  -.12094227E+02
0.79166667E-01  0.16722577E+02  0.86128038E+00  0.15394768E+02  0.22725261E+02  -.11652508E+02
0.83333333E-01  0.16648730E+02  0.83308986E+00  0.15320370E+02  0.22963705E+02  -.11211027E+02
0.87500000E-01  0.16576692E+02  0.80462435E+00  0.15248517E+02  0.23197497E+02  -.10771364E+02
0.91666667E-01  0.16506526E+02  0.77596540E+00  0.15179136E+02  0.23426543E+02  -.10335004E+02
0.95833333E-01  0.16438291E+02  0.74719113E+00  0.15112154E+02  0.23650735E+02  -.99032957E+01
0.10000000E+00  0.16372040E+02  0.71837606E+00  0.15047493E+02  0.23869954E+02  -.94774145E+01
0.10416667E+00  0.16307819E+02  0.68959109E+00  0.14985076E+02  0.24084076E+02  -.90583447E+01
0.10833333E+00  0.16245673E+02  0.66090346E+00  0.14924827E+02  0.24292972E+02  -.86468601E+01
0.11250000E+00  0.16185639E+02  0.63237678E+00  0.14866672E+02  0.24496511E+02  -.82435356E+01
0.11666667E+00  0.16127749E+02  0.60407107E+00  0.14810544E+02  0.24694565E+02  -.78487426E+01
0.12083333E+00  0.16072029E+02  0.57604286E+00  0.14756375E+02  0.24887012E+02  -.74626869E+01
0.12500000E+00  0.16018504E+02  0.54834522E+00  0.14704108E+02  0.25073732E+02  -.70854082E+01
0.12916667E+00  0.15967189E+02  0.52102791E+00  0.14653685E+02  0.25254616E+02  -.67168349E+01
0.13333333E+00  0.15918097E+02  0.49413743E+00  0.14605059E+02  0.25429561E+02  -.63567763E+01
0.13750000E+00  0.15871237E+02  0.46771709E+00  0.14558184E+02  0.25598474E+02  -.60049881E+01
0.14166667E+00  0.15826612E+02  0.44180708E+00  0.14513022E+02  0.25761270E+02  -.56611496E+01
0.14583333E+00  0.15784221E+02  0.41644448E+00  0.14469537E+02  0.25917872E+02  -.53249384E+01
0.15000000E+00  0.15744059E+02  0.39166320E+00  0.14427699E+02  0.26068213E+02  -.49959894E+01
0.15416667E+00  0.15706119E+02  0.36749395E+00  0.14387481E+02  0.26212233E+02  -.46739814E+01
0.15833333E+00  0.15670388E+02  0.34396407E+00  0.14348860E+02  0.26349879E+02  -.43585772E+01
0.16250000E+00  0.15636852E+02  0.32109730E+00  0.14311818E+02  0.26481105E+02  -.40495279E+01
0.16666667E+00  0.15605492E+02  0.29891351E+00  0.14276335E+02  0.26605873E+02  -.37465934E+01
0.17083333E+00  0.15576288E+02  0.27742835E+00  0.14242399E+02  0.26724150E+02  -.34496714E+01
0.17500000E+00  0.15549216E+02  0.25665274E+00  0.14209998E+02  0.26835909E+02  -.31586963E+01
0.17916667E+00  0.15524250E+02  0.23659234E+00  0.14179122E+02  0.26941130E+02  -.28737991E+01
0.18333333E+00  0.15501360E+02  0.21724694E+00  0.14149766E+02  0.27039798E+02  -.25951822E+01
0.18750000E+00  0.15480517E+02  0.19860975E+00  0.14121927E+02  0.27131908E+02  -.23233126E+01
0.19166667E+00  0.15461683E+02  0.18066656E+00  0.14095605E+02  0.27217459E+02  -.20587694E+01
0.19583333E+00  0.15444820E+02  0.16339507E+00  0.14070805E+02  0.27296463E+02  -.18024666E+01
0.20000000E+00  0.15429885E+02  0.14676397E+00  0.14047535E+02  0.27368939E+02  -.15554693E+01
0.20416667E+00  0.15416828E+02  0.13073233E+00  0.14025813E+02  0.27434919E+02  -.13192333E+01
0.20833333E+00  0.15405589E+02  0.11524884E+00  0.14005660E+02  0.27494451E+02  -.10953825E+01
0.21250000E+00  0.15396102E+02  0.10025172E+00  0.13987108E+02  0.27547596E+02  -.88593801E+00
0.21666667E+00  0.15388285E+02  0.85668363E-01  0.13970196E+02  0.27594436E+02  -.69304140E+00
0.22083333E+00  0.15382042E+02  0.71416615E-01  0.13954977E+02  0.27635071E+02  -.51911786E+00
0.22500000E+00  0.15377255E+02  0.57405251E-01  0.13941513E+02  0.27669623E+02  -.36650580E+00
0.22916667E+00  0.15373784E+02  0.43538344E-01  0.13929880E+02  0.27698233E+02  -.23744464E+00
0.23333333E+00  0.15371458E+02  0.29717283E-01  0.13920162E+02  0.27721061E+02  -.13350336E+00
0.23750000E+00  0.15370079E+02  0.15851648E-01  0.13912456E+02  0.27738278E+02  -.55172441E-01
0.24166667E+00  0.15369408E+02  0.18662548E-02  0.13906858E+02  0.27750055E+02  -.87136341E-03
0.24583333E+00  0.15369192E+02  -.12274434E-01  0.13903455E+02  0.27756544E+02  0.33977113E-01
0.25000000E+00  0.15369148E+02  -.26525530E-01  0.13902313E+02  0.27757861E+02  0.57680184E-01
0.25416667E+00  0.15369139E+02  -.40779331E-01  0.13903456E+02  0.27754065E+02  0.81372503E-01
0.25833333E+00  0.15369293E+02  -.54926361E-01  0.13906858E+02  0.27745147E+02  0.11623683E+00
0.26250000E+00  0.15369892E+02  -.68919886E-01  0.13912456E+02  0.27731027E+02  0.17052909E+00
0.26666667E+00  0.15371187E+02  -.82793767E-01  0.13920163E+02  0.27711567E+02  0.24887324E+00
0.27083333E+00  0.15373421E+02  -.96622767E-01  0.13929880E+02  0.27686600E+02  0.35280416E+00
0.27500000E+00  0.15376792E+02  -.11049764E+00  0.13941513E+02  0.27655944E+02  0.48187532E+00
0.27916667E+00  0.15381472E+02  -.12451741E+00  0.13954977E+02  0.27619427E+02  0.63447717E+00
0.28333333E+00  0.15387602E+02  -.13877871E+00  0.13970196E+02  0.27576894E+02  0.80840867E+00
0.28750000E+00  0.15395300E+02  -.15337344E+00  0.13987108E+02  0.27528208E+02  0.10012963E+01
0.29166667E+00  0.15404663E+02  -.16838449E+00  0.14005660E+02  0.27473254E+02  0.12107473E+01
0.29583333E+00  0.15415773E+02  -.18388519E+00  0.14025813E+02  0.27411939E+02  0.14345908E+01
0.30000000E+00  0.15428697E+02  -.19993799E+00  0.14047535E+02  0.27344188E+02  0.16708322E+01
0.30416667E+00  0.15443494E+02  -.21659487E+00  0.14070805E+02  0.27269947E+02  0.19178236E+01
0.30833333E+00  0.15460215E+02  -.23389732E+00  0.14095605E+02  0.27189173E+02  0.21741307E+01
0.31250000E+00  0.15478902E+02  -.25187722E+00  0.14121927E+02  0.27101840E+02  0.24386692E+01
0.31666667E+00  0.15499596E+02  -.27055737E+00  0.14149766E+02  0.27007932E+02  0.27105423E+01
0.32083333E+00  0.15522331E+02  -.28995241E+00  0.14179122E+02  0.26907441E+02  0.29891555E+01
0.32500000E+00  0.15547140E+02  -.31006953E+00  0.14209998E+02  0.26800372E+02  0.32740554E+01
0.32916667E+00  0.15574051E+02  -.33090933E+00  0.14242399E+02  0.26686733E+02  0.35650275E+01
0.33333333E+00  0.15603090E+02  -.35246646E+00  0.14276335E+02  0.26566541E+02  0.38619515E+01
0.33750000E+00  0.15634282E+02  -.37473028E+00  0.14311818E+02  0.26439821E+02  0.41648837E+01
0.34166667E+00  0.15667646E+02  -.39768542E+00  0.14348860E+02  0.26306601E+02  0.44739343E+01
0.34583333E+00  0.15703203E+02  -.42131225E+00  0.14387481E+02  0.26166917E+02  0.47893366E+01
0.35000000E+00  0.15740966E+02  -.44558721E+00  0.14427699E+02  0.26020812E+02  0.51113456E+01
0.35416667E+00  0.15780947E+02  -.47048316E+00  0.14469537E+02  0.25868336E+02  0.54402931E+01
0.35833333E+00  0.15823156E+02  -.49596957E+00  0.14513022E+02  0.25709544E+02  0.57765049E+01
0.36250000E+00  0.15867597E+02  -.52201267E+00  0.14558184E+02  0.25544503E+02  0.61203422E+01
0.36666667E+00  0.15914272E+02  -.54857551E+00  0.14605059E+02  0.25373286E+02  0.64721310E+01
0.37083333E+00  0.15963176E+02  -.57561802E+00  0.14653685E+02  0.25195973E+02  0.68321887E+01
0.37500000E+00  0.16014302E+02  -.60309701E+00  0.14704107E+02  0.25012657E+02  0.72007626E+01
0.37916667E+00  0.16067638E+02  -.63096604E+00  0.14756375E+02  0.24823437E+02  0.75780407E+01
0.38333333E+00  0.16123168E+02  -.65917547E+00  0.14810544E+02  0.24628422E+02  0.79640969E+01
0.38750000E+00  0.16180869E+02  -.68767226E+00  0.14866672E+02  0.24427729E+02  0.83588897E+01
0.39166667E+00  0.16240714E+02  -.71639995E+00  0.14924826E+02  0.24221483E+02  0.87622149E+01
0.39583333E+00  0.16302672E+02  -.74529855E+00  0.14985076E+02  0.24009811E+02  0.91736996E+01
0.40000000E+00  0.16366705E+02  -.77430447E+00  0.15047493E+02  0.23792848E+02  0.95927702E+01
0.40416667E+00  0.16432772E+02  -.80335048E+00  0.15112154E+02  0.23570726E+02  0.10018652E+02
0.40833333E+00  0.16500824E+02  -.83236567E+00  0.15179136E+02  0.23343576E+02  0.10450361E+02
0.41250000E+00  0.16570809E+02  -.86127547E+00  0.15248517E+02  0.23111524E+02  0.10886722E+02
0.41666667E+00  0.16642670E+02  -.89000173E+00  0.15320370E+02  0.22874686E+02  0.11326385E+02
0.42083333E+00  0.16716344E+02  -.91846280E+00  0.15394767E+02  0.22633168E+02  0.11767866E+02
0.42500000E+00  0.16791763E+02  -.94657371E+00  0.15471775E+02  0.22387059E+02  0.12209586E+02
0.42916667E+00  0.16868854E+02  -.97424635E+00  0.15551449E+02  0.22136435E+02  0.12649914E+02
0.43333333E+00  0.16947541E+02  -.10013898E+01  0.15633839E+02  0.21881354E+02  0.13087221E+02
0.43750000E+00  0.17027741E+02  -.10279105E+01  0.15718983E+02  0.21621855E+02  0.13519910E+02
0.44166667E+00  0.17109369E+02  -.10537129E+01  0.15806906E+02  0.21357960E+02  0.13946472E+02
0.44583333E+00  0.17192332E+02  -.10786996E+01  0.15897620E+02  0.21089676E+02  0.14365482E+02
0.45000000E+00  0.17276536E+02  -.11027718E+01  0.15991123E+02  0.20816991E+02  0.14775651E+02
0.45416667E+00  0.17361881E+02  -.11258302E+01  0.16087398E+02  0.20539882E+02  0.15175798E+02
0.45833333E+00  0.17448264E+02  -.11477750E+01  0.16186414E+02  0.20258314E+02  0.15564893E+02
0.46250000E+00  0.17535577E+02  -.11685069E+01  0.16288123E+02  0.19972242E+02  0.15942001E+02
0.46666667E+00  0.17623710E+02  -.11879272E+01  0.16392463E+02  0.19681614E+02  0.16306330E+02
0.47083333E+00  0.17712546E+02  -.12059390E+01  0.16499356E+02  0.19386371E+02  0.16657161E+02
0.47500000E+00  0.17801969E+02  -.12224473E+01  0.16608707E+02  0.19086455E+02  0.16993898E+02
0.47916667E+00  0.17891858E+02  -.12373598E+01  0.16720409E+02  0.18781808E+02  0.17315981E+02
0.48333333E+00  0.17982088E+02  -.12505876E+01  0.16834338E+02  0.18472371E+02  0.17622962E+02
0.48750000E+00  0.18072535E+02  -.12620457E+01  0.16950355E+02  0.18158096E+02  0.17914390E+02
0.49166667E+00  0.18163070E+02  -.12716536E+01  0.17068308E+02  0.17838938E+02  0.18189920E+02
0.49583333E+00  0.18253564E+02  -.12793361E+01  0.17188030E+02  0.17514866E+02  0.18449162E+02
0.50000000E+00  0.18343887E+02  -.12850238E+01  0.17309341E+02  0.17185859E+02  0.18691838E+02
0.50416667E+00  0.18433908E+02  -.12886537E+01  0.17432049E+02  0.16851914E+02  0.18917588E+02
0.50833333E+00  0.18523497E+02  -.12901699E+01  0.17555948E+02  0.16513043E+02  0.19126173E+02
0.51250000E+00  0.18612524E+02  -.12895242E+01  0.17680821E+02  0.16169279E+02  0.19317234E+02
0.51666667E+00  0.18700860E+02  -.12866766E+01  0.17806440E+02  0.15820676E+02  0.19490561E+02
0.52083333E+00  0.18788380E+02  -.12815962E+01  0.17932568E+02  0.15467311E+02  0.19645770E+02
0.52500000E+00  0.18874959E+02  -.12742615E+01  0.18058956E+02  0.15109288E+02  0.19782676E+02
0.52916667E+00  0.18960478E+02  -.12646607E+01  0.18185349E+02  0.14746738E+02  0.19900856E+02
0.53333333E+00  0.19044817E+02  -.12527929E+01  0.18311483E+02  0.14379818E+02  0.20000148E+02
0.53750000E+00  0.19127867E+02  -.12386681E+01  0.18437091E+02  0.14008716E+02  0.20080079E+02
0.54166667E+00  0.19209518E+02  -.12223075E+01  0.18561896E+02  0.13633651E+02  0.20140521E+02
0.54583333E+00  0.19289669E+02  -.12037445E+01  0.18685623E+02  0.13254873E+02  0.20180937E+02
0.55000000E+00  0.19368225E+02  -.11830241E+01  0.18807992E+02  0.12872664E+02  0.20201249E+02
0.55416667E+00  0.19445096E+02  -.11602040E+01  0.18928724E+02  0.12487337E+02  0.20200844E+02
0.55833333E+00  0.19520200E+02  -.11353543E+01  0.19047541E+02  0.12099240E+02  0.20179721E+02
0.56250000E+00  0.19593461E+02  -.11085573E+01  0.19164168E+02  0.11708749E+02  0.20137168E+02
0.56666667E+00  0.19664814E+02  -.10799081E+01  0.19278336E+02  0.11316274E+02  0.20073299E+02
0.57083333E+00  0.19734197E+02  -.10495139E+01  0.19389782E+02  0.10922255E+02  0.19987280E+02
0.57500000E+00  0.19801559E+02  -.10174939E+01  0.19498254E+02  0.10527160E+02  0.19879381E+02
0.57916667E+00  0.19866857E+02  -.98397874E+00  0.19603509E+02  0.10131485E+02  0.19748610E+02
0.58333333E+00  0.19930055E+02  -.94911020E+00  0.19705318E+02  0.97357514E+01  0.19595456E+02
0.58750000E+00  0.19991125E+02  -.91304015E+00  0.19803469E+02  0.93405057E+01  0.19418712E+02
0.59166667E+00  0.20050047E+02  -.87593009E+00  0.19897765E+02  0.89463132E+01  0.19219166E+02
0.59583333E+00  0.20106809E+02  -.83794976E+00  0.19988030E+02  0.85537597E+01  0.18995319E+02
0.60000000E+00  0.20161406E+02  -.79927644E+00  0.20074107E+02  0.81634443E+01  0.18748365E+02
0.60416667E+00  0.20213838E+02  -.76009321E+00  0.20155865E+02  0.77759808E+01  0.18476396E+02
0.60833333E+00  0.20264115E+02  -.72058809E+00  0.20233195E+02  0.73919892E+01  0.18181168E+02
0.61250000E+00  0.20312249E+02  -.68095192E+00  0.20306016E+02  0.70120980E+01  0.17860199E+02
0.61666667E+00  0.20358260E+02  -.64137738E+00  0.20374270E+02  0.66369341E+01  0.17516015E+02
0.62083333E+00  0.20402170E+02  -.60205647E+00  0.20437932E+02  0.62671268E+01  0.17145329E+02
0.62500000E+00  0.20444009E+02  -.56317953E+00  0.20497002E+02  0.59032951E+01  0.16751729E+02
0.62916667E+00  0.20483805E+02  -.52493232E+00  0.20551510E+02  0.55460551E+01  0.16330776E+02
0.63333333E+00  0.20521594E+02  -.48749505E+00  0.20601513E+02  0.51960039E+01  0.15887545E+02
0.63750000E+00  0.20557409E+02  -.45103913E+00  0.20647100E+02  0.48537310E+01  0.15415921E+02
0.64166667E+00  0.20591286E+02  -.41572630E+00  0.20688381E+02  0.45197984E+01  0.14923065E+02
0.64583333E+00  0.20623262E+02  -.38170513E+00  0.20725499E+02  0.41947585E+01  0.14400391E+02
0.65000000E+00  0.20653372E+02  -.34911050E+00  0.20758616E+02  0.38791270E+01  0.13858019E+02
0.65416667E+00  0.20681651E+02  -.31806003E+00  0.20787921E+02  0.35734114E+01  0.13283650E+02
0.65833333E+00  0.20708132E+02  -.28865425E+00  0.20813618E+02  0.32780733E+01  0.12691669E+02
0.66250000E+00  0.20732849E+02  -.26097340E+00  0.20835936E+02  0.29935721E+01  0.12064094E+02
0.66666667E+00  0.20755833E+02  -.23507860E+00  0.20855111E+02  0.27203110E+01  0.11421569E+02
0.67083333E+00  0.20777115E+02  -.21100925E+00  0.20871400E+02  0.24587046E+01  0.10737228E+02
0.67500000E+00  0.20796729E+02  -.18878562E+00  0.20885062E+02  0.22090974E+01  0.10041170E+02
0.67916667E+00  0.20814708E+02  -.16840671E+00  0.20896371E+02  0.19718675E+01  0.92923774E+01
0.68333333E+00  0.20831090E+02  -.14985420E+00  0.20905596E+02  0.17472892E+01  0.85361229E+01
0.68750000E+00  0.20845915E+02  -.13309055E+00  0.20913017E+02  0.15356746E+01  0.77093648E+01
0.69166667E+00  0.20859229E+02  -.11806400E+00  0.20918903E+02  0.13371109E+01  0.68857875E+01
0.69583333E+00  0.20871083E+02  -.10470662E+00  0.20923525E+02  0.11516619E+01  0.59722881E+01
0.70000000E+00  0.20881533E+02  -.92939967E-01  0.20927125E+02  0.97906156E+00  0.51024266E+01
0.70416667E+00  0.20890642E+02  -.82672712E-01  0.20929930E+02  0.81924947E+00  0.41381089E+01
0.70833333E+00  0.20898477E+02  -.73806904E-01  0.20932114E+02  0.67215613E+00  0.33113504E+01
0.71250000E+00  0.20905115E+02  -.66234716E-01  0.20933826E+02  0.53815907E+00  0.23726201E+01
0.71666667E+00  0.20910632E+02  -.59845276E-01  0.20935161E+02  0.41754509E+00  0.16928640E+01
0.72083333E+00  0.20915112E+02  -.54520297E-01  0.20936205E+02  0.31058176E+00  0.80381294E+00
0.72500000E+00  0.20918642E+02  -.50141248E-01  0.20937002E+02  0.21759402E+00  0.33998626E+00
0.72916667E+00  0.20921312E+02  -.46583678E-01  0.20937610E+02  0.13817882E+00  -.54240138E+00
0.73333333E+00  0.20923216E+02  -.43723779E-01  0.20938048E+02  0.73339348E-01  -.69243707E+00
0.73750000E+00  0.20924454E+02  -.41430702E-01  0.20938363E+02  0.20276567E-01  -.16668103E+01
0.74166667E+00  0.20925144E+02  -.39570597E-01  0.20938556E+02  -.16178182E-01  -.12354287E+01
0.74583333E+00  0.20925410E+02  -.37995488E-01  0.20938673E+02  -.53319510E-01  -.24915533E+01
0.75000000E+00  0.20925449E+02  -.36551985E-01  0.20938699E+02  -.11919768E+00  0.57751222E-01
0.75416667E+00  0.20925420E+02  -.35110041E-01  0.20938673E+02  -.37055024E-01  0.26085236E+01
0.75833333E+00  0.20925173E+02  -.33542946E-01  0.20938556E+02  0.18097430E-02  0.13489624E+01
0.76250000E+00  0.20924511E+02  -.31695594E-01  0.20938363E+02  0.42151622E-01  0.17837287E+01
0.76666667E+00  0.20923306E+02  -.29419128E-01  0.20938048E+02  0.98114154E-01  0.80656021E+00
0.77083333E+00  0.20921441E+02  -.26579146E-01  0.20937610E+02  0.16584507E+00  0.65876040E+00
0.77500000E+00  0.20918817E+02  -.23044089E-01  0.20937002E+02  0.24809721E+00  -.22536237E+00
0.77916667E+00  0.20915340E+02  -.18689828E-01  0.20936205E+02  0.34392795E+00  -.68781544E+00
0.78333333E+00  0.20910920E+02  -.13391383E-01  0.20935161E+02  0.45382936E+00  -.15779171E+01
0.78750000E+00  0.20905471E+02  -.70298877E-02  0.20933826E+02  0.57751866E+00  -.22568414E+01
0.79166667E+00  0.20898908E+02  0.51347398E-03  0.20932114E+02  0.71482303E+00  -.31962164E+01
0.79583333E+00  0.20891155E+02  0.93499959E-02  0.20929930E+02  0.86552152E+00  -.40224991E+01
0.80000000E+00  0.20882137E+02  0.19588095E-01  0.20927125E+02  0.10292985E+01  -.49872417E+01
0.80416667E+00  0.20871785E+02  0.31326246E-01  0.20923525E+02  0.12062153E+01  -.58568370E+01
0.80833333E+00  0.20860038E+02  0.44656465E-01  0.20918904E+02  0.13962743E+01  -.67705974E+01
0.81250000E+00  0.20846838E+02  0.59657817E-01  0.20913018E+02  0.15996432E+01  -.75939941E+01
0.81666667E+00  0.20832136E+02  0.76399022E-01  0.20905597E+02  0.18161636E+01  -.84209041E+01
0.82083333E+00  0.20815884E+02  0.94932605E-01  0.20896371E+02  0.20456704E+01  -.91770352E+01
0.82500000E+00  0.20798044E+02  0.11529695E+00  0.20885063E+02  0.22877975E+01  -.99259251E+01
0.82916667E+00  0.20778577E+02  0.13751128E+00  0.20871400E+02  0.25422335E+01  -.10621901E+02
0.83333333E+00  0.20757449E+02  0.16157753E+00  0.20855111E+02  0.28085749E+01  -.11306308E+02
0.83750000E+00  0.20734627E+02  0.18747637E+00  0.20835936E+02  0.30864592E+01  -.11948778E+02
0.84166667E+00  0.20710080E+02  0.21516940E+00  0.20813619E+02  0.33754580E+01  -.12576397E+02
0.84583333E+00  0.20683776E+02  0.24459643E+00  0.20787922E+02  0.36751575E+01  -.13168341E+02
0.85000000E+00  0.20655681E+02  0.27567820E+00  0.20758617E+02  0.39850893E+01  -.13742740E+02
0.85416667E+00  0.20625762E+02  0.30831507E+00  0.20725500E+02  0.43047846E+01  -.14285085E+02
0.85833333E+00  0.20593984E+02  0.34239025E+00  0.20688382E+02  0.46337294E+01  -.14807781E+02
0.86250000E+00  0.20560310E+02  0.37776965E+00  0.20647100E+02  0.49714024E+01  -.15300617E+02
0.86666667E+00  0.20524705E+02  0.41430540E+00  0.20601514E+02  0.53172464E+01  -.15772256E+02
0.87083333E+00  0.20487130E+02  0.45183634E+00  0.20551510E+02  0.56706953E+01  -.16215472E+02
0.87500000E+00  0.20447552E+02  0.49019160E+00  0.20497002E+02  0.60311558E+01  -.16636435E+02
0.87916667E+00  0.20405936E+02  0.52919137E+00  0.20437933E+02  0.63980280E+01  -.17030023E+02
0.88333333E+00  0.20362250E+02  0.56865022E+00  0.20374270E+02  0.67706934E+01  -.17400716E+02
0.88750000E+00  0.20316466E+02  0.60837805E+00  0.20306016E+02  0.71485312E+01  -.17744892E+02
0.89166667E+00  0.20268560E+02  0.64818297E+00  0.20233195E+02  0.75309107E+01  -.18065865E+02
0.89583333E+00  0.20218512E+02  0.68787236E+00  0.20155865E+02  0.79172043E+01  -.18361086E+02
0.90000000E+00  0.20166307E+02  0.72725533E+00  0.20074107E+02  0.83067830E+01  -.18633057E+02
0.90416667E+00  0.20111936E+02  0.76614373E+00  0.19988029E+02  0.86990272E+01  -.18880006E+02
0.90833333E+00  0.20055398E+02  0.80435427E+00  0.19897765E+02  0.90933234E+01  -.19103855E+02
0.91250000E+00  0.19996696E+02  0.84170935E+00  0.19803469E+02  0.94890736E+01  -.19303396E+02
0.91666667E+00  0.19935842E+02  0.87803888E+00  0.19705318E+02  0.98856933E+01  -.19480140E+02
0.92083333E+00  0.19872855E+02  0.91318092E+00  0.19603508E+02  0.10282619E+02  -.19633291E+02
0.92500000E+00  0.19807762E+02  0.94698309E+00  0.19498253E+02  0.10679305E+02  -.19764062E+02
0.92916667E+00  0.19740598E+02  0.97930304E+00  0.19389782E+02  0.11075234E+02  -.19871957E+02
0.93333333E+00  0.19671405E+02  0.10100095E+01  0.19278336E+02  0.11469912E+02  -.19957976E+02
0.93750000E+00  0.19600235E+02  0.10389826E+01  0.19164168E+02  0.11862872E+02  -.20021843E+02
0.94166667E+00  0.19527146E+02  0.10661144E+01  0.19047541E+02  0.12253677E+02  -.20064394E+02
0.94583333E+00  0.19452206E+02  0.10913092E+01  0.18928724E+02  0.12641923E+02  -.20085515E+02
0.95000000E+00  0.19375488E+02  0.11144837E+01  0.18807992E+02  0.13027232E+02  -.20085920E+02
0.95416667E+00  0.19297074E+02  0.11355670E+01  0.18685623E+02  0.13409264E+02  -.20065605E+02
0.95833333E+00  0.19217053E+02  0.11545009E+01  0.18561896E+02  0.13787706E+02  -.20025188E+02
0.96250000E+00  0.19135520E+02  0.11712391E+01  0.18437090E+02  0.14162280E+02  -.19964744E+02
0.96666667E+00  0.19052578E+02  0.11857477E+01  0.18311483E+02  0.14532739E+02  -.19884811E+02
0.97083333E+00  0.18968332E+02  0.11980044E+01  0.18185349E+02  0.14898869E+02  -.19785517E+02
0.97500000E+00  0.18882895E+02  0.12079985E+01  0.18058956E+02  0.15260484E+02  -.19667336E+02
0.97916667E+00  0.18796385E+02  0.12157300E+01  0.17932568E+02  0.15617429E+02  -.19530429E+02
0.98333333E+00  0.18708920E+02  0.12212098E+01  0.17806440E+02  0.15969577E+02  -.19375218E+02
0.98750000E+00  0.18620626E+02  0.12244585E+01  0.17680821E+02  0.16316829E+02  -.19201889E+02
0.99166667E+00  0.18531628E+02  0.12255063E+01  0.17555948E+02  0.16659110E+02  -.19010827E+02
0.99583333E+00  0.18442056E+02  0.12243924E+01  0.17432049E+02  0.16996368E+02  -.18802240E+02
0.10000000E+01  0.18352039E+02  0.12211642E+01  0.17309341E+02  0.17328576E+02  -.18576489E+02
