0.00000000E+00  0.32830996E+02  0.73949390E+01  0.81436743E+02  -.11153411E+02
0.41666667E-02  0.31592773E+02  0.71767504E+01  0.80661552E+02  -.11157065E+02
0.83333333E-02  0.30367888E+02  0.69524015E+01  0.79870953E+02  -.11043813E+02
0.12500000E-01  0.29158381E+02  0.67228769E+01  0.79067695E+02  -.10949151E+02
0.16666667E-01  0.27966214E+02  0.64891605E+01  0.78253488E+02  -.10837362E+02
0.20833333E-01  0.26793265E+02  0.62522254E+01  0.77428192E+02  -.10717904E+02
0.25000000E-01  0.25641318E+02  0.60130320E+01  0.76592649E+02  -.10589128E+02
0.29166667E-01  0.24512054E+02  0.57725177E+01  0.75747398E+02  -.10451396E+02
0.33333333E-01  0.23407045E+02  0.55315956E+01  0.74893104E+02  -.10305451E+02
0.37500000E-01  0.22327747E+02  0.52911444E+01  0.74030471E+02  -.10151144E+02
0.41666667E-01  0.21275491E+02  0.50520083E+01  0.73160214E+02  -.99892941E+01
0.45833333E-01  0.20251483E+02  0.48149872E+01  0.72283121E+02  -.98198450E+01
0.50000000E-01  0.19256796E+02  0.45808376E+01  0.71399989E+02  -.96435452E+01
0.54166667E-01  0.18292371E+02  0.43502645E+01  0.70511680E+02  -.94604478E+01
0.58333333E-01  0.17359009E+02  0.41239219E+01  0.69619073E+02  -.92712364E+01
0.62500000E-01  0.16457375E+02  0.39024073E+01  0.68723106E+02  -.90760520E+01
0.66666667E-01  0.15587999E+02  0.36862620E+01  0.67824740E+02  -.88755253E+01
0.70833333E-01  0.14751271E+02  0.34759678E+01  0.66924984E+02  -.86698643E+01
0.75000000E-01  0.13947450E+02  0.32719479E+01  0.66024859E+02  -.84596547E+01
0.79166667E-01  0.13176663E+02  0.30745648E+01  0.65125426E+02  -.82451537E+01
0.83333333E-01  0.12438910E+02  0.28841224E+01  0.64227841E+02  -.80269075E+01
0.87500000E-01  0.11734071E+02  0.27008654E+01  0.63333271E+02  -.78052039E+01
0.91666667E-01  0.11061909E+02  0.25249816E+01  0.62442877E+02  -.75805500E+01
0.95833333E-01  0.10422079E+02  0.23566031E+01  0.61557883E+02  -.73532519E+01
0.10000000E+00  0.98141351E+01  0.21958093E+01  0.60679531E+02  -.71237768E+01
0.10416667E+00  0.92375372E+01  0.20426288E+01  0.59809102E+02  -.68924341E+01
0.10833333E+00  0.86916603E+01  0.18970431E+01  0.58947899E+02  -.66596487E+01
0.11250000E+00  0.81758035E+01  0.17589892E+01  0.58097259E+02  -.64257202E+01
0.11666667E+00  0.76891985E+01  0.16283639E+01  0.57258538E+02  -.61910274E+01
0.12083333E+00  0.72310194E+01  0.15050271E+01  0.56433122E+02  -.59558486E+01
0.12500000E+00  0.68003916E+01  0.13888055E+01  0.55622416E+02  -.57205120E+01
0.12916667E+00  0.63964014E+01  0.12794970E+01  0.54827846E+02  -.54852643E+01
0.13333333E+00  0.60181045E+01  0.11768743E+01  0.54050856E+02  -.52503785E+01
0.13750000E+00  0.56645356E+01  0.10806888E+01  0.53292906E+02  -.50160618E+01
0.14166667E+00  0.53347161E+01  0.99067468E+00  0.52555466E+02  -.47825290E+01
0.14583333E+00  0.50276622E+01  0.90655250E+00  0.51840014E+02  -.45499427E+01
0.15000000E+00  0.47423930E+01  0.82803295E+00  0.51148025E+02  -.43184584E+01
0.15416667E+00  0.44779362E+01  0.75482028E+00  0.50480966E+02  -.40881937E+01
0.15833333E+00  0.42333353E+01  0.68661572E+00  0.49840284E+02  -.38592473E+01
0.16250000E+00  0.40076542E+01  0.62312064E+00  0.49227393E+02  -.36316969E+01
0.16666667E+00  0.37999822E+01  0.56403966E+00  0.48643656E+02  -.34055920E+01
0.17083333E+00  0.36094376E+01  0.50908352E+00  0.48090362E+02  -.31809819E+01
0.17500000E+00  0.34351704E+01  0.45797189E+00  0.47568702E+02  -.29578795E+01
0.17916667E+00  0.32763641E+01  0.41043601E+00  0.47079742E+02  -.27363248E+01
0.18333333E+00  0.31322365E+01  0.36622115E+00  0.46624382E+02  -.25163113E+01
0.18750000E+00  0.30020399E+01  0.32508905E+00  0.46203330E+02  -.22978964E+01
0.19166667E+00  0.28850591E+01  0.28681990E+00  0.45817051E+02  -.20810794E+01
0.19583333E+00  0.27806095E+01  0.25121436E+00  0.45465746E+02  -.18659750E+01
0.20000000E+00  0.26880336E+01  0.21809501E+00  0.45149308E+02  -.16526189E+01
0.20416667E+00  0.26066954E+01  0.18730832E+00  0.44867318E+02  -.14411937E+01
0.20833333E+00  0.25359740E+01  0.15872682E+00  0.44619028E+02  -.12316563E+01
0.21250000E+00  0.24752549E+01  0.13225431E+00  0.44403380E+02  -.10238471E+01
0.21666667E+00  0.24239201E+01  0.10783331E+00  0.44218951E+02  -.81668513E+00
0.22083333E+00  0.23813421E+01  0.85457404E-01  0.44063765E+02  -.60803666E+00
0.22500000E+00  0.23468819E+01  0.65175092E-01  0.43934873E+02  -.39428417E+00
0.22916667E+00  0.23199103E+01  0.47075133E-01  0.43827508E+02  -.17234528E+00
0.23333333E+00  0.22998170E+01  0.31201871E-01  0.43734703E+02  0.54678314E-01
0.23750000E+00  0.22860574E+01  0.17397590E-01  0.43647816E+02  0.26809698E+00
0.24166667E+00  0.22779610E+01  0.50664454E-02  0.43561950E+02  0.42144707E+00
0.24583333E+00  0.22746636E+01  -.69512287E-02  0.43485039E+02  0.45289392E+00
0.25000000E+00  0.22740654E+01  -.19472682E-01  0.43448918E+02  0.34139421E+00
0.25416667E+00  0.22743498E+01  -.32023820E-01  0.43478228E+02  0.22810932E+00
0.25833333E+00  0.22771967E+01  -.44102264E-01  0.43548606E+02  0.26054857E+00
0.26250000E+00  0.22847469E+01  -.56508219E-01  0.43627998E+02  0.41304378E+00
0.26666667E+00  0.22978860E+01  -.70426940E-01  0.43708552E+02  0.62861952E+00
0.27083333E+00  0.23172839E+01  -.86497919E-01  0.43794851E+02  0.85685716E+00
0.27500000E+00  0.23434801E+01  -.10490976E+00  0.43895687E+02  0.10820343E+01
0.27916667E+00  0.23770815E+01  -.12563472E+00  0.44017893E+02  0.12982315E+01
0.28333333E+00  0.24187161E+01  -.14859537E+00  0.44166374E+02  0.15107663E+01
0.28750000E+00  0.24690222E+01  -.17374962E+00  0.44343977E+02  0.17213601E+01
0.29166667E+00  0.25286262E+01  -.20111170E+00  0.44552768E+02  0.19337486E+01
0.29583333E+00  0.25981436E+01  -.23074561E+00  0.44794083E+02  0.21476949E+01
0.30000000E+00  0.26781850E+01  -.26275605E+00  0.45069040E+02  0.23644599E+01
0.30416667E+00  0.27693662E+01  -.29727814E+00  0.45378325E+02  0.25831717E+01
0.30833333E+00  0.28723168E+01  -.33447457E+00  0.45722395E+02  0.28043981E+01
0.31250000E+00  0.29876870E+01  -.37453136E+00  0.46101313E+02  0.30274761E+01
0.31666667E+00  0.31161534E+01  -.41765773E+00  0.46514906E+02  0.32527995E+01
0.32083333E+00  0.32584220E+01  -.46408322E+00  0.46962678E+02  0.34799425E+01
0.32500000E+00  0.34152313E+01  -.51405707E+00  0.47443939E+02  0.37091892E+01
0.32916667E+00  0.35873533E+01  -.56784508E+00  0.47957768E+02  0.39402572E+01
0.33333333E+00  0.37755941E+01  -.62572820E+00  0.48503115E+02  0.41733336E+01
0.33750000E+00  0.39807930E+01  -.68799932E+00  0.49078776E+02  0.44082106E+01
0.34166667E+00  0.42038209E+01  -.75496119E+00  0.49683471E+02  0.46449875E+01
0.34583333E+00  0.44455775E+01  -.82692311E+00  0.50315835E+02  0.48834842E+01
0.35000000E+00  0.47069880E+01  -.90419846E+00  0.50974464E+02  0.51237174E+01
0.35416667E+00  0.49889987E+01  -.98710115E+00  0.51657912E+02  0.53655025E+01
0.35833333E+00  0.52925715E+01  -.10759427E+01  0.52364720E+02  0.56087778E+01
0.36250000E+00  0.56186779E+01  -.11710287E+01  0.53093419E+02  0.58533339E+01
0.36666667E+00  0.59682928E+01  -.12726551E+01  0.53842543E+02  0.60990359E+01
0.37083333E+00  0.63423868E+01  -.13811045E+01  0.54610629E+02  0.63456390E+01
0.37500000E+00  0.67419186E+01  -.14966426E+01  0.55396231E+02  0.65929416E+01
0.37916667E+00  0.71678265E+01  -.16195137E+01  0.56197914E+02  0.68406599E+01
0.38333333E+00  0.76210200E+01  -.17499372E+01  0.57014268E+02  0.70885339E+01
0.38750000E+00  0.81023708E+01  -.18881030E+01  0.57843897E+02  0.73362419E+01
0.39166667E+00  0.86127037E+01  -.20341680E+01  0.58685434E+02  0.75834748E+01
0.39583333E+00  0.91527875E+01  -.21882517E+01  0.59537533E+02  0.78298770E+01
0.40000000E+00  0.97233257E+01  -.23504324E+01  0.60398877E+02  0.80750998E+01
0.40416667E+00  0.10324948E+02  -.25207437E+01  0.61268176E+02  0.83187600E+01
0.40833333E+00  0.10958200E+02  -.26991709E+01  0.62144167E+02  0.85604785E+01
0.41250000E+00  0.11623539E+02  -.28856478E+01  0.63025621E+02  0.87998512E+01
0.41666667E+00  0.12321319E+02  -.30800539E+01  0.63911339E+02  0.90364781E+01
0.42083333E+00  0.13051790E+02  -.32822120E+01  0.64800149E+02  0.92699414E+01
0.42500000E+00  0.13815089E+02  -.34918863E+01  0.65690955E+02  0.94998279E+01
0.42916667E+00  0.14611233E+02  -.37087806E+01  0.66582597E+02  0.97257157E+01
0.43333333E+00  0.15440114E+02  -.39325377E+01  0.67473996E+02  0.99471849E+01
0.43750000E+00  0.16301497E+02  -.41627386E+01  0.68364174E+02  0.10163813E+02
0.44166667E+00  0.17195015E+02  -.43989029E+01  0.69252137E+02  0.10375183E+02
0.44583333E+00  0.18120164E+02  -.46404893E+01  0.70136936E+02  0.10580880E+02
0.45000000E+00  0.19076309E+02  -.48868973E+01  0.71017658E+02  0.10780496E+02
0.45416667E+00  0.20062675E+02  -.51374688E+01  0.71893431E+02  0.10973627E+02
0.45833333E+00  0.21078354E+02  -.53914905E+01  0.72763418E+02  0.11159879E+02
0.46250000E+00  0.22122305E+02  -.56481976E+01  0.73626824E+02  0.11338866E+02
0.46666667E+00  0.23193355E+02  -.59067765E+01  0.74482892E+02  0.11510212E+02
0.47083333E+00  0.24290206E+02  -.61663700E+01  0.75330905E+02  0.11673553E+02
0.47500000E+00  0.25411437E+02  -.64260808E+01  0.76170183E+02  0.11828537E+02
0.47916667E+00  0.26555512E+02  -.66849777E+01  0.77000085E+02  0.11974823E+02
0.48333333E+00  0.27720783E+02  -.69421000E+01  0.77820008E+02  0.12112086E+02
0.48750000E+00  0.28905502E+02  -.71964639E+01  0.78629385E+02  0.12240014E+02
0.49166667E+00  0.30107826E+02  -.74470686E+01  0.79427685E+02  0.12358310E+02
0.49583333E+00  0.31325825E+02  -.76929019E+01  0.80214415E+02  0.12466693E+02
0.50000000E+00  0.32557492E+02  -.79329476E+01  0.80989113E+02  0.12564897E+02
0.50416667E+00  0.33800755E+02  -.81661910E+01  0.81751354E+02  0.12652673E+02
0.50833333E+00  0.35053484E+02  -.83916264E+01  0.82500744E+02  0.12729789E+02
0.51250000E+00  0.36313500E+02  -.86082629E+01  0.83236920E+02  0.12796030E+02
0.51666667E+00  0.37578590E+02  -.88151314E+01  0.83959552E+02  0.12851198E+02
0.52083333E+00  0.38846514E+02  -.90112905E+01  0.84668337E+02  0.12895113E+02
0.52500000E+00  0.40115019E+02  -.91958332E+01  0.85363003E+02  0.12927612E+02
0.52916667E+00  0.41381844E+02  -.93678921E+01  0.86043303E+02  0.12948551E+02
0.53333333E+00  0.42644736E+02  -.95266457E+01  0.86709020E+02  0.12957803E+02
0.53750000E+00  0.43901459E+02  -.96713231E+01  0.87359959E+02  0.12955260E+02
0.54166667E+00  0.45149800E+02  -.98012094E+01  0.87995951E+02  0.12940833E+02
0.54583333E+00  0.46387585E+02  -.99156499E+01  0.88616849E+02  0.12914448E+02
0.55000000E+00  0.47612684E+02  -.10014055E+02  0.89222531E+02  0.12876053E+02
0.55416667E+00  0.48823022E+02  -.10095901E+02  0.89812895E+02  0.12825613E+02
0.55833333E+00  0.50016586E+02  -.10160739E+02  0.90387859E+02  0.12763110E+02
0.56250000E+00  0.51191434E+02  -.10208190E+02  0.90947361E+02  0.12688547E+02
0.56666667E+00  0.52345701E+02  -.10237954E+02  0.91491360E+02  0.12601945E+02
0.57083333E+00  0.53477609E+02  -.10249808E+02  0.92019830E+02  0.12503340E+02
0.57500000E+00  0.54585470E+02  -.10243606E+02  0.92532764E+02  0.12392792E+02
0.57916667E+00  0.55667694E+02  -.10219284E+02  0.93030173E+02  0.12270376E+02
0.58333333E+00  0.56722793E+02  -.10176855E+02  0.93512081E+02  0.12136188E+02
0.58750000E+00  0.57749385E+02  -.10116413E+02  0.93978530E+02  0.11990340E+02
0.59166667E+00  0.58746201E+02  -.10038131E+02  0.94429573E+02  0.11832964E+02
0.59583333E+00  0.59712084E+02  -.99422559E+01  0.94865280E+02  0.11664208E+02
0.60000000E+00  0.60645996E+02  -.98291131E+01  0.95285732E+02  0.11484240E+02
0.60416667E+00  0.61547019E+02  -.96990997E+01  0.95691023E+02  0.11293240E+02
0.60833333E+00  0.62414356E+02  -.95526839E+01  0.96081258E+02  0.11091405E+02
0.61250000E+00  0.63247332E+02  -.93904018E+01  0.96456553E+02  0.10878939E+02
0.61666667E+00  0.64045397E+02  -.92128544E+01  0.96817033E+02  0.10656059E+02
0.62083333E+00  0.64808123E+02  -.90207043E+01  0.97162833E+02  0.10422981E+02
0.62500000E+00  0.65535208E+02  -.88146727E+01  0.97494097E+02  0.10179920E+02
0.62916667E+00  0.66226471E+02  -.85955359E+01  0.97810984E+02  0.99270835E+01
0.63333333E+00  0.66881852E+02  -.83641222E+01  0.98113664E+02  0.96646636E+01
0.63750000E+00  0.67501411E+02  -.81213085E+01  0.98402313E+02  0.93928279E+01
0.64166667E+00  0.68085323E+02  -.78680176E+01  0.98677125E+02  0.91117173E+01
0.64583333E+00  0.68633879E+02  -.76052149E+01  0.98938316E+02  0.88214337E+01
0.65000000E+00  0.69147474E+02  -.73339062E+01  0.99186128E+02  0.85220471E+01
0.65416667E+00  0.69626608E+02  -.70551343E+01  0.99420835E+02  0.82135868E+01
0.65833333E+00  0.70071879E+02  -.67699757E+01  0.99642750E+02  0.78960623E+01
0.66250000E+00  0.70483972E+02  -.64795370E+01  0.99852236E+02  0.75694672E+01
0.66666667E+00  0.70863653E+02  -.61849491E+01  0.10004971E+03  0.72338242E+01
0.67083333E+00  0.71211761E+02  -.58873600E+01  0.10023567E+03  0.68892092E+01
0.67500000E+00  0.71529200E+02  -.55879254E+01  0.10041067E+03  0.65358301E+01
0.67916667E+00  0.71816927E+02  -.52877949E+01  0.10057535E+03  0.61740764E+01
0.68333333E+00  0.72075947E+02  -.49880944E+01  0.10073043E+03  0.58046340E+01
0.68750000E+00  0.72307307E+02  -.46899033E+01  0.10087669E+03  0.54285534E+01
0.69166667E+00  0.72512094E+02  -.43942266E+01  0.10101496E+03  0.50473895E+01
0.69583333E+00  0.72691439E+02  -.41019617E+01  0.10114609E+03  0.46632578E+01
0.70000000E+00  0.72846526E+02  -.38138607E+01  0.10127087E+03  0.42789608E+01
0.70416667E+00  0.72978604E+02  -.35304909E+01  0.10139002E+03  0.38979676E+01
0.70833333E+00  0.73089018E+02  -.32521959E+01  0.10150409E+03  0.35244574E+01
0.71250000E+00  0.73179229E+02  -.29790640E+01  0.10161336E+03  0.31631212E+01
0.71666667E+00  0.73250860E+02  -.27109058E+01  0.10171777E+03  0.28190360E+01
0.72083333E+00  0.73305720E+02  -.24472564E+01  0.10181683E+03  0.24971799E+01
0.72500000E+00  0.73345844E+02  -.21873979E+01  0.10190956E+03  0.22020888E+01
0.72916667E+00  0.73373491E+02  -.19304278E+01  0.10199452E+03  0.19370484E+01
0.73333333E+00  0.73391140E+02  -.16753499E+01  0.10206980E+03  0.17036438E+01
0.73750000E+00  0.73401393E+02  -.14212308E+01  0.10213323E+03  0.15008063E+01
0.74166667E+00  0.73406869E+02  -.11673438E+01  0.10218258E+03  0.13247218E+01
0.74583333E+00  0.73409876E+02  -.91335913E+00  0.10221591E+03  0.11683143E+01
0.75000000E+00  0.73412151E+02  -.65932008E+00  0.10223191E+03  0.10223560E+01
0.75416667E+00  0.73414338E+02  -.40528739E+00  0.10223010E+03  0.87586750E+00
0.75833333E+00  0.73415933E+02  -.15126997E+00  0.10221096E+03  0.71838236E+00
0.76250000E+00  0.73415331E+02  0.10269847E+00  0.10217581E+03  0.54028224E+00
0.76666667E+00  0.73410285E+02  0.35693117E+00  0.10212660E+03  0.33501980E+00
0.77083333E+00  0.73398209E+02  0.61215956E+00  0.10206553E+03  0.98459688E-01
0.77500000E+00  0.73376511E+02  0.86934442E+00  0.10199477E+03  -.17000877E+00
0.77916667E+00  0.73342706E+02  0.11295267E+01  0.10191617E+03  -.46909056E+00
0.78333333E+00  0.73294523E+02  0.13936665E+01  0.10183118E+03  -.79514597E+00
0.78750000E+00  0.73229910E+02  0.16625464E+01  0.10174074E+03  -.11439077E+01
0.79166667E+00  0.73147037E+02  0.19366978E+01  0.10164534E+03  -.15101366E+01
0.79583333E+00  0.73044264E+02  0.22163750E+01  0.10154499E+03  -.18889952E+01
0.80000000E+00  0.72920108E+02  0.25015508E+01  0.10143941E+03  -.22755995E+01
0.80416667E+00  0.72773204E+02  0.27919368E+01  0.10132803E+03  -.26659722E+01
0.80833333E+00  0.72602281E+02  0.30870142E+01  0.10121014E+03  -.30564960E+01
0.81250000E+00  0.72406134E+02  0.33860736E+01  0.10108490E+03  -.34445301E+01
0.81666667E+00  0.72183608E+02  0.36882534E+01  0.10095147E+03  -.38278391E+01
0.82083333E+00  0.71933593E+02  0.39925794E+01  0.10080901E+03  -.42049927E+01
0.82500000E+00  0.71655016E+02  0.42979973E+01  0.10065672E+03  -.45748392E+01
0.82916667E+00  0.71346843E+02  0.46034027E+01  0.10049388E+03  -.49367866E+01
0.83333333E+00  0.71008090E+02  0.49076634E+01  0.10031984E+03  -.52903585E+01
0.83750000E+00  0.70637824E+02  0.52096382E+01  0.10013402E+03  -.56354173E+01
0.84166667E+00  0.70235174E+02  0.55081903E+01  0.99935928E+02  -.59718116E+01
0.84583333E+00  0.69799342E+02  0.58021978E+01  0.99725131E+02  -.62995721E+01
0.85000000E+00  0.69329610E+02  0.60905606E+01  0.99501256E+02  -.66186395E+01
0.85416667E+00  0.68825347E+02  0.63722063E+01  0.99263979E+02  -.69290459E+01
0.85833333E+00  0.68286021E+02  0.66460938E+01  0.99013015E+02  -.72307044E+01
0.86250000E+00  0.67711200E+02  0.69112171E+01  0.98748113E+02  -.75235789E+01
0.86666667E+00  0.67100561E+02  0.71666077E+01  0.98469046E+02  -.78075157E+01
0.87083333E+00  0.66453895E+02  0.74113377E+01  0.98175612E+02  -.80824034E+01
0.87500000E+00  0.65771109E+02  0.76445223E+01  0.97867626E+02  -.83480256E+01
0.87916667E+00  0.65052231E+02  0.78653229E+01  0.97544904E+02  -.86042164E+01
0.88333333E+00  0.64297407E+02  0.80729505E+01  0.97207283E+02  -.88507230E+01
0.88750000E+00  0.63506912E+02  0.82666685E+01  0.96854610E+02  -.90873566E+01
0.89166667E+00  0.62681143E+02  0.84457963E+01  0.96486741E+02  -.93138518E+01
0.89583333E+00  0.61820620E+02  0.86097124E+01  0.96103545E+02  -.95300232E+01
0.90000000E+00  0.60925991E+02  0.87578578E+01  0.95704897E+02  -.97356121E+01
0.90416667E+00  0.59998028E+02  0.88897390E+01  0.95290687E+02  -.99304570E+01
0.90833333E+00  0.59037626E+02  0.90049309E+01  0.94860814E+02  -.10114317E+02
0.91250000E+00  0.58045799E+02  0.91030793E+01  0.94415192E+02  -.10287068E+02
0.91666667E+00  0.57023685E+02  0.91839033E+01  0.93953746E+02  -.10448492E+02
0.92083333E+00  0.55972535E+02  0.92471972E+01  0.93476418E+02  -.10598511E+02
0.92500000E+00  0.54893714E+02  0.92928315E+01  0.92983163E+02  -.10736928E+02
0.92916667E+00  0.53788697E+02  0.93207547E+01  0.92473952E+02  -.10863717E+02
0.93333333E+00  0.52659064E+02  0.93309927E+01  0.91948771E+02  -.10978701E+02
0.93750000E+00  0.51506494E+02  0.93236500E+01  0.91407628E+02  -.11081912E+02
0.94166667E+00  0.50332759E+02  0.92989083E+01  0.90850542E+02  -.11173183E+02
0.94583333E+00  0.49139721E+02  0.92570262E+01  0.90277559E+02  -.11252615E+02
0.95000000E+00  0.47929321E+02  0.91983372E+01  0.89688735E+02  -.11320044E+02
0.95416667E+00  0.46703573E+02  0.91232485E+01  0.89084157E+02  -.11375646E+02
0.95833333E+00  0.45464559E+02  0.90322379E+01  0.88463921E+02  -.11419246E+02
0.96250000E+00  0.44214416E+02  0.89258511E+01  0.87828162E+02  -.11451116E+02
0.96666667E+00  0.42955329E+02  0.88046983E+01  0.87177014E+02  -.11471045E+02
0.97083333E+00  0.41689523E+02  0.86694503E+01  0.86510671E+02  -.11479437E+02
0.97500000E+00  0.40419249E+02  0.85208340E+01  0.85829289E+02  -.11475963E+02
0.97916667E+00  0.39146780E+02  0.83596283E+01  0.85133181E+02  -.11461395E+02
0.98333333E+00  0.37874396E+02  0.81866577E+01  0.84422373E+02  -.11434535E+02
0.98750000E+00  0.36604374E+02  0.80027884E+01  0.83697751E+02  -.11399079E+02
0.99166667E+00  0.35338980E+02  0.78089209E+01  0.82957929E+02  -.11343922E+02
0.99583333E+00  0.34080452E+02  0.76059863E+01  0.82207814E+02  -.11308144E+02
0.10000000E+01  0.32830996E+02  0.73949390E+01  0.81436745E+02  -.11153410E+02
