0.00000000E+00  0.21407601E+02  0.25261840E+01  0.19382020E+02  0.19427168E+02  -.24511182E+02
0.41666667E-02  0.20979321E+02  0.24505574E+01  0.18977252E+02  0.19517565E+02  -.24113610E+02
0.83333333E-02  0.20562789E+02  0.23746433E+01  0.18586411E+02  0.19601069E+02  -.23709422E+02
0.12500000E-01  0.20158142E+02  0.22986856E+01  0.18209372E+02  0.19678333E+02  -.23298717E+02
0.16666667E-01  0.19765471E+02  0.22229034E+01  0.17845979E+02  0.19749989E+02  -.22882009E+02
0.20833333E-01  0.19384825E+02  0.21474923E+01  0.17496054E+02  0.19816649E+02  -.22459331E+02
0.25000000E-01  0.19016218E+02  0.20726258E+01  0.17159396E+02  0.19878899E+02  -.22031038E+02
0.29166667E-01  0.18659627E+02  0.19984570E+01  0.16835787E+02  0.19937305E+02  -.21597101E+02
0.33333333E-01  0.18314999E+02  0.19251197E+01  0.16524993E+02  0.19992405E+02  -.21157742E+02
0.37500000E-01  0.17982253E+02  0.18527304E+01  0.16226771E+02  0.20044715E+02  -.20712871E+02
0.41666667E-01  0.17661286E+02  0.17813896E+01  0.15940864E+02  0.20094726E+02  -.20262598E+02
0.45833333E-01  0.17351970E+02  0.17111831E+01  0.15667011E+02  0.20142901E+02  -.19806780E+02
0.50000000E-01  0.17054160E+02  0.16421839E+01  0.15404945E+02  0.20189680E+02  -.19345437E+02
0.54166667E-01  0.16767692E+02  0.15744530E+01  0.15154392E+02  0.20235477E+02  -.18878387E+02
0.58333333E-01  0.16492391E+02  0.15080412E+01  0.14915079E+02  0.20280679E+02  -.18405581E+02
0.62500000E-01  0.16228065E+02  0.14429901E+01  0.14686727E+02  0.20325647E+02  -.17926817E+02
0.66666667E-01  0.15974515E+02  0.13793331E+01  0.14469060E+02  0.20370717E+02  -.17442007E+02
0.70833333E-01  0.15731531E+02  0.13170970E+01  0.14261799E+02  0.20416196E+02  -.16950955E+02
0.75000000E-01  0.15498895E+02  0.12563027E+01  0.14064666E+02  0.20462365E+02  -.16453572E+02
0.79166667E-01  0.15276385E+02  0.11969660E+01  0.13877382E+02  0.20509477E+02  -.15949705E+02
0.83333333E-01  0.15063770E+02  0.11390987E+01  0.13699668E+02  0.20557759E+02  -.15439318E+02
0.87500000E-01  0.14860819E+02  0.10827094E+01  0.13531248E+02  0.20607406E+02  -.14922356E+02
0.91666667E-01  0.14667293E+02  0.10278039E+01  0.13371843E+02  0.20658584E+02  -.14398906E+02
0.95833333E-01  0.14482956E+02  0.97438622E+00  0.13221173E+02  0.20711430E+02  -.13869091E+02
0.10000000E+00  0.14307566E+02  0.92245858E+00  0.13078960E+02  0.20766048E+02  -.13333215E+02
0.10416667E+00  0.14140881E+02  0.87202220E+00  0.12944921E+02  0.20822509E+02  -.12791680E+02
0.10833333E+00  0.13982660E+02  0.82307740E+00  0.12818773E+02  0.20880853E+02  -.12245121E+02
0.11250000E+00  0.13832662E+02  0.77562385E+00  0.12700230E+02  0.20941083E+02  -.11694341E+02
0.11666667E+00  0.13690645E+02  0.72966069E+00  0.12589001E+02  0.21003166E+02  -.11140425E+02
0.12083333E+00  0.13556369E+02  0.68518646E+00  0.12484794E+02  0.21067033E+02  -.10584679E+02
0.12500000E+00  0.13429597E+02  0.64219910E+00  0.12387311E+02  0.21132580E+02  -.10028718E+02
0.12916667E+00  0.13310092E+02  0.60069578E+00  0.12296251E+02  0.21199661E+02  -.94743797E+01
0.13333333E+00  0.13197620E+02  0.56067273E+00  0.12211311E+02  0.21268098E+02  -.89237726E+01
0.13750000E+00  0.13091951E+02  0.52212506E+00  0.12132184E+02  0.21337674E+02  -.83791442E+01
0.14166667E+00  0.12992855E+02  0.48504662E+00  0.12058566E+02  0.21408137E+02  -.78428749E+01
0.14583333E+00  0.12900109E+02  0.44942981E+00  0.11990150E+02  0.21479208E+02  -.73173016E+01
0.15000000E+00  0.12813489E+02  0.41526556E+00  0.11926636E+02  0.21550576E+02  -.68046845E+01
0.15416667E+00  0.12732777E+02  0.38254336E+00  0.11867730E+02  0.21621915E+02  -.63070134E+01
0.15833333E+00  0.12657757E+02  0.35125132E+00  0.11813145E+02  0.21692879E+02  -.58260046E+01
0.16250000E+00  0.12588216E+02  0.32137639E+00  0.11762608E+02  0.21763119E+02  -.53629339E+01
0.16666667E+00  0.12523946E+02  0.29290467E+00  0.11715856E+02  0.21832279E+02  -.49187138E+01
0.17083333E+00  0.12464738E+02  0.26582167E+00  0.11672643E+02  0.21900014E+02  -.44937661E+01
0.17500000E+00  0.12410391E+02  0.24011278E+00  0.11632739E+02  0.21965985E+02  -.40881895E+01
0.17916667E+00  0.12360703E+02  0.21576358E+00  0.11595928E+02  0.22029867E+02  -.37016394E+01
0.18333333E+00  0.12315477E+02  0.19276022E+00  0.11562011E+02  0.22091351E+02  -.33335727E+01
0.18750000E+00  0.12274518E+02  0.17108957E+00  0.11530805E+02  0.22150145E+02  -.29830859E+01
0.19166667E+00  0.12237635E+02  0.15073926E+00  0.11502139E+02  0.22205973E+02  -.26492418E+01
0.19583333E+00  0.12204641E+02  0.13169719E+00  0.11475857E+02  0.22258577E+02  -.23308333E+01
0.20000000E+00  0.12175352E+02  0.11395051E+00  0.11451813E+02  0.22307713E+02  -.20268501E+01
0.20416667E+00  0.12149590E+02  0.97483797E-01  0.11429874E+02  0.22353152E+02  -.17361591E+01
0.20833333E+00  0.12127182E+02  0.82275819E-01  0.11409915E+02  0.22394681E+02  -.14582350E+01
0.21250000E+00  0.12107962E+02  0.68295327E-01  0.11391823E+02  0.22432103E+02  -.11927377E+01
0.21666667E+00  0.12091771E+02  0.55494376E-01  0.11375501E+02  0.22465247E+02  -.94067691E+00
0.22083333E+00  0.12078451E+02  0.43801342E-01  0.11360869E+02  0.22493972E+02  -.70375302E+00
0.22500000E+00  0.12067844E+02  0.33110358E-01  0.11347875E+02  0.22518188E+02  -.48607772E+00
0.22916667E+00  0.12059782E+02  0.23274853E-01  0.11336509E+02  0.22537872E+02  -.29281661E+00
0.23333333E+00  0.12054059E+02  0.14096825E-01  0.11326811E+02  0.22553099E+02  -.13228807E+00
0.23750000E+00  0.12050426E+02  0.53344843E-02  0.11318891E+02  0.22564059E+02  -.12630949E-01
0.24166667E+00  0.12048509E+02  -.32877273E-02  0.11312936E+02  0.22571073E+02  0.57136195E-01
0.24583333E+00  0.12047847E+02  -.12020682E-01  0.11309194E+02  0.22574563E+02  0.76308357E-01
0.25000000E+00  0.12047752E+02  -.20933788E-01  0.11307910E+02  0.22574946E+02  0.57711584E-01
0.25416667E+00  0.12047810E+02  -.29849614E-01  0.11309194E+02  0.22572468E+02  0.38931100E-01
0.25833333E+00  0.12048422E+02  -.38588017E-01  0.11312937E+02  0.22567050E+02  0.58314561E-01
0.26250000E+00  0.12050278E+02  -.47216589E-01  0.11318892E+02  0.22558324E+02  0.12790600E+00
0.26666667E+00  0.12053841E+02  -.55985681E-01  0.11326811E+02  0.22545835E+02  0.24773318E+00
0.27083333E+00  0.12059484E+02  -.65172167E-01  0.11336509E+02  0.22529198E+02  0.40810350E+00
0.27500000E+00  0.12067461E+02  -.75019700E-01  0.11347875E+02  0.22508159E+02  0.60150565E+00
0.27916667E+00  0.12077975E+02  -.85727918E-01  0.11360869E+02  0.22482594E+02  0.81905076E+00
0.28333333E+00  0.12091196E+02  -.97445030E-01  0.11375501E+02  0.22452486E+02  0.10560906E+01
0.28750000E+00  0.12107281E+02  -.11027819E+00  0.11391823E+02  0.22417898E+02  0.13080473E+01
0.29166667E+00  0.12126387E+02  -.12430023E+00  0.11409914E+02  0.22378951E+02  0.15736378E+01
0.29583333E+00  0.12148673E+02  -.13956002E+00  0.11429874E+02  0.22335804E+02  0.18514797E+01
0.30000000E+00  0.12174306E+02  -.15608973E+00  0.11451813E+02  0.22288643E+02  0.21422443E+01
0.30416667E+00  0.12203457E+02  -.17391129E+00  0.11475857E+02  0.22237675E+02  0.24461630E+01
0.30833333E+00  0.12236306E+02  -.19304088E+00  0.11502139E+02  0.22183121E+02  0.27646288E+01
0.31250000E+00  0.12273034E+02  -.21349200E+00  0.11530805E+02  0.22125219E+02  0.30984229E+01
0.31666667E+00  0.12313830E+02  -.23527742E+00  0.11562011E+02  0.22064221E+02  0.34489540E+01
0.32083333E+00  0.12358884E+02  -.25841015E+00  0.11595928E+02  0.22000398E+02  0.38169823E+01
0.32500000E+00  0.12408391E+02  -.28290400E+00  0.11632739E+02  0.21934035E+02  0.42035665E+01
0.32916667E+00  0.12462549E+02  -.30877346E+00  0.11672643E+02  0.21865439E+02  0.46091141E+01
0.33333333E+00  0.12521557E+02  -.33603368E+00  0.11715856E+02  0.21794932E+02  0.50340881E+01
0.33750000E+00  0.12585620E+02  -.36469997E+00  0.11762608E+02  0.21722852E+02  0.54782864E+01
0.34166667E+00  0.12654944E+02  -.39478753E+00  0.11813145E+02  0.21649550E+02  0.59413774E+01
0.34583333E+00  0.12729737E+02  -.42631103E+00  0.11867730E+02  0.21575385E+02  0.64223701E+01
0.35000000E+00  0.12810213E+02  -.45928427E+00  0.11926636E+02  0.21500717E+02  0.69200570E+01
0.35416667E+00  0.12896587E+02  -.49371991E+00  0.11990150E+02  0.21425901E+02  0.74326623E+01
0.35833333E+00  0.12989079E+02  -.52962928E+00  0.12058565E+02  0.21351280E+02  0.79582478E+01
0.36250000E+00  0.13087909E+02  -.56702224E+00  0.12132184E+02  0.21277180E+02  0.84945086E+01
0.36666667E+00  0.13193303E+02  -.60590720E+00  0.12211310E+02  0.21203898E+02  0.90391465E+01
0.37083333E+00  0.13305490E+02  -.64629114E+00  0.12296251E+02  0.21131703E+02  0.95897474E+01
0.37500000E+00  0.13424700E+02  -.68817980E+00  0.12387310E+02  0.21060827E+02  0.10144093E+02
0.37916667E+00  0.13551167E+02  -.73157776E+00  0.12484794E+02  0.20991466E+02  0.10700050E+02
0.38333333E+00  0.13685127E+02  -.77648871E+00  0.12589001E+02  0.20923778E+02  0.11255801E+02
0.38750000E+00  0.13826818E+02  -.82291555E+00  0.12700230E+02  0.20857881E+02  0.11809714E+02
0.39166667E+00  0.13976480E+02  -.87086058E+00  0.12818773E+02  0.20793852E+02  0.12360498E+02
0.39583333E+00  0.14134355E+02  -.92032552E+00  0.12944921E+02  0.20731733E+02  0.12907054E+02
0.40000000E+00  0.14300682E+02  -.97131158E+00  0.13078959E+02  0.20671526E+02  0.13448592E+02
0.40416667E+00  0.14475706E+02  -.10238192E+01  0.13221173E+02  0.20613197E+02  0.13984467E+02
0.40833333E+00  0.14659666E+02  -.10778482E+01  0.13371842E+02  0.20556677E+02  0.14514284E+02
0.41250000E+00  0.14852803E+02  -.11333971E+01  0.13531248E+02  0.20501865E+02  0.15037733E+02
0.41666667E+00  0.15055357E+02  -.11904627E+01  0.13699668E+02  0.20448625E+02  0.15554696E+02
0.42083333E+00  0.15267564E+02  -.12490402E+01  0.13877381E+02  0.20396791E+02  0.16065082E+02
0.42500000E+00  0.15489657E+02  -.13091219E+01  0.14064666E+02  0.20346166E+02  0.16568950E+02
0.42916667E+00  0.15721864E+02  -.13706968E+01  0.14261799E+02  0.20296524E+02  0.17066332E+02
0.43333333E+00  0.15964411E+02  -.14337499E+01  0.14469060E+02  0.20247611E+02  0.17557386E+02
0.43750000E+00  0.16217514E+02  -.14982612E+01  0.14686727E+02  0.20199144E+02  0.18042195E+02
0.44166667E+00  0.16481383E+02  -.15642050E+01  0.14915078E+02  0.20150814E+02  0.18520959E+02
0.44583333E+00  0.16756219E+02  -.16315485E+01  0.15154392E+02  0.20102285E+02  0.18993765E+02
0.45000000E+00  0.17042213E+02  -.17002509E+01  0.15404944E+02  0.20053194E+02  0.19460815E+02
0.45416667E+00  0.17339542E+02  -.17702625E+01  0.15667011E+02  0.20003151E+02  0.19922158E+02
0.45833333E+00  0.17648368E+02  -.18415228E+01  0.15940864E+02  0.19951743E+02  0.20377976E+02
0.46250000E+00  0.17968839E+02  -.19139598E+01  0.16226770E+02  0.19898529E+02  0.20828249E+02
0.46666667E+00  0.18301082E+02  -.19874883E+01  0.16524993E+02  0.19843044E+02  0.21273120E+02
0.47083333E+00  0.18645202E+02  -.20620085E+01  0.16835787E+02  0.19784797E+02  0.21712479E+02
0.47500000E+00  0.19001281E+02  -.21374047E+01  0.17159396E+02  0.19723272E+02  0.22146416E+02
0.47916667E+00  0.19369373E+02  -.22135434E+01  0.17496054E+02  0.19657931E+02  0.22574708E+02
0.48333333E+00  0.19749501E+02  -.22902722E+01  0.17845979E+02  0.19588208E+02  0.22997386E+02
0.48750000E+00  0.20141653E+02  -.23674179E+01  0.18209371E+02  0.19513518E+02  0.23414094E+02
0.49166667E+00  0.20545783E+02  -.24447853E+01  0.18586411E+02  0.19433251E+02  0.23824798E+02
0.49583333E+00  0.20961800E+02  -.25221553E+01  0.18977252E+02  0.19346777E+02  0.24228986E+02
0.50000000E+00  0.21389569E+02  -.25992843E+01  0.19382020E+02  0.19253444E+02  0.24626558E+02
0.50416667E+00  0.21828908E+02  -.26759020E+01  0.19800806E+02  0.19152584E+02  0.25016822E+02
0.50833333E+00  0.22279581E+02  -.27517111E+01  0.20233665E+02  0.19043512E+02  0.25399615E+02
0.51250000E+00  0.22741295E+02  -.28263858E+01  0.20680605E+02  0.18925528E+02  0.25774040E+02
0.51666667E+00  0.23213698E+02  -.28995719E+01  0.21141586E+02  0.18797922E+02  0.26139874E+02
0.52083333E+00  0.23696372E+02  -.29708855E+01  0.21616512E+02  0.18659977E+02  0.26495988E+02
0.52500000E+00  0.24188834E+02  -.30399147E+01  0.22105227E+02  0.18510971E+02  0.26842108E+02
0.52916667E+00  0.24690529E+02  -.31062180E+01  0.22607503E+02  0.18350185E+02  0.27176840E+02
0.53333333E+00  0.25200832E+02  -.31693279E+01  0.23123039E+02  0.18176904E+02  0.27499880E+02
0.53750000E+00  0.25719038E+02  -.32287502E+01  0.23651452E+02  0.17990426E+02  0.27809529E+02
0.54166667E+00  0.26244372E+02  -.32839687E+01  0.24192267E+02  0.17790069E+02  0.28105481E+02
0.54583333E+00  0.26775976E+02  -.33344459E+01  0.24744915E+02  0.17575175E+02  0.28385691E+02
0.55000000E+00  0.27312919E+02  -.33796301E+01  0.25308723E+02  0.17345123E+02  0.28649887E+02
0.55416667E+00  0.27854194E+02  -.34189564E+01  0.25882908E+02  0.17099332E+02  0.28895630E+02
0.55833333E+00  0.28398717E+02  -.34518570E+01  0.26466573E+02  0.16837276E+02  0.29122738E+02
0.56250000E+00  0.28945339E+02  -.34777630E+01  0.27058700E+02  0.16558493E+02  0.29328321E+02
0.56666667E+00  0.29492842E+02  -.34961177E+01  0.27658145E+02  0.16262590E+02  0.29512366E+02
0.57083333E+00  0.30039949E+02  -.35063789E+01  0.28263641E+02  0.15949265E+02  0.29671462E+02
0.57500000E+00  0.30585331E+02  -.35080356E+01  0.28873790E+02  0.15618306E+02  0.29805867E+02
0.57916667E+00  0.31127617E+02  -.35006106E+01  0.29487070E+02  0.15269614E+02  0.29911571E+02
0.58333333E+00  0.31665400E+02  -.34836802E+01  0.30101830E+02  0.14903206E+02  0.29989245E+02
0.58750000E+00  0.32197250E+02  -.34568758E+01  0.30716309E+02  0.14519231E+02  0.30034179E+02
0.59166667E+00  0.32721729E+02  -.34199068E+01  0.31328627E+02  0.14117978E+02  0.30047645E+02
0.59583333E+00  0.33237398E+02  -.33725598E+01  0.31936814E+02  0.13699888E+02  0.30024109E+02
0.60000000E+00  0.33742837E+02  -.33147241E+01  0.32538809E+02  0.13265556E+02  0.29965693E+02
0.60416667E+00  0.34236658E+02  -.32463865E+01  0.33132494E+02  0.12815748E+02  0.29865880E+02
0.60833333E+00  0.34717514E+02  -.31676583E+01  0.33715695E+02  0.12351390E+02  0.29727967E+02
0.61250000E+00  0.35184124E+02  -.30787640E+01  0.34286231E+02  0.11873588E+02  0.29544244E+02
0.61666667E+00  0.35635276E+02  -.29800684E+01  0.34841916E+02  0.11383608E+02  0.29319609E+02
0.62083333E+00  0.36069852E+02  -.28720572E+01  0.35380614E+02  0.10882890E+02  0.29044866E+02
0.62500000E+00  0.36486830E+02  -.27553633E+01  0.35900245E+02  0.10373022E+02  0.28727070E+02
0.62916667E+00  0.36885309E+02  -.26307368E+01  0.36398849E+02  0.98557507E+01  0.28355115E+02
0.63333333E+00  0.37264504E+02  -.24990707E+01  0.36874584E+02  0.93329420E+01  0.27938926E+02
0.63750000E+00  0.37623772E+02  -.23613587E+01  0.37325799E+02  0.88065907E+01  0.27464881E+02
0.64166667E+00  0.37962607E+02  -.22187201E+01  0.37751022E+02  0.82787725E+01  0.26946687E+02
0.64583333E+00  0.38280654E+02  -.20723455E+01  0.38149039E+02  0.77516503E+01  0.26367295E+02
0.65000000E+00  0.38577709E+02  -.19235226E+01  0.38518868E+02  0.72274169E+01  0.25745390E+02
0.65416667E+00  0.38853724E+02  -.17735689E+01  0.38859834E+02  0.67083051E+01  0.25059138E+02
0.65833333E+00  0.39108808E+02  -.16238615E+01  0.39171530E+02  0.61965201E+01  0.24333779E+02
0.66250000E+00  0.39343224E+02  -.14757580E+01  0.39453888E+02  0.56942590E+01  0.23540670E+02
0.66666667E+00  0.39557382E+02  -.13306325E+01  0.39707116E+02  0.52036327E+01  0.22713770E+02
0.67083333E+00  0.39751841E+02  -.11897854E+01  0.39931779E+02  0.47267023E+01  0.21814610E+02
0.67500000E+00  0.39927287E+02  -.10544892E+01  0.40128696E+02  0.42653876E+01  0.20889007E+02
0.67916667E+00  0.40084531E+02  -.92588758E+00  0.40299033E+02  0.38215296E+01  0.19884165E+02
0.68333333E+00  0.40224484E+02  -.80505342E+00  0.40444174E+02  0.33967793E+01  0.18862626E+02
0.68750000E+00  0.40348145E+02  -.69287668E+00  0.40565813E+02  0.29926997E+01  0.17750501E+02
0.69166667E+00  0.40456567E+02  -.59013532E+00  0.40665798E+02  0.26106207E+01  0.16634971E+02
0.69583333E+00  0.40550848E+02  -.49736946E+00  0.40746231E+02  0.22518067E+01  0.15410212E+02
0.70000000E+00  0.40632075E+02  -.41496408E+00  0.40809272E+02  0.19172470E+01  0.14201177E+02
0.70416667E+00  0.40701328E+02  -.34301100E+00  0.40857261E+02  0.16079407E+01  0.12850677E+02
0.70833333E+00  0.40759630E+02  -.28141536E+00  0.40892475E+02  0.13245669E+01  0.11543677E+02
0.71250000E+00  0.40807977E+02  -.22976699E+00  0.40917286E+02  0.10680008E+01  0.10031693E+02
0.71666667E+00  0.40847307E+02  -.18749535E+00  0.40933889E+02  0.83860781E+00  0.86021826E+01
0.72083333E+00  0.40878558E+02  -.15376604E+00  0.40944496E+02  0.63673413E+00  0.68402918E+01
0.72500000E+00  0.40902641E+02  -.12767567E+00  0.40950971E+02  0.46107403E+00  0.52959058E+01
0.72916667E+00  0.40920487E+02  -.10815299E+00  0.40954939E+02  0.31071578E+00  0.33142635E+01
0.73333333E+00  0.40933007E+02  -.94156896E-01  0.40957344E+02  0.18598085E+00  0.21054580E+01
0.73750000E+00  0.40941095E+02  -.84561051E-01  0.40958864E+02  0.87208411E-01  0.17045018E+00
0.74166667E+00  0.40945649E+02  -.78327834E-01  0.40959707E+02  0.17887824E-01  -.13993652E+00
0.74583333E+00  0.40947482E+02  -.74350140E-01  0.40960181E+02  -.32617271E-01  -.23357014E+01
0.75000000E+00  0.40947756E+02  -.71496674E-01  0.40960278E+02  -.78408338E-01  0.57460170E-01
0.75416667E+00  0.40947510E+02  -.68651098E-01  0.40960181E+02  -.12360150E-01  0.24538972E+01
0.75833333E+00  0.40945737E+02  -.64703490E-01  0.40959707E+02  0.40977692E-01  0.25255769E+00
0.76250000E+00  0.40941271E+02  -.58513514E-01  0.40958864E+02  0.11600021E+00  -.52629694E-01
0.76666667E+00  0.40933299E+02  -.48970615E-01  0.40957344E+02  0.21987178E+00  -.19915735E+01
0.77083333E+00  0.40920930E+02  -.35035249E-01  0.40954939E+02  0.35045004E+00  -.31973075E+01
0.77500000E+00  0.40903272E+02  -.15577143E-01  0.40950972E+02  0.50791638E+00  -.51813539E+01
0.77916667E+00  0.40879419E+02  0.10447700E-01  0.40944498E+02  0.69198635E+00  -.67242893E+01
0.78333333E+00  0.40848445E+02  0.44115944E-01  0.40933891E+02  0.90327964E+00  -.84874415E+01
0.78750000E+00  0.40809441E+02  0.86335916E-01  0.40917288E+02  0.11424733E+01  -.99160035E+01
0.79166667E+00  0.40761473E+02  0.13794942E+00  0.40892478E+02  0.14088929E+01  -.11428707E+02
0.79583333E+00  0.40703603E+02  0.19953416E+00  0.40857264E+02  0.17019557E+01  -.12735118E+02
0.80000000E+00  0.40634841E+02  0.27150933E+00  0.40809275E+02  0.20207190E+01  -.14086092E+02
0.80416667E+00  0.40554163E+02  0.35397817E+00  0.40746234E+02  0.23644432E+01  -.15294738E+02
0.80833333E+00  0.40460490E+02  0.44685814E+00  0.40665801E+02  0.27321061E+01  -.16519818E+02
0.81250000E+00  0.40352734E+02  0.54977235E+00  0.40565816E+02  0.31226885E+01  -.17635079E+02
0.81666667E+00  0.40229794E+02  0.66218901E+00  0.40444177E+02  0.35349120E+01  -.18747427E+02
0.82083333E+00  0.40090616E+02  0.78333714E+00  0.40299036E+02  0.39674289E+01  -.19768775E+02
0.82500000E+00  0.39934192E+02  0.91233369E+00  0.40128698E+02  0.44186668E+01  -.20773774E+02
0.82916667E+00  0.39759609E+02  0.10481114E+01  0.39931781E+02  0.48869641E+01  -.21699239E+02
0.83333333E+00  0.39566048E+02  0.11895317E+01  0.39707118E+02  0.53704740E+01  -.22598513E+02
0.83750000E+00  0.39352816E+02  0.13353260E+01  0.39453889E+02  0.58672706E+01  -.23425311E+02
0.84166667E+00  0.39119347E+02  0.14841970E+01  0.39171531E+02  0.63752899E+01  -.24218503E+02
0.84583333E+00  0.38865224E+02  0.16347726E+01  0.38859835E+02  0.68924182E+01  -.24943787E+02
0.85000000E+00  0.38590173E+02  0.17856964E+01  0.38518868E+02  0.74164580E+01  -.25630099E+02
0.85416667E+00  0.38294081E+02  0.19355910E+01  0.38149039E+02  0.79452046E+01  -.26251947E+02
0.85833333E+00  0.37976985E+02  0.20831380E+01  0.37751022E+02  0.84764277E+01  -.26831383E+02
0.86250000E+00  0.37639082E+02  0.22270475E+01  0.37325798E+02  0.90079383E+01  -.27349533E+02
0.86666667E+00  0.37280721E+02  0.23661262E+01  0.36874584E+02  0.95375791E+01  -.27823612E+02
0.87083333E+00  0.36902399E+02  0.24992508E+01  0.36398849E+02  0.10063282E+02  -.28239767E+02
0.87500000E+00  0.36504755E+02  0.26254229E+01  0.35900244E+02  0.10583061E+02  -.28611746E+02
0.87916667E+00  0.36088565E+02  0.27437444E+01  0.35380613E+02  0.11095059E+02  -.28929517E+02
0.88333333E+00  0.35654728E+02  0.28534593E+01  0.34841914E+02  0.11597543E+02  -.29204277E+02
0.88750000E+00  0.35204260E+02  0.29539283E+01  0.34286229E+02  0.12088937E+02  -.29428891E+02
0.89166667E+00  0.34738276E+02  0.30446591E+01  0.33715694E+02  0.12567815E+02  -.29612628E+02
0.89583333E+00  0.34257983E+02  0.31252799E+01  0.33132492E+02  0.13032925E+02  -.29750525E+02
0.90000000E+00  0.33764663E+02  0.31955589E+01  0.32538808E+02  0.13483179E+02  -.29850347E+02
0.90416667E+00  0.33259659E+02  0.32553779E+01  0.31936813E+02  0.13917664E+02  -.29908752E+02
0.90833333E+00  0.32744358E+02  0.33047427E+01  0.31328626E+02  0.14335631E+02  -.29932294E+02
0.91250000E+00  0.32220183E+02  0.33437571E+01  0.30716308E+02  0.14736502E+02  -.29918819E+02
0.91666667E+00  0.31688570E+02  0.33726275E+01  0.30101829E+02  0.15119851E+02  -.29873890E+02
0.92083333E+00  0.31150960E+02  0.33916379E+01  0.29487069E+02  0.15485407E+02  -.29796208E+02
0.92500000E+00  0.30608783E+02  0.34011504E+01  0.28873789E+02  0.15833036E+02  -.29690508E+02
0.92916667E+00  0.30063450E+02  0.34015826E+01  0.28263641E+02  0.16162735E+02  -.29556097E+02
0.93333333E+00  0.29516333E+02  0.33934063E+01  0.27658144E+02  0.16474620E+02  -.29397004E+02
0.93750000E+00  0.28968765E+02  0.33771269E+01  0.27058699E+02  0.16768915E+02  -.29212954E+02
0.94166667E+00  0.28422026E+02  0.33532818E+01  0.26466573E+02  0.17045937E+02  -.29007373E+02
0.94583333E+00  0.27877335E+02  0.33224230E+01  0.25882908E+02  0.17306091E+02  -.28780261E+02
0.95000000E+00  0.27335848E+02  0.32851154E+01  0.25308723E+02  0.17549851E+02  -.28534520E+02
0.95416667E+00  0.26798650E+02  0.32419230E+01  0.24744915E+02  0.17777757E+02  -.28270321E+02
0.95833333E+00  0.26266751E+02  0.31934073E+01  0.24192267E+02  0.17990396E+02  -.27990112E+02
0.96250000E+00  0.25741088E+02  0.31401172E+01  0.23651452E+02  0.18188403E+02  -.27694158E+02
0.96666667E+00  0.25222520E+02  0.30825875E+01  0.23123039E+02  0.18372442E+02  -.27384509E+02
0.97083333E+00  0.24711828E+02  0.30213319E+01  0.22607503E+02  0.18543205E+02  -.27061467E+02
0.97500000E+00  0.24209717E+02  0.29568429E+01  0.22105227E+02  0.18701402E+02  -.26726735E+02
0.97916667E+00  0.23716818E+02  0.28895864E+01  0.21616512E+02  0.18847753E+02  -.26380614E+02
0.98333333E+00  0.23233688E+02  0.28200023E+01  0.21141586E+02  0.18982984E+02  -.26024500E+02
0.98750000E+00  0.22760814E+02  0.27485016E+01  0.20680605E+02  0.19107824E+02  -.25658665E+02
0.99166667E+00  0.22298614E+02  0.26754674E+01  0.20233665E+02  0.19222993E+02  -.25284240E+02
0.99583333E+00  0.21847445E+02  0.26012530E+01  0.19800807E+02  0.19329207E+02  -.24901446E+02
0.10000000E+01  0.21407601E+02  0.25261840E+01  0.19382020E+02  0.19427168E+02  -.24511182E+02
