0.00000000e+00  0.00000000e+00 0.00000000e+00 -7.84341281e-01 0.00000000e+00
2.00000000e-02  1.35732011e-04 -9.03487900e-05 7.19913533e+00 -3.17926397e+00
4.00000000e-02  5.41740978e-01 -4.79005586e-01 5.04566326e+01 -3.64850531e+01
6.00000000e-02  5.58672380e+00 -4.80934744e+00 7.29416798e+01 -7.05786816e+01
8.00000000e-02  1.26432111e+01 -9.72019826e+00 8.58439185e+01 -9.12546441e+01
1.00000000e-01  1.79290708e+01 -1.09196375e+01 9.37357019e+01 -9.04493002e+01
1.20000000e-01  2.17623802e+01 -9.97421858e+00 1.02417094e+02 -6.50219039e+01
1.40000000e-01  2.48533066e+01 -8.55749185e+00 1.30808908e+02 -4.51567912e+01
1.60000000e-01  2.71445733e+01 -7.12020951e+00 1.48096056e+02 -4.05132746e+01
1.80000000e-01  2.86219068e+01 -5.74199714e+00 1.44380524e+02 -4.00059808e+01
2.00000000e-01  3.03160526e+01 -4.45314577e+00 1.34369507e+02 -1.10173280e+01
2.20000000e-01  3.31636191e+01 -5.87349671e+00 1.46908052e+02 -4.54421137e+00
2.40000000e-01  3.69697113e+01 -9.54605362e+00 1.62949376e+02 -2.72237050e+01
2.60000000e-01  4.14639296e+01 -1.17899690e+01 1.62669472e+02 -2.90900211e+01
2.80000000e-01  4.71635407e+01 -1.39778136e+01 1.67621709e+02 -3.02638927e+01
3.00000000e-01  5.36835098e+01 -1.69419971e+01 1.72845115e+02 -3.42834471e+01
3.20000000e-01  6.05033889e+01 -2.03760201e+01 1.84520804e+02 -5.17529798e+01
3.40000000e-01  6.69663263e+01 -2.36111145e+01 1.59593461e+02 -6.64186546e+01
3.60000000e-01  7.37247329e+01 -2.53396603e+01 1.51083381e+02 -4.58221288e+01
3.80000000e-01  8.13137744e+01 -2.60249744e+01 1.84969349e+02 -2.01665930e+01
4.00000000e-01  8.71106307e+01 -2.66562318e+01 2.01280201e+02 -1.57660959e+01
4.20000000e-01  8.90724066e+01 -2.65438370e+01 2.28120377e+02 -1.26119673e+01
4.40000000e-01  8.85095387e+01 -2.59834815e+01 3.63229604e+02 -3.97880927e+02
4.60000000e-01  8.51194096e+01 -1.61699248e+01 1.69089965e+02 -3.44129879e+01
4.80000000e-01  8.72434714e+01 -5.05708039e-01 1.66743571e+02 1.37562803e+01
5.00000000e-01  9.56403344e+01 1.00827234e+01 4.29048413e+02 3.93166318e+02
5.20000000e-01  1.00740472e+02 7.18690227e+00 2.62839084e+02 -6.44220462e+01
5.40000000e-01  9.93933632e+01 -1.09187045e-01 2.13825134e+02 -5.85487548e+01
5.60000000e-01  9.55958741e+01 -3.28480907e+00 1.96973468e+02 -9.17093116e+00
5.80000000e-01  9.26714248e+01 -3.80458801e+00 2.26644436e+02 7.68555798e+00
6.00000000e-01  9.01770702e+01 -5.09506419e+00 2.46275247e+02 -2.33086749e+01
6.20000000e-01  8.55633274e+01 -3.47777933e+00 2.22022373e+02 -3.15391250e+01
6.40000000e-01  7.74315162e+01 2.24648386e+00 2.06031182e+02 -1.76602515e+01
6.60000000e-01  6.43133381e+01 7.55100725e+00 1.75271541e+02 -6.59629972e+00
6.80000000e-01  4.85465638e+01 9.40237837e+00 1.45505254e+02 1.45524776e+01
7.00000000e-01  3.55955369e+01 6.86239055e+00 1.48979183e+02 1.07648684e+01
7.20000000e-01  2.68615648e+01 4.23347073e+00 1.48713557e+02 1.04496296e+00
7.40000000e-01  2.03858727e+01 3.33027628e+00 1.30916417e+02 4.94591814e+00
7.60000000e-01  1.52047707e+01 2.78354301e+00 1.17701604e+02 1.02177211e+01
7.80000000e-01  1.13552692e+01 1.77709995e+00 1.12956337e+02 4.98079025e+00
8.00000000e-01  8.75276756e+00 1.00810620e+00 1.08266602e+02 1.37063835e+00
8.20000000e-01  6.95468734e+00 6.63952338e-01 1.02047166e+02 1.99164112e+00
8.40000000e-01  5.63602767e+00 4.44384545e-01 9.74471449e+01 1.20057508e+00
8.60000000e-01  4.65353717e+00 2.61040086e-01 9.35938091e+01 3.92135672e-01
8.80000000e-01  3.96172722e+00 9.81545119e-02 8.99893198e+01 1.55384894e-01
9.00000000e-01  3.59028664e+00 -9.65408585e-02 8.90770422e+01 -5.68709905e-01
9.20000000e-01  3.47086329e+00 -2.97549442e-01 9.48789737e+01 -7.02940582e+00
9.40000000e-01  3.41960230e+00 -2.18467891e-01 1.02918996e+02 -8.02330476e+00
9.60000000e-01  3.11495069e+00 1.28277829e-01 1.03198727e+02 2.36252236e+00
9.80000000e-01  1.48942021e+00 2.28252691e-01 8.57556793e+01 1.22183009e+01
1.00000000e+00  0.00000000e+00 0.00000000e+00 -5.10328950e+00 -7.94684962e+00
