0.00000000e+00  0.00000000e+00 0.00000000e+00 -7.84340567e-01 0.00000000e+00
2.00000000e-02  1.35641320e-04 -9.02721466e-05 7.19780044e+00 -3.18053889e+00
4.00000000e-02  5.36604494e-01 -4.74002399e-01 5.03156605e+01 -3.63757658e+01
6.00000000e-02  5.49918733e+00 -4.72750888e+00 7.26168292e+01 -7.02804721e+01
8.00000000e-02  1.23743345e+01 -9.48569284e+00 8.53523278e+01 -9.07935256e+01
1.00000000e-01  1.74455421e+01 -1.05615464e+01 9.30803423e+01 -8.98338140e+01
1.20000000e-01  2.10431374e+01 -9.53752314e+00 1.01568458e+02 -6.43811421e+01
1.40000000e-01  2.38704272e+01 -8.05828036e+00 1.29542386e+02 -4.45308155e+01
1.60000000e-01  2.58848524e+01 -6.58614440e+00 1.46419491e+02 -3.99352731e+01
1.80000000e-01  2.70928532e+01 -5.18539160e+00 1.42383074e+02 -3.93373988e+01
2.00000000e-01  2.84388610e+01 -3.84836425e+00 1.32168764e+02 -1.03209017e+01
2.20000000e-01  3.06392018e+01 -4.90098462e+00 1.43959349e+02 -4.08715279e+00
2.40000000e-01  3.34334069e+01 -7.83245253e+00 1.58948642e+02 -2.62560566e+01
2.60000000e-01  3.65952433e+01 -9.38343486e+00 1.57811577e+02 -2.75356399e+01
2.80000000e-01  4.04596836e+01 -1.06665922e+01 1.61432911e+02 -2.82807957e+01
3.00000000e-01  4.45875655e+01 -1.23834084e+01 1.65043551e+02 -3.14571261e+01
3.20000000e-01  4.84541463e+01 -1.42859442e+01 1.74752231e+02 -4.74627010e+01
3.40000000e-01  5.14428999e+01 -1.57559558e+01 1.50068968e+02 -6.09788420e+01
3.60000000e-01  5.39940143e+01 -1.56266686e+01 1.41914633e+02 -4.28287118e+01
3.80000000e-01  5.65197871e+01 -1.41663034e+01 1.73474635e+02 -2.96200007e+01
4.00000000e-01  5.81712728e+01 -1.20243253e+01 1.81709621e+02 -4.99595907e+01
4.20000000e-01  5.92794717e+01 -8.57083117e+00 1.78199234e+02 -4.24572836e+01
4.40000000e-01  6.05542578e+01 -5.30053321e+00 1.61818856e+02 -8.89001447e+00
4.60000000e-01  6.17573174e+01 -4.51659103e+00 1.59284939e+02 -4.92487143e+00
4.80000000e-01  6.27927481e+01 -5.12707143e+00 1.66343096e+02 1.67305664e-01
5.00000000e-01  6.38937756e+01 -5.45213441e+00 1.87283957e+02 7.80848890e+00
5.20000000e-01  6.47927630e+01 -5.51877931e+00 2.11287319e+02 -8.24724069e+00
5.40000000e-01  6.50760070e+01 -5.33281277e+00 1.97506425e+02 -1.98936279e+01
5.60000000e-01  6.52708236e+01 -4.66919727e+00 1.83497679e+02 -3.43396794e+00
5.80000000e-01  6.55742115e+01 -4.55567856e+00 2.10861686e+02 6.09394240e+00
6.00000000e-01  6.54817771e+01 -5.50975623e+00 2.30523472e+02 -3.06455949e+01
6.20000000e-01  6.42164994e+01 -4.98509097e+00 2.08622502e+02 -3.82931406e+01
6.40000000e-01  6.04851113e+01 -4.98490992e-01 1.95689731e+02 -2.21308767e+01
6.60000000e-01  5.25565481e+01 4.60293111e+00 1.68105502e+02 -9.94940551e+00
6.80000000e-01  4.13646542e+01 7.06518721e+00 1.40526577e+02 1.18449432e+01
7.00000000e-01  3.13771837e+01 5.45746680e+00 1.44727787e+02 9.07384615e+00
7.20000000e-01  2.42988986e+01 3.45389170e+00 1.45406819e+02 4.03959363e-02
7.40000000e-01  1.88315137e+01 2.84519766e+00 1.28681611e+02 4.09395423e+00
7.60000000e-01  1.43016172e+01 2.47873381e+00 1.16121052e+02 9.53631058e+00
7.80000000e-01  1.08412814e+01 1.61089585e+00 1.11780974e+02 4.56352455e+00
8.00000000e-01  8.45427503e+00 9.21243415e-01 1.07433444e+02 1.10638016e+00
8.20000000e-01  6.77870322e+00 6.14912941e-01 1.01475091e+02 1.79275703e+00
8.40000000e-01  5.53280990e+00 4.16271746e-01 9.70543808e+01 1.06072788e+00
8.60000000e-01  4.59372721e+00 2.45313214e-01 9.33287196e+01 2.95380444e-01
8.80000000e-01  3.92735432e+00 9.00804718e-02 8.98067390e+01 9.06107145e-02
9.00000000e-01  3.56944453e+00 -9.94430727e-02 8.89362717e+01 -5.81163069e-01
9.20000000e-01  3.45507977e+00 -2.97756321e-01 9.47747644e+01 -7.02967093e+00
9.40000000e-01  3.40613162e+00 -2.18720705e-01 1.02830802e+02 -8.05933590e+00
9.60000000e-01  3.10580642e+00 1.26892987e-01 1.03131585e+02 2.33093883e+00
9.80000000e-01  1.48706933e+00 2.27714478e-01 8.57237525e+01 1.22029707e+01
1.00000000e+00  0.00000000e+00 0.00000000e+00 -5.09249105e+00 0.00000000e+00
