0.00000000E+00  0.25579601E+02  0.17130495E+01  0.78641229E+02  -.23288302E+01
0.41666667E-02  0.24290196E+02  0.16286571E+01  0.77633250E+02  -.23831335E+01
0.83333333E-02  0.23047994E+02  0.15459940E+01  0.76622615E+02  -.23277588E+01
0.12500000E-01  0.21852881E+02  0.14652470E+01  0.75611282E+02  -.22997812E+01
0.16666667E-01  0.20704602E+02  0.13865897E+01  0.74600283E+02  -.22617764E+01
0.20833333E-01  0.19602775E+02  0.13101685E+01  0.73590180E+02  -.22241265E+01
0.25000000E-01  0.18546896E+02  0.12361105E+01  0.72581827E+02  -.21841508E+01
0.29166667E-01  0.17536350E+02  0.11645195E+01  0.71575968E+02  -.21427013E+01
0.33333333E-01  0.16570421E+02  0.10954802E+01  0.70573352E+02  -.20997058E+01
0.37500000E-01  0.15648295E+02  0.10290567E+01  0.69574751E+02  -.20553127E+01
0.41666667E-01  0.14769077E+02  0.96529534E+00  0.68580969E+02  -.20096328E+01
0.45833333E-01  0.13931793E+02  0.90422456E+00  0.67592740E+02  -.19627691E+01
0.50000000E-01  0.13135405E+02  0.84585696E+00  0.66610829E+02  -.19148380E+01
0.54166667E-01  0.12378813E+02  0.79018989E+00  0.65635985E+02  -.18659416E+01
0.58333333E-01  0.11660870E+02  0.73720702E+00  0.64668958E+02  -.18161900E+01
0.62500000E-01  0.10980385E+02  0.68687936E+00  0.63710488E+02  -.17656843E+01
0.66666667E-01  0.10336136E+02  0.63916666E+00  0.62761309E+02  -.17145281E+01
0.70833333E-01  0.97268709E+01  0.59401853E+00  0.61822149E+02  -.16628194E+01
0.75000000E-01  0.91513229E+01  0.55137572E+00  0.60893726E+02  -.16106550E+01
0.79166667E-01  0.86082112E+01  0.51117121E+00  0.59976751E+02  -.15581277E+01
0.83333333E-01  0.80962501E+01  0.47333143E+00  0.59071924E+02  -.15053276E+01
0.87500000E-01  0.76141548E+01  0.43777727E+00  0.58179936E+02  -.14523405E+01
0.91666667E-01  0.71606467E+01  0.40442516E+00  0.57301466E+02  -.13992490E+01
0.95833333E-01  0.67344590E+01  0.37318798E+00  0.56437184E+02  -.13461314E+01
0.10000000E+00  0.63343411E+01  0.34397604E+00  0.55587746E+02  -.12930618E+01
0.10416667E+00  0.59590632E+01  0.31669786E+00  0.54753797E+02  -.12401101E+01
0.10833333E+00  0.56074202E+01  0.29126096E+00  0.53935968E+02  -.11873415E+01
0.11250000E+00  0.52782348E+01  0.26757259E+00  0.53134878E+02  -.11348166E+01
0.11666667E+00  0.49703611E+01  0.24554030E+00  0.52351133E+02  -.10825911E+01
0.12083333E+00  0.46826864E+01  0.22507255E+00  0.51585322E+02  -.10307160E+01
0.12500000E+00  0.44141343E+01  0.20607918E+00  0.50838025E+02  -.97923720E+00
0.12916667E+00  0.41636660E+01  0.18847186E+00  0.50109803E+02  -.92819532E+00
0.13333333E+00  0.39302821E+01  0.17216441E+00  0.49401207E+02  -.87762598E+00
0.13750000E+00  0.37130233E+01  0.15707314E+00  0.48712770E+02  -.82755946E+00
0.14166667E+00  0.35109721E+01  0.14311704E+00  0.48045014E+02  -.77802072E+00
0.14583333E+00  0.33232528E+01  0.13021803E+00  0.47398446E+02  -.72902925E+00
0.15000000E+00  0.31490319E+01  0.11830103E+00  0.46773561E+02  -.68059915E+00
0.15416667E+00  0.29875187E+01  0.10729404E+00  0.46170842E+02  -.63273864E+00
0.15833333E+00  0.28379650E+01  0.97128239E-01  0.45590761E+02  -.58545067E+00
0.16250000E+00  0.26996651E+01  0.87737886E-01  0.45033780E+02  -.53873151E+00
0.16666667E+00  0.25719554E+01  0.79060329E-01  0.44500355E+02  -.49257258E+00
0.17083333E+00  0.24542145E+01  0.71035881E-01  0.43990938E+02  -.44695682E+00
0.17500000E+00  0.23458623E+01  0.63607734E-01  0.43505979E+02  -.40186405E+00
0.17916667E+00  0.22463605E+01  0.56721758E-01  0.43045931E+02  -.35726113E+00
0.18333333E+00  0.21552115E+01  0.50326426E-01  0.42611255E+02  -.31311745E+00
0.18750000E+00  0.20719585E+01  0.44372509E-01  0.42202421E+02  -.26937803E+00
0.19166667E+00  0.19961856E+01  0.38813158E-01  0.41819925E+02  -.22600803E+00
0.19583333E+00  0.19275168E+01  0.33603450E-01  0.41464272E+02  -.18291756E+00
0.20000000E+00  0.18656164E+01  0.28700991E-01  0.41136009E+02  -.14008940E+00
0.20416667E+00  0.18101874E+01  0.24065152E-01  0.40835678E+02  -.97366690E-01
0.20833333E+00  0.17609710E+01  0.19659099E-01  0.40563876E+02  -.54817224E-01
0.21250000E+00  0.17177422E+01  0.15448206E-01  0.40321121E+02  -.12130884E-01
0.21666667E+00  0.16803069E+01  0.11405626E-01  0.40107990E+02  0.30352603E-01
0.22083333E+00  0.16484911E+01  0.75078788E-02  0.39924757E+02  0.73316159E-01
0.22500000E+00  0.16221305E+01  0.37488814E-02  0.39771789E+02  0.11563721E+00
0.22916667E+00  0.16010464E+01  0.13111417E-03  0.39648538E+02  0.15929979E+00
0.23333333E+00  0.15850225E+01  -.33111530E-02  0.39554498E+02  0.20065882E+00
0.23750000E+00  0.15737623E+01  -.65655259E-02  0.39487775E+02  0.24261250E+00
0.24166667E+00  0.15667812E+01  -.94328277E-02  0.39448391E+02  0.28429504E+00
0.24583333E+00  0.15635065E+01  -.11726198E-01  0.39422317E+02  0.34721236E+00
0.25000000E+00  0.15628527E+01  -.13626949E-01  0.39408271E+02  0.33980889E+00
0.25416667E+00  0.15634489E+01  -.15533825E-01  0.39420938E+02  0.33346844E+00
0.25833333E+00  0.15666388E+01  -.17876605E-01  0.39445505E+02  0.39674323E+00
0.26250000E+00  0.15735157E+01  -.20858390E-01  0.39483494E+02  0.43969652E+00
0.26666667E+00  0.15846559E+01  -.24303225E-01  0.39548773E+02  0.48317020E+00
0.27083333E+00  0.16005506E+01  -.28021050E-01  0.39641386E+02  0.52669313E+00
0.27500000E+00  0.16214975E+01  -.32002181E-01  0.39763182E+02  0.57286205E+00
0.27916667E+00  0.16477143E+01  -.36217017E-01  0.39914697E+02  0.61821836E+00
0.28333333E+00  0.16793798E+01  -.40665364E-01  0.40096456E+02  0.66463553E+00
0.28750000E+00  0.17166580E+01  -.45356289E-01  0.40308103E+02  0.71105065E+00
0.29166667E+00  0.17597221E+01  -.50315964E-01  0.40549355E+02  0.75810826E+00
0.29583333E+00  0.18087651E+01  -.55574624E-01  0.40819637E+02  0.80548572E+00
0.30000000E+00  0.18640105E+01  -.61170644E-01  0.41118427E+02  0.85347851E+00
0.30416667E+00  0.19257158E+01  -.67145329E-01  0.41445129E+02  0.90202151E+00
0.30833333E+00  0.19941765E+01  -.73544376E-01  0.41799197E+02  0.95126412E+00
0.31250000E+00  0.20697266E+01  -.80415962E-01  0.42180085E+02  0.10012213E+01
0.31666667E+00  0.21527402E+01  -.87811468E-01  0.42587284E+02  0.10519773E+01
0.32083333E+00  0.22436315E+01  -.95784907E-01  0.43020300E+02  0.11035628E+01
0.32500000E+00  0.23428554E+01  -.10439337E+00  0.43478662E+02  0.11560273E+01
0.32916667E+00  0.24509073E+01  -.11369694E+00  0.43961906E+02  0.12093962E+01
0.33333333E+00  0.25683236E+01  -.12375902E+00  0.44469580E+02  0.12636969E+01
0.33750000E+00  0.26956820E+01  -.13464641E+00  0.45001233E+02  0.13189436E+01
0.34166667E+00  0.28336016E+01  -.14642949E+00  0.45556414E+02  0.13751472E+01
0.34583333E+00  0.29827436E+01  -.15918233E+00  0.46134667E+02  0.14323097E+01
0.35000000E+00  0.31438109E+01  -.17298282E+00  0.46735529E+02  0.14904282E+01
0.35416667E+00  0.33175492E+01  -.18791268E+00  0.47358529E+02  0.15494925E+01
0.35833333E+00  0.35047464E+01  -.20405752E+00  0.48003184E+02  0.16094872E+01
0.36250000E+00  0.37062328E+01  -.22150675E+00  0.48669001E+02  0.16703907E+01
0.36666667E+00  0.39228811E+01  -.24035358E+00  0.49355472E+02  0.17321758E+01
0.37083333E+00  0.41556058E+01  -.26069479E+00  0.50062079E+02  0.17948094E+01
0.37500000E+00  0.44053627E+01  -.28263063E+00  0.50788286E+02  0.18582530E+01
0.37916667E+00  0.46731478E+01  -.30626449E+00  0.51533547E+02  0.19224625E+01
0.38333333E+00  0.49599966E+01  -.33170265E+00  0.52297300E+02  0.19873885E+01
0.38750000E+00  0.52669819E+01  -.35905383E+00  0.53078969E+02  0.20529763E+01
0.39166667E+00  0.55952126E+01  -.38842878E+00  0.53877966E+02  0.21191658E+01
0.39583333E+00  0.59458313E+01  -.41993976E+00  0.54693686E+02  0.21858919E+01
0.40000000E+00  0.63200114E+01  -.45369988E+00  0.55525515E+02  0.22530845E+01
0.40416667E+00  0.67189546E+01  -.48982247E+00  0.56372822E+02  0.23206687E+01
0.40833333E+00  0.71438870E+01  -.52842032E+00  0.57234965E+02  0.23885646E+01
0.41250000E+00  0.75960556E+01  -.56960481E+00  0.58111291E+02  0.24566882E+01
0.41666667E+00  0.80767240E+01  -.61348504E+00  0.59001133E+02  0.25249507E+01
0.42083333E+00  0.85871674E+01  -.66016681E+00  0.59903816E+02  0.25932594E+01
0.42500000E+00  0.91286677E+01  -.70975161E+00  0.60818651E+02  0.26615176E+01
0.42916667E+00  0.97025076E+01  -.76233543E+00  0.61744942E+02  0.27296247E+01
0.43333333E+00  0.10309965E+02  -.81800764E+00  0.62681981E+02  0.27974769E+01
0.43750000E+00  0.10952306E+02  -.87684970E+00  0.63629053E+02  0.28649668E+01
0.44166667E+00  0.11630778E+02  -.93893393E+00  0.64585435E+02  0.29319843E+01
0.44583333E+00  0.12346604E+02  -.10043221E+01  0.65550396E+02  0.29984164E+01
0.45000000E+00  0.13100972E+02  -.10730642E+01  0.66523198E+02  0.30641477E+01
0.45416667E+00  0.13895030E+02  -.11451969E+01  0.67503099E+02  0.31290608E+01
0.45833333E+00  0.14729877E+02  -.12207424E+01  0.68489349E+02  0.31930363E+01
0.46250000E+00  0.15606552E+02  -.12997067E+01  0.69481195E+02  0.32559535E+01
0.46666667E+00  0.16526029E+02  -.13820787E+01  0.70477879E+02  0.33176904E+01
0.47083333E+00  0.17489208E+02  -.14678285E+01  0.71478644E+02  0.33781239E+01
0.47500000E+00  0.18496902E+02  -.15569065E+01  0.72482735E+02  0.34371309E+01
0.47916667E+00  0.19549831E+02  -.16492416E+01  0.73489362E+02  0.34945877E+01
0.48333333E+00  0.20648616E+02  -.17447410E+01  0.74497767E+02  0.35503705E+01
0.48750000E+00  0.21793764E+02  -.18432883E+01  0.75507194E+02  0.36043566E+01
0.49166667E+00  0.22985663E+02  -.19447431E+01  0.76516882E+02  0.36564236E+01
0.49583333E+00  0.24224574E+02  -.20489401E+01  0.77526068E+02  0.37064503E+01
0.50000000E+00  0.25510619E+02  -.21556884E+01  0.78533990E+02  0.37543172E+01
0.50416667E+00  0.26843777E+02  -.22647712E+01  0.79539892E+02  0.37999062E+01
0.50833333E+00  0.28223877E+02  -.23759453E+01  0.80543019E+02  0.38431017E+01
0.51250000E+00  0.29650586E+02  -.24889410E+01  0.81542620E+02  0.38837901E+01
0.51666667E+00  0.31123406E+02  -.26034624E+01  0.82537951E+02  0.39218608E+01
0.52083333E+00  0.32641669E+02  -.27191871E+01  0.83528269E+02  0.39572061E+01
0.52500000E+00  0.34204528E+02  -.28357673E+01  0.84512842E+02  0.39897216E+01
0.52916667E+00  0.35810957E+02  -.29528303E+01  0.85490940E+02  0.40193063E+01
0.53333333E+00  0.37459742E+02  -.30699790E+01  0.86461841E+02  0.40458633E+01
0.53750000E+00  0.39149482E+02  -.31867936E+01  0.87424833E+02  0.40692997E+01
0.54166667E+00  0.40878585E+02  -.33028324E+01  0.88379208E+02  0.40895267E+01
0.54583333E+00  0.42645266E+02  -.34176338E+01  0.89324270E+02  0.41064603E+01
0.55000000E+00  0.44447546E+02  -.35307178E+01  0.90259328E+02  0.41200213E+01
0.55416667E+00  0.46283257E+02  -.36415880E+01  0.91183703E+02  0.41301352E+01
0.55833333E+00  0.48150036E+02  -.37497338E+01  0.92096723E+02  0.41367330E+01
0.56250000E+00  0.50045332E+02  -.38546328E+01  0.92997726E+02  0.41397506E+01
0.56666667E+00  0.51966409E+02  -.39557533E+01  0.93886060E+02  0.41391299E+01
0.57083333E+00  0.53910349E+02  -.40525572E+01  0.94761084E+02  0.41348179E+01
0.57500000E+00  0.55874058E+02  -.41445025E+01  0.95622166E+02  0.41267682E+01
0.57916667E+00  0.57854270E+02  -.42310469E+01  0.96468686E+02  0.41149392E+01
0.58333333E+00  0.59847559E+02  -.43116504E+01  0.97300032E+02  0.40992966E+01
0.58750000E+00  0.61850341E+02  -.43857791E+01  0.98115607E+02  0.40798110E+01
0.59166667E+00  0.63858889E+02  -.44529084E+01  0.98914822E+02  0.40564607E+01
0.59583333E+00  0.65869340E+02  -.45125267E+01  0.99697100E+02  0.40292285E+01
0.60000000E+00  0.67877707E+02  -.45641388E+01  0.10046188E+03  0.39981061E+01
0.60416667E+00  0.69879892E+02  -.46072699E+01  0.10120860E+03  0.39630886E+01
0.60833333E+00  0.71871698E+02  -.46414695E+01  0.10193673E+03  0.39241820E+01
0.61250000E+00  0.73848845E+02  -.46663148E+01  0.10264574E+03  0.38813935E+01
0.61666667E+00  0.75806985E+02  -.46814155E+01  0.10333512E+03  0.38347442E+01
0.62083333E+00  0.77741719E+02  -.46864168E+01  0.10400436E+03  0.37842536E+01
0.62500000E+00  0.79648612E+02  -.46810047E+01  0.10465297E+03  0.37299592E+01
0.62916667E+00  0.81523218E+02  -.46649090E+01  0.10528051E+03  0.36718921E+01
0.63333333E+00  0.83361094E+02  -.46379086E+01  0.10588650E+03  0.36101085E+01
0.63750000E+00  0.85157828E+02  -.45998350E+01  0.10647051E+03  0.35446498E+01
0.64166667E+00  0.86909055E+02  -.45505778E+01  0.10703214E+03  0.34755943E+01
0.64583333E+00  0.88610488E+02  -.44900875E+01  0.10757098E+03  0.34029919E+01
0.65000000E+00  0.90257942E+02  -.44183823E+01  0.10808667E+03  0.33269474E+01
0.65416667E+00  0.91847362E+02  -.43355499E+01  0.10857887E+03  0.32475172E+01
0.65833333E+00  0.93374851E+02  -.42417553E+01  0.10904727E+03  0.31648386E+01
0.66250000E+00  0.94836705E+02  -.41372421E+01  0.10949158E+03  0.30789699E+01
0.66666667E+00  0.96229444E+02  -.40223408E+01  0.10991157E+03  0.29900911E+01
0.67083333E+00  0.97549850E+02  -.38974691E+01  0.11030704E+03  0.28982553E+01
0.67500000E+00  0.98795001E+02  -.37631417E+01  0.11067783E+03  0.28036988E+01
0.67916667E+00  0.99962317E+02  -.36199680E+01  0.11102387E+03  0.27064588E+01
0.68333333E+00  0.10104959E+03  -.34686647E+01  0.11134509E+03  0.26068451E+01
0.68750000E+00  0.10205505E+03  -.33100498E+01  0.11164156E+03  0.25048584E+01
0.69166667E+00  0.10297739E+03  -.31450583E+01  0.11191338E+03  0.24009017E+01
0.69583333E+00  0.10381580E+03  -.29747319E+01  0.11216076E+03  0.22949115E+01
0.70000000E+00  0.10457006E+03  -.28002334E+01  0.11238402E+03  0.21874397E+01
0.70416667E+00  0.10524054E+03  -.26228198E+01  0.11258359E+03  0.20783934E+01
0.70833333E+00  0.10582829E+03  -.24438467E+01  0.11276000E+03  0.19686409E+01
0.71250000E+00  0.10633508E+03  -.22647343E+01  0.11291389E+03  0.18580501E+01
0.71666667E+00  0.10676351E+03  -.20870355E+01  0.11304586E+03  0.17474853E+01
0.72083333E+00  0.10711709E+03  -.19125762E+01  0.11315668E+03  0.16353564E+01
0.72500000E+00  0.10740024E+03  -.17437784E+01  0.11324740E+03  0.15202683E+01
0.72916667E+00  0.10761810E+03  -.15838774E+01  0.11332030E+03  0.13973967E+01
0.73333333E+00  0.10777628E+03  -.14364291E+01  0.11337938E+03  0.12671667E+01
0.73750000E+00  0.10788050E+03  -.13034166E+01  0.11343056E+03  0.11369506E+01
0.74166667E+00  0.10793830E+03  -.11819886E+01  0.11347763E+03  0.10358906E+01
0.74583333E+00  0.10795993E+03  -.10639348E+01  0.11351716E+03  0.99472906E+00
0.75000000E+00  0.10796353E+03  -.94439993E+00  0.11353478E+03  0.10212871E+01
0.75416667E+00  0.10796236E+03  -.82495410E+00  0.11352105E+03  0.10446425E+01
0.75833333E+00  0.10794383E+03  -.70661432E+00  0.11348569E+03  0.10044854E+01
0.76250000E+00  0.10788971E+03  -.58448984E+00  0.11344266E+03  0.90022258E+00
0.76666667E+00  0.10778973E+03  -.45020864E+00  0.11339564E+03  0.77008095E+00
0.77083333E+00  0.10763628E+03  -.30053536E+00  0.11334051E+03  0.63645618E+00
0.77500000E+00  0.10742359E+03  -.13728886E+00  0.11327165E+03  0.51230653E+00
0.77916667E+00  0.10714597E+03  0.36137379E-01  0.11318483E+03  0.39319426E+00
0.78333333E+00  0.10679822E+03  0.21653964E+00  0.11307799E+03  0.27843572E+00
0.78750000E+00  0.10637582E+03  0.40158571E+00  0.11294988E+03  0.16319386E+00
0.79166667E+00  0.10587521E+03  0.58946437E+00  0.11279988E+03  0.48801515E-01
0.79583333E+00  0.10529372E+03  0.77868956E+00  0.11262726E+03  -.66303871E-01
0.80000000E+00  0.10462952E+03  0.96784295E+00  0.11243147E+03  -.18023150E+00
0.80416667E+00  0.10388152E+03  0.11556064E+01  0.11221191E+03  -.29378791E+00
0.80833333E+00  0.10304929E+03  0.13407065E+01  0.11196819E+03  -.40567773E+00
0.81250000E+00  0.10213303E+03  0.15219891E+01  0.11169994E+03  -.51648580E+00
0.81666667E+00  0.10113348E+03  0.16983801E+01  0.11140700E+03  -.62533392E+00
0.82083333E+00  0.10005192E+03  0.18689296E+01  0.11108920E+03  -.73258118E+00
0.82500000E+00  0.98890097E+02  0.20327737E+01  0.11074654E+03  -.83759546E+00
0.82916667E+00  0.97650181E+02  0.21891620E+01  0.11037901E+03  -.94057116E+00
0.83333333E+00  0.96334730E+02  0.23374287E+01  0.10998674E+03  -.10410515E+01
0.83750000E+00  0.94946643E+02  0.24770101E+01  0.10956985E+03  -.11391293E+01
0.84166667E+00  0.93489121E+02  0.26074235E+01  0.10912854E+03  -.12344744E+01
0.84583333E+00  0.91965626E+02  0.27282780E+01  0.10866305E+03  -.13271184E+01
0.85000000E+00  0.90379853E+02  0.28392586E+01  0.10817366E+03  -.14168206E+01
0.85416667E+00  0.88735687E+02  0.29401319E+01  0.10766066E+03  -.15035772E+01
0.85833333E+00  0.87037176E+02  0.30307336E+01  0.10712441E+03  -.15872119E+01
0.86250000E+00  0.85288502E+02  0.31109718E+01  0.10656526E+03  -.16677021E+01
0.86666667E+00  0.83493951E+02  0.31808168E+01  0.10598362E+03  -.17449184E+01
0.87083333E+00  0.81657885E+02  0.32403015E+01  0.10537987E+03  -.18188311E+01
0.87500000E+00  0.79784721E+02  0.32895141E+01  0.10475447E+03  -.18893454E+01
0.87916667E+00  0.77878906E+02  0.33285966E+01  0.10410786E+03  -.19564320E+01
0.88333333E+00  0.75944892E+02  0.33577391E+01  0.10344051E+03  -.20200230E+01
0.88750000E+00  0.73987121E+02  0.33771769E+01  0.10275290E+03  -.20800937E+01
0.89166667E+00  0.72010003E+02  0.33871859E+01  0.10204552E+03  -.21365981E+01
0.89583333E+00  0.70017896E+02  0.33880797E+01  0.10131891E+03  -.21895195E+01
0.90000000E+00  0.68015092E+02  0.33802048E+01  0.10057357E+03  -.22388297E+01
0.90416667E+00  0.66005802E+02  0.33639378E+01  0.99810043E+02  -.22845217E+01
0.90833333E+00  0.63994138E+02  0.33396812E+01  0.99028892E+02  -.23265835E+01
0.91250000E+00  0.61984103E+02  0.33078598E+01  0.98230676E+02  -.23650186E+01
0.91666667E+00  0.59979574E+02  0.32689176E+01  0.97415973E+02  -.23998291E+01
0.92083333E+00  0.57984297E+02  0.32233138E+01  0.96585370E+02  -.24310303E+01
0.92500000E+00  0.56001871E+02  0.31715197E+01  0.95739466E+02  -.24586371E+01
0.92916667E+00  0.54035740E+02  0.31140155E+01  0.94878874E+02  -.24826766E+01
0.93333333E+00  0.52089188E+02  0.30512868E+01  0.94004215E+02  -.25031756E+01
0.93750000E+00  0.50165326E+02  0.29838219E+01  0.93116122E+02  -.25201735E+01
0.94166667E+00  0.48267091E+02  0.29121085E+01  0.92215239E+02  -.25337071E+01
0.94583333E+00  0.46397236E+02  0.28366312E+01  0.91302218E+02  -.25438294E+01
0.95000000E+00  0.44558331E+02  0.27578683E+01  0.90377724E+02  -.25505848E+01
0.95416667E+00  0.42752753E+02  0.26762903E+01  0.89442430E+02  -.25540415E+01
0.95833333E+00  0.40982691E+02  0.25923563E+01  0.88497018E+02  -.25542478E+01
0.96250000E+00  0.39250139E+02  0.25065130E+01  0.87542183E+02  -.25512916E+01
0.96666667E+00  0.37556897E+02  0.24191915E+01  0.86578620E+02  -.25452143E+01
0.97083333E+00  0.35904574E+02  0.23308073E+01  0.85607045E+02  -.25361452E+01
0.97500000E+00  0.34294585E+02  0.22417560E+01  0.84628162E+02  -.25240562E+01
0.97916667E+00  0.32728159E+02  0.21524156E+01  0.83642724E+02  -.25093161E+01
0.98333333E+00  0.31206334E+02  0.20631406E+01  0.82651384E+02  -.24911376E+01
0.98750000E+00  0.29729971E+02  0.19742673E+01  0.81655097E+02  -.24725855E+01
0.99166667E+00  0.28299749E+02  0.18861052E+01  0.80653989E+02  -.24432333E+01
0.99583333E+00  0.26916178E+02  0.17989467E+01  0.79650503E+02  -.24410481E+01
0.10000000E+01  0.25579601E+02  0.17130495E+01  0.78641231E+02  -.23288295E+01
