0.00000000E+00  0.19943077E+02  0.16951953E+01  0.18463036E+02  0.18498114E+02  -.20940986E+02
0.41666667E-02  0.19360453E+02  0.16057159E+01  0.17935822E+02  0.18438527E+02  -.20436554E+02
0.83333333E-02  0.18808127E+02  0.15212259E+01  0.17436401E+02  0.18380308E+02  -.19941308E+02
0.12500000E-01  0.18284432E+02  0.14414364E+01  0.16963198E+02  0.18323662E+02  -.19454911E+02
0.16666667E-01  0.17787794E+02  0.13660694E+01  0.16514734E+02  0.18268764E+02  -.18977006E+02
0.20833333E-01  0.17316728E+02  0.12948586E+01  0.16089624E+02  0.18215767E+02  -.18507206E+02
0.25000000E-01  0.16869837E+02  0.12275498E+01  0.15686572E+02  0.18164801E+02  -.18045112E+02
0.29166667E-01  0.16445809E+02  0.11639013E+01  0.15304363E+02  0.18115981E+02  -.17590303E+02
0.33333333E-01  0.16043410E+02  0.11036839E+01  0.14941862E+02  0.18069404E+02  -.17142347E+02
0.37500000E-01  0.15661481E+02  0.10466808E+01  0.14598006E+02  0.18025155E+02  -.16700798E+02
0.41666667E-01  0.15298936E+02  0.99268742E+00  0.14271802E+02  0.17983308E+02  -.16265203E+02
0.45833333E-01  0.14954757E+02  0.94151106E+00  0.13962322E+02  0.17943927E+02  -.15835098E+02
0.50000000E-01  0.14627989E+02  0.89297055E+00  0.13668700E+02  0.17907068E+02  -.15410015E+02
0.54166667E-01  0.14317739E+02  0.84689581E+00  0.13390125E+02  0.17872779E+02  -.14989481E+02
0.58333333E-01  0.14023170E+02  0.80312746E+00  0.13125840E+02  0.17841105E+02  -.14573022E+02
0.62500000E-01  0.13743498E+02  0.76151632E+00  0.12875139E+02  0.17812081E+02  -.14160161E+02
0.66666667E-01  0.13477989E+02  0.72192294E+00  0.12637359E+02  0.17785742E+02  -.13750427E+02
0.70833333E-01  0.13225955E+02  0.68421720E+00  0.12411884E+02  0.17762117E+02  -.13343352E+02
0.75000000E-01  0.12986754E+02  0.64827779E+00  0.12198135E+02  0.17741230E+02  -.12938479E+02
0.79166667E-01  0.12759783E+02  0.61399182E+00  0.11995571E+02  0.17723102E+02  -.12535360E+02
0.83333333E-01  0.12544476E+02  0.58125440E+00  0.11803684E+02  0.17707752E+02  -.12133566E+02
0.87500000E-01  0.12340305E+02  0.54996822E+00  0.11622001E+02  0.17695192E+02  -.11732689E+02
0.91666667E-01  0.12146773E+02  0.52004317E+00  0.11450076E+02  0.17685431E+02  -.11332352E+02
0.95833333E-01  0.11963413E+02  0.49139599E+00  0.11287488E+02  0.17678474E+02  -.10932211E+02
0.10000000E+00  0.11789788E+02  0.46394993E+00  0.11133844E+02  0.17674319E+02  -.10531966E+02
0.10416667E+00  0.11625486E+02  0.43763442E+00  0.10988771E+02  0.17672958E+02  -.10131372E+02
0.10833333E+00  0.11470118E+02  0.41238476E+00  0.10851918E+02  0.17674377E+02  -.97302506E+01
0.11250000E+00  0.11323319E+02  0.38814180E+00  0.10722951E+02  0.17678553E+02  -.93284942E+01
0.11666667E+00  0.11184743E+02  0.36485172E+00  0.10601552E+02  0.17685456E+02  -.89260929E+01
0.12083333E+00  0.11054063E+02  0.34246565E+00  0.10487419E+02  0.17695043E+02  -.85231311E+01
0.12500000E+00  0.10930969E+02  0.32093952E+00  0.10380263E+02  0.17707263E+02  -.81198220E+01
0.12916667E+00  0.10815165E+02  0.30023368E+00  0.10279806E+02  0.17722051E+02  -.77164944E+01
0.13333333E+00  0.10706372E+02  0.28031272E+00  0.10185779E+02  0.17739329E+02  -.73136367E+01
0.13750000E+00  0.10604320E+02  0.26114513E+00  0.10097923E+02  0.17759005E+02  -.69118638E+01
0.14166667E+00  0.10508754E+02  0.24270310E+00  0.10015985E+02  0.17780971E+02  -.65119717E+01
0.14583333E+00  0.10419427E+02  0.22496223E+00  0.99397183E+01  0.17805103E+02  -.61148695E+01
0.15000000E+00  0.10336101E+02  0.20790128E+00  0.98688830E+01  0.17831259E+02  -.57216495E+01
0.15416667E+00  0.10258548E+02  0.19150188E+00  0.98032425E+01  0.17859280E+02  -.53334648E+01
0.15833333E+00  0.10186546E+02  0.17574839E+00  0.97425646E+01  0.17888990E+02  -.49516293E+01
0.16250000E+00  0.10119880E+02  0.16062756E+00  0.96866209E+01  0.17920194E+02  -.45774188E+01
0.16666667E+00  0.10058341E+02  0.14612846E+00  0.96351865E+01  0.17952680E+02  -.42122306E+01
0.17083333E+00  0.10001723E+02  0.13224222E+00  0.95880398E+01  0.17986219E+02  -.38572846E+01
0.17500000E+00  0.99498278E+01  0.11896197E+00  0.95449632E+01  0.18020568E+02  -.35138945E+01
0.17916667E+00  0.99024579E+01  0.10628264E+00  0.95057427E+01  0.18055467E+02  -.31830325E+01
0.18333333E+00  0.98594202E+01  0.94201029E-01  0.94701683E+01  0.18090648E+02  -.28657899E+01
0.18750000E+00  0.98205238E+01  0.82715529E-01  0.94380342E+01  0.18125828E+02  -.25627405E+01
0.19166667E+00  0.97855797E+01  0.71826382E-01  0.94091391E+01  0.18160717E+02  -.22746918E+01
0.19583333E+00  0.97543999E+01  0.61535338E-01  0.93832860E+01  0.18195019E+02  -.20017324E+01
0.20000000E+00  0.97267972E+01  0.51846126E-01  0.93602830E+01  0.18228430E+02  -.17444072E+01
0.20416667E+00  0.97025841E+01  0.42764218E-01  0.93399421E+01  0.18260643E+02  -.15022558E+01
0.20833333E+00  0.96815721E+01  0.34297840E-01  0.93220798E+01  0.18291345E+02  -.12755889E+01
0.21250000E+00  0.96635708E+01  0.26458296E-01  0.93065159E+01  0.18320222E+02  -.10632157E+01
0.21666667E+00  0.96483870E+01  0.19261700E-01  0.92930724E+01  0.18346952E+02  -.86512245E+00
0.22083333E+00  0.96358262E+01  0.12729071E-01  0.92815705E+01  0.18371209E+02  -.67906701E+00
0.22500000E+00  0.96256935E+01  0.68843856E-02  0.92718298E+01  0.18392654E+02  -.50502625E+00
0.22916667E+00  0.96178008E+01  0.17451775E-02  0.92636663E+01  0.18410942E+02  -.34079176E+00
0.23333333E+00  0.96119658E+01  -.27013990E-02  0.92569079E+01  0.18425743E+02  -.19043432E+00
0.23750000E+00  0.96080203E+01  -.65364633E-02  0.92514232E+01  0.18436796E+02  -.58752637E-01
0.24166667E+00  0.96057464E+01  -.99571872E-02  0.92471957E+01  0.18444029E+02  0.35534100E-01
0.24583333E+00  0.96048563E+01  -.13287955E-01  0.92443953E+01  0.18447683E+02  0.77439809E-01
0.25000000E+00  0.96047209E+01  -.16745269E-01  0.92433847E+01  0.18448339E+02  0.57678892E-01
0.25416667E+00  0.96048398E+01  -.20203874E-01  0.92443955E+01  0.18446472E+02  0.37850960E-01
0.25833333E+00  0.96057067E+01  -.23538009E-01  0.92471959E+01  0.18441835E+02  0.79878264E-01
0.26250000E+00  0.96079524E+01  -.26963948E-01  0.92514233E+01  0.18433798E+02  0.17407719E+00
0.26666667E+00  0.96118657E+01  -.30807239E-01  0.92569079E+01  0.18421977E+02  0.30582789E+00
0.27083333E+00  0.96176646E+01  -.35267162E-01  0.92636662E+01  0.18406352E+02  0.45612267E+00
0.27500000E+00  0.96255169E+01  -.40426452E-01  0.92718297E+01  0.18387137E+02  0.62040918E+00
0.27916667E+00  0.96356047E+01  -.46299068E-01  0.92815704E+01  0.18364649E+02  0.79440709E+00
0.28333333E+00  0.96481162E+01  -.52868346E-01  0.92930722E+01  0.18339232E+02  0.98049890E+00
0.28750000E+00  0.96632463E+01  -.60110963E-01  0.93065157E+01  0.18311225E+02  0.11785622E+01
0.29166667E+00  0.96811898E+01  -.68006561E-01  0.93220797E+01  0.18280959E+02  0.13909601E+01
0.29583333E+00  0.97021396E+01  -.76539619E-01  0.93399419E+01  0.18248752E+02  0.16176066E+01
0.30000000E+00  0.97262863E+01  -.85699480E-01  0.93602829E+01  0.18214922E+02  0.18597748E+01
0.30416667E+00  0.97538186E+01  -.95478528E-01  0.93832859E+01  0.18179780E+02  0.21170863E+01
0.30833333E+00  0.97849238E+01  -.10587194E+00  0.94091389E+01  0.18143634E+02  0.23900570E+01
0.31250000E+00  0.98197894E+01  -.11687660E+00  0.94380340E+01  0.18106790E+02  0.26780967E+01
0.31666667E+00  0.98586032E+01  -.12849142E+00  0.94701681E+01  0.18069548E+02  0.29811537E+01
0.32083333E+00  0.99015541E+01  -.14071679E+00  0.95057426E+01  0.18032203E+02  0.32983904E+01
0.32500000E+00  0.99488331E+01  -.15355496E+00  0.95449631E+01  0.17995040E+02  0.36292574E+01
0.32916667E+00  0.10000634E+02  -.16700979E+00  0.95880397E+01  0.17958338E+02  0.39726439E+01
0.33333333E+00  0.10057152E+02  -.18108703E+00  0.96351863E+01  0.17922362E+02  0.43275933E+01
0.33750000E+00  0.10118588E+02  -.19579420E+00  0.96866208E+01  0.17887365E+02  0.46927792E+01
0.34166667E+00  0.10185146E+02  -.21114090E+00  0.97425645E+01  0.17853585E+02  0.50669920E+01
0.34583333E+00  0.10257035E+02  -.22713874E+00  0.98032424E+01  0.17821244E+02  0.54488263E+01
0.35000000E+00  0.10334471E+02  -.24380170E+00  0.98688829E+01  0.17790546E+02  0.58370125E+01
0.35416667E+00  0.10417676E+02  -.26114618E+00  0.99397182E+01  0.17761677E+02  0.62302319E+01
0.35833333E+00  0.10506876E+02  -.27919131E+00  0.10015985E+02  0.17734804E+02  0.66273352E+01
0.36250000E+00  0.10602311E+02  -.29795911E+00  0.10097923E+02  0.17710076E+02  0.70272269E+01
0.36666667E+00  0.10704226E+02  -.31747483E+00  0.10185779E+02  0.17687625E+02  0.74290006E+01
0.37083333E+00  0.10812877E+02  -.33776714E+00  0.10279806E+02  0.17667563E+02  0.78318582E+01
0.37500000E+00  0.10928532E+02  -.35886842E+00  0.10380263E+02  0.17649988E+02  0.82351865E+01
0.37916667E+00  0.11051473E+02  -.38081504E+00  0.10487419E+02  0.17634981E+02  0.86384957E+01
0.38333333E+00  0.11181993E+02  -.40364762E+00  0.10601552E+02  0.17622608E+02  0.90414579E+01
0.38750000E+00  0.11320403E+02  -.42741128E+00  0.10722951E+02  0.17612924E+02  0.94438593E+01
0.39166667E+00  0.11467028E+02  -.45215596E+00  0.10851918E+02  0.17605971E+02  0.98456162E+01
0.39583333E+00  0.11622215E+02  -.47793664E+00  0.10988771E+02  0.17601780E+02  0.10246738E+02
0.40000000E+00  0.11786329E+02  -.50481369E+00  0.11133844E+02  0.17600372E+02  0.10647332E+02
0.40416667E+00  0.11959758E+02  -.53285310E+00  0.11287488E+02  0.17601760E+02  0.11047577E+02
0.40833333E+00  0.12142912E+02  -.56212682E+00  0.11450076E+02  0.17605952E+02  0.11447719E+02
0.41250000E+00  0.12336230E+02  -.59271306E+00  0.11622002E+02  0.17612945E+02  0.11848056E+02
0.41666667E+00  0.12540177E+02  -.62469663E+00  0.11803685E+02  0.17622733E+02  0.12248933E+02
0.42083333E+00  0.12755249E+02  -.65816931E+00  0.11995571E+02  0.17635306E+02  0.12650727E+02
0.42500000E+00  0.12981974E+02  -.69323015E+00  0.12198135E+02  0.17650646E+02  0.13053846E+02
0.42916667E+00  0.13220918E+02  -.72998597E+00  0.12411884E+02  0.17668733E+02  0.13458720E+02
0.43333333E+00  0.13472680E+02  -.76855165E+00  0.12637359E+02  0.17689543E+02  0.13865795E+02
0.43750000E+00  0.13737905E+02  -.80905065E+00  0.12875139E+02  0.17713048E+02  0.14275529E+02
0.44166667E+00  0.14017279E+02  -.85161541E+00  0.13125840E+02  0.17739215E+02  0.14688390E+02
0.44583333E+00  0.14311533E+02  -.89638782E+00  0.13390125E+02  0.17768008E+02  0.15104850E+02
0.45000000E+00  0.14621452E+02  -.94351970E+00  0.13668700E+02  0.17799385E+02  0.15525384E+02
0.45416667E+00  0.14947871E+02  -.99317324E+00  0.13962322E+02  0.17833301E+02  0.15950467E+02
0.45833333E+00  0.15291682E+02  -.10455215E+01  0.14271802E+02  0.17869704E+02  0.16380573E+02
0.46250000E+00  0.15653839E+02  -.11007489E+01  0.14598006E+02  0.17908533E+02  0.16816168E+02
0.46666667E+00  0.16035358E+02  -.11590516E+01  0.14941862E+02  0.17949722E+02  0.17257717E+02
0.47083333E+00  0.16437325E+02  -.12206377E+01  0.15304363E+02  0.17993194E+02  0.17705673E+02
0.47500000E+00  0.16860896E+02  -.12857280E+01  0.15686572E+02  0.18038860E+02  0.18160483E+02
0.47916667E+00  0.17307302E+02  -.13545559E+01  0.16089624E+02  0.18086619E+02  0.18622577E+02
0.48333333E+00  0.17777857E+02  -.14273676E+01  0.16514734E+02  0.18136355E+02  0.19092377E+02
0.48750000E+00  0.18273954E+02  -.15044219E+01  0.16963198E+02  0.18187933E+02  0.19570283E+02
0.49166667E+00  0.18797076E+02  -.15859901E+01  0.17436401E+02  0.18241198E+02  0.20056680E+02
0.49583333E+00  0.19348795E+02  -.16723558E+01  0.17935822E+02  0.18295972E+02  0.20551926E+02
0.50000000E+00  0.19930778E+02  -.17638134E+01  0.18463036E+02  0.18352048E+02  0.21056359E+02
0.50416667E+00  0.20544785E+02  -.18606675E+01  0.19019719E+02  0.18409189E+02  0.21570279E+02
0.50833333E+00  0.21192679E+02  -.19632309E+01  0.19607655E+02  0.18467122E+02  0.22093960E+02
0.51250000E+00  0.21876417E+02  -.20718225E+01  0.20228739E+02  0.18525533E+02  0.22627625E+02
0.51666667E+00  0.22598057E+02  -.21867644E+01  0.20884979E+02  0.18584062E+02  0.23171463E+02
0.52083333E+00  0.23359755E+02  -.23083780E+01  0.21578500E+02  0.18642299E+02  0.23725594E+02
0.52500000E+00  0.24163760E+02  -.24369795E+01  0.22311545E+02  0.18699774E+02  0.24290094E+02
0.52916667E+00  0.25012412E+02  -.25728737E+01  0.23086477E+02  0.18755955E+02  0.24864947E+02
0.53333333E+00  0.25908129E+02  -.27163476E+01  0.23905777E+02  0.18810235E+02  0.25450080E+02
0.53750000E+00  0.26853401E+02  -.28676608E+01  0.24772040E+02  0.18861931E+02  0.26045297E+02
0.54166667E+00  0.27850773E+02  -.30270363E+01  0.25687971E+02  0.18910268E+02  0.26650332E+02
0.54583333E+00  0.28902829E+02  -.31946471E+01  0.26656374E+02  0.18954378E+02  0.27264755E+02
0.55000000E+00  0.30012164E+02  -.33706028E+01  0.27680141E+02  0.18993288E+02  0.27888053E+02
0.55416667E+00  0.31181359E+02  -.35549323E+01  0.28762235E+02  0.19025910E+02  0.28519491E+02
0.55833333E+00  0.32412941E+02  -.37475653E+01  0.29905665E+02  0.19051036E+02  0.29158240E+02
0.56250000E+00  0.33709349E+02  -.39483095E+01  0.31113460E+02  0.19067326E+02  0.29803177E+02
0.56666667E+00  0.35072873E+02  -.41568276E+01  0.32388629E+02  0.19073304E+02  0.30453080E+02
0.57083333E+00  0.36505603E+02  -.43726091E+01  0.33734121E+02  0.19067350E+02  0.31106334E+02
0.57500000E+00  0.38009360E+02  -.45949421E+01  0.35152766E+02  0.19047697E+02  0.31761232E+02
0.57916667E+00  0.39585617E+02  -.48228807E+01  0.36647212E+02  0.19012427E+02  0.32415549E+02
0.58333333E+00  0.41235416E+02  -.50552147E+01  0.38219846E+02  0.18959474E+02  0.33066993E+02
0.58750000E+00  0.42959272E+02  -.52904340E+01  0.39872706E+02  0.18886629E+02  0.33712589E+02
0.59166667E+00  0.44757069E+02  -.55267005E+01  0.41607375E+02  0.18791547E+02  0.34349360E+02
0.59583333E+00  0.46627953E+02  -.57618147E+01  0.43424865E+02  0.18671767E+02  0.34973430E+02
0.60000000E+00  0.48570217E+02  -.59931982E+01  0.45325480E+02  0.18524730E+02  0.35581048E+02
0.60416667E+00  0.50581188E+02  -.62178702E+01  0.47308679E+02  0.18347814E+02  0.36167277E+02
0.60833333E+00  0.52657114E+02  -.64324522E+01  0.49372911E+02  0.18138370E+02  0.36727530E+02
0.61250000E+00  0.54793062E+02  -.66331671E+01  0.51515462E+02  0.17893779E+02  0.37255658E+02
0.61666667E+00  0.56982825E+02  -.68158810E+01  0.53732273E+02  0.17611502E+02  0.37746242E+02
0.62083333E+00  0.59218860E+02  -.69761391E+01  0.56017793E+02  0.17289166E+02  0.38191790E+02
0.62500000E+00  0.61492242E+02  -.71092637E+01  0.58364812E+02  0.16924637E+02  0.38586159E+02
0.62916667E+00  0.63792668E+02  -.72104373E+01  0.60764344E+02  0.16516119E+02  0.38920427E+02
0.63333333E+00  0.66108491E+02  -.72748725E+01  0.63205517E+02  0.16062256E+02  0.39188005E+02
0.63750000E+00  0.68426820E+02  -.72979461E+01  0.65675553E+02  0.15562242E+02  0.39378518E+02
0.64166667E+00  0.70733665E+02  -.72754442E+01  0.68159752E+02  0.15015924E+02  0.39485452E+02
0.64583333E+00  0.73014155E+02  -.72037319E+01  0.70641635E+02  0.14423921E+02  0.39497021E+02
0.65000000E+00  0.75252796E+02  -.70800585E+01  0.73103089E+02  0.13787704E+02  0.39407641E+02
0.65416667E+00  0.77433815E+02  -.69027180E+01  0.75524730E+02  0.13109691E+02  0.39204191E+02
0.65833333E+00  0.79541513E+02  -.66713733E+01  0.77886235E+02  0.12393284E+02  0.38883298E+02
0.66250000E+00  0.81560706E+02  -.63871341E+01  0.80166962E+02  0.11642905E+02  0.38430494E+02
0.66666667E+00  0.83477124E+02  -.60528374E+01  0.82346450E+02  0.10863953E+02  0.37846423E+02
0.67083333E+00  0.85277888E+02  -.56729497E+01  0.84405263E+02  0.10062769E+02  0.37114899E+02
0.67500000E+00  0.86951871E+02  -.52537446E+01  0.86325554E+02  0.92464793E+01  0.36243051E+02
0.67916667E+00  0.88490136E+02  -.48029434E+01  0.88092020E+02  0.84228924E+01  0.35211791E+02
0.68333333E+00  0.89886170E+02  -.43297643E+01  0.89692346E+02  0.76002342E+01  0.34038146E+02
0.68750000E+00  0.91136203E+02  -.38442638E+01  0.91118099E+02  0.67869955E+01  0.32697392E+02
0.69166667E+00  0.92239238E+02  -.33573031E+01  0.92364804E+02  0.59915980E+01  0.31221466E+02
0.69583333E+00  0.93197218E+02  -.28796273E+01  0.93432614E+02  0.52222602E+01  0.29574383E+02
0.70000000E+00  0.94014806E+02  -.24218864E+01  0.94325812E+02  0.44866381E+01  0.27810849E+02
0.70416667E+00  0.94699400E+02  -.19935591E+01  0.95053199E+02  0.37918054E+01  0.25872150E+02
0.70833333E+00  0.95260646E+02  -.16032127E+01  0.95626947E+02  0.31438969E+01  0.23848590E+02
0.71250000E+00  0.95710307E+02  -.12573673E+01  0.96062860E+02  0.25483102E+01  0.21634646E+02
0.71666667E+00  0.96061452E+02  -.96111366E+00  0.96378699E+02  0.20092838E+01  0.19380040E+02
0.72083333E+00  0.96328148E+02  -.71686405E+00  0.96594556E+02  0.15304632E+01  0.16883139E+02
0.72500000E+00  0.96524217E+02  -.52519050E+00  0.96730690E+02  0.11142087E+01  0.14410486E+02
0.72916667E+00  0.96662853E+02  -.38321182E+00  0.96808051E+02  0.76313623E+00  0.11541928E+02
0.73333333E+00  0.96755558E+02  -.28586696E+00  0.96845707E+02  0.47794473E+00  0.87934001E+01
0.73750000E+00  0.96812645E+02  -.22483880E+00  0.96861455E+02  0.25694164E+00  0.51516790E+01
0.74166667E+00  0.96843339E+02  -.19135819E+00  0.96867181E+02  0.95990898E-01  0.24502038E+01
0.74583333E+00  0.96855517E+02  -.17575078E+00  0.96869594E+02  -.71048396E-02  -.15067511E+01
0.75000000E+00  0.96857310E+02  -.16907865E+00  0.96870006E+02  -.55142105E-01  0.58420384E-01
0.75416667E+00  0.96855604E+02  -.16244093E+00  0.96869594E+02  0.19648276E-01  0.16242405E+01
0.75833333E+00  0.96843631E+02  -.14693508E+00  0.96867181E+02  0.12875440E+00  -.23351973E+01
0.76250000E+00  0.96813287E+02  -.11358598E+00  0.96861458E+02  0.30321255E+00  -.50348378E+01
0.76666667E+00  0.96756735E+02  -.52693903E-01  0.96845714E+02  0.54135146E+00  -.86788998E+01
0.77083333E+00  0.96664794E+02  0.44545049E-01  0.96808063E+02  0.84582402E+00  -.11426241E+02
0.77500000E+00  0.96527189E+02  0.18650874E+00  0.96730703E+02  0.12163002E+01  -.14295493E+02
0.77916667E+00  0.96332457E+02  0.37832353E+00  0.96594571E+02  0.16512451E+01  -.16767622E+02
0.78333333E+00  0.96067422E+02  0.62295000E+00  0.96378714E+02  0.21479443E+01  -.19264903E+02
0.78750000E+00  0.95718270E+02  0.91988917E+00  0.96062875E+02  0.27039050E+01  -.21519233E+02
0.79166667E+00  0.95270917E+02  0.12668038E+01  0.95626961E+02  0.33154711E+01  -.23733379E+02
0.79583333E+00  0.94712268E+02  0.16586680E+01  0.95053211E+02  0.39783432E+01  -.25756786E+02
0.80000000E+00  0.94030516E+02  0.20890231E+01  0.94325822E+02  0.46871084E+01  -.27695598E+02
0.80416667E+00  0.93215964E+02  0.25493495E+01  0.93432623E+02  0.54355872E+01  -.29459042E+02
0.80833333E+00  0.92261154E+02  0.30302070E+01  0.92364809E+02  0.62166827E+01  -.31106188E+02
0.81250000E+00  0.91161358E+02  0.35209676E+01  0.91118102E+02  0.70227055E+01  -.32582057E+02
0.81666667E+00  0.89914566E+02  0.40108952E+01  0.89692346E+02  0.78454238E+01  -.33922844E+02
0.82083333E+00  0.88521706E+02  0.44891209E+01  0.88092018E+02  0.86764051E+01  -.35096451E+02
0.82500000E+00  0.86986484E+02  0.49455672E+01  0.86325550E+02  0.95071669E+01  -.36127727E+02
0.82916667E+00  0.85315355E+02  0.53709806E+01  0.84405258E+02  0.10329499E+02  -.36999549E+02
0.83333333E+00  0.83517202E+02  0.57575935E+01  0.82346444E+02  0.11135627E+02  -.37731082E+02
0.83750000E+00  0.81603111E+02  0.60990762E+01  0.80166956E+02  0.11918463E+02  -.38315134E+02
0.84166667E+00  0.79585928E+02  0.63908996E+01  0.77886229E+02  0.12671720E+02  -.38767942E+02
0.84583333E+00  0.77479903E+02  0.66301587E+01  0.75524724E+02  0.13390057E+02  -.39088823E+02
0.85000000E+00  0.75300205E+02  0.68156746E+01  0.73103083E+02  0.14069117E+02  -.39292274E+02
0.85416667E+00  0.73062534E+02  0.69477146E+01  0.70641630E+02  0.14705568E+02  -.39381647E+02
0.85833333E+00  0.70782667E+02  0.70279169E+01  0.68159747E+02  0.15297062E+02  -.39370078E+02
0.86250000E+00  0.68476115E+02  0.70589679E+01  0.65675550E+02  0.15842201E+02  -.39263140E+02
0.86666667E+00  0.66157767E+02  0.70444431E+01  0.63205514E+02  0.16340436E+02  -.39072626E+02
0.87083333E+00  0.63841641E+02  0.69885020E+01  0.60764342E+02  0.16791989E+02  -.38805045E+02
0.87500000E+00  0.61540654E+02  0.68957200E+01  0.58364810E+02  0.17197730E+02  -.38470777E+02
0.87916667E+00  0.59266484E+02  0.67708427E+01  0.56017792E+02  0.17559080E+02  -.38076407E+02
0.88333333E+00  0.57029465E+02  0.66186521E+01  0.53732272E+02  0.17877891E+02  -.37630860E+02
0.88750000E+00  0.54838552E+02  0.64437967E+01  0.51515462E+02  0.18156351E+02  -.37140275E+02
0.89166667E+00  0.52701320E+02  0.62507078E+01  0.49372912E+02  0.18396883E+02  -.36612147E+02
0.89583333E+00  0.50624002E+02  0.60435009E+01  0.47308680E+02  0.18602068E+02  -.36051894E+02
0.90000000E+00  0.48611558E+02  0.58259400E+01  0.45325481E+02  0.18774568E+02  -.35465666E+02
0.90416667E+00  0.46667763E+02  0.56013946E+01  0.43424866E+02  0.18917066E+02  -.34858048E+02
0.90833333E+00  0.44795312E+02  0.53728403E+01  0.41607377E+02  0.19032217E+02  -.34233979E+02
0.91250000E+00  0.42995931E+02  0.51428536E+01  0.39872708E+02  0.19122606E+02  -.33597207E+02
0.91666667E+00  0.41270488E+02  0.49136349E+01  0.38219847E+02  0.19190720E+02  -.32951612E+02
0.92083333E+00  0.39619114E+02  0.46870253E+01  0.36647213E+02  0.19238924E+02  -.32300169E+02
0.92500000E+00  0.38041305E+02  0.44645402E+01  0.35152767E+02  0.19269447E+02  -.31645853E+02
0.92916667E+00  0.36536029E+02  0.42473963E+01  0.33734122E+02  0.19284370E+02  -.30990954E+02
0.93333333E+00  0.35101819E+02  0.40365473E+01  0.32388630E+02  0.19285624E+02  -.30337701E+02
0.93750000E+00  0.33736861E+02  0.38327135E+01  0.31113461E+02  0.19274987E+02  -.29687798E+02
0.94166667E+00  0.32439069E+02  0.36364148E+01  0.29905666E+02  0.19254089E+02  -.29042862E+02
0.94583333E+00  0.31206155E+02  0.34479982E+01  0.28762236E+02  0.19224414E+02  -.28404113E+02
0.95000000E+00  0.30035683E+02  0.32676658E+01  0.27680142E+02  0.19187306E+02  -.27772676E+02
0.95416667E+00  0.28925127E+02  0.30954979E+01  0.26656375E+02  0.19143980E+02  -.27149379E+02
0.95833333E+00  0.27871906E+02  0.29314756E+01  0.25687971E+02  0.19095527E+02  -.26534956E+02
0.96250000E+00  0.26873423E+02  0.27754991E+01  0.24772040E+02  0.19042922E+02  -.25929921E+02
0.96666667E+00  0.25927096E+02  0.26274049E+01  0.23905777E+02  0.18987036E+02  -.25334704E+02
0.97083333E+00  0.25030377E+02  0.24869795E+01  0.23086477E+02  0.18928644E+02  -.24749572E+02
0.97500000E+00  0.24180776E+02  0.23539721E+01  0.22311545E+02  0.18868430E+02  -.24174720E+02
0.97916667E+00  0.23375871E+02  0.22281048E+01  0.21578500E+02  0.18806999E+02  -.23610220E+02
0.98333333E+00  0.22613322E+02  0.21090807E+01  0.20884979E+02  0.18744885E+02  -.23056089E+02
0.98750000E+00  0.21890876E+02  0.19965917E+01  0.20228740E+02  0.18682556E+02  -.22512252E+02
0.99166667E+00  0.21206377E+02  0.18903239E+01  0.19607655E+02  0.18620420E+02  -.21978587E+02
0.99583333E+00  0.20557765E+02  0.17899625E+01  0.19019719E+02  0.18558835E+02  -.21454906E+02
0.10000000E+01  0.19943077E+02  0.16951953E+01  0.18463036E+02  0.18498114E+02  -.20940986E+02
