    .00000  28.48488   3.83233  80.25042  -5.10614
    .01667  23.27736   3.12553  76.36296  -4.75648
    .03333  18.70261   2.50889  72.29137  -4.45169
    .05000  14.87586   1.95422  68.33598  -4.07038
    .06667  11.70141   1.49306  64.38577  -3.68817
    .08333   9.14964   1.11418  60.62232  -3.26441
    .10000   7.12708    .81679  57.00150  -2.85658
    .11667   5.56034    .58783  53.65648  -2.43477
    .13333   4.36493    .41630  50.56707  -2.03912
    .15000   3.47005    .28965  47.83851  -1.64613
    .16667   2.81272    .19709  45.46060  -1.28049
    .18333   2.34291    .12891  43.52533   -.92069
    .20000   2.02327    .07776  42.03322   -.57934
    .21667   1.82439    .03762  41.05147   -.23750
    .23333   1.73021    .00652  40.55461    .07431
    .25000   1.71020   -.01450  40.46224    .28671
    .26667   1.72951   -.03530  40.54394    .49439
    .28333   1.81925   -.06754  41.01322    .81357
    .30000   2.01488   -.11083  41.97626   1.17302
    .31667   2.32946   -.16678  43.44483   1.53602
    .33333   2.79350   -.24212  45.35930   1.92200
    .35000   3.44288   -.34455  47.71518   2.31929
    .36667   4.32738   -.48460  50.42167   2.74768
    .38333   5.50867   -.67402  53.48789   3.18453
    .40000   7.05782   -.92611  56.81128   3.64995
    .41667   9.05523  -1.25403  60.40523   4.10785
    .43333  11.58039  -1.66954  64.15197   4.58089
    .45000  14.71090  -2.18009  68.06709   5.02103
    .46667  18.50442  -2.78660  72.01886   5.45509
    .48333  22.99868  -3.47972  76.02843   5.82582
    .50000  28.18658  -4.23834  79.95391   6.16520
    .51667  34.02250  -5.02643  83.82494   6.41077
    .53333  40.39349  -5.79437  87.49253   6.59962
    .55000  47.14465  -6.47972  90.99812   6.66866
    .56667  54.06489  -7.01814  94.19833   6.65905
    .58333  60.95714  -7.35556  97.16800   6.51414
    .60000  67.62528  -7.46257  99.79466   6.28009
    .61667  73.90358  -7.32715 102.17954   5.91577
    .63333  79.56692  -6.94206 104.19325   5.46861
    .65000  84.42718  -6.30972 105.92511   4.91134
    .66667  88.35785  -5.47077 107.26449   4.28559
    .68333  91.34237  -4.49543 108.34458   3.58302
    .70000  93.35084  -3.45461 109.06113   2.83826
    .71667  94.50376  -2.43924 109.56781   2.03526
    .73333  94.96753  -1.54119 109.79647   1.32999
    .75000  95.01889   -.83900 109.90787    .89483
    .76667  94.98248   -.15431 109.83544    .48315
    .78333  94.59603    .74029 109.65381   -.21565
    .80000  93.50256   1.77311 109.18564  -1.04635
    .81667  91.59314   2.84979 108.51584  -1.81663
    .83333  88.68580   3.88614 107.47332  -2.55568
    .85000  84.83566   4.80355 106.17213  -3.22208
    .86667  80.04261   5.53881 104.47418  -3.82949
    .88333  74.42924   6.03683 102.48964  -4.32942
    .90000  68.18238   6.29881 100.12878  -4.75481
    .91667  61.51596   6.31961  97.51707  -5.05082
    .93333  54.63815   6.12256  94.57099  -5.26497
    .95000  47.68204   5.71151  91.37558  -5.33924
    .96667  40.93581   5.16371  87.89798  -5.34367
    .98333  34.46204   4.49512  84.19286  -5.21632
