    .00000  31.79411  10.03258  77.81574 -20.15040
    .01667  29.12457   9.47115  76.53301 -19.27823
    .03333  26.17618   8.80745  74.66946 -18.60756
    .05000  23.27407   7.94459  72.87020 -17.68183
    .06667  20.30224   7.01891  70.75584 -16.58637
    .08333  17.48944   6.00946  68.61190 -15.23814
    .10000  14.81093   5.01966  66.24624 -13.80996
    .11667  12.42713   4.05555  63.92943 -12.18131
    .13333  10.32399   3.17746  61.56123 -10.51097
    .15000   8.58223   2.39073  59.42831  -8.70168
    .16667   7.19176   1.72258  57.54375  -6.88299
    .18333   6.16980   1.16561  56.14763  -4.99470
    .20000   5.46706    .71939  55.14614  -3.13607
    .21667   5.05139    .37521  54.56169  -1.26502
    .23333   4.86053    .12881  54.20601    .16578
    .25000   4.82484   -.03703  54.07905    .38006
    .26667   4.85585   -.19444  54.13527    .39738
    .28333   5.02405   -.43611  54.42669   1.70546
    .30000   5.41988   -.77881  54.95653   3.64278
    .31667   6.08868  -1.22868  55.86977   5.53173
    .33333   7.07884  -1.79213  57.19411   7.45684
    .35000   8.41933  -2.47406  58.96154   9.32504
    .36667  10.12443  -3.27521  61.02853  11.17635
    .38333  12.16748  -4.18285  63.27927  12.91250
    .40000  14.52250  -5.17051  65.55750  14.58629
    .41667  17.12798  -6.20871  67.79869  16.09484
    .43333  19.93502  -7.24867  69.93594  17.49509
    .45000  22.83052  -8.24559  71.92719  18.67485
    .46667  25.76568  -9.13978  73.76264  19.69838
    .48333  28.62972  -9.89992  75.44646  20.45428
    .50000  31.38321 -10.47156  76.98402  21.01303
    .51667  33.92836 -10.84639  78.38923  21.26941
    .53333  36.27573 -10.99197  79.68784  21.29321
    .55000  38.30452 -10.92400  80.86740  21.00049
    .56667  40.11080 -10.62519  81.97369  20.44012
    .58333  41.59187 -10.13934  82.99269  19.56978
    .60000  42.83637  -9.47474  83.91930  18.45081
    .61667  43.80737  -8.67420  84.78237  17.08799
    .63333  44.59753  -7.76053  85.55409  15.39535
    .65000  45.05469  -6.73885  86.25456  13.56917
    .66667  45.51234  -5.68151  86.87232  11.28393
    .68333  45.70102  -4.61882  87.38531   8.57446
    .70000  45.85695  -3.56534  87.81003   7.37743
    .71667  46.05735  -2.51272  88.17629   5.02553
    .73333  46.00945  -1.49825  88.34436   2.93319
    .75000  46.26732   -.46220  88.56300    .85910
    .76667  46.30470    .55914  88.60281   -.86474
    .78333  46.11278   1.56345  88.39601  -2.76437
    .80000  45.84733   2.62496  88.09107  -5.27540
    .81667  45.82384   3.68560  87.82844  -6.65717
    .83333  45.64843   4.76505  87.41079  -9.35663
    .85000  45.25001   5.82699  86.88424 -11.61148
    .86667  44.82652   6.88307  86.26374 -13.56580
    .88333  44.08038   7.80988  85.56889 -15.31455
    .90000  43.19392   8.66965  84.78828 -16.75328
    .91667  41.94010   9.35185  83.89111 -17.94010
    .93333  40.53237   9.92344  82.93044 -18.90197
    .95000  38.73373  10.24080  81.84100 -19.52477
    .96667  36.79162  10.42203  80.71722 -19.89018
    .98333  34.39139  10.29976  79.31575 -20.01004
