    .00000  25.60646   1.73700  78.81020  -2.40846
    .01667  20.74175   1.38908  74.80452  -2.22823
    .03333  16.58210   1.10030  70.72199  -2.07645
    .05000  13.14922    .84846  66.77571  -1.88549
    .06667  10.34621    .64222  62.89755  -1.69446
    .08333   8.10670    .47605  59.21995  -1.48272
    .10000   6.34349    .34652  55.71420  -1.27876
    .11667   4.97893    .24775  52.48742  -1.06734
    .13333   3.93761    .17400  49.51881   -.86929
    .15000   3.15549    .11976  46.89967   -.67205
    .16667   2.57737    .08016  44.60997   -.48928
    .18333   2.15985    .05111  42.72854   -.30989
    .20000   1.86965    .02931  41.23906   -.14088
    .21667   1.68245    .01187  40.20971    .02939
    .23333   1.58697   -.00247  39.64253    .19205
    .25000   1.56231   -.01356  39.50933    .33411
    .26667   1.58640   -.02493  39.63591    .47417
    .28333   1.67926   -.04078  40.18541    .64750
    .30000   1.86449   -.06143  41.20276    .83588
    .31667   2.15196   -.08812  42.67891   1.03005
    .33333   2.56615   -.12421  44.54761   1.24036
    .35000   3.13987   -.17353  46.82451   1.46117
    .36667   3.91625   -.24093  49.43074   1.70132
    .38333   4.95008   -.33220  52.38662   1.94878
    .40000   6.30507   -.45391  55.60084   2.21332
    .41667   8.05582   -.61316  59.09379   2.47609
    .43333  10.28060   -.81678  62.76042   2.74860
    .45000  13.06229  -1.07056  66.62298   3.00561
    .46667  16.47514  -1.37784  70.56359   3.26103
    .48333  20.58575  -1.73846  74.60952   3.48442
    .50000  25.43332  -2.14705  78.63224   3.69273
    .51667  31.03432  -2.59248  82.66721   3.85230
    .53333  37.35737  -3.05669  86.57792   3.98335
    .55000  44.33736  -3.51550  90.41053   4.05154
    .56667  51.84678  -3.93874  94.02321   4.07995
    .58333  59.72637  -4.29335  97.47485   4.03630
    .60000  67.75451  -4.54525 100.62158   3.94557
    .61667  75.69792  -4.66411 103.53668   3.78055
    .63333  83.27185  -4.62510 106.07534   3.56677
    .65000  90.21189  -4.41294 108.32344   3.28467
    .66667  96.22531  -4.02626 110.13639   2.95845
    .68333 101.11003  -3.48157 111.62052   2.57837
    .70000 104.67506  -2.82178 112.64380   2.16739
    .71667 106.91825  -2.11092 113.35021   1.72414
    .73333 107.89703  -1.44456 113.64817   1.31390
    .75000 108.03319   -.95128 113.75246   1.00881
    .76667 107.91228   -.47228 113.66976    .70265
    .78333 107.03725    .20228 113.41028    .28935
    .80000 104.86608    .95489 112.73228   -.17687
    .81667 101.40233   1.67888 111.74580   -.61282
    .83333  96.58853   2.31773 110.29054  -1.02874
    .85000  90.64397   2.81697 108.50825  -1.39434
    .86667  83.74700   3.16020 106.28546  -1.72489
    .88333  76.20042   3.33949 103.76980  -1.99009
    .90000  68.26493   3.36742 100.87407  -2.21409
    .91667  60.22700   3.26154  97.74234  -2.36561
    .93333  52.32810   3.05031  94.30426  -2.47625
    .95000  44.77804   2.75999  90.69633  -2.51448
    .96667  37.76764   2.42820  86.87396  -2.51935
    .98333  31.36665   2.06925  82.94138  -2.45606
