    .00000  32.83123   7.42357  81.58379 -11.24473
    .01667  28.01606   6.47993  78.51709 -10.67574
    .03333  23.40555   5.54200  75.04169 -10.17184
    .05000  19.27427   4.58035  71.58840  -9.48832
    .06667  15.59031   3.69826  67.95486  -8.74905
    .08333  12.46444   2.89982  64.40738  -7.88094
    .10000   9.84645   2.22079  60.84482  -7.00400
    .11667   7.72946   1.65258  57.46208  -6.05761
    .13333   6.05041   1.19815  54.22295  -5.13918
    .15000   4.76509    .84317  51.31346  -4.20253
    .16667   3.81137    .57461  48.75491  -3.31328
    .18333   3.13542    .37321  46.71081  -2.43072
    .20000   2.68591    .22327  45.19126  -1.59100
    .21667   2.41895    .11108  44.25822   -.75783
    .23333   2.29921    .03064  43.80035   -.04882
    .25000   2.27682   -.01936  43.71323    .33351
    .26667   2.29778   -.06792  43.77427    .69035
    .28333   2.40893   -.14882  44.18825   1.39453
    .30000   2.66904   -.26438  45.08932   2.25164
    .31667   3.10690   -.41987  46.56500   3.11458
    .33333   3.77049   -.63014  48.57382   4.02628
    .35000   4.70634   -.91155  51.08993   4.95142
    .36667   5.97199  -1.28384  53.96609   5.92772
    .38333   7.62316  -1.76288  57.16064   6.89556
    .40000   9.71190  -2.36023  60.51347   7.89217
    .41667  12.28404  -3.07974  64.01818   8.83219
    .43333  15.37143  -3.91844  67.53924   9.75792
    .45000  18.98400  -4.86071  71.09846  10.57126
    .46667  23.08400  -5.87285  74.54980  11.32286
    .48333  27.59741  -6.90153  77.91673  11.90850
    .50000  32.42073  -7.88671  81.07016  12.38664
    .51667  37.44106  -8.76784  84.07387  12.65932
    .53333  42.51231  -9.48289  86.81263  12.79341
    .55000  47.49000  -9.97532  89.35999  12.70206
    .56667  52.23686 -10.20648  91.61615  12.45536
    .58333  56.63423 -10.15502  93.67285  11.98446
    .60000  60.57158  -9.81535  95.43194  11.35786
    .61667  63.98803  -9.20685  96.99916  10.52699
    .63333  66.83378  -8.36374  98.28157   9.55486
    .65000  69.09888  -7.33659  99.39060   8.41687
    .66667  70.80600  -6.18466 100.23760   7.16842
    .68333  72.00226  -4.97508 100.94402   5.80479
    .70000  72.75855  -3.76965 101.42193   4.37967
    .71667  73.15880  -2.63284 101.80132   2.86204
    .73333  73.28374  -1.59563 101.97961   1.40139
    .75000  73.32626   -.68178 102.11087    .99743
    .76667  73.35854    .22325 102.06822    .62928
    .78333  73.21806   1.24799 101.94385   -.79668
    .80000  72.86455   2.38877 101.63266  -2.33188
    .81667  72.17001   3.60314 101.22191  -3.78666
    .83333  71.04979   4.84193 100.58173  -5.19183
    .85000  69.40317   6.02982  99.79120  -6.48425
    .86667  67.22259   7.11927  98.74091  -7.67923
    .88333  64.42533   8.02582  97.50104  -8.70794
    .90000  61.08949   8.72816  95.98309  -9.60924
    .91667  57.16651   9.15052  94.24639 -10.30100
    .93333  52.84107   9.32032  92.23218 -10.85301
    .95000  48.05308   9.17543  89.96801 -11.16853
    .96667  43.14021   8.81667  87.46404 -11.34318
    .98333  37.95643   8.17366  84.64721 -11.28741
