    .00000  20.97907   7.68118  62.94423 -26.72332
    .03333  19.98493   7.40331  64.11249 -24.19115
    .06667  18.48321   6.71294  65.34216 -21.13039
    .10000  16.81591   5.59470  67.16541 -17.06769
    .13333  14.95452   4.19394  68.85571 -12.62210
    .16667  13.38565   2.70690  70.54430  -7.85455
    .20000  12.24551   1.36341  71.62714  -2.97624
    .23333  11.90968    .32995  72.16032   -.09373
    .26667  11.87716   -.43690  71.96624    .35597
    .30000  12.16192  -1.44446  71.24326   3.02053
    .33333  13.20121  -2.77547  69.84866   7.88303
    .36667  14.73210  -4.27168  68.04896  12.64031
    .40000  16.53456  -5.71809  66.10597  17.35980
    .43333  18.23368  -6.88098  64.26510  21.44943
    .46667  19.71268  -7.64773  62.79406  24.88130
    .50000  20.81414  -7.95578  62.01790  27.09263
    .53333  21.57019  -7.84621  61.82300  28.28048
    .56667  21.94808  -7.36070  62.41296  28.15548
    .60000  22.15300  -6.58217  63.36223  26.93167
    .63333  22.15203  -5.53360  64.79251  24.44723
    .66667  22.16477  -4.27418  66.10287  21.11237
    .70000  22.11348  -2.78495  67.43032  15.10604
    .73333  22.13836  -1.12654  68.01729   6.24556
    .76667  22.12159    .61527  68.27698  -3.96889
    .80000  22.18809   2.29495  67.70998 -13.01568
    .83333  22.21241   3.80662  66.85166 -19.43816
    .86667  22.27598   5.11070  65.52040 -23.39374
    .90000  22.23300   6.16431  64.43144 -25.56457
    .93333  22.13037   7.00573  63.43738 -27.11040
    .96667  21.72962   7.50927  63.00738 -27.39044
