0 20.04 1.72 18.54 18.47 -20.85
0.02 17.5 1.33 16.24 18.22 -18.51
0.04 15.52 1.03 14.46 18 -16.35
0.06 13.98 0.8 13.07 17.84 -14.33
0.08 12.77 0.62 11.99 17.73 -12.39
0.1 11.83 0.48 11.16 17.69 -10.5
0.12 11.11 0.36 10.53 17.71 -8.61
0.14 10.57 0.26 10.05 17.78 -6.74
0.16 10.18 0.18 9.72 17.91 -4.93
0.18 9.9 0.11 9.49 18.06 -3.3
0.2 9.73 0.06 9.34 18.23 -1.96
0.22 9.63 0.02 9.26 18.36 -0.94
0.24 9.6 -0.01 9.23 18.45 -0.21
0.26 9.6 -0.02 9.23 18.45 0.3
0.28 9.63 -0.05 9.26 18.36 1.02
0.3 9.72 -0.09 9.34 18.23 2.02
0.32 9.89 -0.14 9.48 18.06 3.33
0.34 10.15 -0.21 9.7 17.91 4.95
0.36 10.54 -0.29 10.03 17.79 6.74
0.38 11.07 -0.39 10.49 17.71 8.61
0.4 11.78 -0.51 11.12 17.69 10.5
0.42 12.7 -0.65 11.94 17.73 12.4
0.44 13.89 -0.84 13 17.83 14.33
0.46 15.41 -1.07 14.36 18 16.35
0.48 17.36 -1.37 16.12 18.21 18.5
0.5 19.86 -1.76 18.39 18.46 20.84
0.52 23.09 -2.28 21.32 18.74 23.4
0.54 27.28 -2.95 25.15 18.99 26.21
0.56 32.67 -3.8 30.14 19.15 29.26
0.58 39.55 -4.83 36.63 19.1 32.47
0.6 48.12 -5.94 44.91 18.64 35.67
0.62 58.34 -6.91 55.15 17.53 38.46
0.64 69.62 -7.33 66.94 15.5 40.18
0.66 80.69 -6.7 79.04 12.44 39.84
0.68 89.69 -4.91 89.21 8.62 36.43
0.7 95.2 -2.59 95.45 4.77 29.33
0.72 97.27 -0.84 97.57 1.79 18.88
0.74 97.57 -0.21 97.68 0.21 5.79
0.76 97.56 -0.14 97.65 0.18 -5.02
0.78 97.33 0.43 97.62 1.67 -18.2
0.8 95.4 2.13 95.65 4.58 -28.81
0.82 90.13 4.47 89.67 8.41 -36.08
0.84 81.28 6.35 79.65 12.26 -39.66
0.86 70.29 7.08 67.6 15.38 -40.11
0.88 58.98 6.75 55.75 17.46 -38.46
0.9 48.69 5.83 45.43 18.61 -35.7
0.92 40.01 4.75 37.04 19.09 -32.51
0.94 33.04 3.74 30.47 19.15 -29.29
0.96 27.57 2.9 25.4 19 -26.23
0.98 23.33 2.23 21.52 18.75 -23.42
1 20.04 1.72 18.54 18.47 -20.85
