0 0 27.55 -4.31 -0.2395 81.107 -16.8171 1.4142 0 0 27.52 -4.4 -0.2392 81.0764 -17.0037 1.4136
0.06 0 27.63 -3.96 -0.1571 81.4701 -15.7227 4.5781 0.06 0 27.6 -4.04 -0.1569 81.4412 -15.8904 4.6118
0.11 0 27.84 -3.15 -0.09 82.5153 -12.6819 5.7777 0.11 0 27.81 -3.22 -0.0898 82.4879 -12.8194 5.8259
0.17 0 28.06 -2 -0.1093 83.8418 -8.2154 4.8147 0.17 0 28.05 -2.05 -0.109 83.8223 -8.3043 4.8535
0.22 0 28.19 -0.6 -0.1894 84.7548 -2.699 2.4423 0.22 0 28.17 -0.61 -0.19 84.7398 -2.724 2.454
0.28 0 28.19 0.81 -0.2807 84.7487 2.9481 -0.2411 0.28 0 28.18 0.82 -0.2799 84.7343 2.9784 -0.2557
0.33 0 28.05 2.18 -0.3543 83.8039 8.3986 -2.4844 0.33 0 28.03 2.23 -0.354 83.7818 8.4922 -2.5258
0.39 0 27.84 3.3 -0.3727 82.5057 12.8429 -3.2582 0.39 0 27.81 3.37 -0.3722 82.4779 12.9847 -3.3089
0.44 0 27.62 4.03 -0.301 81.4667 15.755 -1.8336 0.44 0 27.59 4.11 -0.3001 81.4362 15.9235 -1.8684
0.5 0 27.56 4.31 -0.227 81.1112 16.8196 1.4159 0.5 0 27.53 4.4 -0.2265 81.0815 17.0042 1.4154
0.56 0 27.62 3.94 -0.1416 81.4255 15.675 4.5692 0.56 0 27.59 4.03 -0.1409 81.3949 15.8459 4.6035
0.61 0 27.83 3.16 -0.077 82.4325 12.7105 5.7881 0.61 0 27.8 3.23 -0.0763 82.4037 12.8532 5.8382
0.67 0 28.04 1.99 -0.0963 83.7173 8.1824 4.7998 0.67 0 28.02 2.04 -0.0953 83.6946 8.2724 4.8391
0.72 0 28.17 0.6 -0.1868 84.6192 2.7263 2.4534 0.72 0 28.15 0.62 -0.1871 84.6024 2.7511 2.465
0.78 0 28.16 -0.81 -0.2825 84.6051 -2.955 -0.2464 0.78 0 28.14 -0.82 -0.2818 84.5875 -2.9849 -0.2608
0.83 0 28.03 -2.16 -0.3663 83.6888 -8.3476 -2.465 0.83 0 28.01 -2.21 -0.3666 83.6651 -8.4416 -2.5066
0.89 0 27.82 -3.3 -0.3849 82.4136 -12.8449 -3.2619 0.89 0 27.79 -3.38 -0.3852 82.3831 -12.992 -3.3144
0.94 0 27.62 -4.01 -0.3152 81.429 -15.6926 -1.8231 0.94 0 27.59 -4.1 -0.3152 81.3987 -15.8632 -1.8584
1 0 27.55 -4.31 -0.2395 81.107 -16.8171 1.4142 1 0 27.52 -4.4 -0.2392 81.0764 -17.0037 1.4136
0 0.06 27.88 -4.12 2.6097 80.2709 -15.333 -15.0801 0 0.06 27.85 -4.21 2.611 80.2449 -15.5007 -15.0752
0.06 0.06 27.12 -4.08 2.5208 81.4735 -15.0464 -11.1242 0.06 0.06 27.08 -4.17 2.5219 81.4313 -15.2291 -11.0826
0.11 0.06 26.56 -3.53 2.0723 83.5546 -12.9832 -6.4246 0.11 0.06 26.52 -3.61 2.0726 83.503 -13.1594 -6.3594
0.17 0.06 26.13 -2.37 1.3007 85.7196 -8.9658 -2.5426 0.17 0.06 26.08 -2.43 1.3002 85.6663 -9.1045 -2.4805
0.22 0.06 25.93 -0.74 0.2976 87.2775 -3.0171 0.0417 0.22 0.06 25.89 -0.76 0.2961 87.2322 -3.0571 0.0608
0.28 0.06 25.95 0.95 -0.7358 87.1353 3.3855 2.2304 0.28 0.06 25.9 0.97 -0.7333 87.0898 3.4338 2.2063
0.33 0.06 26.16 2.55 -1.7469 85.3865 9.1133 4.9306 0.33 0.06 26.11 2.61 -1.7453 85.3309 9.2559 4.8654
0.39 0.06 26.62 3.67 -2.5543 83.1601 12.9416 8.915 0.39 0.06 26.57 3.75 -2.5545 83.1083 13.12 8.848
0.44 0.06 27.2 4.14 -3.0067 81.1917 14.7669 13.6829 0.44 0.06 27.16 4.23 -3.0065 81.1514 14.9463 13.6414
0.5 0.06 27.96 4.12 -3.1167 79.8672 15.0292 17.5278 0.5 0.06 27.93 4.21 -3.1176 79.841 15.1915 17.5221
0.56 0.06 28.85 3.53 -2.8319 79.3577 13.6078 18.5876 0.56 0.06 28.84 3.61 -2.8322 79.3433 13.7307 18.6076
0.61 0.06 29.71 2.56 -2.2337 79.6537 10.7935 16.186 0.61 0.06 29.71 2.62 -2.2341 79.65 10.878 16.2133
0.67 0.06 30.29 1.5 -1.4479 80.3529 6.9142 11.1096 0.67 0.06 30.31 1.53 -1.4475 80.3559 6.9655 11.1313
0.72 0.06 30.55 0.43 -0.645 80.9231 2.3542 4.5862 0.72 0.06 30.58 0.44 -0.6458 80.9291 2.3701 4.5937
0.78 0.06 30.54 -0.6 0.1706 80.9831 -2.3982 -2.3436 0.78 0.06 30.56 -0.62 0.1713 80.9889 -2.4178 -2.3526
0.83 0.06 30.22 -1.66 0.9625 80.4923 -7.016 -8.8653 0.83 0.06 30.24 -1.7 0.9624 80.4947 -7.0698 -8.888
0.89 0.06 29.63 -2.71 1.7348 79.8928 -11.0181 -13.9297 0.89 0.06 29.64 -2.77 1.7357 79.8882 -11.1075 -13.9588
0.94 0.06 28.75 -3.61 2.3103 79.6277 -13.879 -16.2393 0.94 0.06 28.74 -3.68 2.3106 79.6123 -14.0038 -16.2601
1 0.06 27.88 -4.12 2.6097 80.2709 -15.333 -15.0801 1 0.06 27.85 -4.21 2.611 80.2449 -15.5007 -15.0752
0 0.11 29.09 -3.42 5.5557 78.9256 -11.197 -26.9623 0 0.11 29.08 -3.5 5.5617 78.911 -11.3199 -26.9573
0.06 0.11 27.19 -3.8 5.3058 80.3085 -11.9331 -23.8271 0.06 0.11 27.15 -3.89 5.3099 80.2595 -12.099 -23.7875
0.11 0.11 25.32 -3.58 4.1819 82.6153 -11.6475 -17.7596 0.11 0.11 25.26 -3.67 4.1816 82.5408 -11.8471 -17.6873
0.17 0.11 23.7 -2.56 2.51 85.2261 -9.0819 -10.1483 0.17 0.11 23.62 -2.63 2.5076 85.1313 -9.2566 -10.0713
0.22 0.11 22.89 -0.83 0.6841 87.5249 -3.2687 -2.5507 0.22 0.11 22.81 -0.85 0.6815 87.4397 -3.32 -2.5265
0.28 0.11 22.91 1.03 -1.0596 87.2396 3.7092 4.9648 0.28 0.11 22.83 1.05 -1.0556 87.154 3.7701 4.9342
0.33 0.11 23.75 2.72 -2.9346 84.6595 9.1906 12.48 0.33 0.11 23.67 2.79 -2.9313 84.5649 9.3688 12.3997
0.39 0.11 25.44 3.71 -4.7071 82.0908 11.4869 19.9267 0.39 0.11 25.37 3.8 -4.7081 82.0183 11.6854 19.8539
0.44 0.11 27.35 3.86 -5.8719 80.0894 11.5633 25.8696 0.44 0.11 27.32 3.94 -5.8751 80.0462 11.7248 25.8318
0.5 0.11 29.24 3.4 -6.157 78.5765 10.823 28.7811 0.5 0.11 29.24 3.48 -6.1627 78.5606 10.9398 28.7753
0.56 0.11 30.78 2.47 -5.4522 77.4208 9.5074 27.9521 0.56 0.11 30.8 2.52 -5.4546 77.4213 9.5766 27.9621
0.61 0.11 31.83 1.62 -4.1239 76.7446 7.9017 23.5597 0.61 0.11 31.87 1.65 -4.1249 76.7546 7.9458 23.5742
0.67 0.11 32.42 0.89 -2.5224 76.5945 5.3698 16.1099 0.67 0.11 32.46 0.91 -2.5219 76.609 5.3917 16.1203
0.72 0.11 32.66 0.24 -0.9784 76.7241 1.9397 6.4346 0.72 0.11 32.71 0.25 -0.9784 76.7408 1.9455 6.4382
0.78 0.11 32.65 -0.36 0.5076 76.7991 -1.8351 -4.1152 0.78 0.11 32.69 -0.37 0.508 76.816 -1.8419 -4.1186
0.83 0.11 32.33 -1.01 2.0095 76.7331 -5.3439 -13.9421 0.83 0.11 32.37 -1.03 2.0075 76.7467 -5.3676 -13.9527
0.89 0.11 31.72 -1.74 3.5611 76.9425 -8.0438 -21.6087 0.89 0.11 31.76 -1.77 3.5619 76.9526 -8.091 -21.624
0.94 0.11 30.6 -2.54 4.8283 77.5829 -9.7974 -26.1081 0.94 0.11 30.61 -2.6 4.8295 77.5812 -9.8703 -26.1182
1 0.11 29.09 -3.42 5.5557 78.9256 -11.197 -26.9623 1 0.11 29.08 -3.5 5.5617 78.911 -11.3199 -26.9573
0 0.17 30.66 -2.19 8.0644 78.8035 -6.4591 -33.8811 0 0.17 30.68 -2.24 8.0741 78.806 -6.5257 -33.8821
0.06 0.17 27.91 -2.73 7.7087 79.934 -7.3843 -31.9979 0.06 0.17 27.88 -2.8 7.7165 79.8946 -7.4928 -31.9722
0.11 0.17 24.55 -2.88 5.9601 81.3248 -8.4083 -26.3384 0.11 0.17 24.48 -2.96 5.9639 81.2387 -8.5857 -26.2783
0.17 0.17 21.13 -2.18 3.3411 83.0123 -7.6336 -16.9525 0.17 0.17 21.01 -2.26 3.3341 82.862 -7.8399 -16.8684
0.22 0.17 19.49 -0.72 0.8839 85.5475 -2.9484 -5.1554 0.22 0.17 19.36 -0.73 0.878 85.3946 -3.0166 -5.1255
0.28 0.17 19.52 0.86 -1.1929 85.1689 3.3231 7.7594 0.28 0.17 19.39 0.88 -1.1849 85.0166 3.4019 7.7217
0.33 0.17 21.19 2.3 -3.7361 82.375 7.6636 19.1728 0.33 0.17 21.06 2.37 -3.7279 82.2262 7.871 19.0852
0.39 0.17 24.68 2.97 -6.52 80.9061 8.2201 28.1707 0.39 0.17 24.61 3.05 -6.5232 80.8239 8.3928 28.1113
0.44 0.17 28.11 2.76 -8.3569 79.9359 7.0962 33.6359 0.44 0.17 28.09 2.83 -8.3637 79.9065 7.1999 33.6142
0.5 0.17 30.85 2.18 -8.7673 78.674 6.2131 35.2941 0.5 0.17 30.87 2.22 -8.7768 78.6758 6.2761 35.2949
0.56 0.17 32.47 1.46 -7.6605 76.8103 5.6425 33.405 0.56 0.17 32.51 1.49 -7.6645 76.8234 5.6786 33.4137
0.61 0.17 33.35 0.89 -5.6362 74.9002 5.0051 28.2213 0.61 0.17 33.41 0.91 -5.6427 74.9213 5.027 28.2327
0.67 0.17 33.77 0.45 -3.3151 73.6461 3.6273 19.648 0.67 0.17 33.84 0.46 -3.3159 73.6697 3.6402 19.6571
0.72 0.17 33.92 0.1 -1.2073 73.2198 1.3629 7.856 0.72 0.17 33.98 0.1 -1.2071 73.2446 1.3671 7.8598
0.78 0.17 33.91 -0.16 0.7486 73.2902 -1.2408 -5.4821 0.78 0.17 33.98 -0.17 0.7484 73.3152 -1.246 -5.4853
0.83 0.17 33.69 -0.53 2.7771 73.7238 -3.5776 -17.5672 0.83 0.17 33.75 -0.54 2.7748 73.7469 -3.5915 -17.5758
0.89 0.17 33.25 -0.96 5.0112 74.9578 -5.0779 -26.496 0.89 0.17 33.31 -0.98 5.0144 74.9791 -5.1009 -26.5073
0.94 0.17 32.27 -1.52 6.9312 76.7553 -5.8243 -31.8742 0.94 0.17 32.32 -1.55 6.9373 76.767 -5.8613 -31.8822
1 0.17 30.66 -2.19 8.0644 78.8035 -6.4591 -33.8811 1 0.17 30.68 -2.24 8.0741 78.806 -6.5257 -33.8821
0 0.22 31.57 -0.75 9.5215 79.1557 -2.0763 -36.9907 0 0.22 31.61 -0.77 9.532 79.1697 -2.0983 -36.9972
0.06 0.22 28.48 -0.99 9.1039 80.1257 -2.4528 -35.9103 0.06 0.22 28.48 -1.01 9.112 80.0968 -2.4891 -35.8963
0.11 0.22 24.19 -1.12 6.9827 80.6705 -3.0911 -31.0787 0.11 0.22 24.13 -1.16 6.9881 80.5937 -3.1664 -31.0444
0.17 0.22 19.28 -0.88 3.7198 81.0335 -3.1235 -21.4122 0.17 0.22 19.12 -0.92 3.7061 80.8327 -3.2367 -21.3487
0.22 0.22 17.09 -0.29 0.9318 83.3887 -1.2638 -7.0902 0.22 0.22 16.92 -0.29 0.9228 83.163 -1.302 -7.0667
0.28 0.22 17.13 0.34 -1.2008 82.9681 1.4244 9.8406 0.28 0.22 16.95 0.35 -1.1886 82.7426 1.4688 9.8088
0.33 0.22 19.35 0.92 -4.095 80.4194 3.1205 23.5285 0.33 0.22 19.19 0.96 -4.0809 80.2253 3.234 23.4614
0.39 0.22 24.31 1.15 -7.5583 80.3627 3.0109 32.7074 0.39 0.22 24.26 1.19 -7.5668 80.2927 3.0831 32.6745
0.44 0.22 28.7 1 -9.8059 80.2689 2.3547 37.3505 0.44 0.22 28.7 1.02 -9.8131 80.2512 2.3878 37.3413
0.5 0.22 31.76 0.74 -10.2858 79.1624 1.9884 38.2236 0.5 0.22 31.8 0.76 -10.2953 79.1722 2.0089 38.2283
0.56 0.22 33.31 0.44 -8.906 76.8076 1.7972 35.8575 0.56 0.22 33.37 0.45 -8.9128 76.8263 1.8058 35.8664
0.61 0.22 34.02 0.26 -6.4477 74.0462 1.6814 30.3966 0.61 0.22 34.09 0.27 -6.4528 74.0703 1.6873 30.4068
0.67 0.22 34.32 0.13 -3.6983 72.0117 1.2671 21.4145 0.67 0.22 34.4 0.13 -3.6961 72.0381 1.2692 21.4225
0.72 0.22 34.36 0.03 -1.3132 71.1851 0.4934 8.6188 0.72 0.22 34.43 0.03 -1.3145 71.2119 0.494 8.6221
0.78 0.22 34.38 -0.05 0.8568 71.2507 -0.4418 -6.2175 0.78 0.22 34.45 -0.04 0.8529 71.278 -0.4423 -6.2199
0.83 0.22 34.25 -0.15 3.1436 72.0427 -1.2376 -19.3858 0.83 0.22 34.33 -0.16 3.1441 72.0683 -1.2393 -19.3928
0.89 0.22 33.93 -0.28 5.783 74.0096 -1.6999 -28.7837 0.89 0.22 34 -0.29 5.7894 74.034 -1.7053 -28.7935
0.94 0.22 33.11 -0.46 8.1142 76.6213 -1.8576 -34.4654 0.94 0.22 33.17 -0.47 8.1168 76.6383 -1.8657 -34.4734
1 0.22 31.57 -0.75 9.5215 79.1557 -2.0763 -36.9907 1 0.22 31.61 -0.77 9.532 79.1697 -2.0983 -36.9972
0 0.28 31.58 0.76 9.5249 79.1583 2.0876 -36.9911 0 0.28 31.62 0.78 9.5381 79.1749 2.109 -36.9989
0.06 0.28 28.49 0.99 9.107 80.1279 2.463 -35.911 0.06 0.28 28.48 1.02 9.1133 80.1002 2.4985 -35.8975
0.11 0.28 24.19 1.12 6.9847 80.672 3.0991 -31.0788 0.11 0.28 24.14 1.16 6.9885 80.5939 3.1744 -31.044
0.17 0.28 19.29 0.88 3.7207 81.0341 3.1282 -21.412 0.17 0.28 19.13 0.92 3.7084 80.8342 3.2411 -21.3487
0.22 0.28 17.09 0.29 0.9321 83.3889 1.2654 -7.09 0.22 0.28 16.92 0.3 0.9237 83.1636 1.3033 -7.0666
0.28 0.28 17.13 -0.34 -1.201 82.9684 -1.4258 9.8404 0.28 0.28 16.95 -0.35 -1.1893 82.7434 -1.4699 9.8088
0.33 0.28 19.35 -0.92 -4.0959 80.42 -3.1249 23.5284 0.33 0.28 19.19 -0.96 -4.0821 80.2279 -3.2379 23.4618
0.39 0.28 24.31 -1.15 -7.5603 80.3644 -3.0184 32.7076 0.39 0.28 24.26 -1.19 -7.5701 80.2926 -3.0911 32.674
0.44 0.28 28.7 -1.01 -9.809 80.2712 -2.3644 37.3513 0.44 0.28 28.7 -1.03 -9.8149 80.2528 -2.3973 37.3417
0.5 0.28 31.76 -0.75 -10.2895 79.1653 -1.999 38.225 0.5 0.28 31.8 -0.77 -10.3003 79.178 -2.019 38.2311
0.56 0.28 33.31 -0.45 -8.9096 76.8096 -1.807 35.8587 0.56 0.28 33.37 -0.46 -8.9153 76.8285 -1.8161 35.8677
0.61 0.28 34.02 -0.26 -6.4506 74.048 -1.6897 30.3969 0.61 0.28 34.08 -0.27 -6.4568 74.0729 -1.6955 30.4074
0.67 0.28 34.32 -0.13 -3.7004 72.0124 -1.2727 21.4152 0.67 0.28 34.4 -0.14 -3.7038 72.0394 -1.275 21.4234
0.72 0.28 34.36 -0.03 -1.3137 71.1854 -0.4951 8.619 0.72 0.28 34.44 -0.03 -1.3135 71.2128 -0.4956 8.6223
0.78 0.28 34.37 0.05 0.8576 71.2508 0.4439 -6.2177 0.78 0.28 34.45 0.05 0.8631 71.2786 0.4445 -6.2202
0.83 0.28 34.25 0.16 3.1461 72.0436 1.2439 -19.3866 0.83 0.28 34.31 0.16 3.1443 72.0697 1.2459 -19.3937
0.89 0.28 33.93 0.29 5.7863 74.0113 1.7085 -28.7849 0.89 0.28 34 0.29 5.786 74.0366 1.7139 -28.795
0.94 0.28 33.11 0.47 8.1178 76.624 1.868 -34.4662 0.94 0.28 33.17 0.48 8.1212 76.6415 1.8766 -34.4743
1 0.28 31.58 0.76 9.5249 79.1583 2.0876 -36.9911 1 0.28 31.62 0.78 9.5381 79.1749 2.109 -36.9989
0 0.33 30.66 2.19 8.0583 78.7997 6.4618 -33.8794 0 0.33 30.67 2.24 8.0676 78.8015 6.5289 -33.8802
0.06 0.33 27.9 2.74 7.7033 79.9316 7.3897 -31.9955 0.06 0.33 27.88 2.8 7.7105 79.8918 7.499 -31.9695
0.11 0.33 24.55 2.88 5.9567 81.3252 8.4137 -26.3376 0.11 0.33 24.48 2.97 5.9602 81.2389 8.5905 -26.2775
0.17 0.33 21.13 2.18 3.3398 83.0153 7.6369 -16.9523 0.17 0.33 21.01 2.26 3.3328 82.8651 7.8427 -16.8684
0.22 0.33 19.49 0.72 0.8835 85.552 2.9492 -5.1555 0.22 0.33 19.36 0.73 0.8777 85.3992 3.0173 -5.1256
0.28 0.33 19.52 -0.86 -1.1926 85.1732 -3.3243 7.7595 0.28 0.33 19.39 -0.88 -1.1847 85.021 -3.4036 7.7217
0.33 0.33 21.19 -2.3 -3.7349 82.378 -7.6674 19.1727 0.33 0.33 21.07 -2.37 -3.7265 82.2293 -7.8748 19.0851
0.39 0.33 24.68 -2.97 -6.5167 80.9063 -8.2254 28.1698 0.39 0.33 24.61 -3.05 -6.5197 80.8239 -8.3974 28.1105
0.44 0.33 28.11 -2.76 -8.3517 79.9334 -7.1018 33.6343 0.44 0.33 28.09 -2.83 -8.358 79.9037 -7.2056 33.6125
0.5 0.33 30.84 -2.18 -8.7608 78.6697 -6.215 35.2913 0.5 0.33 30.87 -2.23 -8.7697 78.6707 -6.2787 35.2918
0.56 0.33 32.47 -1.46 -7.6544 76.8053 -5.6399 33.4026 0.56 0.33 32.51 -1.49 -7.6573 76.8178 -5.6754 33.411
0.61 0.33 33.35 -0.89 -5.6308 74.8947 -5 28.2174 0.61 0.33 33.4 -0.91 -5.637 74.9149 -5.0221 28.2285
0.67 0.33 33.77 -0.45 -3.3118 73.6408 -3.6227 19.6456 0.67 0.33 33.84 -0.46 -3.3154 73.6635 -3.635 19.6543
0.72 0.33 33.91 -0.1 -1.2062 73.2139 -1.3612 7.855 0.72 0.33 33.98 -0.1 -1.2054 73.2379 -1.3649 7.8585
0.78 0.33 33.91 0.16 0.7474 73.2847 1.2385 -5.4811 0.78 0.33 33.97 0.16 0.7513 73.3088 1.243 -5.484
0.83 0.33 33.69 0.53 2.7735 73.718 3.5722 -17.5645 0.83 0.33 33.74 0.54 2.7705 73.7402 3.5855 -17.5728
0.89 0.33 33.24 0.96 5.0059 74.9524 5.0728 -26.4933 0.89 0.33 33.3 0.99 5.0057 74.9728 5.0954 -26.5042
0.94 0.33 32.27 1.52 6.9249 76.7501 5.8214 -31.8718 0.94 0.33 32.31 1.55 6.9304 76.7611 5.8578 -31.8795
1 0.33 30.66 2.19 8.0583 78.7997 6.4618 -33.8794 1 0.33 30.67 2.24 8.0676 78.8015 6.5289 -33.8802
0 0.39 29.09 3.43 5.5581 78.9265 11.2255 -26.9615 0 0.39 29.09 3.51 5.5643 78.9127 11.3476 -26.9568
0.06 0.39 27.19 3.81 5.3073 80.307 11.9535 -23.8236 0.06 0.39 27.15 3.9 5.3119 80.2586 12.1186 -23.7843
0.11 0.39 25.32 3.58 4.1825 82.612 11.6608 -17.7553 0.11 0.39 25.26 3.67 4.1825 82.5381 11.8593 -17.6833
0.17 0.39 23.7 2.56 2.5104 85.222 9.0883 -10.1453 0.17 0.39 23.62 2.63 2.5081 85.1279 9.2623 -10.0687
0.22 0.39 22.88 0.84 0.6844 87.5201 3.2713 -2.5495 0.22 0.39 22.81 0.85 0.6819 87.4352 3.322 -2.5255
0.28 0.39 22.91 -1.03 -1.0597 87.2349 -3.7109 4.9638 0.28 0.39 22.83 -1.05 -1.0558 87.1499 -3.7714 4.9334
0.33 0.39 23.75 -2.73 -2.9348 84.6556 -9.196 12.4773 0.33 0.39 23.67 -2.79 -2.9318 84.5615 -9.3738 12.3973
0.39 0.39 25.44 -3.71 -4.7076 82.0878 -11.4988 19.9227 0.39 0.39 25.37 -3.81 -4.7088 82.016 -11.6969 19.8503
0.44 0.39 27.35 -3.86 -5.8731 80.0882 -11.5824 25.8654 0.44 0.39 27.32 -3.95 -5.8766 80.0456 -11.7433 25.8278
0.5 0.39 29.25 -3.41 -6.1596 78.5778 -10.8499 28.7816 0.5 0.39 29.24 -3.49 -6.1659 78.5627 -10.966 28.7761
0.56 0.39 30.78 -2.48 -5.4562 77.4236 -9.5385 27.9564 0.56 0.39 30.8 -2.53 -5.4592 77.4249 -9.6078 27.9667
0.61 0.39 31.83 -1.62 -4.1285 76.7491 -7.9306 23.5675 0.61 0.39 31.87 -1.66 -4.1297 76.7599 -7.9746 23.5822
0.67 0.39 32.42 -0.89 -2.5258 76.5996 -5.3911 16.1171 0.67 0.39 32.47 -0.91 -2.5242 76.6148 -5.4134 16.1277
0.72 0.39 32.66 -0.24 -0.9796 76.7299 -1.9463 6.4377 0.72 0.39 32.71 -0.25 -0.9803 76.7474 -1.9526 6.4414
0.78 0.39 32.65 0.36 0.5091 76.8043 1.8435 -4.1187 0.78 0.39 32.7 0.37 0.5076 76.822 1.851 -4.1225
0.83 0.39 32.33 1.01 2.0134 76.7386 5.3674 -13.9513 0.83 0.39 32.38 1.04 2.0125 76.7531 5.3917 -13.9622
0.89 0.39 31.73 1.74 3.5658 76.9473 8.0745 -21.617 0.89 0.39 31.76 1.78 3.569 76.9582 8.122 -21.6325
0.94 0.39 30.6 2.56 4.8327 77.5863 9.8301 -26.1128 0.94 0.39 30.61 2.61 4.8338 77.5854 9.9029 -26.1231
1 0.39 29.09 3.43 5.5581 78.9265 11.2255 -26.9615 1 0.39 29.09 3.51 5.5643 78.9127 11.3476 -26.9568
0 0.44 27.88 4.12 2.5959 80.2698 15.3303 -15.0784 0 0.44 27.85 4.21 2.5967 80.2436 15.4982 -15.0735
0.06 0.44 27.12 4.09 2.5092 81.4967 15.0499 -11.126 0.06 0.44 27.08 4.17 2.5098 81.4547 15.2329 -11.0844
0.11 0.44 26.57 3.53 2.0638 83.5995 12.9866 -6.4292 0.11 0.44 26.53 3.61 2.0636 83.5484 13.1627 -6.3641
0.17 0.44 26.14 2.37 1.2959 85.7796 8.9682 -2.5461 0.17 0.44 26.1 2.43 1.295 85.7272 9.1066 -2.4842
0.22 0.44 25.95 0.74 0.2958 87.3456 3.0162 0.0403 0.22 0.44 25.9 0.76 0.2942 87.3014 3.0563 0.0593
0.28 0.44 25.96 -0.95 -0.7344 87.203 -3.3888 2.2318 0.28 0.44 25.92 -0.97 -0.7318 87.1587 -3.4377 2.2075
0.33 0.44 26.17 -2.55 -1.7425 85.4462 -9.1194 4.9342 0.33 0.44 26.12 -2.61 -1.7405 85.3915 -9.2619 4.8691
0.39 0.44 26.63 -3.67 -2.546 83.2051 -12.9475 8.9187 0.39 0.44 26.58 -3.75 -2.5456 83.154 -13.1258 8.8519
0.44 0.44 27.2 -4.14 -2.9953 81.2155 -14.7717 13.6868 0.44 0.44 27.16 -4.23 -2.9946 81.1753 -14.9512 13.6453
0.5 0.44 27.95 -4.12 -3.1027 79.8659 -15.0258 17.5261 0.5 0.44 27.92 -4.21 -3.1032 79.8396 -15.1883 17.5203
0.56 0.44 28.84 -3.53 -2.8167 79.331 -13.5926 18.578 0.56 0.44 28.83 -3.61 -2.8167 79.3158 -13.7153 18.5978
0.61 0.44 29.69 -2.56 -2.2201 79.6025 -10.7734 16.1699 0.61 0.44 29.7 -2.61 -2.22 79.5977 -10.8574 16.1969
0.67 0.44 30.27 -1.5 -1.4384 80.2834 -6.8986 11.0946 0.67 0.44 30.28 -1.53 -1.4373 80.2845 -6.9497 11.1161
0.72 0.44 30.53 -0.43 -0.6418 80.8423 -2.3501 4.5808 0.72 0.44 30.55 -0.44 -0.6423 80.8466 -2.3652 4.5879
0.78 0.44 30.52 0.6 0.1672 80.9027 2.3893 -2.3382 0.78 0.44 30.54 0.62 0.1672 80.9066 2.4075 -2.3466
0.83 0.44 30.2 1.66 0.9528 80.4222 6.9962 -8.8505 0.83 0.44 30.22 1.7 0.9523 80.423 7.0497 -8.873
0.89 0.44 29.62 2.71 1.7212 79.8418 10.9958 -13.9144 0.89 0.44 29.62 2.76 1.722 79.8358 11.085 -13.9432
0.94 0.44 28.73 3.6 2.2951 79.6005 13.8624 -16.2301 0.94 0.44 28.72 3.68 2.295 79.5844 13.9872 -16.2507
1 0.44 27.88 4.12 2.5959 80.2698 15.3303 -15.0784 1 0.44 27.85 4.21 2.5967 80.2436 15.4982 -15.0735
0 0.5 27.55 4.32 -0.2331 81.1059 16.8688 1.4158 0 0.5 27.52 4.41 -0.2325 81.0766 17.0525 1.4153
0.06 0.5 27.62 3.96 -0.1495 81.4475 15.7595 4.5868 0.06 0.5 27.6 4.04 -0.1489 81.4194 15.9264 4.6203
0.11 0.5 27.83 3.15 -0.0823 82.4684 12.7054 5.7867 0.11 0.5 27.8 3.22 -0.0816 82.4414 12.8419 5.8346
0.17 0.5 28.05 2 -0.1037 83.7765 8.2254 4.8196 0.17 0.5 28.04 2.05 -0.1031 83.757 8.3131 4.8578
0.22 0.5 28.17 0.6 -0.1873 84.6779 2.7047 2.444 0.22 0.5 28.16 0.61 -0.1876 84.6628 2.728 2.4548
0.28 0.5 28.17 -0.81 -0.2831 84.6723 -2.948 -0.2421 0.28 0.5 28.16 -0.82 -0.2824 84.6578 -2.977 -0.2561
0.33 0.5 28.03 -2.18 -0.3601 83.7387 -8.4037 -2.4889 0.33 0.5 28.02 -2.23 -0.3601 83.7165 -8.4965 -2.53
0.39 0.5 27.83 -3.3 -0.3804 82.4589 -12.8617 -3.2671 0.39 0.5 27.8 -3.37 -0.3804 82.4315 -13.0031 -3.3176
0.44 0.5 27.62 -4.03 -0.3086 81.4428 -15.789 -1.8425 0.44 0.5 27.59 -4.12 -0.3081 81.4132 -15.9572 -1.8773
0.5 0.5 27.55 -4.31 -0.2334 81.1095 -16.8682 1.4142 0.5 0.5 27.52 -4.4 -0.233 81.0812 -17.0498 1.4137
0.56 0.5 27.62 -3.95 -0.1485 81.4442 -15.7263 4.5784 0.56 0.5 27.59 -4.04 -0.148 81.4153 -15.8925 4.6118
0.61 0.5 27.83 -3.16 -0.0838 82.471 -12.7489 5.8009 0.61 0.5 27.81 -3.23 -0.0835 82.4445 -12.8866 5.8492
0.67 0.5 28.04 -1.99 -0.1013 83.771 -8.2038 4.8086 0.67 0.5 28.03 -2.04 -0.1007 83.7505 -8.2908 4.8466
0.72 0.5 28.17 -0.6 -0.1891 84.6815 -2.7302 2.4561 0.72 0.5 28.16 -0.62 -0.1894 84.6671 -2.7543 2.4674
0.78 0.5 28.17 0.81 -0.2806 84.6672 2.9644 -0.25 0.78 0.5 28.15 0.83 -0.2796 84.6518 2.994 -0.2642
0.83 0.5 28.04 2.17 -0.3616 83.7427 8.3739 -2.4744 0.83 0.5 28.02 2.22 -0.3618 83.7212 8.4655 -2.5149
0.89 0.5 27.82 3.31 -0.3784 82.4526 12.8874 -3.2748 0.89 0.5 27.8 3.38 -0.3785 82.4241 13.0303 -3.3259
0.94 0.5 27.62 4.02 -0.3083 81.4491 15.7468 -1.8322 0.94 0.5 27.59 4.1 -0.308 81.4203 15.9129 -1.8665
1 0.5 27.55 4.32 -0.2331 81.1059 16.8688 1.4158 1 0.5 27.52 4.41 -0.2325 81.0766 17.0525 1.4153
0 0.56 27.94 4.12 -3.1117 79.7857 15.0236 17.5099 0 0.56 27.91 4.21 -3.1122 79.758 15.1878 17.5039
0.06 0.56 28.85 3.54 -2.8297 79.4112 13.6188 18.6005 0.06 0.56 28.84 3.61 -2.8303 79.3985 13.7434 18.6211
0.11 0.56 29.68 2.55 -2.2086 79.5873 10.742 16.1585 0.11 0.56 29.68 2.6 -2.2085 79.5814 10.8241 16.1846
0.17 0.56 30.28 1.5 -1.4441 80.2987 6.9147 11.1043 0.17 0.56 30.29 1.54 -1.4438 80.3012 6.9668 11.1263
0.22 0.56 30.53 0.42 -0.6374 80.8346 2.3328 4.5726 0.22 0.56 30.54 0.43 -0.6373 80.8379 2.3461 4.5788
0.28 0.56 30.52 -0.6 0.1636 80.9049 -2.3768 -2.3326 0.28 0.56 30.54 -0.61 0.1637 80.9096 -2.3944 -2.3407
0.33 0.56 30.2 -1.67 0.9575 80.4199 -7.0165 -8.8601 0.33 0.56 30.21 -1.71 0.9569 80.4198 -7.0715 -8.8832
0.39 0.56 29.61 -2.7 1.7164 79.8332 -10.9762 -13.9081 0.39 0.56 29.62 -2.76 1.7165 79.8276 -11.0639 -13.9365
0.44 0.56 28.74 -3.61 2.305 79.6074 -13.8921 -16.2382 0.44 0.56 28.72 -3.69 2.3055 79.5907 -14.0189 -16.2592
0.5 0.56 27.87 -4.12 2.5859 80.1982 -15.3331 -15.0665 0.5 0.56 27.84 -4.21 2.5866 80.171 -15.4987 -15.0613
0.56 0.56 27.12 -4.08 2.5023 81.5782 -15.0156 -11.1479 0.56 0.56 27.08 -4.16 2.5023 81.5371 -15.1967 -11.1068
0.61 0.56 26.57 -3.54 2.0713 83.5888 -13.0209 -6.4165 0.61 0.56 26.53 -3.62 2.0717 83.5378 -13.1982 -6.351
0.67 0.56 26.14 -2.36 1.297 85.7903 -8.9436 -2.5572 0.67 0.56 26.1 -2.42 1.2961 85.7376 -9.0811 -2.4956
0.72 0.56 25.95 -0.75 0.2958 87.3482 -3.0413 0.0517 0.72 0.56 25.91 -0.76 0.2941 87.3048 -3.083 0.0715
0.78 0.56 25.96 0.96 -0.7327 87.2007 3.4039 2.2248 0.78 0.56 25.92 0.97 -0.7299 87.1556 3.4531 2.2004
0.83 0.56 26.17 2.54 -1.7425 85.4557 9.0875 4.9485 0.83 0.56 26.13 2.6 -1.7407 85.4021 9.228 4.8844
0.89 0.56 26.62 3.68 -2.5468 83.1886 12.9672 8.9111 0.89 0.56 26.58 3.76 -2.5466 83.1362 13.1469 8.8435
0.94 0.56 27.2 4.13 -2.9864 81.238 14.7321 13.6987 0.94 0.56 27.17 4.22 -2.9853 81.1995 14.909 13.658
1 0.56 27.94 4.12 -3.1117 79.7857 15.0236 17.5099 1 0.56 27.91 4.21 -3.1122 79.758 15.1878 17.5039
0 0.61 29.22 3.42 -6.1703 78.4496 10.8487 28.7347 0 0.61 29.21 3.49 -6.1778 78.4305 10.9662 28.7277
0.06 0.61 30.8 2.48 -5.4806 77.5468 9.5569 28.0024 0.06 0.61 30.82 2.54 -5.4864 77.5539 9.6274 28.0149
0.11 0.61 31.82 1.62 -4.1061 76.7284 7.9158 23.5589 0.11 0.61 31.85 1.66 -4.1066 76.738 7.9597 23.5732
0.17 0.61 32.44 0.9 -2.5347 76.6234 5.4031 16.127 0.17 0.61 32.48 0.92 -2.5339 76.6412 5.426 16.1383
0.22 0.61 32.66 0.24 -0.9721 76.7217 1.9364 6.4331 0.22 0.61 32.7 0.24 -0.9708 76.7383 1.9423 6.4367
0.28 0.61 32.66 -0.36 0.5035 76.8101 -1.8368 -4.1163 0.28 0.61 32.7 -0.36 0.502 76.8289 -1.8441 -4.1201
0.33 0.61 32.33 -1.02 2.0199 76.7379 -5.3811 -13.9561 0.33 0.61 32.38 -1.04 2.0187 76.7519 -5.4061 -13.9672
0.39 0.61 31.72 -1.74 3.5564 76.9343 -8.0651 -21.6124 0.39 0.61 31.76 -1.78 3.5582 76.9452 -8.1122 -21.6278
0.44 0.61 30.61 -2.57 4.8504 77.5977 -9.8478 -26.1201 0.44 0.61 30.62 -2.62 4.8529 77.5971 -9.9218 -26.1307
0.5 0.61 29.08 -3.43 5.5371 78.8094 -11.2381 -26.9226 0.5 0.61 29.07 -3.51 5.5419 78.7931 -11.3597 -26.9171
0.56 0.61 27.2 -3.8 5.2949 80.4295 -11.9345 -23.8654 0.56 0.61 27.16 -3.89 5.2975 80.3851 -12.0995 -23.8274
0.61 0.61 25.32 -3.59 4.1932 82.591 -11.6889 -17.7437 0.61 0.61 25.26 -3.68 4.1955 82.5163 -11.8888 -17.6712
0.67 0.61 23.7 -2.56 2.5101 85.2352 -9.0723 -10.1531 0.67 0.61 23.62 -2.62 2.5084 85.1415 -9.2463 -10.0766
0.72 0.61 22.89 -0.84 0.6847 87.5189 -3.2948 -2.5401 0.72 0.61 22.81 -0.86 0.6822 87.4346 -3.3463 -2.5158
0.78 0.61 22.91 1.03 -1.0583 87.2293 3.7237 4.9582 0.78 0.61 22.83 1.05 -1.0544 87.1434 3.7843 4.9278
0.83 0.61 23.75 2.72 -2.9325 84.6634 9.1714 12.4875 0.83 0.61 23.68 2.79 -2.9297 84.5704 9.3483 12.4079
0.89 0.61 25.42 3.72 -4.7075 82.0616 11.5196 19.9099 0.89 0.61 25.36 3.82 -4.7081 81.9877 11.719 19.8365
0.94 0.61 27.36 3.85 -5.8568 80.1141 11.5598 25.879 0.94 0.61 27.32 3.94 -5.8574 80.074 11.7191 25.8425
1 0.61 29.22 3.42 -6.1703 78.4496 10.8487 28.7347 1 0.61 29.21 3.49 -6.1778 78.4305 10.9662 28.7277
0 0.67 30.81 2.17 -8.7732 78.529 6.2061 35.229 0 0.67 30.83 2.22 -8.7851 78.5261 6.2701 35.2277
0.06 0.67 32.49 1.46 -7.6901 76.9424 5.6403 33.4614 0.06 0.67 32.54 1.49 -7.6971 76.9609 5.6753 33.4724
0.11 0.67 33.33 0.88 -5.6036 74.8712 4.988 28.2077 0.11 0.67 33.38 0.9 -5.6039 74.8898 5.0075 28.2179
0.17 0.67 33.78 0.45 -3.3241 73.6647 3.624 19.6531 0.17 0.67 33.84 0.46 -3.3245 73.6897 3.6369 19.6626
0.22 0.67 33.9 0.1 -1.197 73.2035 1.3555 7.8536 0.22 0.67 33.96 0.1 -1.1989 73.2262 1.3583 7.8567
0.28 0.67 33.91 -0.16 0.7409 73.2888 -1.2332 -5.4799 0.28 0.67 33.98 -0.16 0.7411 73.314 -1.2372 -5.4828
0.33 0.67 33.68 -0.53 2.7831 73.7167 -3.5735 -17.5646 0.33 0.67 33.74 -0.54 2.7851 73.7382 -3.5868 -17.5727
0.39 0.67 33.24 -0.96 4.9953 74.9377 -5.0608 -26.4862 0.39 0.67 33.29 -0.98 4.9985 74.9579 -5.0825 -26.4968
0.44 0.67 32.28 -1.52 6.9509 76.7662 -5.8195 -31.8782 0.44 0.67 32.31 -1.55 6.9537 76.7774 -5.8558 -31.886
0.5 0.67 30.64 -2.19 8.0324 78.6653 -6.461 -33.8216 0.5 0.67 30.66 -2.23 8.04 78.6638 -6.5272 -33.821
0.56 0.67 27.92 -2.73 7.6936 80.0672 -7.3705 -32.0536 0.56 0.67 27.9 -2.79 7.6998 80.0314 -7.4773 -32.0294
0.61 0.67 24.55 -2.88 5.9703 81.3089 -8.4201 -26.3309 0.61 0.67 24.48 -2.97 5.9739 81.2225 -8.5962 -26.2709
0.67 0.67 21.13 -2.18 3.3404 83.0327 -7.6217 -16.96 0.67 0.67 21.01 -2.25 3.3336 82.8827 -7.8278 -16.876
0.72 0.67 19.49 -0.72 0.8845 85.5529 -2.9629 -5.1517 0.72 0.67 19.36 -0.74 0.8789 85.401 -3.032 -5.1215
0.78 0.67 19.52 0.86 -1.192 85.1715 3.3305 7.7576 0.78 0.67 19.39 0.88 -1.184 85.0186 3.4089 7.7199
0.83 0.67 21.19 2.29 -3.7326 82.387 7.6469 19.1799 0.83 0.67 21.07 2.37 -3.7243 82.2395 7.8529 19.093
0.89 0.67 24.67 2.97 -6.5179 80.8831 8.231 28.1604 0.89 0.67 24.6 3.06 -6.5209 80.7992 8.4034 28.1005
0.94 0.67 28.12 2.75 -8.3343 79.9586 7.0824 33.6468 0.94 0.67 28.1 2.82 -8.3399 79.9311 7.1849 33.6261
1 0.67 30.81 2.17 -8.7732 78.529 6.2061 35.229 1 0.67 30.83 2.22 -8.7851 78.5261 6.2701 35.2277
0 0.72 31.73 0.75 -10.2951 79.0179 2.0041 38.1538 0 0.72 31.77 0.77 -10.3072 79.0265 2.0253 38.158
0.06 0.72 33.33 0.45 -8.9467 76.9459 1.8169 35.9225 0.06 0.72 33.39 0.46 -8.9553 76.9747 1.8276 35.9362
0.11 0.72 33.99 0.27 -6.4177 74.0213 1.6939 30.3871 0.11 0.72 34.06 0.27 -6.4188 74.0444 1.6994 30.3969
0.17 0.72 34.33 0.14 -3.7117 72.0355 1.2793 21.4238 0.17 0.72 34.41 0.14 -3.7144 72.0653 1.2821 21.4328
0.22 0.72 34.35 0.03 -1.3033 71.1741 0.4951 8.6176 0.22 0.72 34.42 0.03 -1.3061 71.2003 0.496 8.6209
0.28 0.72 34.38 -0.05 0.8505 71.256 -0.4453 -6.2183 0.28 0.72 34.46 -0.05 0.8541 71.2849 -0.4463 -6.2209
0.33 0.72 34.25 -0.16 3.1539 72.0409 -1.2511 -19.3865 0.33 0.72 34.31 -0.16 3.1558 72.0665 -1.2539 -19.3936
0.39 0.72 33.92 -0.29 5.7718 73.9953 -1.7139 -28.779 0.39 0.72 33.99 -0.29 5.7717 74.0198 -1.7201 -28.7889
0.44 0.72 33.12 -0.48 8.1423 76.638 -1.8773 -34.4736 0.44 0.72 33.18 -0.48 8.1479 76.6561 -1.887 -34.482
0.5 0.72 31.56 -0.76 9.4918 79.0159 -2.0963 -36.9253 0.5 0.72 31.59 -0.78 9.5016 79.0251 -2.1184 -36.9296
0.56 0.72 28.5 -1 9.0933 80.2567 -2.4646 -35.9688 0.56 0.72 28.49 -1.02 9.0995 80.2322 -2.5014 -35.9567
0.61 0.72 24.19 -1.13 6.9956 80.6545 -3.1066 -31.0715 0.61 0.72 24.13 -1.16 7.0015 80.5774 -3.1819 -31.0372
0.67 0.72 19.29 -0.88 3.7199 81.0484 -3.1265 -21.4159 0.67 0.72 19.13 -0.92 3.7071 80.85 -3.2395 -21.353
0.72 0.72 17.1 -0.29 0.9329 83.3881 -1.2724 -7.0892 0.72 0.72 16.92 -0.3 0.9244 83.1637 -1.3105 -7.0659
0.78 0.72 17.13 0.34 -1.2004 82.9652 1.4292 9.8397 0.78 0.72 16.95 0.35 -1.1887 82.7396 1.473 9.808
0.83 0.72 19.35 0.92 -4.0918 80.4253 3.1206 23.5303 0.83 0.72 19.19 0.96 -4.0765 80.2323 3.2337 23.4635
0.89 0.72 24.3 1.16 -7.5582 80.3374 3.0256 32.6962 0.89 0.72 24.24 1.2 -7.5636 80.2646 3.0989 32.6621
0.94 0.72 28.71 1.01 -9.7858 80.2884 2.3653 37.3592 0.94 0.72 28.71 1.03 -9.7918 80.2725 2.3983 37.3509
1 0.72 31.73 0.75 -10.2951 79.0179 2.0041 38.1538 1 0.72 31.77 0.77 -10.3072 79.0265 2.0253 38.158
0 0.78 31.73 -0.75 -10.2974 79.0205 -2.0012 38.155 0 0.78 31.77 -0.77 -10.3104 79.0263 -2.024 38.1579
0.06 0.78 33.34 -0.45 -8.9489 76.9482 -1.815 35.9235 0.06 0.78 33.4 -0.46 -8.959 76.9759 -1.8261 35.9367
0.11 0.78 34 -0.26 -6.4195 74.0235 -1.6927 30.3879 0.11 0.78 34.06 -0.27 -6.4196 74.046 -1.6983 30.3975
0.17 0.78 34.34 -0.14 -3.7128 72.0371 -1.2791 21.4242 0.17 0.78 34.41 -0.14 -3.7127 72.0663 -1.2823 21.4332
0.22 0.78 34.35 -0.03 -1.3036 71.1757 -0.4945 8.6178 0.22 0.78 34.42 -0.03 -1.3043 71.2013 -0.4956 8.621
0.28 0.78 34.38 0.05 0.8509 71.2574 0.4451 -6.2184 0.28 0.78 34.46 0.04 0.8469 71.2858 0.4462 -6.221
0.33 0.78 34.25 0.16 3.1553 72.0428 1.2514 -19.387 0.33 0.78 34.33 0.16 3.1557 72.068 1.2544 -19.394
0.39 0.78 33.93 0.29 5.7736 73.9975 1.7131 -28.7798 0.39 0.78 33.99 0.3 5.7798 74.0219 1.7197 -28.7897
0.44 0.78 33.13 0.47 8.1444 76.6408 1.8759 -34.474 0.44 0.78 33.18 0.48 8.1491 76.6586 1.8862 -34.4823
0.5 0.78 31.56 0.76 9.4938 79.0181 2.0939 -36.9256 0.5 0.78 31.6 0.78 9.5031 79.0287 2.1167 -36.9305
0.56 0.78 28.5 0.99 9.0953 80.2583 2.4605 -35.9696 0.56 0.78 28.5 1.02 9.1017 80.2365 2.4968 -35.9588
0.61 0.78 24.19 1.12 6.9968 80.6554 3.1021 -31.0722 0.61 0.78 24.13 1.16 7.0016 80.577 3.1779 -31.0373
0.67 0.78 19.29 0.88 3.7205 81.0483 3.1229 -21.4161 0.67 0.78 19.13 0.92 3.7072 80.8475 3.2372 -21.3524
0.72 0.78 17.09 0.29 0.9331 83.3875 1.2711 -7.0893 0.72 0.78 16.92 0.3 0.9244 83.1619 1.3098 -7.0658
0.78 0.78 17.13 -0.34 -1.2006 82.9645 -1.4274 9.8398 0.78 0.78 16.95 -0.35 -1.1889 82.738 -1.4713 9.808
0.83 0.78 19.35 -0.92 -4.0923 80.4253 -3.1165 23.5306 0.83 0.78 19.19 -0.96 -4.0772 80.2319 -3.2299 23.4637
0.89 0.78 24.3 -1.15 -7.5595 80.3385 -3.0205 32.6969 0.89 0.78 24.24 -1.19 -7.5653 80.2667 -3.0941 32.6633
0.94 0.78 28.71 -1 -9.7878 80.2901 -2.3608 37.3602 0.94 0.78 28.71 -1.03 -9.7948 80.2743 -2.3949 37.3518
1 0.78 31.73 -0.75 -10.2974 79.0205 -2.0012 38.155 1 0.78 31.77 -0.77 -10.3104 79.0263 -2.024 38.1579
0 0.83 30.81 -2.17 -8.7713 78.5268 -6.2012 35.2272 0 0.83 30.83 -2.22 -8.7835 78.5243 -6.2641 35.2261
0.06 0.83 32.49 -1.46 -7.6884 76.94 -5.6342 33.4598 0.06 0.83 32.53 -1.49 -7.6958 76.9587 -5.6688 33.4709
0.11 0.83 33.32 -0.88 -5.6017 74.8685 -4.9818 28.2047 0.11 0.83 33.38 -0.9 -5.6015 74.8875 -5.0011 28.215
0.17 0.83 33.78 -0.45 -3.3229 73.6627 -3.6196 19.6504 0.17 0.83 33.84 -0.46 -3.3208 73.6881 -3.632 19.6598
0.22 0.83 33.9 -0.1 -1.1966 73.202 -1.3534 7.8515 0.22 0.83 33.95 -0.1 -1.197 73.2252 -1.356 7.8546
0.28 0.83 33.91 0.16 0.7405 73.2877 1.2311 -5.4792 0.28 0.83 33.98 0.16 0.7366 73.3134 1.2347 -5.482
0.33 0.83 33.68 0.53 2.7817 73.7148 3.5687 -17.5617 0.33 0.83 33.75 0.54 2.7819 73.7367 3.5814 -17.5698
0.39 0.83 33.23 0.95 4.9935 74.9355 5.0548 -26.4833 0.39 0.83 33.29 0.97 4.9991 74.9561 5.0759 -26.494
0.44 0.83 32.27 1.51 6.9486 76.7634 5.8131 -31.8756 0.44 0.83 32.31 1.54 6.9502 76.775 5.8489 -31.8835
0.5 0.83 30.64 2.18 8.0307 78.6633 6.4569 -33.8208 0.5 0.83 30.66 2.23 8.037 78.6624 6.5229 -33.8204
0.56 0.83 27.92 2.73 7.6922 80.0665 7.366 -32.0527 0.56 0.83 27.9 2.79 7.7013 80.031 7.4741 -32.0286
0.61 0.83 24.55 2.88 5.9699 81.3103 8.4156 -26.3319 0.61 0.83 24.48 2.97 5.9748 81.2244 8.5923 -26.2719
0.67 0.83 21.14 2.18 3.3406 83.0355 7.6183 -16.9614 0.67 0.83 21.01 2.25 3.3334 82.886 7.824 -16.8777
0.72 0.83 19.49 0.72 0.8845 85.5564 2.9616 -5.1522 0.72 0.83 19.36 0.74 0.8788 85.405 3.0304 -5.1222
0.78 0.83 19.52 -0.86 -1.1921 85.1747 -3.3291 7.7583 0.78 0.83 19.39 -0.88 -1.1841 85.0224 -3.4082 7.7205
0.83 0.83 21.19 -2.29 -3.7329 82.3899 -7.6434 19.1815 0.83 0.83 21.07 -2.37 -3.7244 82.2427 -7.8501 19.0944
0.89 0.83 24.67 -2.97 -6.5176 80.8842 -8.226 28.1617 0.89 0.83 24.6 -3.06 -6.5205 80.8006 -8.3993 28.1017
0.94 0.83 28.12 -2.75 -8.3333 79.9579 -7.078 33.6469 0.94 0.83 28.1 -2.82 -8.3389 79.9307 -7.1801 33.6263
1 0.83 30.81 -2.17 -8.7713 78.5268 -6.2012 35.2272 1 0.83 30.83 -2.22 -8.7835 78.5243 -6.2641 35.2261
0 0.89 29.22 -3.41 -6.1732 78.4518 -10.8425 28.7355 0 0.89 29.21 -3.49 -6.1806 78.4321 -10.9618 28.7283
0.06 0.89 30.8 -2.48 -5.4836 77.5501 -9.5559 28.0023 0.06 0.89 30.82 -2.54 -5.4889 77.5568 -9.6278 28.0149
0.11 0.89 31.82 -1.62 -4.1092 76.7338 -7.917 23.5596 0.11 0.89 31.86 -1.66 -4.1101 76.7429 -7.9624 23.5742
0.17 0.89 32.44 -0.9 -2.5367 76.6296 -5.4059 16.1278 0.17 0.89 32.49 -0.92 -2.5371 76.6471 -5.4299 16.1395
0.22 0.89 32.66 -0.24 -0.9729 76.7287 -1.9362 6.4336 0.22 0.89 32.71 -0.24 -0.9726 76.7448 -1.9432 6.4375
0.28 0.89 32.66 0.36 0.5045 76.8168 1.8383 -4.1172 0.28 0.89 32.71 0.37 0.5051 76.8351 1.8465 -4.1213
0.33 0.89 32.34 1.02 2.0221 76.7446 5.3851 -13.9573 0.33 0.89 32.38 1.04 2.0213 76.7582 5.4111 -13.9687
0.39 0.89 31.73 1.74 3.5594 76.9395 8.0674 -21.6131 0.39 0.89 31.76 1.78 3.5599 76.95 8.1157 -21.6287
0.44 0.89 30.61 2.57 4.8536 77.6017 9.8476 -26.1203 0.44 0.89 30.63 2.62 4.8561 77.6007 9.9228 -26.1308
0.5 0.89 29.08 3.43 5.5396 78.8113 11.2327 -26.9221 0.5 0.89 29.07 3.51 5.5452 78.7943 11.356 -26.9163
0.56 0.89 27.2 3.8 5.2977 80.4301 11.9237 -23.8671 0.56 0.89 27.16 3.89 5.3015 80.385 12.0904 -23.8286
0.61 0.89 25.32 3.59 4.1951 82.5904 11.6772 -17.745 0.61 0.89 25.26 3.68 4.196 82.5145 11.8792 -17.6716
0.67 0.89 23.7 2.55 2.5113 85.233 9.0637 -10.1555 0.67 0.89 23.62 2.62 2.5089 85.1378 9.2395 -10.0782
0.72 0.89 22.88 0.84 0.6853 87.5147 3.2924 -2.5408 0.72 0.89 22.8 0.86 0.6828 87.4289 3.3444 -2.5163
0.78 0.89 22.9 -1.03 -1.0587 87.2255 -3.7202 4.9593 0.78 0.89 22.82 -1.05 -1.0548 87.1382 -3.7809 4.9287
0.83 0.89 23.75 -2.71 -2.9337 84.6612 -9.1616 12.4905 0.83 0.89 23.67 -2.78 -2.931 84.5669 -9.3397 12.4103
0.89 0.89 25.42 -3.72 -4.7097 82.061 -11.5068 19.9131 0.89 0.89 25.36 -3.81 -4.7103 81.986 -11.708 19.8389
0.94 0.89 27.36 -3.85 -5.8593 80.1146 -11.5483 25.8793 0.94 0.89 27.32 -3.94 -5.8599 80.0738 -11.7096 25.8423
1 0.89 29.22 -3.41 -6.1732 78.4518 -10.8425 28.7355 1 0.89 29.21 -3.49 -6.1806 78.4321 -10.9618 28.7283
0 0.94 27.94 -4.12 -3.1108 79.786 -15.0142 17.5086 0 0.94 27.91 -4.21 -3.1111 79.7591 -15.178 17.5027
0.06 0.94 28.85 -3.53 -2.8276 79.4077 -13.6066 18.5962 0.06 0.94 28.84 -3.61 -2.8279 79.3955 -13.7303 18.6167
0.11 0.94 29.67 -2.54 -2.2064 79.5805 -10.7288 16.1517 0.11 0.94 29.68 -2.6 -2.2061 79.575 -10.8099 16.1776
0.17 0.94 30.27 -1.5 -1.4421 80.2907 -6.9045 11.0978 0.17 0.94 30.28 -1.54 -1.4419 80.2933 -6.9555 11.1194
0.22 0.94 30.52 -0.42 -0.6368 80.8249 -2.3288 4.5703 0.22 0.94 30.54 -0.43 -0.6366 80.8284 -2.3411 4.5761
0.28 0.94 30.51 0.6 0.1629 80.8954 2.3718 -2.3301 0.28 0.94 30.53 0.61 0.1632 80.9004 2.3881 -2.3376
0.33 0.94 30.19 1.67 0.9553 80.4112 7.0051 -8.8534 0.33 0.94 30.2 1.71 0.9545 80.4113 7.0591 -8.876
0.39 0.94 29.61 2.69 1.714 79.8266 10.963 -13.9015 0.39 0.94 29.61 2.75 1.7137 79.8213 11.0496 -13.9296
0.44 0.94 28.73 3.61 2.3027 79.6036 13.8797 -16.2338 0.44 0.94 28.72 3.69 2.3033 79.5874 14.0057 -16.2547
0.5 0.94 27.87 4.12 2.5849 80.1985 15.3254 -15.065 0.5 0.94 27.84 4.21 2.5856 80.1722 15.4905 -15.0601
0.56 0.94 27.13 4.07 2.5024 81.5823 15.006 -11.1486 0.56 0.94 27.09 4.16 2.502 81.5422 15.1873 -11.1076
0.61 0.94 26.58 3.53 2.0721 83.5964 13.0104 -6.4209 0.61 0.94 26.54 3.62 2.0718 83.5462 13.1884 -6.3553
0.67 0.94 26.15 2.36 1.2976 85.7996 8.9373 -2.5603 0.67 0.94 26.1 2.42 1.2966 85.7477 9.0748 -2.4988
0.72 0.94 25.96 0.75 0.2958 87.3578 3.0389 0.0505 0.72 0.94 25.92 0.76 0.294 87.3153 3.0809 0.0704
0.78 0.94 25.97 -0.96 -0.733 87.2101 -3.4021 2.2261 0.78 0.94 25.93 -0.98 -0.7302 87.1659 -3.4522 2.2012
0.83 0.94 26.18 -2.54 -1.7435 85.4648 -9.0817 4.9519 0.83 0.94 26.14 -2.6 -1.7416 85.4121 -9.2226 4.8876
0.89 0.94 26.63 -3.67 -2.5478 83.1963 -12.9571 8.9142 0.89 0.94 26.58 -3.76 -2.5472 83.1448 -13.1374 8.8466
0.94 0.94 27.21 -4.13 -2.9868 81.2426 -14.7225 13.7 0.94 0.94 27.17 -4.22 -2.9853 81.2049 -14.8992 13.6595
1 0.94 27.94 -4.12 -3.1108 79.786 -15.0142 17.5086 1 0.94 27.91 -4.21 -3.1111 79.7591 -15.178 17.5027
0 1 27.55 -4.31 -0.2395 81.107 -16.8171 1.4142 0 1 27.52 -4.4 -0.2392 81.0764 -17.0037 1.4136
0.06 1 27.63 -3.96 -0.1571 81.4701 -15.7227 4.5781 0.06 1 27.6 -4.04 -0.1569 81.4412 -15.8904 4.6118
0.11 1 27.84 -3.15 -0.09 82.5153 -12.6819 5.7777 0.11 1 27.81 -3.22 -0.0898 82.4879 -12.8194 5.8259
0.17 1 28.06 -2 -0.1093 83.8418 -8.2154 4.8147 0.17 1 28.05 -2.05 -0.109 83.8223 -8.3043 4.8535
0.22 1 28.19 -0.6 -0.1894 84.7548 -2.699 2.4423 0.22 1 28.17 -0.61 -0.19 84.7398 -2.724 2.454
0.28 1 28.19 0.81 -0.2807 84.7487 2.9481 -0.2411 0.28 1 28.18 0.82 -0.2799 84.7343 2.9784 -0.2557
0.33 1 28.05 2.18 -0.3543 83.8039 8.3986 -2.4844 0.33 1 28.03 2.23 -0.354 83.7818 8.4922 -2.5258
0.39 1 27.84 3.3 -0.3727 82.5057 12.8429 -3.2582 0.39 1 27.81 3.37 -0.3722 82.4779 12.9847 -3.3089
0.44 1 27.62 4.03 -0.301 81.4667 15.755 -1.8336 0.44 1 27.59 4.11 -0.3001 81.4362 15.9235 -1.8684
0.5 1 27.56 4.31 -0.227 81.1112 16.8196 1.4159 0.5 1 27.53 4.4 -0.2265 81.0815 17.0042 1.4154
0.56 1 27.62 3.94 -0.1416 81.4255 15.675 4.5692 0.56 1 27.59 4.03 -0.1409 81.3949 15.8459 4.6035
0.61 1 27.83 3.16 -0.077 82.4325 12.7105 5.7881 0.61 1 27.8 3.23 -0.0763 82.4037 12.8532 5.8382
0.67 1 28.04 1.99 -0.0963 83.7173 8.1824 4.7998 0.67 1 28.02 2.04 -0.0953 83.6946 8.2724 4.839
0.72 1 28.17 0.6 -0.1868 84.6192 2.7263 2.4534 0.72 1 28.15 0.62 -0.1871 84.6024 2.7511 2.465
0.78 1 28.16 -0.81 -0.2825 84.6051 -2.955 -0.2464 0.78 1 28.14 -0.82 -0.2818 84.5875 -2.9849 -0.2608
0.83 1 28.03 -2.16 -0.3663 83.6888 -8.3476 -2.465 0.83 1 28.01 -2.21 -0.3666 83.6651 -8.4416 -2.5066
0.89 1 27.82 -3.3 -0.3849 82.4136 -12.8449 -3.2619 0.89 1 27.79 -3.38 -0.3852 82.3831 -12.992 -3.3144
0.94 1 27.62 -4.01 -0.3152 81.429 -15.6926 -1.8231 0.94 1 27.59 -4.1 -0.3152 81.3987 -15.8632 -1.8584
1 1 27.55 -4.31 -0.2395 81.107 -16.8171 1.4142 1 1 27.52 -4.4 -0.2392 81.0764 -17.0037 1.4137
