 0.00  32.94   7.40   83.23  -11.42
 0.02  27.11   6.31   79.26  -10.78
 0.04  21.76   5.16   75.01   -9.94
 0.06  17.05   4.05   70.55   -8.93
 0.08  13.07   3.05   66.01   -7.83
 0.10   9.86   2.21   61.52   -6.66
 0.12   7.36   1.54   57.23   -5.50
 0.14   5.50   1.04   53.30   -4.37
 0.16   4.18   0.67   49.91   -3.31
 0.18   3.28   0.41   47.17   -2.32
 0.20   2.72   0.23   45.27   -1.40
 0.22   2.41   0.09   44.13   -0.53
 0.24   2.32   0.01   43.81    0.33
 0.26   2.32  -0.05   43.82    1.20
 0.28   2.40  -0.13   44.17    2.06
 0.30   2.71  -0.27   45.34    2.98
 0.32   3.26  -0.46   47.27    3.96
 0.34   4.15  -0.74   50.04    5.04
 0.36   5.46  -1.13   53.47    6.21
 0.38   7.29  -1.66   57.44    7.47
 0.40   9.76  -2.36   61.76    8.77
 0.42  12.94  -3.25   66.29   10.08
 0.44  16.87  -4.31   70.86   11.33
 0.46  21.53  -5.50   75.35   12.48
 0.48  26.84  -6.74   79.64   13.47
 0.50  32.62  -7.93   83.62   14.24
 0.52  38.68  -8.97   87.25   14.75
 0.54  44.76  -9.75   90.46   14.98
 0.56  50.63 -10.19   93.23   14.91
 0.58  56.05 -10.22   95.57   14.53
 0.60  60.85  -9.84   97.48   13.84
 0.62  64.87  -9.08   98.99   12.87
 0.64  68.08  -7.98  100.14   11.63
 0.66  70.44  -6.66  100.96   10.16
 0.68  72.06  -5.22  101.53    8.50
 0.70  72.99  -3.77  101.87    6.69
 0.72  73.44  -2.41  102.05    4.77
 0.74  73.54  -1.20  102.10    2.78
 0.76  73.55  -0.13  102.07    0.78
 0.78  73.48   1.07  101.96   -1.21
 0.80  73.07   2.43  101.72   -3.15
 0.82  72.19   3.90  101.32   -4.98
 0.84  70.63   5.38  100.71   -6.67
 0.86  68.33   6.75   99.84   -8.19
 0.88  65.17   7.92   98.65   -9.48
 0.90  61.19   8.77   97.11  -10.52
 0.92  56.42   9.25   95.17  -11.28
 0.94  51.01   9.32   92.83  -11.76
 0.96  45.14   9.00   90.05  -11.93
 0.98  39.03   8.33   86.84  -11.81
 1.00  32.94   7.40   83.23  -11.42
 1.02  27.11   6.31   79.26  -10.78
