  0.00  0.00   16.59   -1.42    0.00   16.33   -1.40   16.4315   -1.4026    0.0523
  0.04  0.00   16.59   -1.37    0.00   16.33   -1.35   16.4304   -1.3522    0.2142
  0.08  0.00   16.59   -1.21    0.00   16.33   -1.20   16.4278   -1.2016    0.2861
  0.12  0.00   16.59   -0.98    0.00   16.32   -0.97   16.4223   -0.9728    0.2150
  0.16  0.00   16.60   -0.69    0.00   16.32   -0.68   16.4158   -0.6926    0.0613
  0.20  0.00   16.60   -0.39    0.00   16.31   -0.38   16.4085   -0.3924   -0.0425
  0.24  0.00   16.61   -0.08    0.00   16.31   -0.08   16.4054   -0.0859    0.0078
  0.28  0.00   16.61    0.23    0.00   16.31    0.22   16.4070    0.2122    0.1572
  0.32  0.00   16.60    0.54    0.00   16.31    0.53   16.4129    0.5227    0.1179
  0.36  0.00   16.60    0.84    0.00   16.32    0.82   16.4200    0.8177   -0.0201
  0.40  0.00   16.59    1.10    0.00   16.32    1.09   16.4252    1.0823   -0.1554
  0.44  0.00   16.59    1.30    0.00   16.33    1.28   16.4292    1.2793   -0.1511
  0.48  0.00   16.59    1.41    0.00   16.33    1.39   16.4309    1.3878   -0.0345
  0.52  0.00   16.59    1.41    0.00   16.33    1.39   16.4311    1.3908    0.1456
  0.56  0.00   16.59    1.30    0.00   16.33    1.28   16.4294    1.2877    0.2650
  0.60  0.00   16.59    1.11    0.00   16.33    1.09   16.4251    1.0961    0.2727
  0.64  0.00   16.60    0.84    0.00   16.32    0.83   16.4193    0.8362    0.1386
  0.68  0.00   16.60    0.54    0.00   16.31    0.54   16.4118    0.5452   -0.0025
  0.72  0.00   16.61    0.23    0.00   16.31    0.23   16.4061    0.2373   -0.0453
  0.76  0.00   16.61   -0.07    0.00   16.31   -0.07   16.4057   -0.0603    0.1007
  0.80  0.00   16.60   -0.38    0.00   16.31   -0.38   16.4094   -0.3686    0.1552
  0.84  0.00   16.60   -0.69    0.00   16.32   -0.68   16.4167   -0.6718    0.0539
  0.88  0.00   16.59   -0.98    0.00   16.32   -0.96   16.4226   -0.9571   -0.1006
  0.92  0.00   16.59   -1.21    0.00   16.33   -1.19   16.4276   -1.1902   -0.1751
  0.96  0.00   16.59   -1.37    0.00   16.33   -1.35   16.4300   -1.3468   -0.1075
  1.00  0.00   16.59   -1.42    0.00   16.33   -1.40   16.4315   -1.4026    0.0523
  0.00  0.04   16.62   -1.40    0.08   16.30   -1.37   16.3797   -1.3752   -3.5490
  0.04  0.04   16.51   -1.34    0.07   16.14   -1.31   17.2307   -1.3984   -3.0051
  0.08  0.04   16.40   -1.19    0.06   16.00   -1.16   18.0123   -1.3061   -2.3735
  0.12  0.04   16.31   -0.96    0.05   15.87   -0.93   18.6745   -1.0975   -1.7754
  0.16  0.04   16.24   -0.68    0.03   15.76   -0.66   19.1868   -0.8033   -1.2238
  0.20  0.04   16.19   -0.38    0.02   15.69   -0.37   19.5199   -0.4628   -0.6965
  0.24  0.04   16.17   -0.07    0.00   15.66   -0.07   19.6649   -0.0973   -0.1102
  0.28  0.04   16.17    0.22   -0.01   15.67    0.21   19.6189    0.2514    0.5093
  0.32  0.04   16.21    0.53   -0.03   15.72    0.51   19.3843    0.6176    1.0632
  0.36  0.04   16.27    0.82   -0.04   15.81    0.79   18.9630    0.9353    1.5913
  0.40  0.04   16.35    1.08   -0.05   15.92    1.05   18.3770    1.2002    2.1624
  0.44  0.04   16.45    1.27   -0.07   16.06    1.24   17.6554    1.3542    2.7806
  0.48  0.04   16.56    1.38   -0.08   16.21    1.36   16.8378    1.3957    3.3863
  0.52  0.04   16.68    1.38   -0.08   16.37    1.36   15.9710    1.3199    3.8172
  0.56  0.04   16.78    1.28   -0.07   16.51    1.26   15.1060    1.1489    3.8991
  0.60  0.04   16.87    1.09   -0.06   16.63    1.08   14.3031    0.9236    3.5080
  0.64  0.04   16.94    0.82   -0.04   16.73    0.81   13.6183    0.6647    2.6927
  0.68  0.04   17.01    0.53   -0.03   16.80    0.53   13.1093    0.4188    1.6510
  0.72  0.04   17.05    0.22   -0.01   16.85    0.22   12.8104    0.1764    0.6461
  0.76  0.04   17.06   -0.07    0.00   16.86   -0.07   12.7480   -0.0356   -0.1163
  0.80  0.04   17.03   -0.37    0.02   16.83   -0.37   12.9200   -0.2688   -1.0086
  0.84  0.04   16.98   -0.67    0.03   16.77   -0.67   13.3207   -0.5164   -2.0644
  0.88  0.04   16.91   -0.95    0.05   16.69   -0.95   13.9151   -0.7790   -3.0343
  0.92  0.04   16.83   -1.19    0.06   16.58   -1.18   14.6640   -1.0319   -3.6686
  0.96  0.04   16.73   -1.34    0.07   16.44   -1.32   15.5027   -1.2404   -3.8245
  1.00  0.04   16.62   -1.40    0.08   16.30   -1.37   16.3797   -1.3752   -3.5490
  0.00  0.08   16.67   -1.31    0.17   16.24   -1.28   16.3103   -1.2792   -6.2413
  0.04  0.08   16.41   -1.25    0.16   15.91   -1.21   17.9007   -1.3631   -5.2501
  0.08  0.08   16.16   -1.10    0.13   15.60   -1.06   19.3252   -1.3150   -4.1029
  0.12  0.08   15.95   -0.89    0.10   15.34   -0.85   20.5174   -1.1325   -2.9845
  0.16  0.08   15.80   -0.62    0.06   15.14   -0.59   21.4270   -0.8400   -1.9952
  0.20  0.08   15.70   -0.34    0.03   15.00   -0.33   22.0181   -0.4848   -1.0813
  0.24  0.08   15.66   -0.07    0.01   14.94   -0.06   22.2730   -0.1028   -0.1796
  0.28  0.08   15.67    0.20   -0.02   14.96    0.19   22.1914    0.2693    0.7293
  0.32  0.08   15.74    0.48   -0.05   15.06    0.46   21.7722    0.6473    1.6284
  0.36  0.08   15.87    0.75   -0.08   15.23    0.72   21.0270    0.9765    2.5696
  0.40  0.08   16.04    1.00   -0.11   15.45    0.96   19.9775    1.2236    3.6107
  0.44  0.08   16.27    1.19   -0.15   15.74    1.15   18.6750    1.3443    4.7578
  0.48  0.08   16.53    1.29   -0.17   16.06    1.26   17.1664    1.3306    5.8453
  0.52  0.08   16.80    1.30   -0.17   16.40    1.27   15.5349    1.1964    6.6303
  0.56  0.08   17.04    1.20   -0.15   16.72    1.19   13.8669    0.9779    6.8239
  0.60  0.08   17.25    1.01   -0.11   16.99    1.01   12.2824    0.7278    6.2982
  0.64  0.08   17.41    0.76   -0.08   17.21    0.76   10.9092    0.4857    5.0450
  0.68  0.08   17.53    0.48   -0.05   17.36    0.48    9.8671    0.2843    3.3210
  0.72  0.08   17.60    0.20   -0.02   17.45    0.20    9.2524    0.1205    1.3493
  0.76  0.08   17.62   -0.06    0.00   17.47   -0.06    9.1193   -0.0132   -0.3489
  0.80  0.08   17.57   -0.33    0.03   17.41   -0.33    9.4758   -0.1646   -2.2364
  0.84  0.08   17.48   -0.61    0.06   17.30   -0.61   10.2977   -0.3520   -4.1343
  0.88  0.08   17.34   -0.89    0.09   17.11   -0.88   11.5074   -0.5848   -5.6708
  0.92  0.08   17.15   -1.11    0.13   16.87   -1.10   12.9979   -0.8423   -6.5962
  0.96  0.08   16.93   -1.26    0.16   16.57   -1.24   14.6412   -1.0905   -6.7534
  1.00  0.08   16.67   -1.31    0.17   16.24   -1.28   16.3103   -1.2792   -6.2413
  0.00  0.12   16.73   -1.12    0.26   16.20   -1.08   16.2583   -1.0851   -8.1060
  0.04  0.12   16.32   -1.06    0.24   15.69   -1.02   18.4440   -1.1965   -6.8158
  0.08  0.12   15.94   -0.93    0.20   15.23   -0.89   20.3639   -1.1838   -5.2671
  0.12  0.12   15.63   -0.74    0.14   14.86   -0.70   21.9446   -1.0326   -3.7574
  0.16  0.12   15.40   -0.52    0.09   14.57   -0.49   23.1390   -0.7717   -2.4619
  0.20  0.12   15.26   -0.29    0.04   14.39   -0.27   23.9114   -0.4455   -1.3191
  0.24  0.12   15.20   -0.05    0.01   14.30   -0.05   24.2422   -0.0885   -0.2212
  0.28  0.12   15.22    0.16   -0.02   14.33    0.15   24.1350    0.2444    0.8655
  0.32  0.12   15.32    0.40   -0.06   14.46    0.37   23.5874    0.6003    1.9765
  0.36  0.12   15.49    0.63   -0.11   14.69    0.59   22.6100    0.8943    3.1766
  0.40  0.12   15.76    0.84   -0.17   15.02    0.80   21.2276    1.1121    4.5685
  0.44  0.12   16.11    1.00   -0.22   15.44    0.96   19.4867    1.1962    6.1173
  0.48  0.12   16.51    1.10   -0.26   15.93    1.06   17.4370    1.1515    7.5696
  0.52  0.12   16.92    1.11   -0.26   16.44    1.08   15.1659    0.9898    8.5644
  0.56  0.12   17.30    1.02   -0.22   16.94    1.01   12.7878    0.7590    8.7644
  0.60  0.12   17.62    0.86   -0.16   17.36    0.86   10.4778    0.5184    8.0102
  0.64  0.12   17.86    0.63   -0.10   17.69    0.63    8.4391    0.3093    6.3686
  0.68  0.12   18.03    0.39   -0.05   17.90    0.40    6.8759    0.1656    4.1463
  0.72  0.12   18.11    0.15   -0.02   18.02    0.15    5.9457    0.0677    1.7070
  0.76  0.12   18.14   -0.04    0.00   18.04   -0.04    5.7446    0.0067   -0.4852
  0.80  0.12   18.08   -0.27    0.03   17.97   -0.27    6.2870   -0.0765   -2.8503
  0.84  0.12   17.96   -0.51    0.07   17.81   -0.51    7.5298   -0.2030   -5.2259
  0.88  0.12   17.76   -0.75    0.13   17.54   -0.75    9.3381   -0.3882   -7.2177
  0.92  0.12   17.48   -0.95    0.19   17.17   -0.94   11.5352   -0.6261   -8.4562
  0.96  0.12   17.13   -1.07    0.24   16.71   -1.06   13.9047   -0.8738   -8.7317
  1.00  0.12   16.73   -1.12    0.26   16.20   -1.08   16.2583   -1.0851   -8.1060
  0.00  0.16   16.78   -0.85    0.34   16.16   -0.83   16.2163   -0.8267   -9.4041
  0.04  0.16   16.23   -0.81    0.31   15.50   -0.77   18.8304   -0.9343   -7.8918
  0.08  0.16   15.73   -0.70    0.25   14.91   -0.66   21.0835   -0.9353   -6.0356
  0.12  0.16   15.33   -0.56    0.17   14.44   -0.52   22.9170   -0.8204   -4.2229
  0.16  0.16   15.04   -0.39    0.10   14.09   -0.36   24.2957   -0.6152   -2.7297
  0.20  0.16   14.87   -0.21    0.04   13.87   -0.19   25.1785   -0.3521   -1.4434
  0.24  0.16   14.81   -0.04    0.01   13.77   -0.04   25.5610   -0.0696   -0.2420
  0.28  0.16   14.83    0.12   -0.02   13.80    0.11   25.4360    0.1943    0.9405
  0.32  0.16   14.94    0.30   -0.07   13.96    0.27   24.8051    0.4760    2.1665
  0.36  0.16   15.16    0.47   -0.14   14.24    0.44   23.6842    0.7143    3.5324
  0.40  0.16   15.50    0.63   -0.21   14.64    0.59   22.0830    0.8804    5.1726
  0.44  0.16   15.96    0.76   -0.29   15.17    0.72   20.0568    0.9418    7.0363
  0.48  0.16   16.49    0.84   -0.33   15.80    0.81   17.6287    0.8895    8.7672
  0.52  0.16   17.05    0.85   -0.33   16.50    0.83   14.8881    0.7413    9.8976
  0.56  0.16   17.56    0.79   -0.28   17.16    0.78   11.9447    0.5373   10.0495
  0.60  0.16   17.98    0.66   -0.20   17.73    0.65    9.0272    0.3340    9.0043
  0.64  0.16   18.29    0.47   -0.10   18.14    0.48    6.4140    0.1743    6.9213
  0.68  0.16   18.47    0.28   -0.04   18.39    0.29    4.3932    0.0796    4.2888
  0.72  0.16   18.57    0.10   -0.01   18.52    0.10    3.1904    0.0346    1.6628
  0.76  0.16   18.59   -0.03    0.00   18.54   -0.03    2.9287    0.0144   -0.4807
  0.80  0.16   18.53   -0.19    0.02   18.47   -0.19    3.6365   -0.0222   -2.8698
  0.84  0.16   18.40   -0.37    0.07   18.29   -0.38    5.2456   -0.0979   -5.5741
  0.88  0.16   18.16   -0.57    0.14   17.97   -0.57    7.5803   -0.2319   -7.9878
  0.92  0.16   17.79   -0.73    0.24   17.47   -0.72   10.3744   -0.4234   -9.6332
  0.96  0.16   17.33   -0.83    0.31   16.85   -0.81   13.3430   -0.6383  -10.0674
  1.00  0.16   16.78   -0.85    0.34   16.16   -0.83   16.2163   -0.8267   -9.4041
  0.00  0.20   16.82   -0.49    0.40   16.14   -0.47   16.1946   -0.4735  -10.2262
  0.04  0.20   16.17   -0.46    0.37   15.36   -0.44   19.0772   -0.5441   -8.5742
  0.08  0.20   15.59   -0.40    0.29   14.69   -0.38   21.5350   -0.5495   -6.5080
  0.12  0.20   15.12   -0.31    0.20   14.16   -0.29   23.5204   -0.4824   -4.5113
  0.16  0.20   14.80   -0.22    0.11   13.78   -0.20   25.0084   -0.3632   -2.8886
  0.20  0.20   14.62   -0.12    0.04   13.53   -0.11   25.9558   -0.2059   -1.5247
  0.24  0.20   14.56   -0.02    0.01   13.43   -0.02   26.3728   -0.0351   -0.2622
  0.28  0.20   14.58    0.06   -0.02   13.46    0.06   26.2358    0.1092    0.9970
  0.32  0.20   14.69    0.17   -0.07   13.63    0.15   25.5532    0.2828    2.2825
  0.36  0.20   14.94    0.27   -0.15   13.94    0.24   24.3469    0.4198    3.7501
  0.40  0.20   15.33    0.36   -0.24   14.39    0.33   22.6168    0.5190    5.5462
  0.44  0.20   15.85    0.43   -0.33   14.99    0.41   20.4148    0.5507    7.6124
  0.48  0.20   16.47    0.48   -0.39   15.72    0.46   17.7560    0.5152    9.5280
  0.52  0.20   17.13    0.49   -0.39   16.54    0.47   14.7072    0.4182   10.7506
  0.56  0.20   17.74    0.45   -0.33   17.33    0.44   11.3793    0.2905   10.8585
  0.60  0.20   18.23    0.37   -0.22   17.99    0.37    8.0291    0.1647    9.6004
  0.64  0.20   18.57    0.26   -0.10   18.45    0.26    4.9988    0.0738    7.0839
  0.68  0.20   18.75    0.15   -0.02   18.71    0.15    2.6521    0.0284    3.8020
  0.72  0.20   18.82    0.04    0.00   18.80    0.04    1.2572    0.0148    1.1522
  0.76  0.20   18.83    0.00    0.00   18.82   -0.01    0.9568    0.0142   -0.3069
  0.80  0.20   18.80   -0.09    0.00   18.77   -0.09    1.7803    0.0008   -2.2539
  0.84  0.20   18.68   -0.20    0.05   18.61   -0.21    3.6494   -0.0352   -5.4039
  0.88  0.20   18.43   -0.31    0.15   18.26   -0.31    6.3594   -0.1046   -8.4028
  0.92  0.20   18.02   -0.41    0.27   17.69   -0.41    9.5881   -0.2202  -10.3536
  0.96  0.20   17.46   -0.47    0.36   16.96   -0.46   12.9700   -0.3532  -10.9219
  1.00  0.20   16.82   -0.49    0.40   16.14   -0.47   16.1946   -0.4735  -10.2262
  0.00  0.24   16.84   -0.11    0.42   16.14   -0.11   16.1849   -0.1066  -10.5537
  0.04  0.24   16.15   -0.10    0.39   15.30   -0.10   19.1814   -0.1225   -8.8417
  0.08  0.24   15.53   -0.09    0.31   14.59   -0.08   21.7214   -0.1242   -6.6805
  0.12  0.24   15.03   -0.07    0.20   14.03   -0.06   23.7668   -0.1081   -4.6114
  0.16  0.24   14.70   -0.05    0.11   13.64   -0.04   25.3024   -0.0824   -2.9404
  0.20  0.24   14.50   -0.03    0.04   13.38   -0.02   26.2676   -0.0468   -1.5440
  0.24  0.24   14.46    0.00    0.00   13.28    0.00   26.7078   -0.0086   -0.2758
  0.28  0.24   14.47    0.02   -0.02   13.31    0.01   26.5622    0.0263    1.0162
  0.32  0.24   14.58    0.04   -0.07   13.48    0.03   25.8590    0.0629    2.3151
  0.36  0.24   14.84    0.06   -0.16   13.81    0.05   24.6209    0.0950    3.8244
  0.40  0.24   15.24    0.08   -0.26   14.27    0.07   22.8354    0.1162    5.6771
  0.44  0.24   15.81    0.10   -0.35   14.91    0.09   20.5658    0.1246    7.8302
  0.48  0.24   16.47    0.11   -0.42   15.69    0.10   17.8087    0.1158    9.8293
  0.52  0.24   17.18    0.11   -0.42   16.56    0.11   14.6312    0.0938   11.0901
  0.56  0.24   17.82    0.10   -0.35   17.40    0.10   11.1281    0.0636   11.1826
  0.60  0.24   18.35    0.08   -0.22   18.12    0.08    7.5820    0.0347    9.7845
  0.64  0.24   18.67    0.06   -0.09   18.57    0.06    4.3564    0.0141    7.0606
  0.68  0.24   18.86    0.04   -0.01   18.83    0.04    1.8631    0.0049    2.9339
  0.72  0.24   18.91    0.01    0.01   18.90    0.01    0.3862    0.0032    0.3461
  0.76  0.24   18.90    0.00    0.00   18.89    0.00    0.0692    0.0042   -0.4089
  0.80  0.24   18.91   -0.03   -0.01   18.89   -0.03    0.9457    0.0007   -1.0610
  0.84  0.24   18.78   -0.05    0.04   18.72   -0.05    2.9256   -0.0064   -5.0575
  0.88  0.24   18.55   -0.07    0.15   18.39   -0.07    5.8106   -0.0212   -8.5075
  0.92  0.24   18.12   -0.09    0.28   17.79   -0.09    9.2363   -0.0478  -10.6186
  0.96  0.24   17.53   -0.11    0.39   17.01   -0.10   12.8088   -0.0783  -11.2676
  1.00  0.24   16.84   -0.11    0.42   16.14   -0.11   16.1849   -0.1066  -10.5537
  0.00  0.28   16.84    0.31    0.42   16.14    0.30   16.1879    0.3006  -10.4724
  0.04  0.28   16.16    0.29    0.38   15.32    0.28   19.1453    0.3458   -8.7770
  0.08  0.28   15.55    0.25    0.30   14.62    0.24   21.6579    0.3505   -6.6429
  0.12  0.28   15.06    0.20    0.20   14.08    0.18   23.6824    0.3062   -4.5913
  0.16  0.28   14.73    0.14    0.11   13.68    0.13   25.2013    0.2326   -2.9307
  0.20  0.28   14.54    0.08    0.04   13.43    0.07   26.1611    0.1312   -1.5410
  0.24  0.28   14.49    0.01    0.00   13.33    0.01   26.5921    0.0224   -0.2702
  0.28  0.28   14.50   -0.04   -0.02   13.36   -0.04   26.4490   -0.0713    1.0109
  0.32  0.28   14.61   -0.11   -0.07   13.53   -0.10   25.7540   -0.1794    2.3103
  0.36  0.28   14.87   -0.17   -0.15   13.85   -0.15   24.5258   -0.2680    3.8095
  0.40  0.28   15.27   -0.23   -0.25   14.31   -0.21   22.7608   -0.3296    5.6500
  0.44  0.28   15.82   -0.27   -0.35   14.94   -0.26   20.5133   -0.3510    7.7807
  0.48  0.28   16.47   -0.31   -0.41   15.70   -0.29   17.7909   -0.3271    9.7548
  0.52  0.28   17.16   -0.31   -0.41   16.55   -0.30   14.6556   -0.2643   11.0066
  0.56  0.28   17.79   -0.29   -0.34   17.38   -0.28   11.2129   -0.1809   11.1032
  0.60  0.28   18.31   -0.23   -0.22   18.07   -0.23    7.7323   -0.0997    9.7586
  0.64  0.28   18.64   -0.16   -0.10   18.54   -0.16    4.5736   -0.0420    7.0923
  0.68  0.28   18.82   -0.10   -0.01   18.79   -0.10    2.1290   -0.0153    3.3224
  0.72  0.28   18.88   -0.03    0.01   18.87   -0.03    0.6791   -0.0092    0.6063
  0.76  0.28   18.88    0.00    0.00   18.87    0.00    0.3683   -0.0103   -0.2063
  0.80  0.28   18.87    0.06   -0.01   18.85    0.06    1.2266   -0.0017   -1.5367
  0.84  0.28   18.75    0.13    0.05   18.69    0.13    3.1696    0.0192   -5.2132
  0.88  0.28   18.51    0.19    0.15   18.35    0.19    5.9955    0.0615   -8.5025
  0.92  0.28   18.08    0.26    0.28   17.76    0.26    9.3548    0.1359  -10.5617
  0.96  0.28   17.51    0.30    0.38   16.99    0.29   12.8623    0.2216  -11.1813
  1.00  0.28   16.84    0.31    0.42   16.14    0.30   16.1879    0.3006  -10.4724
  0.00  0.32   16.81    0.67    0.37   16.15    0.65   16.2046    0.6471   -9.8435
  0.04  0.32   16.20    0.63    0.34   15.42    0.60   18.9752    0.7393   -8.2573
  0.08  0.32   15.66    0.55    0.27   14.79    0.52   21.3475    0.7441   -6.2893
  0.12  0.32   15.22    0.43    0.18   14.28    0.40   23.2708    0.6545   -4.3763
  0.16  0.32   14.91    0.30    0.10   13.92    0.28   24.7136    0.4915   -2.8144
  0.20  0.32   14.73    0.16    0.04   13.68    0.15   25.6359    0.2800   -1.4882
  0.24  0.32   14.67    0.03    0.01   13.58    0.03   26.0376    0.0522   -0.2511
  0.28  0.32   14.69   -0.09   -0.02   13.61   -0.08   25.9062   -0.1509    0.9710
  0.32  0.32   14.80   -0.23   -0.07   13.77   -0.21   25.2444   -0.3821    2.2290
  0.36  0.32   15.04   -0.37   -0.14   14.07   -0.34   24.0732   -0.5696    3.6479
  0.40  0.32   15.41   -0.49   -0.23   14.50   -0.46   22.3953   -0.7029    5.3727
  0.44  0.32   15.90   -0.59   -0.31   15.08   -0.56   20.2668   -0.7472    7.3450
  0.48  0.32   16.48   -0.66   -0.37   15.76   -0.63   17.7031   -0.7013    9.1746
  0.52  0.32   17.09   -0.67   -0.37   16.52   -0.65   14.7858   -0.5754   10.3520
  0.56  0.32   17.66   -0.62   -0.31   17.25   -0.61   11.6239   -0.4073   10.4805
  0.60  0.32   18.12   -0.51   -0.21   17.88   -0.51    8.4641   -0.2411    9.3232
  0.64  0.32   18.45   -0.36   -0.10   18.32   -0.36    5.6184   -0.1166    7.0234
  0.68  0.32   18.63   -0.21   -0.03   18.57   -0.21    3.4148   -0.0485    4.1354
  0.72  0.32   18.72   -0.06    0.00   18.68   -0.06    2.1030   -0.0222    1.5112
  0.76  0.32   18.73    0.02    0.00   18.71    0.02    1.8190   -0.0156   -0.4247
  0.80  0.32   18.68    0.13    0.01   18.64    0.13    2.5919    0.0057   -2.6941
  0.84  0.32   18.56    0.29    0.06   18.47    0.29    4.3484    0.0600   -5.5319
  0.88  0.32   18.31    0.43    0.15   18.13    0.43    6.8927    0.1597   -8.2137
  0.92  0.32   17.92    0.57    0.26   17.59    0.56    9.9296    0.3141  -10.0183
  0.96  0.32   17.40    0.65    0.34   16.91    0.63   13.1314    0.4901  -10.5223
  1.00  0.32   16.81    0.67    0.37   16.15    0.65   16.2046    0.6471   -9.8435
  0.00  0.36   16.76    1.00    0.30   16.18    0.97   16.2333    0.9737   -8.8632
  0.04  0.36   16.27    0.95    0.28   15.58    0.91   18.6510    1.0872   -7.4445
  0.08  0.36   15.83    0.83    0.23   15.06    0.79   20.7532    1.0839   -5.7213
  0.12  0.36   15.46    0.66    0.16   14.63    0.62   22.4711    0.9474   -4.0335
  0.16  0.36   15.20    0.46    0.09   14.31    0.43   23.7664    0.7102   -2.6218
  0.20  0.36   15.05    0.25    0.04   14.10    0.23   24.5990    0.4074   -1.3916
  0.24  0.36   14.98    0.05    0.01   14.01    0.04   24.9572    0.0811   -0.2342
  0.28  0.36   15.00   -0.14   -0.02   14.04   -0.13   24.8405   -0.2250    0.9077
  0.32  0.36   15.11   -0.36   -0.07   14.18   -0.33   24.2486   -0.5503    2.0897
  0.36  0.36   15.31   -0.56   -0.13   14.44   -0.52   23.1919   -0.8234    3.3876
  0.40  0.36   15.62   -0.75   -0.19   14.81   -0.70   21.6912   -1.0189    4.9260
  0.44  0.36   16.03   -0.90   -0.26   15.29   -0.85   19.7938   -1.0924    6.6572
  0.48  0.36   16.50   -0.99   -0.30   15.86   -0.95   17.5390   -1.0405    8.2676
  0.52  0.36   16.99   -1.00   -0.30   16.47   -0.97   15.0139   -0.8799    9.3425
  0.56  0.36   17.44   -0.92   -0.26   17.05   -0.91   12.3348   -0.6553    9.5180
  0.60  0.36   17.81   -0.77   -0.18   17.55   -0.77    9.7032   -0.4276    8.6100
  0.64  0.36   18.09   -0.56   -0.10   17.93   -0.57    7.3627   -0.2392    6.7345
  0.68  0.36   18.27   -0.35   -0.05   18.17   -0.35    5.5582   -0.1194    4.2964
  0.72  0.36   18.37   -0.13   -0.01   18.29   -0.13    4.4847   -0.0501    1.7174
  0.76  0.36   18.39    0.04    0.00   18.32    0.04    4.2511   -0.0116   -0.5004
  0.80  0.36   18.33    0.23    0.03   18.24    0.24    4.8809    0.0465   -2.9097
  0.84  0.36   18.20    0.45    0.07   18.07    0.45    6.3159    0.1461   -5.4916
  0.88  0.36   17.97    0.67    0.14   17.77    0.67    8.4019    0.3089   -7.6938
  0.92  0.36   17.65    0.86    0.22   17.33    0.85   10.9130    0.5284   -9.1540
  0.96  0.36   17.23    0.97    0.28   16.78    0.95   13.6008    0.7665   -9.5111
  1.00  0.36   16.76    1.00    0.30   16.18    0.97   16.2333    0.9737   -8.8632
  0.00  0.40   16.70    1.21    0.21   16.22    1.18   16.2857    1.1822   -7.2041
  0.04  0.40   16.37    1.16    0.20   15.80    1.12   18.1993    1.2849   -6.0627
  0.08  0.40   16.06    1.02    0.16   15.42    0.98   19.8953    1.2585   -4.7109
  0.12  0.40   15.80    0.82    0.12   15.10    0.78   21.3040    1.0944   -3.3950
  0.16  0.40   15.61    0.57    0.07   14.86    0.54   22.3721    0.8153   -2.2445
  0.20  0.40   15.49    0.32    0.04   14.70    0.30   23.0659    0.4720   -1.2110
  0.24  0.40   15.44    0.06    0.01   14.63    0.06   23.3634    0.0970   -0.2008
  0.28  0.40   15.46   -0.18   -0.02   14.65   -0.17   23.2676   -0.2606    0.8038
  0.32  0.40   15.54   -0.44   -0.06   14.76   -0.42   22.7756   -0.6324    1.8163
  0.36  0.40   15.69   -0.69   -0.10   14.96   -0.66   21.9006   -0.9462    2.8934
  0.40  0.40   15.91   -0.92   -0.14   15.24   -0.88   20.6649   -1.1791    4.1148
  0.44  0.40   16.20   -1.10   -0.18   15.60   -1.05   19.1206   -1.2776    5.4653
  0.48  0.40   16.52   -1.20   -0.21   16.00   -1.16   17.3159   -1.2439    6.7367
  0.52  0.40   16.86   -1.20   -0.21   16.42   -1.18   15.3413   -1.0909    7.6324
  0.56  0.40   17.17   -1.11   -0.18   16.82   -1.10   13.2995   -0.8633    7.8421
  0.60  0.40   17.43   -0.94   -0.14   17.17   -0.93   11.3401   -0.6163    7.2231
  0.64  0.40   17.63   -0.70   -0.09   17.44   -0.70    9.6266   -0.3909    5.7963
  0.68  0.40   17.77   -0.44   -0.05   17.62   -0.44    8.3198   -0.2199    3.8208
  0.72  0.40   17.85   -0.17   -0.02   17.73   -0.17    7.5440   -0.0910    1.5736
  0.76  0.40   17.87    0.05    0.00   17.75    0.05    7.3766    0.0019   -0.4299
  0.80  0.40   17.82    0.30    0.03   17.69    0.30    7.8271    0.1153   -2.6209
  0.84  0.40   17.71    0.56    0.06   17.55    0.56    8.8636    0.2717   -4.7677
  0.88  0.40   17.54    0.82    0.11   17.32    0.82   10.3773    0.4788   -6.5311
  0.92  0.40   17.31    1.03    0.16   17.02    1.02   12.2315    0.7281   -7.5828
  0.96  0.40   17.03    1.17    0.20   16.64    1.15   14.2531    0.9779   -7.7863
  1.00  0.40   16.70    1.21    0.21   16.22    1.18   16.2857    1.1822   -7.2041
  0.00  0.44   16.64    1.37    0.13   16.26    1.34   16.3388    1.3415   -5.1004
  0.04  0.44   16.45    1.31    0.12   16.02    1.28   17.5705    1.3974   -4.2928
  0.08  0.44   16.27    1.16    0.10   15.79    1.13   18.6877    1.3298   -3.3743
  0.12  0.44   16.12    0.93    0.07   15.59    0.90   19.6277    1.1316   -2.4782
  0.16  0.44   16.01    0.66    0.05   15.43    0.63   20.3505    0.8356   -1.6755
  0.20  0.44   15.93    0.36    0.03   15.33    0.35   20.8203    0.4806   -0.9205
  0.24  0.44   15.89    0.07    0.01   15.28    0.07   21.0237    0.1021   -0.1524
  0.28  0.44   15.90   -0.21   -0.02   15.29   -0.20   20.9590   -0.2645    0.6364
  0.32  0.44   15.96   -0.51   -0.04   15.37   -0.49   20.6268   -0.6422    1.3923
  0.36  0.44   16.05   -0.79   -0.06   15.50   -0.76   20.0335   -0.9709    2.1607
  0.40  0.44   16.19   -1.05   -0.09   15.68   -1.02   19.2041   -1.2298    3.0016
  0.44  0.44   16.35   -1.24   -0.11   15.89   -1.21   18.1779   -1.3672    3.9180
  0.48  0.44   16.54   -1.35   -0.12   16.13   -1.32   17.0027   -1.3785    4.7971
  0.52  0.44   16.73   -1.36   -0.13   16.38   -1.33   15.7442   -1.2708    5.4388
  0.56  0.44   16.91   -1.25   -0.11   16.61   -1.24   14.4736   -1.0728    5.5919
  0.60  0.44   17.06   -1.06   -0.09   16.81   -1.06   13.2790   -0.8325    5.1326
  0.64  0.44   17.19   -0.80   -0.06   16.98   -0.80   12.2524   -0.5788    4.0583
  0.68  0.44   17.28   -0.51   -0.04   17.09   -0.51   11.4791   -0.3527    2.6126
  0.72  0.44   17.34   -0.21   -0.02   17.16   -0.21   11.0253   -0.1494    1.0470
  0.76  0.44   17.35    0.06    0.00   17.18    0.06   10.9276    0.0244   -0.2495
  0.80  0.44   17.32    0.36    0.03   17.13    0.36   11.1901    0.2175   -1.7035
  0.84  0.44   17.24    0.65    0.05   17.04    0.65   11.7973    0.4354   -3.2639
  0.88  0.44   17.13    0.94    0.07   16.90    0.93   12.6972    0.6873   -4.5652
  0.92  0.44   17.00    1.17    0.10   16.72    1.15   13.8151    0.9448   -5.3734
  0.96  0.44   16.83    1.32    0.12   16.51    1.30   15.0589    1.1766   -5.5154
  1.00  0.44   16.64    1.37    0.13   16.26    1.34   16.3388    1.3415   -5.1004
  0.00  0.48   16.60    1.41    0.03   16.32    1.39   16.4145    1.3915   -1.7189
  0.04  0.48   16.56    1.36    0.03   16.25    1.34   16.8565    1.3804   -1.4272
  0.08  0.48   16.52    1.21    0.02   16.19    1.18   17.2657    1.2612   -1.1006
  0.12  0.48   16.48    0.98    0.02   16.13    0.96   17.6155    1.0451   -0.8445
  0.16  0.48   16.45    0.69    0.01   16.08    0.68   17.8853    0.7556   -0.6249
  0.20  0.48   16.43    0.39    0.01   16.04    0.38   18.0602    0.4338   -0.3944
  0.24  0.48   16.42    0.07    0.00   16.02    0.07   18.1365    0.0928   -0.0537
  0.28  0.48   16.43   -0.22   -0.01   16.03   -0.22   18.1130   -0.2356    0.3454
  0.32  0.48   16.44   -0.54   -0.01   16.05   -0.53   17.9897   -0.5772    0.6244
  0.36  0.48   16.47   -0.83   -0.02   16.10   -0.81   17.7689   -0.8854    0.8409
  0.40  0.48   16.50   -1.10   -0.02   16.15   -1.08   17.4581   -1.1501    1.0675
  0.44  0.48   16.54   -1.29   -0.03   16.22   -1.27   17.0785   -1.3225    1.3646
  0.48  0.48   16.58   -1.40   -0.03   16.29   -1.38   16.6507   -1.3951    1.6833
  0.52  0.48   16.62   -1.40   -0.03   16.35   -1.38   16.2029   -1.3561    1.9312
  0.56  0.48   16.66   -1.29   -0.03   16.41   -1.28   15.7603   -1.2185    1.9739
  0.60  0.48   16.70   -1.10   -0.03   16.47   -1.09   15.3542   -1.0100    1.7342
  0.64  0.48   16.73   -0.83   -0.02   16.51   -0.82   15.0100   -0.7513    1.2504
  0.68  0.48   16.77   -0.54   -0.01   16.54   -0.53   14.7563   -0.4832    0.6933
  0.72  0.48   16.79   -0.22   -0.01   16.56   -0.22   14.6072   -0.2066    0.2401
  0.76  0.48   16.80    0.07    0.00   16.56    0.07   14.5771    0.0487    0.0144
  0.80  0.48   16.78    0.38    0.01   16.55    0.37   14.6634    0.3196   -0.3266
  0.84  0.48   16.75    0.68    0.02   16.53    0.68   14.8642    0.5969   -0.8442
  0.88  0.48   16.72    0.97    0.02   16.49    0.96   15.1611    0.8687   -1.3958
  0.92  0.48   16.68    1.20    0.03   16.44    1.19   15.5385    1.1125   -1.7742
  0.96  0.48   16.64    1.35    0.03   16.39    1.34   15.9641    1.2944   -1.8815
  1.00  0.48   16.60    1.41    0.03   16.32    1.39   16.4145    1.3915   -1.7189
  0.00  0.52   16.60    1.41   -0.03   16.32    1.39   16.4284    1.3893    1.8214
  0.04  0.52   16.64    1.36   -0.03   16.38    1.34   15.9782    1.2979    1.9872
  0.08  0.52   16.68    1.20   -0.03   16.44    1.19   15.5517    1.1224    1.8902
  0.12  0.52   16.72    0.97   -0.02   16.49    0.96   15.1716    0.8839    1.5168
  0.16  0.52   16.75    0.69   -0.02   16.53    0.68   14.8713    0.6179    0.9684
  0.20  0.52   16.78    0.38   -0.01   16.55    0.38   14.6669    0.3443    0.4472
  0.24  0.52   16.80    0.07    0.00   16.56    0.07   14.5775    0.0758    0.1004
  0.28  0.52   16.79   -0.22    0.01   16.56   -0.22   14.6050   -0.1804   -0.1214
  0.32  0.52   16.77   -0.53    0.01   16.54   -0.53   14.7506   -0.4602   -0.5713
  0.36  0.52   16.74   -0.83    0.02   16.51   -0.82   15.0008   -0.7332   -1.1272
  0.40  0.52   16.70   -1.09    0.03   16.47   -1.08   15.3418   -0.9974   -1.6160
  0.44  0.52   16.66   -1.29    0.03   16.42   -1.27   15.7462   -1.2121   -1.8634
  0.48  0.52   16.62   -1.40    0.03   16.36   -1.38   16.1886   -1.3554   -1.8274
  0.52  0.52   16.58   -1.40    0.03   16.29   -1.38   16.6376   -1.4003   -1.5819
  0.56  0.52   16.54   -1.29    0.03   16.22   -1.27   17.0674   -1.3330   -1.2623
  0.60  0.52   16.50   -1.10    0.02   16.16   -1.08   17.4491   -1.1657   -0.9621
  0.64  0.52   16.47   -0.84    0.02   16.10   -0.82   17.7619   -0.9052   -0.7337
  0.68  0.52   16.44   -0.54    0.01   16.06   -0.53   17.9850   -0.6003   -0.5186
  0.72  0.52   16.43   -0.23    0.01   16.03   -0.22   18.1108   -0.2608   -0.2418
  0.76  0.52   16.42    0.07    0.00   16.02    0.07   18.1376    0.0672    0.1550
  0.80  0.52   16.43    0.38   -0.01   16.04    0.37   18.0640    0.4098    0.4996
  0.84  0.52   16.45    0.69   -0.02   16.08    0.67   17.8916    0.7339    0.7316
  0.88  0.52   16.48    0.97   -0.02   16.13    0.95   17.6236    1.0279    0.9518
  0.92  0.52   16.52    1.20   -0.02   16.19    1.18   17.2761    1.2480    1.2036
  0.96  0.52   16.56    1.36   -0.03   16.25    1.33   16.8685    1.3730    1.5304
  1.00  0.52   16.60    1.41   -0.03   16.32    1.39   16.4284    1.3893    1.8214
  0.00  0.56   16.64    1.37   -0.13   16.26    1.34   16.3805    1.3385    5.1691
  0.04  0.56   16.82    1.32   -0.12   16.50    1.30   15.1046    1.1801    5.5812
  0.08  0.56   16.99    1.17   -0.10   16.72    1.16   13.8615    0.9557    5.4511
  0.12  0.56   17.13    0.94   -0.08   16.90    0.93   12.7388    0.7050    4.6573
  0.16  0.56   17.24    0.66   -0.05   17.04    0.65   11.8295    0.4609    3.3725
  0.20  0.56   17.31    0.36   -0.03   17.13    0.36   11.2089    0.2488    1.8211
  0.24  0.56   17.35    0.07   -0.01   17.18    0.07   10.9311    0.0590    0.3619
  0.28  0.56   17.34   -0.21    0.01   17.16   -0.21   11.0137   -0.1158   -0.9296
  0.32  0.56   17.28   -0.51    0.04   17.09   -0.50   11.4529   -0.3240   -2.4987
  0.36  0.56   17.19   -0.79    0.06   16.98   -0.79   12.2147   -0.5570   -3.9575
  0.40  0.56   17.07   -1.06    0.09   16.82   -1.05   13.2342   -0.8181   -5.0489
  0.44  0.56   16.92   -1.25    0.11   16.62   -1.24   14.4269   -1.0655   -5.5214
  0.48  0.56   16.74   -1.36    0.12   16.39   -1.33   15.7001   -1.2703   -5.3718
  0.52  0.56   16.55   -1.35    0.12   16.14   -1.32   16.9648   -1.3847   -4.7268
  0.56  0.56   16.36   -1.25    0.11   15.90   -1.21   18.1481   -1.3790   -3.8389
  0.60  0.56   16.19   -1.06    0.08   15.68   -1.02   19.1825   -1.2469   -2.9148
  0.64  0.56   16.06   -0.80    0.06   15.50   -0.77   20.0191   -0.9917   -2.0680
  0.68  0.56   15.96   -0.51    0.04   15.37   -0.49   20.6184   -0.6658   -1.2975
  0.72  0.56   15.91   -0.21    0.02   15.29   -0.21   20.9555   -0.2894   -0.5413
  0.76  0.56   15.89    0.07   -0.01   15.28    0.06   21.0251    0.0768    0.2467
  0.80  0.56   15.93    0.36   -0.03   15.32    0.34   20.8265    0.4564    1.0159
  0.84  0.56   16.00    0.65   -0.05   15.43    0.63   20.3622    0.8130    1.7696
  0.88  0.56   16.11    0.93   -0.07   15.58    0.89   19.6456    1.1127    2.5694
  0.92  0.56   16.27    1.16   -0.10   15.78    1.12   18.7138    1.3148    3.4564
  0.96  0.56   16.44    1.31   -0.12   16.01    1.28   17.6042    1.3884    4.3702
  1.00  0.56   16.64    1.37   -0.13   16.26    1.34   16.3805    1.3385    5.1691
  0.00  0.60   16.69    1.21   -0.21   16.21    1.18   16.3449    1.1802    7.2560
  0.04  0.60   17.02    1.17   -0.20   16.63    1.15   14.3193    0.9827    7.8337
  0.08  0.60   17.31    1.04   -0.16   17.01    1.03   12.3005    0.7398    7.6429
  0.12  0.60   17.54    0.82   -0.11   17.31    0.82   10.4409    0.4978    6.6028
  0.16  0.60   17.71    0.57   -0.07   17.55    0.57    8.9146    0.2990    4.8542
  0.20  0.60   17.82    0.30   -0.03   17.68    0.30    7.8582    0.1503    2.7170
  0.24  0.60   17.87    0.05   -0.01   17.75    0.05    7.3828    0.0421    0.5205
  0.28  0.60   17.85   -0.17    0.02   17.73   -0.17    7.5245   -0.0527   -1.4769
  0.32  0.60   17.77   -0.43    0.05   17.63   -0.43    8.2776   -0.1887   -3.7296
  0.36  0.60   17.63   -0.69    0.09   17.44   -0.69    9.5681   -0.3679   -5.7167
  0.40  0.60   17.44   -0.93    0.13   17.18   -0.93   11.2727   -0.6010   -7.1583
  0.44  0.60   17.17   -1.11    0.18   16.83   -1.10   13.2308   -0.8553   -7.7889
  0.48  0.60   16.87   -1.20    0.21   16.43   -1.18   15.2780   -1.0894   -7.5828
  0.52  0.60   16.53   -1.20    0.21   16.01   -1.16   17.2631   -1.2490   -6.6812
  0.56  0.60   16.21   -1.10    0.18   15.61   -1.06   19.0808   -1.2882   -5.3963
  0.60  0.60   15.92   -0.93    0.14   15.25   -0.88   20.6381   -1.1945   -4.0327
  0.64  0.60   15.69   -0.70    0.10   14.97   -0.66   21.8842   -0.9644   -2.8015
  0.68  0.60   15.54   -0.45    0.06   14.77   -0.42   22.7670   -0.6525   -1.7200
  0.72  0.60   15.46   -0.18    0.02   14.65   -0.17   23.2642   -0.2814   -0.7058
  0.76  0.60   15.44    0.06   -0.01   14.63    0.05   23.3649    0.0761    0.2985
  0.80  0.60   15.49    0.31   -0.04   14.69    0.29   23.0716    0.4516    1.3091
  0.84  0.60   15.60    0.57   -0.08   14.85    0.54   22.3848    0.7958    2.3382
  0.88  0.60   15.79    0.81   -0.12   15.09    0.77   21.3249    1.0780    3.4842
  0.92  0.60   16.05    1.02   -0.16   15.41    0.97   19.9290    1.2453    4.7845
  0.96  0.60   16.36    1.16   -0.20   15.79    1.12   18.2451    1.2774    6.1274
  1.00  0.60   16.69    1.21   -0.21   16.21    1.18   16.3449    1.1802    7.2560
  0.00  0.64   16.74    1.00   -0.31   16.16    0.97   16.3052    0.9724    8.9048
  0.04  0.64   17.22    0.97   -0.28   16.77    0.95   13.6824    0.7711    9.5510
  0.08  0.64   17.64    0.86   -0.22   17.32    0.85   10.9986    0.5391    9.2111
  0.12  0.64   17.97    0.67   -0.14   17.76    0.67    8.4807    0.3259    7.7632
  0.16  0.64   18.19    0.45   -0.07   18.06    0.46    6.3795    0.1709    5.5697
  0.20  0.64   18.32    0.24   -0.03   18.24    0.24    4.9210    0.0800    2.9883
  0.24  0.64   18.39    0.04    0.00   18.32    0.04    4.2596    0.0289    0.5682
  0.28  0.64   18.37   -0.13    0.01   18.29   -0.13    4.4592   -0.0122   -1.6430
  0.32  0.64   18.27   -0.34    0.05   18.17   -0.34    5.5050   -0.0904   -4.2173
  0.36  0.64   18.10   -0.56    0.10   17.93   -0.56    7.2901   -0.2184   -6.6605
  0.40  0.64   17.82   -0.77    0.18   17.56   -0.77    9.6198   -0.4138   -8.5471
  0.44  0.64   17.45   -0.92    0.25   17.07   -0.91   12.2498   -0.6476   -9.4709
  0.48  0.64   17.00   -1.00    0.30   16.48   -0.97   14.9365   -0.8779   -9.3026
  0.52  0.64   16.51   -0.99    0.30   15.87   -0.95   17.4756   -1.0444   -8.2240
  0.56  0.64   16.04   -0.90    0.26   15.31   -0.86   19.7478   -1.1009   -6.5980
  0.60  0.64   15.63   -0.75    0.19   14.83   -0.71   21.6622   -1.0315   -4.8490
  0.64  0.64   15.32   -0.56    0.13   14.45   -0.52   23.1758   -0.8381   -3.2966
  0.68  0.64   15.11   -0.36    0.07   14.19   -0.33   24.2412   -0.5665   -1.9925
  0.72  0.64   15.00   -0.15    0.02   14.04   -0.13   24.8378   -0.2416   -0.8077
  0.76  0.64   14.98    0.04   -0.01   14.01    0.04   24.9583    0.0646    0.3345
  0.80  0.64   15.04    0.25   -0.04   14.09    0.23   24.6036    0.3911    1.4910
  0.84  0.64   15.19    0.46   -0.10   14.30    0.42   23.7782    0.6943    2.7159
  0.88  0.64   15.45    0.66   -0.16   14.61    0.61   22.4928    0.9336    4.1202
  0.92  0.64   15.81    0.83   -0.23   15.04    0.78   20.7914    1.0728    5.7878
  0.96  0.64   16.26    0.95   -0.28   15.57    0.91   18.7052    1.0809    7.4988
  1.00  0.64   16.74    1.00   -0.31   16.16    0.97   16.3052    0.9724    8.9048
  0.00  0.68   16.79    0.67   -0.37   16.14    0.65   16.2842    0.6467    9.8804
  0.04  0.68   17.39    0.65   -0.34   16.89    0.64   13.2227    0.4937   10.5595
  0.08  0.68   17.90    0.57   -0.26   17.58    0.56   10.0255    0.3216   10.0759
  0.12  0.68   18.30    0.44   -0.15   18.12    0.44    6.9805    0.1714    8.2837
  0.16  0.68   18.56    0.29   -0.06   18.47    0.29    4.4184    0.0764    5.6075
  0.20  0.68   18.68    0.13   -0.01   18.64    0.13    2.6359    0.0310    2.7566
  0.24  0.68   18.73    0.02    0.00   18.71    0.02    1.8285    0.0187    0.4678
  0.28  0.68   18.72   -0.06    0.00   18.68   -0.06    2.0749    0.0084   -1.4570
  0.32  0.68   18.64   -0.21    0.03   18.58   -0.21    3.3567   -0.0284   -4.0653
  0.36  0.68   18.45   -0.36    0.10   18.32   -0.36    5.5380   -0.1028   -6.9483
  0.40  0.68   18.13   -0.51    0.20   17.89   -0.50    8.3708   -0.2316   -9.2585
  0.44  0.68   17.67   -0.61    0.30   17.27   -0.61   11.5287   -0.4020  -10.4331
  0.48  0.68   17.11   -0.67    0.36   16.54   -0.65   14.6995   -0.5739  -10.3148
  0.52  0.68   16.50   -0.66    0.36   15.78   -0.63   17.6333   -0.7039   -9.1353
  0.56  0.68   15.92   -0.60    0.31   15.09   -0.56   20.2174   -0.7529   -7.2892
  0.60  0.68   15.42   -0.50    0.23   14.52   -0.46   22.3657   -0.7113   -5.2963
  0.64  0.68   15.05   -0.37    0.14   14.09   -0.34   24.0580   -0.5792   -3.5550
  0.68  0.68   14.81   -0.24    0.07   13.78   -0.21   25.2384   -0.3925   -2.1289
  0.72  0.68   14.69   -0.09    0.02   13.62   -0.08   25.9039   -0.1614   -0.8671
  0.76  0.68   14.67    0.03   -0.01   13.58    0.02   26.0386    0.0421    0.3556
  0.80  0.68   14.73    0.16   -0.04   13.68    0.15   25.6394    0.2697    1.5913
  0.84  0.68   14.90    0.30   -0.10   13.91    0.27   24.7241    0.4814    2.9103
  0.88  0.68   15.20    0.43   -0.19   14.27    0.40   23.2918    0.6457    4.4638
  0.92  0.68   15.64    0.55   -0.27   14.77    0.51   21.3876    0.7369    6.3527
  0.96  0.68   16.18    0.63   -0.34   15.40    0.60   19.0339    0.7355    8.3066
  1.00  0.68   16.79    0.67   -0.37   16.14    0.65   16.2842    0.6467    9.8804
  0.00  0.72   16.82    0.31   -0.42   16.12    0.30   16.2719    0.3004   10.5065
  0.04  0.72   17.49    0.30   -0.38   16.98    0.29   12.9591    0.2231   11.2172
  0.08  0.72   18.07    0.26   -0.28   17.75    0.26    9.4566    0.1391   10.6203
  0.12  0.72   18.50    0.20   -0.15   18.34    0.20    6.0875    0.0665    8.5751
  0.16  0.72   18.74    0.13   -0.05   18.68    0.13    3.2409    0.0255    5.2989
  0.20  0.72   18.87    0.06    0.00   18.85    0.06    1.2675    0.0101    1.5927
  0.24  0.72   18.88    0.00    0.00   18.87    0.00    0.3775    0.0104    0.2123
  0.28  0.72   18.88   -0.02   -0.01   18.87   -0.03    0.6534    0.0075   -0.5857
  0.32  0.72   18.83   -0.10    0.01   18.79   -0.10    2.0722   -0.0071   -3.2440
  0.36  0.72   18.65   -0.16    0.09   18.54   -0.16    4.4903   -0.0364   -7.0128
  0.40  0.72   18.32   -0.23    0.21   18.09   -0.23    7.6340   -0.0955   -9.6938
  0.44  0.72   17.81   -0.28    0.34   17.39   -0.28   11.1119   -0.1784  -11.0573
  0.48  0.72   17.18   -0.31    0.41   16.57   -0.30   14.5644   -0.2634  -10.9731
  0.52  0.72   16.49   -0.31    0.41   15.72   -0.29   17.7177   -0.3281   -9.7200
  0.56  0.72   15.84   -0.28    0.35   14.96   -0.26   20.4623   -0.3535   -7.7291
  0.60  0.72   15.29   -0.23    0.25   14.33   -0.21   22.7311   -0.3333   -5.5751
  0.64  0.72   14.88   -0.17    0.15   13.86   -0.15   24.5114   -0.2722   -3.7166
  0.68  0.72   14.62   -0.11    0.07   13.54   -0.10   25.7491   -0.1841   -2.2092
  0.72  0.72   14.50   -0.04    0.02   13.36   -0.04   26.4471   -0.0761   -0.9047
  0.76  0.72   14.49    0.01   -0.01   13.33    0.01   26.5930    0.0179    0.3768
  0.80  0.72   14.53    0.07   -0.04   13.42    0.07   26.1638    0.1265    1.6455
  0.84  0.72   14.73    0.14   -0.11   13.67    0.13   25.2110    0.2279    3.0277
  0.88  0.72   15.05    0.20   -0.20   14.06    0.18   23.7030    0.3020    4.6789
  0.92  0.72   15.53    0.25   -0.30   14.61    0.24   21.6989    0.3471    6.7041
  0.96  0.72   16.13    0.29   -0.39   15.30    0.28   19.2067    0.3439    8.8229
  1.00  0.72   16.82    0.31   -0.42   16.12    0.30   16.2719    0.3004   10.5065
  0.00  0.76   16.82   -0.11   -0.43   16.12   -0.11   16.2696   -0.1064   10.5869
  0.04  0.76   17.51   -0.11   -0.39   16.99   -0.10   12.9067   -0.0787   11.3025
  0.08  0.76   18.10   -0.09   -0.29   17.78   -0.09    9.3390   -0.0488   10.6770
  0.12  0.76   18.54   -0.07   -0.15   18.38   -0.07    5.9032   -0.0228    8.5795
  0.16  0.76   18.77   -0.05   -0.04   18.72   -0.05    2.9966   -0.0083    5.1473
  0.20  0.76   18.91   -0.03    0.01   18.89   -0.03    0.9850   -0.0033    1.1131
  0.24  0.76   18.90    0.00    0.00   18.89    0.00    0.0807   -0.0042    0.3840
  0.28  0.76   18.91    0.01   -0.01   18.90    0.01    0.3608   -0.0028   -0.3443
  0.32  0.76   18.86    0.04    0.01   18.83    0.04    1.8077    0.0023   -2.8494
  0.36  0.76   18.68    0.06    0.09   18.58    0.06    4.2729    0.0123   -6.9788
  0.40  0.76   18.36    0.08    0.21   18.13    0.08    7.4830    0.0333   -9.7184
  0.44  0.76   17.84    0.10    0.34   17.42    0.10   11.0259    0.0627  -11.1355
  0.48  0.76   17.20    0.11    0.41   16.58    0.11   14.5391    0.0933  -11.0558
  0.52  0.76   16.49    0.11    0.42   15.71    0.10   17.7349    0.1160   -9.7939
  0.56  0.76   15.83    0.10    0.35   14.93    0.09   20.5144    0.1253   -7.7781
  0.60  0.76   15.26    0.08    0.26   14.29    0.07   22.8057    0.1174   -5.6014
  0.64  0.76   14.85    0.06    0.15   13.82    0.05   24.6066    0.0964   -3.7308
  0.68  0.76   14.58    0.04    0.07   13.49    0.03   25.8544    0.0646   -2.2133
  0.72  0.76   14.47    0.02    0.02   13.31    0.01   26.5602    0.0281   -0.9091
  0.76  0.76   14.46    0.00   -0.01   13.28    0.00   26.7087   -0.0070    0.3835
  0.80  0.76   14.50   -0.03   -0.04   13.37   -0.02   26.2701   -0.0451    1.6489
  0.84  0.76   14.69   -0.05   -0.11   13.63   -0.04   25.3118   -0.0807    3.0376
  0.88  0.76   15.02   -0.07   -0.20   14.02   -0.06   23.7872   -0.1064    4.6991
  0.92  0.76   15.51   -0.09   -0.31   14.57   -0.08   21.7625   -0.1228    6.7412
  0.96  0.76   16.13   -0.10   -0.39   15.28   -0.10   19.2432   -0.1217    8.8867
  1.00  0.76   16.82   -0.11   -0.43   16.12   -0.11   16.2696   -0.1064   10.5869
  0.00  0.80   16.80   -0.49   -0.40   16.13   -0.47   16.2769   -0.4733   10.2619
  0.04  0.80   17.45   -0.47   -0.37   16.94   -0.46   13.0647   -0.3558   10.9589
  0.08  0.80   18.00   -0.42   -0.27   17.68   -0.41    9.6876   -0.2257   10.4121
  0.12  0.80   18.42   -0.31   -0.15   18.25   -0.31    6.4501   -0.1130    8.4749
  0.16  0.80   18.68   -0.21   -0.05   18.60   -0.21    3.7207   -0.0464    5.4833
  0.20  0.80   18.80   -0.09    0.00   18.77   -0.09    1.8238   -0.0183    2.3109
  0.24  0.80   18.83   -0.01    0.00   18.82   -0.01    0.9662   -0.0147    0.3345
  0.28  0.80   18.82    0.03    0.00   18.80    0.04    1.2301   -0.0101   -1.1112
  0.32  0.80   18.75    0.15    0.02   18.71    0.15    2.5941    0.0142   -3.7310
  0.36  0.80   18.57    0.26    0.10   18.46    0.26    4.9166    0.0642   -7.0073
  0.40  0.80   18.25    0.37    0.21   18.00    0.36    7.9327    0.1578   -9.5364
  0.44  0.80   17.75    0.45    0.32   17.34    0.44   11.2806    0.2867  -10.8127
  0.48  0.80   17.15    0.49    0.39   16.56    0.47   14.6179    0.4171  -10.7162
  0.52  0.80   16.49    0.48    0.39   15.74    0.46   17.6842    0.5171   -9.4920
  0.56  0.80   15.87    0.43    0.33   15.01    0.41   20.3643    0.5549   -7.5594
  0.60  0.80   15.34    0.36    0.24   14.41    0.34   22.5869    0.5251   -5.4709
  0.64  0.80   14.95    0.27    0.15   13.95    0.25   24.3320    0.4267   -3.6572
  0.68  0.80   14.69    0.17    0.07   13.64    0.15   25.5476    0.2903   -2.1817
  0.72  0.80   14.58    0.06    0.02   13.47    0.06   26.2336    0.1167   -0.8919
  0.76  0.80   14.56   -0.02   -0.01   13.43   -0.02   26.3734   -0.0279    0.3679
  0.80  0.80   14.62   -0.12   -0.04   13.53   -0.11   25.9587   -0.1985    1.6287
  0.84  0.80   14.80   -0.22   -0.11   13.77   -0.20   25.0180   -0.3560    2.9852
  0.88  0.80   15.11   -0.31   -0.20   14.14   -0.29   23.5410   -0.4760    4.5991
  0.92  0.80   15.58   -0.40   -0.29   14.67   -0.37   21.5755   -0.5443    6.5706
  0.96  0.80   16.15   -0.46   -0.37   15.34   -0.44   19.1375   -0.5413    8.6219
  1.00  0.80   16.80   -0.49   -0.40   16.13   -0.47   16.2769   -0.4733   10.2619
  0.00  0.84   16.77   -0.85   -0.34   16.15   -0.83   16.2925   -0.8257    9.4426
  0.04  0.84   17.31   -0.83   -0.31   16.84   -0.81   13.4301   -0.6424   10.1051
  0.08  0.84   17.78   -0.73   -0.24   17.46   -0.72   10.4659   -0.4327    9.6901
  0.12  0.84   18.15   -0.57   -0.15   17.96   -0.57    7.6644   -0.2465    8.0566
  0.16  0.84   18.39   -0.38   -0.07   18.29   -0.38    5.3134   -0.1192    5.6494
  0.20  0.84   18.53   -0.19   -0.02   18.47   -0.19    3.6796   -0.0523    2.9399
  0.24  0.84   18.59   -0.03    0.00   18.54   -0.03    2.9383   -0.0236    0.5365
  0.28  0.84   18.57    0.10    0.01   18.52    0.10    3.1632   -0.0004   -1.5978
  0.32  0.84   18.47    0.28    0.04   18.39    0.28    4.3370    0.0542   -4.2142
  0.36  0.84   18.29    0.47    0.10   18.15    0.47    6.3371    0.1565   -6.8469
  0.40  0.84   17.99    0.65    0.19   17.74    0.65    8.9383    0.3220   -8.9398
  0.44  0.84   17.57    0.79    0.28   17.17    0.77   11.8541    0.5304  -10.0018
  0.48  0.84   17.06    0.85    0.33   16.51    0.83   14.8057    0.7392   -9.8587
  0.52  0.84   16.50    0.84    0.33   15.82    0.81   17.5616    0.8926   -8.7257
  0.56  0.84   15.98    0.76    0.29   15.19    0.72   20.0088    0.9489   -6.9785
  0.60  0.84   15.51    0.63    0.21   14.66    0.59   22.0536    0.8910   -5.0957
  0.64  0.84   15.17    0.47    0.13   14.25    0.44   23.6685    0.7267   -3.4403
  0.68  0.84   14.94    0.30    0.07   13.96    0.28   24.7985    0.4895   -2.0677
  0.72  0.84   14.83    0.12    0.02   13.81    0.11   25.4335    0.2081   -0.8383
  0.76  0.84   14.81   -0.04   -0.01   13.77   -0.03   25.5620   -0.0561    0.3444
  0.80  0.84   14.87   -0.21   -0.04   13.86   -0.19   25.1825   -0.3386    1.5445
  0.84  0.84   15.03   -0.39   -0.10   14.08   -0.35   24.3067   -0.6019    2.8245
  0.88  0.84   15.31   -0.55   -0.17   14.42   -0.51   22.9383   -0.8087    4.3098
  0.92  0.84   15.72   -0.70   -0.25   14.89   -0.66   21.1228   -0.9258    6.1000
  0.96  0.84   16.22   -0.81   -0.32   15.48   -0.77   18.8872   -0.9289    7.9428
  1.00  0.84   16.77   -0.85   -0.34   16.15   -0.83   16.2925   -0.8257    9.4426
  0.00  0.88   16.72   -1.12   -0.26   16.19   -1.08   16.3244   -1.0836    8.1530
  0.04  0.88   17.12   -1.08   -0.24   16.70   -1.06   13.9795   -0.8787    8.7753
  0.08  0.88   17.47   -0.95   -0.19   17.17   -0.94   11.6135   -0.6376    8.5145
  0.12  0.88   17.75   -0.75   -0.13   17.54   -0.75    9.4104   -0.4067    7.2876
  0.16  0.88   17.96   -0.51   -0.07   17.81   -0.51    7.5882   -0.2298    5.3071
  0.20  0.88   18.08   -0.27   -0.03   17.97   -0.27    6.3235   -0.1116    2.9367
  0.24  0.88   18.14   -0.04   -0.01   18.04   -0.05    5.7524   -0.0344    0.5642
  0.28  0.88   18.12    0.14    0.02   18.02    0.15    5.9235    0.0287   -1.6220
  0.32  0.88   18.03    0.39    0.05   17.90    0.39    6.8280    0.1347   -4.0630
  0.36  0.88   17.87    0.63    0.10   17.69    0.63    8.3731    0.2868   -6.2938
  0.40  0.88   17.63    0.86    0.16   17.37    0.85   10.4019    0.5035   -7.9488
  0.44  0.88   17.31    1.02    0.22   16.95    1.01   12.7105    0.7510   -8.7165
  0.48  0.88   16.94    1.11    0.25   16.46    1.08   15.0950    0.9880   -8.5219
  0.52  0.88   16.52    1.10    0.25   15.94    1.06   17.3783    1.1561   -7.5217
  0.56  0.88   16.12    1.00    0.22   15.45    0.96   19.4431    1.2058   -6.0539
  0.60  0.88   15.77    0.84    0.17   15.03    0.80   21.1990    1.1262   -4.4891
  0.64  0.88   15.50    0.63    0.11   14.70    0.59   22.5931    0.9109   -3.0853
  0.68  0.88   15.32    0.41    0.06   14.47    0.38   23.5787    0.6186   -1.8797
  0.72  0.88   15.22    0.16    0.02   14.33    0.15   24.1314    0.2632   -0.7667
  0.76  0.88   15.20   -0.05   -0.01   14.30   -0.05   24.2428   -0.0698    0.3201
  0.80  0.88   15.26   -0.28   -0.04   14.38   -0.26   23.9161   -0.4271    1.4178
  0.84  0.88   15.39   -0.52   -0.09   14.56   -0.48   23.1508   -0.7541    2.5557
  0.88  0.88   15.62   -0.74   -0.14   14.84   -0.70   21.9657   -1.0174    3.8456
  0.92  0.88   15.93   -0.93   -0.20   15.22   -0.88   20.3999   -1.1716    5.3378
  0.96  0.88   16.30   -1.06   -0.24   15.68   -1.02   18.4943   -1.1895    6.8759
  1.00  0.88   16.72   -1.12   -0.26   16.19   -1.08   16.3244   -1.0836    8.1530
  0.00  0.92   16.66   -1.31   -0.17   16.23   -1.28   16.3615   -1.2765    6.2993
  0.04  0.92   16.92   -1.26   -0.16   16.56   -1.24   14.6981   -1.0946    6.8069
  0.08  0.92   17.15   -1.12   -0.13   16.86   -1.11   13.0568   -0.8538    6.6617
  0.12  0.92   17.33   -0.89   -0.10   17.11   -0.89   11.5612   -0.6035    5.7490
  0.16  0.92   17.48   -0.62   -0.06   17.29   -0.62   10.3405   -0.3791    4.2295
  0.20  0.92   17.57   -0.34   -0.03   17.41   -0.34    9.5017   -0.1984    2.3433
  0.24  0.92   17.62   -0.06   -0.01   17.47   -0.06    9.1247   -0.0512    0.4514
  0.28  0.92   17.60    0.19    0.02   17.45    0.19    9.2368    0.0840   -1.2408
  0.32  0.92   17.53    0.47    0.04   17.36    0.47    9.8324    0.2536   -3.2186
  0.36  0.92   17.41    0.75    0.08   17.21    0.75   10.8602    0.4627   -4.9566
  0.40  0.92   17.25    1.01    0.11   17.00    1.00   12.2254    0.7125   -6.2259
  0.44  0.92   17.04    1.20    0.15   16.72    1.18   13.8083    0.9699   -6.7636
  0.48  0.92   16.80    1.30    0.17   16.41    1.27   15.4803    1.1952   -6.5729
  0.52  0.92   16.54    1.29    0.17   16.07    1.26   17.1203    1.3363   -5.7827
  0.56  0.92   16.28    1.19    0.15   15.75    1.15   18.6395    1.3558   -4.6836
  0.60  0.92   16.05    1.00    0.11   15.46    0.96   19.9528    1.2400   -3.5262
  0.64  0.92   15.87    0.76    0.08   15.23    0.72   21.0111    0.9963   -2.4773
  0.68  0.92   15.75    0.48    0.05   15.06    0.46   21.7634    0.6694   -1.5331
  0.72  0.92   15.68    0.20    0.02   14.96    0.19   22.1878    0.2925   -0.6328
  0.76  0.92   15.66   -0.06   -0.01   14.94   -0.06   22.2745   -0.0795    0.2752
  0.80  0.92   15.70   -0.34   -0.03   15.00   -0.32   22.0242   -0.4623    1.1774
  0.84  0.92   15.80   -0.62   -0.06   15.13   -0.59   21.4395   -0.8186    2.0881
  0.88  0.92   15.95   -0.88   -0.10   15.33   -0.84   20.5372   -1.1145    3.0738
  0.92  0.92   16.15   -1.10   -0.13   15.59   -1.06   19.3557   -1.3004    4.1795
  0.96  0.92   16.40   -1.25   -0.16   15.90   -1.21   17.9411   -1.3544    5.3194
  1.00  0.92   16.66   -1.31   -0.17   16.23   -1.28   16.3615   -1.2765    6.2993
  0.00  0.96   16.62   -1.40   -0.08   16.29   -1.37   16.4086   -1.3720    3.6384
  0.04  0.96   16.73   -1.34   -0.07   16.44   -1.32   15.5337   -1.2435    3.9142
  0.08  0.96   16.83   -1.19   -0.06   16.58   -1.18   14.6948   -1.0420    3.7706
  0.12  0.96   16.91   -0.96   -0.05   16.68   -0.95   13.9418   -0.7953    3.1473
  0.16  0.96   16.98   -0.67   -0.04   16.77   -0.67   13.3407   -0.5394    2.1868
  0.20  0.96   17.03   -0.37   -0.02   16.83   -0.37   12.9316   -0.2964    1.1318
  0.24  0.96   17.06   -0.07    0.00   16.86   -0.07   12.7507   -0.0661    0.2326
  0.28  0.96   17.05    0.21    0.01   16.85    0.21   12.8047    0.1469   -0.5253
  0.32  0.96   17.01    0.52    0.03   16.81    0.52   13.0946    0.3933   -1.5297
  0.36  0.96   16.95    0.81    0.04   16.73    0.81   13.5957    0.6450   -2.5779
  0.40  0.96   16.87    1.08    0.06   16.64    1.07   14.2749    0.9105   -3.4069
  0.44  0.96   16.78    1.27    0.07   16.51    1.26   15.0752    1.1426   -3.8108
  0.48  0.96   16.68    1.38    0.08   16.37    1.36   15.9409    1.3198   -3.7346
  0.52  0.96   16.57    1.38    0.07   16.22    1.36   16.8108    1.4019   -3.3030
  0.56  0.96   16.45    1.28    0.07   16.07    1.25   17.6332    1.3657   -2.6926
  0.60  0.96   16.35    1.09    0.05   15.93    1.06   18.3598    1.2170   -2.0692
  0.64  0.96   16.27    0.82    0.04   15.81    0.80   18.9505    0.9560   -1.4943
  0.68  0.96   16.21    0.53    0.03   15.72    0.52   19.3760    0.6413   -0.9653
  0.72  0.96   16.17    0.22    0.01   15.67    0.21   19.6147    0.2768   -0.4123
  0.76  0.96   16.17   -0.07    0.00   15.65   -0.07   19.6651   -0.0714    0.2060
  0.80  0.96   16.19   -0.37   -0.02   15.69   -0.36   19.5242   -0.4383    0.7947
  0.84  0.96   16.24   -0.67   -0.03   15.76   -0.65   19.1955   -0.7808    1.3221
  0.88  0.96   16.31   -0.96   -0.05   15.86   -0.93   18.6877   -1.0790    1.8732
  0.92  0.96   16.40   -1.19   -0.06   15.99   -1.16   18.0312   -1.2915    2.4660
  0.96  0.96   16.51   -1.34   -0.07   16.14   -1.31   17.2545   -1.3896    3.0973
  1.00  0.96   16.62   -1.40   -0.08   16.29   -1.37   16.4086   -1.3720    3.6384
  0.00  1.00   16.59   -1.42    0.00   16.33   -1.40   16.4315   -1.4026    0.0523
  0.04  1.00   16.59   -1.37    0.00   16.33   -1.35   16.4304   -1.3522    0.2142
  0.08  1.00   16.59   -1.21    0.00   16.33   -1.20   16.4278   -1.2016    0.2861
  0.12  1.00   16.59   -0.98    0.00   16.32   -0.97   16.4223   -0.9728    0.2150
  0.16  1.00   16.60   -0.69    0.00   16.32   -0.68   16.4158   -0.6926    0.0613
  0.20  1.00   16.60   -0.39    0.00   16.31   -0.38   16.4085   -0.3924   -0.0425
  0.24  1.00   16.61   -0.08    0.00   16.31   -0.08   16.4054   -0.0859    0.0078
  0.28  1.00   16.61    0.23    0.00   16.31    0.22   16.4070    0.2122    0.1572
  0.32  1.00   16.60    0.54    0.00   16.31    0.53   16.4129    0.5227    0.1179
  0.36  1.00   16.60    0.84    0.00   16.32    0.82   16.4200    0.8177   -0.0201
  0.40  1.00   16.59    1.10    0.00   16.32    1.09   16.4252    1.0823   -0.1554
  0.44  1.00   16.59    1.30    0.00   16.33    1.28   16.4292    1.2793   -0.1511
  0.48  1.00   16.59    1.41    0.00   16.33    1.39   16.4309    1.3878   -0.0345
  0.52  1.00   16.59    1.41    0.00   16.33    1.39   16.4311    1.3908    0.1456
  0.56  1.00   16.59    1.30    0.00   16.33    1.28   16.4294    1.2877    0.2650
  0.60  1.00   16.59    1.11    0.00   16.33    1.09   16.4251    1.0961    0.2727
  0.64  1.00   16.60    0.84    0.00   16.32    0.83   16.4193    0.8362    0.1386
  0.68  1.00   16.60    0.54    0.00   16.31    0.54   16.4118    0.5452   -0.0025
  0.72  1.00   16.61    0.23    0.00   16.31    0.23   16.4061    0.2373   -0.0453
  0.76  1.00   16.61   -0.07    0.00   16.31   -0.07   16.4057   -0.0603    0.1007
  0.80  1.00   16.60   -0.38    0.00   16.31   -0.38   16.4094   -0.3686    0.1552
  0.84  1.00   16.60   -0.69    0.00   16.32   -0.68   16.4167   -0.6718    0.0539
  0.88  1.00   16.59   -0.98    0.00   16.32   -0.96   16.4226   -0.9571   -0.1006
  0.92  1.00   16.59   -1.21    0.00   16.33   -1.19   16.4276   -1.1902   -0.1751
  0.96  1.00   16.59   -1.37    0.00   16.33   -1.35   16.4300   -1.3468   -0.1075
  1.00  1.00   16.59   -1.42    0.00   16.33   -1.40   16.4315   -1.4026    0.0523
