0 21.4 2.54 19.37 19.38 -24.76
0.02 19.45 2.18 17.54 19.76 -22.71
0.04 17.77 1.83 16.02 20.03 -20.56
0.06 16.36 1.5 14.78 20.26 -18.32
0.08 15.2 1.2 13.79 20.48 -15.97
0.1 14.26 0.94 13.02 20.73 -13.51
0.12 13.53 0.71 12.43 21.03 -10.95
0.14 12.97 0.51 12 21.36 -8.39
0.16 12.57 0.35 11.7 21.7 -6.06
0.18 12.28 0.22 11.5 22.02 -4.11
0.2 12.11 0.12 11.36 22.3 -2.59
0.22 12.01 0.05 11.28 22.5 -1.4
0.24 11.98 0 11.24 22.6 -0.39
0.26 11.98 -0.04 11.24 22.6 0.5
0.28 12.01 -0.08 11.27 22.5 1.49
0.3 12.1 -0.15 11.35 22.31 2.66
0.32 12.27 -0.25 11.48 22.03 4.15
0.34 12.54 -0.38 11.69 21.71 6.06
0.36 12.94 -0.55 11.98 21.38 8.36
0.38 13.48 -0.74 12.4 21.05 10.91
0.4 14.2 -0.97 12.97 20.75 13.47
0.42 15.12 -1.23 13.73 20.51 15.94
0.44 16.26 -1.53 14.7 20.28 18.3
0.46 17.65 -1.86 15.93 20.05 20.55
0.48 19.3 -2.22 17.42 19.78 22.69
0.5 21.24 -2.59 19.23 19.42 24.76
0.52 23.44 -2.94 21.36 18.86 26.71
0.54 25.87 -3.25 23.82 18.05 28.44
0.56 28.46 -3.45 26.55 16.94 29.87
0.58 31.11 -3.49 29.47 15.43 30.82
0.6 33.65 -3.32 32.43 13.51 31.07
0.62 35.95 -2.91 35.2 11.24 30.36
0.64 37.83 -2.31 37.55 8.73 28.52
0.66 39.25 -1.6 39.3 6.22 25.37
0.68 40.16 -0.94 40.35 3.92 20.96
0.7 40.67 -0.44 40.85 2.06 15.35
0.72 40.87 -0.17 40.97 0.76 8.82
0.74 40.94 -0.08 40.98 0.08 1.01
0.76 40.94 -0.06 40.97 0.08 -0.38
0.78 40.89 0.02 40.98 0.7 -8.3
0.8 40.69 0.27 40.86 1.95 -14.91
0.82 40.22 0.76 40.41 3.78 -20.57
0.84 39.33 1.41 39.39 6.06 -25.07
0.86 37.97 2.13 37.7 8.57 -28.28
0.88 36.11 2.75 35.38 11.08 -30.2
0.9 33.85 3.18 32.63 13.37 -30.95
0.92 31.31 3.38 29.68 15.32 -30.75
0.94 28.67 3.36 26.75 16.86 -29.83
0.96 26.07 3.18 24 17.99 -28.43
0.98 23.62 2.89 21.53 18.82 -26.71
1 21.4 2.54 19.37 19.38 -24.76
