0 0 0 0 0
0.02 0 0 12.99 6.96
0.04 0.38 -0.46 79.86 44.82
0.06 4.78 -4.14 155.88 88.94
0.08 12.42 -9.35 190.57 108.34
0.1 17.57 -10.67 189.78 104.62
0.12 20.67 -9.28 169.71 82.04
0.14 23.33 -7.72 160.67 60.67
0.16 25.44 -6.52 163.49 54.79
0.18 26.3 -5.31 161.8 50.62
0.2 27.69 -3.47 151.74 36.06
0.22 28.79 -4.41 145.21 25.52
0.24 32.34 -7.96 156.61 32.9
0.26 35.42 -9.04 167.77 42.95
0.28 38.81 -10.12 171.94 47.79
0.3 43.08 -11.74 179.51 54.76
0.32 46.95 -13.86 189.65 72.09
0.34 49.91 -16.06 190.47 80.2
0.36 52.41 -15.11 180.13 61.96
0.38 55.64 -13.43 181.76 48.07
0.4 57.45 -13.01 191.46 51.45
0.42 58.2 -9.29 195.26 53.27
0.44 59.34 -4.53 179.06 40.58
0.46 60.43 -4.27 166.36 21.36
0.48 61.46 -5.37 171.69 5.88
0.5 62.73 -5.06 185.44 0
0.52 63.88 -5.56 198.25 14.94
0.54 63.96 -5.98 201.03 29.65
0.56 64.03 -4.39 198.71 19.98
0.58 64.68 -3.62 205.75 14.35
0.6 64.19 -6.01 218.17 37.42
0.62 63.69 -5.23 224.31 59.32
0.64 60.52 0.31 211.76 63.33
0.66 51.3 5.42 185.85 55.23
0.68 38.94 7.45 156.54 31.62
0.7 28.69 5.24 142.27 14.12
0.72 22.65 2.92 139.23 15.73
0.74 17.78 2.66 130.2 17.96
0.76 13.39 2.38 117.49 12.36
0.78 10.06 1.48 109.24 8.7
0.8 8.04 0.81 105.69 9.45
0.82 6.51 0.57 101.27 10.05
0.84 5.35 0.38 96.93 9.62
0.86 4.49 0.21 93.43 9.27
0.88 3.87 0.06 90.65 8.55
0.9 3.53 -0.12 89.59 8.01
0.92 3.46 -0.29 95.05 8.97
0.94 3.5 -0.22 105.12 10.43
0.96 3.48 0.13 108.3 10.75
0.98 1.4 0.18 87.55 8.69
1 0 0 0 0
