 0.00  22.16   8.05   86.27  -40.06
 0.08  17.76   6.39   82.38  -34.79
 0.17  13.49   3.07   75.01  -20.00
 0.25  10.46  -0.07   69.93    1.22
 0.33  13.38  -3.17   75.58   22.31
 0.42  17.21  -6.39   82.86   36.59
 0.50  21.49  -8.26   86.48   41.52
 0.58  22.04  -6.86   80.80   35.67
 0.67  22.75  -4.40   70.45   20.79
 0.75  22.17   1.51   70.15    1.22
 0.83  23.20   3.86   74.65  -19.90
 0.92  22.35   7.06   80.33  -33.92
 1.00  22.16   8.05   86.27  -40.06
 1.08  17.76   6.39   82.38  -34.79
