0 28.58 3.79 80.48 -4.89
0.02 22.44 3.02 75.76 -4.55
0.04 17.28 2.31 70.97 -4.14
0.06 13.08 1.71 66.22 -3.66
0.08 9.78 1.22 61.6 -3.15
0.1 7.26 0.85 57.23 -2.62
0.12 5.4 0.57 53.2 -2.11
0.14 4.06 0.38 49.59 -1.61
0.16 3.12 0.24 46.49 -1.14
0.18 2.47 0.15 43.97 -0.7
0.2 2.07 0.08 42.13 -0.28
0.22 1.83 0.03 40.96 0.11
0.24 1.75 0 40.57 0.51
0.26 1.75 -0.03 40.57 0.91
0.28 1.83 -0.06 40.98 1.32
0.3 2.06 -0.12 42.16 1.75
0.32 2.47 -0.19 44.02 2.23
0.34 3.11 -0.29 46.56 2.76
0.36 4.04 -0.45 49.67 3.34
0.38 5.38 -0.66 53.3 3.96
0.4 7.23 -0.97 57.36 4.61
0.42 9.73 -1.39 61.75 5.29
0.44 13.01 -1.93 66.38 5.96
0.46 17.18 -2.6 71.15 6.6
0.48 22.32 -3.39 75.95 7.18
0.5 28.43 -4.27 80.69 7.68
0.52 35.43 -5.18 85.26 8.06
0.54 43.15 -6.04 89.59 8.31
0.56 51.34 -6.76 93.59 8.4
0.58 59.67 -7.25 97.21 8.32
0.6 67.77 -7.43 100.4 8.08
0.62 75.25 -7.25 103.12 7.66
0.64 81.79 -6.7 105.36 7.08
0.66 87.06 -5.83 107.1 6.35
0.68 91.01 -4.7 108.38 5.5
0.7 93.48 -3.47 109.2 4.54
0.72 94.81 -2.25 109.67 3.52
0.74 95.09 -1.23 109.82 2.46
0.76 95.1 -0.45 109.8 1.38
0.78 94.85 0.57 109.62 0.3
0.8 93.57 1.81 109.12 -0.74
0.82 91.15 3.09 108.27 -1.72
0.84 87.25 4.29 106.96 -2.62
0.86 82.01 5.26 105.2 -3.41
0.88 75.5 5.94 102.93 -4.08
0.9 68.03 6.25 100.2 -4.59
0.92 59.93 6.22 97 -4.96
0.94 51.58 5.88 93.37 -5.16
0.96 43.37 5.3 89.37 -5.21
0.98 35.61 4.58 85.05 -5.11
1 28.58 3.79 80.48 -4.89
