 0.00  25.65   1.72   78.81   -1.71
 0.02  19.88   1.33   73.95   -1.58
 0.04  15.17   1.00   69.12   -1.42
 0.06  11.43   0.72   64.41   -1.22
 0.08   8.54   0.51   59.91   -1.01
 0.10   6.37   0.35   55.69   -0.79
 0.12   4.77   0.23   51.83   -0.58
 0.14   3.62   0.15   48.40   -0.36
 0.16   2.81   0.10   45.45   -0.16
 0.18   2.25   0.06   43.04    0.03
 0.20   1.89   0.03   41.22    0.22
 0.22   1.67   0.01   40.02    0.40
 0.24   1.59  -0.01   39.52    0.59
 0.26   1.59  -0.02   39.52    0.79
 0.28   1.67  -0.04   40.03    0.99
 0.30   1.89  -0.06   41.24    1.22
 0.32   2.25  -0.10   43.07    1.47
 0.34   2.80  -0.14   45.49    1.75
 0.36   3.61  -0.21   48.44    2.05
 0.38   4.76  -0.32   51.88    2.38
 0.40   6.36  -0.46   55.75    2.73
 0.42   8.52  -0.66   59.98    3.10
 0.44  11.40  -0.92   64.49    3.47
 0.46  15.12  -1.26   69.20    3.82
 0.48  19.82  -1.68   74.04    4.16
 0.50  25.57  -2.16   78.92    4.46
 0.52  32.41  -2.70   83.74    4.70
 0.54  40.29  -3.26   88.44    4.89
 0.56  49.05  -3.80   92.92    4.99
 0.58  58.45  -4.26   97.11    5.02
 0.60  68.16  -4.57  100.95    4.95
 0.62  77.72  -4.70  104.36    4.79
 0.64  86.69  -4.59  107.31    4.55
 0.66  94.54  -4.23  109.72    4.21
 0.68 100.91  -3.62  111.58    3.81
 0.70 105.33  -2.84  112.85    3.33
 0.72 107.95  -1.97  113.61    2.82
 0.74 108.61  -1.22  113.83    2.27
 0.76 108.62  -0.68  113.82    1.71
 0.78 107.99   0.08  113.59    1.15
 0.80 105.40   1.00  112.81    0.60
 0.82 101.01   1.85  111.53    0.09
 0.84  94.67   2.58  109.64   -0.39
 0.86  86.84   3.07  107.22   -0.81
 0.88  77.87   3.34  104.26   -1.16
 0.90  68.31   3.39  100.84   -1.44
 0.92  58.60   3.24   97.00   -1.64
 0.94  49.18   2.95   92.81   -1.76
 0.96  40.40   2.56   88.32   -1.81
 0.98  32.51   2.14   83.63   -1.79
 1.00  25.65   1.72   78.81   -1.71
 1.02  19.88   1.33   73.95   -1.58
