0 17.57 0.73 16.79 16.77 -14.48
0.02 15.43 0.55 14.77 16.61 -12.53
0.04 13.78 0.43 13.21 16.49 -10.81
0.06 12.49 0.33 11.99 16.4 -9.27
0.08 11.47 0.26 11.03 16.34 -7.87
0.1 10.66 0.2 10.26 16.3 -6.58
0.12 10.02 0.15 9.67 16.29 -5.38
0.14 9.53 0.12 9.2 16.31 -4.24
0.16 9.16 0.08 8.86 16.35 -3.18
0.18 8.89 0.05 8.61 16.42 -2.19
0.2 8.72 0.03 8.45 16.5 -1.33
0.22 8.62 0 8.35 16.59 -0.62
0.24 8.58 -0.01 8.32 16.66 -0.12
0.26 8.58 -0.02 8.32 16.66 0.22
0.28 8.61 -0.03 8.35 16.59 0.71
0.3 8.71 -0.05 8.44 16.5 1.42
0.32 8.88 -0.08 8.6 16.42 2.27
0.34 9.14 -0.11 8.84 16.35 3.25
0.36 9.51 -0.15 9.19 16.31 4.31
0.38 10 -0.19 9.64 16.29 5.44
0.4 10.63 -0.24 10.23 16.3 6.64
0.42 11.42 -0.3 10.99 16.34 7.92
0.44 12.43 -0.37 11.94 16.4 9.32
0.46 13.71 -0.47 13.15 16.48 10.85
0.48 15.34 -0.6 14.69 16.6 12.56
0.5 17.45 -0.78 16.68 16.76 14.5
0.52 20.23 -1.03 19.3 16.97 16.73
0.54 23.97 -1.4 22.82 17.25 19.33
0.56 29.13 -1.96 27.68 17.6 22.43
0.58 36.46 -2.81 34.56 18.03 26.13
0.6 47.15 -4.15 44.61 18.52 30.58
0.62 63.07 -6.2 59.65 18.97 35.85
0.64 86.81 -9.16 82.39 19.07 41.82
0.66 121.31 -12.68 116.23 18.28 47.7
0.68 166.41 -14.98 162.07 15.61 51.56
0.7 213.82 -12.4 212.04 10.55 49.19
0.72 241.53 -5.15 241.89 4.41 36.53
0.74 243.52 -0.67 243.89 0.53 13.83
0.76 243.31 -0.23 243.67 0.44 -12.73
0.78 242.12 3.99 242.49 4.17 -35.69
0.8 215.64 11.4 213.9 10.3 -48.82
0.82 168.61 14.4 164.23 15.46 -51.5
0.84 123.14 12.39 117.97 18.21 -47.79
0.86 88.15 9 83.62 19.07 -41.94
0.88 63.98 6.08 60.48 18.98 -35.96
0.9 47.77 4.06 45.16 18.54 -30.67
0.92 36.89 2.73 34.94 18.05 -26.19
0.94 29.43 1.89 27.95 17.61 -22.46
0.96 24.18 1.34 23.02 17.26 -19.35
0.98 20.38 0.98 19.45 16.98 -16.72
1 17.57 0.73 16.79 16.77 -14.48
