  0.00  0.00   16.10   -0.26    0.00   15.86   -0.28   15.9635   -0.2772    0.0596
  0.10  0.00   16.09   -0.19    0.00   15.86   -0.21   15.9593   -0.2118   -0.1555
  0.20  0.00   16.10   -0.05    0.00   15.86   -0.06   15.9610   -0.0676   -0.1634
  0.30  0.00   16.10    0.05    0.00   15.86    0.06   15.9622    0.0453    0.2740
  0.40  0.00   16.09    0.19    0.00   15.86    0.20   15.9597    0.1983    0.2715
  0.50  0.00   16.10    0.26    0.00   15.86    0.28   15.9639    0.2771    0.0628
  0.60  0.00   16.09    0.19    0.00   15.86    0.21   15.9588    0.2120   -0.1529
  0.70  0.00   16.10    0.05    0.00   15.86    0.06   15.9612    0.0672   -0.1612
  0.80  0.00   16.10   -0.05    0.00   15.86   -0.06   15.9617   -0.0453    0.2718
  0.90  0.00   16.09   -0.19    0.00   15.86   -0.21   15.9599   -0.1989    0.2674
  1.00  0.00   16.10   -0.26    0.00   15.86   -0.28   15.9635   -0.2772    0.0596
  0.00  0.10   16.13   -0.24    0.07   15.83   -0.25   15.9005   -0.2544   -6.7944
  0.10  0.10   16.01   -0.17    0.07   15.47   -0.18   20.9364   -0.2518   -4.9540
  0.20  0.10   15.96   -0.04    0.03   15.22   -0.05   23.8701   -0.0857   -1.8213
  0.30  0.10   15.96    0.04   -0.03   15.21    0.05   23.8807    0.0697    1.9144
  0.40  0.10   16.01    0.17   -0.07   15.47    0.18   20.9663    0.2415    5.0422
  0.50  0.10   16.13    0.24   -0.07   15.82    0.25   15.9523    0.2517    6.8741
  0.60  0.10   16.22    0.16   -0.04   16.09    0.17   10.6230    0.1182    6.3164
  0.70  0.10   16.26    0.03   -0.01   16.20    0.03    7.1987    0.0267    2.7251
  0.80  0.10   16.26   -0.03    0.01   16.20   -0.03    7.1740   -0.0037   -2.6186
  0.90  0.10   16.23   -0.16    0.03   16.09   -0.17   10.5700   -0.1095   -6.2457
  1.00  0.10   16.13   -0.24    0.07   15.83   -0.25   15.9005   -0.2544   -6.7944
  0.00  0.20   16.14   -0.11    0.14   15.75   -0.11   15.8131   -0.1157   -9.6361
  0.10  0.20   15.89   -0.08    0.13   15.09   -0.08   23.6600   -0.1318   -6.8842
  0.20  0.20   15.79   -0.02    0.05   14.60   -0.02   27.9906   -0.0496   -2.5257
  0.30  0.20   15.79    0.02   -0.05   14.60    0.02   28.0022    0.0429    2.6224
  0.40  0.20   15.88    0.08   -0.13   15.08    0.08   23.6972    0.1272    6.9721
  0.50  0.20   16.14    0.11   -0.14   15.75    0.11   15.8897    0.1141    9.7013
  0.60  0.20   16.37    0.08   -0.05   16.26    0.08    7.2546    0.0380    8.5141
  0.70  0.20   16.40    0.01    0.00   16.38    0.01    1.5962    0.0066    4.8019
  0.80  0.20   16.40   -0.01    0.00   16.38   -0.01    1.5512    0.0040   -4.7713
  0.90  0.20   16.37   -0.08    0.05   16.26   -0.08    7.1764   -0.0351   -8.4560
  1.00  0.20   16.14   -0.11    0.14   15.75   -0.11   15.8131   -0.1157   -9.6361
  0.00  0.30   16.15    0.11    0.14   15.75    0.11   15.8134    0.1154   -9.6345
  0.10  0.30   15.89    0.08    0.13   15.09    0.08   23.6604    0.1314   -6.8832
  0.20  0.30   15.79    0.02    0.05   14.60    0.02   27.9910    0.0495   -2.5255
  0.30  0.30   15.79   -0.02   -0.05   14.60   -0.02   28.0027   -0.0428    2.6221
  0.40  0.30   15.88   -0.08   -0.13   15.08   -0.08   23.6976   -0.1269    6.9711
  0.50  0.30   16.14   -0.11   -0.14   15.75   -0.11   15.8900   -0.1138    9.6997
  0.60  0.30   16.37   -0.08   -0.05   16.26   -0.08    7.2549   -0.0379    8.5118
  0.70  0.30   16.40   -0.01    0.00   16.38   -0.01    1.5963   -0.0066    4.8004
  0.80  0.30   16.40    0.01    0.00   16.38    0.01    1.5512   -0.0040   -4.7699
  0.90  0.30   16.37    0.08    0.05   16.26    0.08    7.1766    0.0350   -8.4538
  1.00  0.30   16.15    0.11    0.14   15.75    0.11   15.8134    0.1154   -9.6345
  0.00  0.40   16.13    0.24    0.07   15.83    0.25   15.9001    0.2543   -6.7988
  0.10  0.40   16.01    0.17    0.07   15.47    0.18   20.9355    0.2518   -4.9569
  0.20  0.40   15.96    0.04    0.03   15.21    0.05   23.8690    0.0856   -1.8220
  0.30  0.40   15.96   -0.04   -0.03   15.21   -0.05   23.8796   -0.0697    1.9151
  0.40  0.40   16.01   -0.17   -0.07   15.47   -0.18   20.9655   -0.2414    5.0450
  0.50  0.40   16.13   -0.24   -0.07   15.82   -0.25   15.9519   -0.2516    6.8785
  0.60  0.40   16.22   -0.16   -0.04   16.09   -0.17   10.6230   -0.1182    6.3211
  0.70  0.40   16.26   -0.03   -0.01   16.20   -0.03    7.1988   -0.0266    2.7268
  0.80  0.40   16.26    0.03    0.01   16.20    0.03    7.1740    0.0036   -2.6203
  0.90  0.40   16.23    0.16    0.03   16.09    0.17   10.5700    0.1095   -6.2504
  1.00  0.40   16.13    0.24    0.07   15.83    0.25   15.9001    0.2543   -6.7988
  0.00  0.50   16.10    0.26    0.00   15.86    0.28   15.9640    0.2769    0.0619
  0.10  0.50   16.09    0.19    0.00   15.86    0.21   15.9596    0.2115   -0.1545
  0.20  0.50   16.10    0.05    0.00   15.86    0.06   15.9613    0.0675   -0.1632
  0.30  0.50   16.10   -0.05    0.00   15.86   -0.06   15.9625   -0.0452    0.2738
  0.40  0.50   16.09   -0.19    0.00   15.86   -0.20   15.9601   -0.1980    0.2706
  0.50  0.50   16.10   -0.26    0.00   15.86   -0.28   15.9644   -0.2768    0.0605
  0.60  0.50   16.09   -0.19    0.00   15.86   -0.21   15.9594   -0.2117   -0.1555
  0.70  0.50   16.10   -0.05    0.00   15.86   -0.06   15.9619   -0.0671   -0.1625
  0.80  0.50   16.10    0.05    0.00   15.86    0.06   15.9624    0.0452    0.2732
  0.90  0.50   16.09    0.19    0.00   15.86    0.20   15.9605    0.1986    0.2700
  1.00  0.50   16.10    0.26    0.00   15.86    0.28   15.9640    0.2769    0.0619
  0.00  0.60   16.13    0.24   -0.07   15.82    0.25   15.9520    0.2514    6.8777
  0.10  0.60   16.22    0.16   -0.04   16.09    0.17   10.6230    0.1180    6.3167
  0.20  0.60   16.26    0.03   -0.01   16.20    0.03    7.1985    0.0267    2.7270
  0.30  0.60   16.26   -0.03    0.01   16.20   -0.03    7.1739   -0.0038   -2.6161
  0.40  0.60   16.22   -0.16    0.03   16.09   -0.17   10.5696   -0.1094   -6.2474
  0.50  0.60   16.13   -0.24    0.07   15.83   -0.25   15.9008   -0.2546   -6.8044
  0.60  0.60   16.01   -0.17    0.07   15.47   -0.18   20.9345   -0.2524   -4.9587
  0.70  0.60   15.96   -0.04    0.03   15.22   -0.05   23.8698   -0.0856   -1.8190
  0.80  0.60   15.96    0.04   -0.03   15.21    0.05   23.8792    0.0693    1.9138
  0.90  0.60   16.01    0.17   -0.07   15.47    0.18   20.9658    0.2418    5.0463
  1.00  0.60   16.13    0.24   -0.07   15.82    0.25   15.9520    0.2514    6.8777
  0.00  0.70   16.14    0.11   -0.14   15.75    0.11   15.8904    0.1139    9.7012
  0.10  0.70   16.37    0.08   -0.05   16.26    0.08    7.2548    0.0379    8.5113
  0.20  0.70   16.40    0.01    0.00   16.38    0.01    1.5963    0.0066    4.7992
  0.30  0.70   16.40   -0.01    0.00   16.38   -0.01    1.5512    0.0040   -4.7653
  0.40  0.70   16.37   -0.08    0.05   16.26   -0.08    7.1763   -0.0348   -8.4555
  0.50  0.70   16.15   -0.11    0.14   15.76   -0.11   15.8145   -0.1152   -9.6420
  0.60  0.70   15.89   -0.08    0.13   15.09   -0.08   23.6588   -0.1313   -6.8869
  0.70  0.70   15.79   -0.02    0.05   14.60   -0.02   27.9921   -0.0490   -2.5220
  0.80  0.70   15.79    0.02   -0.05   14.60    0.02   28.0021    0.0429    2.6210
  0.90  0.70   15.88    0.08   -0.13   15.08    0.08   23.6978    0.1273    6.9737
  1.00  0.70   16.14    0.11   -0.14   15.75    0.11   15.8904    0.1139    9.7012
  0.00  0.80   16.14   -0.11   -0.14   15.75   -0.11   15.8900   -0.1140    9.7004
  0.10  0.80   16.37   -0.08   -0.05   16.26   -0.08    7.2547   -0.0379    8.5105
  0.20  0.80   16.40   -0.01    0.00   16.38   -0.01    1.5963   -0.0066    4.7994
  0.30  0.80   16.40    0.01    0.00   16.38    0.01    1.5512   -0.0040   -4.7655
  0.40  0.80   16.37    0.08    0.05   16.26    0.08    7.1762    0.0348   -8.4547
  0.50  0.80   16.15    0.11    0.14   15.76    0.11   15.8141    0.1153   -9.6412
  0.60  0.80   15.89    0.08    0.13   15.09    0.08   23.6582    0.1315   -6.8865
  0.70  0.80   15.79    0.02    0.05   14.60    0.02   27.9915    0.0491   -2.5220
  0.80  0.80   15.79   -0.02   -0.05   14.60   -0.02   28.0016   -0.0431    2.6210
  0.90  0.80   15.88   -0.08   -0.13   15.08   -0.08   23.6972   -0.1274    6.9733
  1.00  0.80   16.14   -0.11   -0.14   15.75   -0.11   15.8900   -0.1140    9.7004
  0.00  0.90   16.13   -0.24   -0.07   15.82   -0.25   15.9523   -0.2515    6.8775
  0.10  0.90   16.22   -0.16   -0.04   16.09   -0.17   10.6234   -0.1180    6.3162
  0.20  0.90   16.26   -0.03   -0.01   16.20   -0.03    7.1990   -0.0267    2.7273
  0.30  0.90   16.26    0.03    0.01   16.20    0.03    7.1744    0.0038   -2.6164
  0.40  0.90   16.23    0.16    0.03   16.09    0.17   10.5700    0.1094   -6.2468
  0.50  0.90   16.13    0.24    0.07   15.83    0.25   15.9011    0.2547   -6.8041
  0.60  0.90   16.01    0.17    0.07   15.47    0.18   20.9346    0.2525   -4.9580
  0.70  0.90   15.96    0.04    0.03   15.22    0.05   23.8698    0.0856   -1.8186
  0.80  0.90   15.96   -0.04   -0.03   15.21   -0.05   23.8792   -0.0693    1.9134
  0.90  0.90   16.01   -0.17   -0.07   15.47   -0.18   20.9659   -0.2418    5.0455
  1.00  0.90   16.13   -0.24   -0.07   15.82   -0.25   15.9523   -0.2515    6.8775
  0.00  1.00   16.10   -0.26    0.00   15.86   -0.28   15.9635   -0.2772    0.0596
  0.10  1.00   16.09   -0.19    0.00   15.86   -0.21   15.9593   -0.2118   -0.1555
  0.20  1.00   16.10   -0.05    0.00   15.86   -0.06   15.9610   -0.0676   -0.1634
  0.30  1.00   16.10    0.05    0.00   15.86    0.06   15.9622    0.0453    0.2740
  0.40  1.00   16.09    0.19    0.00   15.86    0.20   15.9597    0.1983    0.2715
  0.50  1.00   16.10    0.26    0.00   15.86    0.28   15.9639    0.2771    0.0628
  0.60  1.00   16.09    0.19    0.00   15.86    0.21   15.9588    0.2120   -0.1529
  0.70  1.00   16.10    0.05    0.00   15.86    0.06   15.9612    0.0672   -0.1612
  0.80  1.00   16.10   -0.05    0.00   15.86   -0.06   15.9617   -0.0453    0.2718
  0.90  1.00   16.09   -0.19    0.00   15.86   -0.21   15.9599   -0.1989    0.2674
  1.00  1.00   16.10   -0.26    0.00   15.86   -0.28   15.9635   -0.2772    0.0596
