0 0 0 0 0
0.02 0 0 13.04 6.98
0.04 0.39 -0.47 80.29 45.06
0.06 4.92 -4.28 157.1 89.64
0.08 12.91 -9.78 192.56 109.48
0.1 18.51 -11.37 192.34 106.03
0.12 22.02 -10.12 172.38 83.33
0.14 25.21 -8.65 163.74 61.83
0.16 27.83 -7.56 167.14 56.01
0.18 29.28 -6.41 166.14 51.98
0.2 31.22 -4.58 156.63 37.23
0.22 33.44 -6.24 150.99 26.53
0.24 38.97 -11.46 163.84 34.41
0.26 45.02 -13.74 177.95 45.56
0.28 51.56 -16.79 184.35 51.23
0.3 61.48 -20.94 196.3 59.89
0.32 70.9 -27.04 210.45 80
0.34 82.62 -33.43 216.89 91.32
0.36 91.77 -37.08 208.09 71.57
0.38 107.47 -38.83 217.61 57.55
0.4 117.61 -42.88 246.82 66.33
0.42 135.05 -55.32 262.94 157.54
0.44 112.18 -60.3 48.55 204.55
0.46 129.37 -12.89 10.35 77.04
0.48 118.59 -7.06 0.04 -7.12
0.5 140.65 20.26 0.34 -190.89
0.52 137.65 29.77 265.93 -83
0.54 148.55 -0.94 271.33 40.02
0.56 128.22 7.19 235.39 23.66
0.58 129.33 1.14 245.37 17.11
0.6 114.87 -0.68 248.08 42.56
0.62 110.83 -1.07 251.94 66.63
0.64 92.38 8.49 227.84 68.14
0.66 72.96 11.01 199.49 59.28
0.68 50.4 12.25 163.67 33.06
0.7 35.6 7.47 149.29 14.82
0.72 26.55 4.25 143.66 16.23
0.74 20.26 3.4 133.91 18.48
0.76 14.71 2.91 119.64 12.59
0.78 10.85 1.73 111.07 8.84
0.8 8.47 0.95 106.83 9.56
0.82 6.79 0.64 102.17 10.14
0.84 5.5 0.43 97.47 9.67
0.86 4.58 0.24 93.83 9.31
0.88 3.92 0.08 90.9 8.58
0.9 3.56 -0.12 89.8 8.03
0.92 3.48 -0.29 95.21 8.98
0.94 3.52 -0.22 105.29 10.45
0.96 3.5 0.13 108.4 10.76
0.98 1.4 0.18 87.6 8.69
1 0 0 0 0
