0 18.31 1.23 17.27 17.29 -20.26
0.04 17.42 1.1 16.15 20.22 -17.21
0.08 16.63 0.86 15.29 22.69 -13.2
0.12 16 0.59 14.66 24.77 -9.1
0.16 15.59 0.33 14.25 26.38 -5.66
0.2 15.36 0.13 13.98 27.4 -2.96
0.24 15.31 0 13.87 27.84 -0.5
0.28 15.33 -0.11 13.91 27.7 1.85
0.32 15.44 -0.27 14.09 26.98 4.37
0.36 15.75 -0.5 14.43 25.68 7.33
0.4 16.26 -0.77 14.93 23.83 11.13
0.44 16.97 -1.04 15.66 21.56 15.3
0.48 17.82 -1.24 16.65 18.9 18.9
0.52 18.72 -1.29 17.84 15.76 21.27
0.56 19.53 -1.13 19.05 12.16 21.89
0.6 20.18 -0.82 20.06 8.35 20.46
0.64 20.6 -0.45 20.68 4.82 16.82
0.68 20.82 -0.17 20.91 2.03 11.22
0.72 20.88 -0.06 20.93 0.39 3.96
0.76 20.9 -0.03 20.93 0.04 -0.32
0.8 20.86 0.02 20.93 1 -7.46
0.84 20.74 0.21 20.85 3.2 -13.99
0.88 20.44 0.54 20.44 6.4 -18.73
0.92 19.92 0.91 19.64 10.15 -21.32
0.96 19.18 1.16 18.5 13.88 -21.76
1 18.31 1.23 17.27 17.29 -20.26
