  0.00  0.00   27.17   -5.17   -0.2283   80.1441  -14.0347    1.3977
  0.03  0.00   27.25   -4.95   -0.2791   80.2468  -13.5356    2.2697
  0.07  0.00   27.23   -4.47   -0.2945   80.3401  -12.4183    2.9404
  0.10  0.00   27.32   -3.81   -0.3025   80.5724  -10.7337    3.2892
  0.13  0.00   27.34   -3.03   -0.2830   80.7810   -8.6664    3.2844
  0.17  0.00   27.43   -2.16   -0.2680   81.0363   -6.2917    2.9506
  0.20  0.00   27.46   -1.26   -0.2465   81.2066   -3.7730    2.3779
  0.23  0.00   27.51   -0.33   -0.2366   81.3237   -1.1610    1.6599
  0.27  0.00   27.50    0.59   -0.2226   81.3116    1.4562    0.9027
  0.30  0.00   27.49    1.51   -0.2097   81.2137    4.0561    0.2016
  0.33  0.00   27.43    2.39   -0.1882   81.0180    6.5569   -0.3378
  0.37  0.00   27.38    3.23   -0.1688   80.7888    8.8865   -0.6237
  0.40  0.00   27.32    3.97   -0.1541   80.5476   10.9275   -0.5818
  0.43  0.00   27.27    4.58   -0.1589   80.3548   12.5382   -0.1848
  0.47  0.00   27.22    5.02   -0.1838   80.2157   13.6429    0.5145
  0.50  0.00   27.21    5.17   -0.2314   80.1760   14.0200    1.3998
  0.53  0.00   27.22    4.95   -0.2755   80.2243   13.5540    2.2721
  0.57  0.00   27.26    4.47   -0.2978   80.3633   12.4060    2.9408
  0.60  0.00   27.30    3.82   -0.3000   80.5572   10.7452    3.2928
  0.63  0.00   27.36    3.03   -0.2849   80.7972    8.6595    3.2847
  0.67  0.00   27.42    2.16   -0.2663   81.0256    6.2973    2.9533
  0.70  0.00   27.48    1.26   -0.2473   81.2183    3.7712    2.3791
  0.73  0.00   27.50    0.33   -0.2358   81.3143    1.1631    1.6603
  0.77  0.00   27.52   -0.59   -0.2219   81.3216   -1.4552    0.9032
  0.80  0.00   27.48   -1.51   -0.2093   81.2029   -4.0577    0.1995
  0.83  0.00   27.45   -2.39   -0.1863   81.0291   -6.5519   -0.3378
  0.87  0.00   27.37   -3.23   -0.1693   80.7738   -8.8923   -0.6266
  0.90  0.00   27.33   -3.97   -0.1511   80.5622  -10.9167   -0.5810
  0.93  0.00   27.24   -4.58   -0.1605   80.3326  -12.5493   -0.1882
  0.97  0.00   27.25   -5.02   -0.1800   80.2360  -13.6260    0.5143
  1.00  0.00   27.17   -5.17   -0.2329   80.1450  -14.0334    1.3977
  0.00  0.03   27.35   -5.05    1.1008   80.0899  -13.6670   -3.7896
  0.03  0.03   26.75   -4.91    1.0298   79.8012  -13.5202   -2.7987
  0.07  0.03   26.04   -4.50    0.9625   79.4992  -12.7157   -1.7231
  0.10  0.03   25.35   -3.88    0.8407   79.3180  -11.2706   -0.7382
  0.13  0.03   24.63   -3.12    0.6833   79.1446   -9.3243    0.0585
  0.17  0.03   24.04   -2.26    0.4723   79.0619   -6.9370    0.6159
  0.20  0.03   23.58   -1.33    0.2256   78.9946   -4.2310    0.9629
  0.23  0.03   23.36   -0.37   -0.0541   78.9740   -1.3112    1.1610
  0.27  0.03   23.37    0.61   -0.3420   78.9520    1.6661    1.3169
  0.30  0.03   23.64    1.57   -0.6255   78.9565    4.5506    1.5417
  0.33  0.03   24.11    2.47   -0.8805   78.9880    7.2005    1.9329
  0.37  0.03   24.74    3.31   -1.1014   79.0738    9.5079    2.5518
  0.40  0.03   25.45    4.04   -1.2748   79.2188   11.3828    3.4037
  0.43  0.03   26.15    4.62   -1.4066   79.4205   12.7400    4.4402
  0.47  0.03   26.83    4.97   -1.4948   79.6893   13.4861    5.5479
  0.50  0.03   27.46    5.05   -1.5724   80.0263   13.5351    6.5531
  0.53  0.03   28.16    4.81   -1.6469   80.4499   12.8404    7.2654
  0.57  0.03   28.91    4.29   -1.6480   80.9498   11.4943    7.5153
  0.60  0.03   29.65    3.58   -1.5536   81.4832    9.7044    7.2364
  0.63  0.03   30.36    2.77   -1.3674   82.0171    7.6398    6.4552
  0.67  0.03   30.95    1.92   -1.1048   82.4801    5.4499    5.2683
  0.70  0.03   31.38    1.09   -0.7851   82.8353    3.2278    3.7990
  0.73  0.03   31.59    0.27   -0.4340   83.0221    1.0072    2.1659
  0.77  0.03   31.58   -0.53   -0.0700   83.0349   -1.2054    0.4859
  0.80  0.03   31.33   -1.34    0.2816   82.8510   -3.4398   -1.1413
  0.83  0.03   30.89   -2.15    0.6033   82.5228   -5.6704   -2.5977
  0.87  0.03   30.27   -2.97    0.8646   82.0582   -7.8792   -3.7675
  0.90  0.03   29.57   -3.73    1.0548   81.5532   -9.9273   -4.5226
  0.93  0.03   28.80   -4.40    1.1485   81.0116  -11.7192   -4.7787
  0.97  0.03   28.07   -4.86    1.1562   80.5441  -13.0044   -4.5072
  1.00  0.03   27.35   -5.05    1.0907   80.0985  -13.6667   -3.7900
  0.00  0.07   28.03   -4.76    2.6868   79.9812  -12.5579   -8.6719
  0.03  0.07   26.45   -4.67    2.5069   79.1746  -12.7687   -7.6019
  0.07  0.07   24.76   -4.30    2.2594   78.2965  -12.3123   -6.1735
  0.10  0.07   23.15   -3.72    1.9115   77.5380  -11.2093   -4.6054
  0.13  0.07   21.60   -2.99    1.5048   76.8072   -9.5233   -3.0490
  0.17  0.07   20.33   -2.17    1.0443   76.2628   -7.2729   -1.6348
  0.20  0.07   19.39   -1.29    0.5693   75.8657   -4.5291   -0.4000
  0.23  0.07   18.93   -0.36    0.0831   75.6783   -1.4165    0.6784
  0.27  0.07   18.94    0.57   -0.4042   75.6363    1.8043    1.7082
  0.30  0.07   19.47    1.49   -0.9029   75.7879    4.8598    2.8155
  0.33  0.07   20.43    2.36   -1.4036   76.1307    7.5128    4.0982
  0.37  0.07   21.76    3.17   -1.8928   76.6846    9.6527    5.5733
  0.40  0.07   23.31    3.87   -2.3386   77.3835   11.2472    7.1818
  0.43  0.07   24.96    4.41   -2.7155   78.1821   12.2446    8.8017
  0.47  0.07   26.63    4.75   -3.0078   79.0196   12.6479   10.2544
  0.50  0.07   28.28    4.77   -3.2066   79.8917   12.3416   11.3529
  0.53  0.07   29.91    4.42   -3.2756   80.7782   11.3265   11.8945
  0.57  0.07   31.44    3.83   -3.1792   81.6383    9.8879   11.7565
  0.60  0.07   32.80    3.11   -2.9135   82.4322    8.2023   10.9242
  0.63  0.07   33.95    2.34   -2.4896   83.1431    6.3825    9.4676
  0.67  0.07   34.84    1.58   -1.9440   83.7211    4.5289    7.5091
  0.70  0.07   35.45    0.87   -1.3085   84.1457    2.6833    5.1945
  0.73  0.07   35.74    0.20   -0.6250   84.3652    0.8597    2.6709
  0.77  0.07   35.72   -0.44    0.0785   84.3847   -0.9542    0.0777
  0.80  0.07   35.35   -1.10    0.7598   84.1762   -2.8069   -2.4561
  0.83  0.07   34.71   -1.80    1.3943   83.7892   -4.6846   -4.7825
  0.87  0.07   33.76   -2.54    1.9336   83.2148   -6.5880   -6.7565
  0.90  0.07   32.60   -3.27    2.3584   82.5370   -8.4317   -8.2246
  0.93  0.07   31.20   -3.95    2.6210   81.7320  -10.1493   -9.0645
  0.97  0.07   29.70   -4.48    2.7344   80.9044  -11.5742   -9.2101
  1.00  0.07   28.05   -4.77    2.6782   79.9951  -12.5647   -8.6734
  0.00  0.10   29.20   -4.18    4.3143   80.0261  -10.6116  -13.0061
  0.03  0.10   26.55   -4.18    4.0161   78.6456  -11.1360  -11.8873
  0.07  0.10   23.77   -3.89    3.5307   77.0806  -11.1080  -10.1717
  0.10  0.10   21.10   -3.36    2.8789   75.5437  -10.4730   -8.0950
  0.13  0.10   18.67   -2.69    2.1614   74.0588   -9.2064   -5.8616
  0.17  0.10   16.72   -1.94    1.4374   72.8686   -7.2698   -3.6718
  0.20  0.10   15.37   -1.15    0.7715   72.0433   -4.6500   -1.6344
  0.23  0.10   14.71   -0.33    0.1662   71.6393   -1.4787    0.2380
  0.27  0.10   14.72    0.50   -0.4139   71.5853    1.8761    2.0518
  0.30  0.10   15.44    1.32   -1.0414   71.9217    4.9677    3.9520
  0.33  0.10   16.83    2.11   -1.7483   72.7032    7.4656    6.0325
  0.37  0.10   18.84    2.85   -2.5243   73.9084    9.2741    8.2786
  0.40  0.10   21.31    3.50   -3.3056   75.3915   10.4323   10.5597
  0.43  0.10   24.04    3.99   -4.0116   76.9716   10.9754   12.6836
  0.47  0.10   26.84    4.24   -4.5621   78.5161   10.9400   14.4279
  0.50  0.10   29.56    4.19   -4.8890   79.9528   10.3607   15.5820
  0.53  0.10   32.05    3.84   -4.9498   81.2272    9.3679   15.9770
  0.57  0.10   34.21    3.27   -4.7213   82.3203    8.0989   15.5328
  0.60  0.10   35.99    2.59   -4.2383   83.2411    6.6819   14.2600
  0.63  0.10   37.39    1.90   -3.5464   84.0040    5.1977   12.2422
  0.67  0.10   38.40    1.24   -2.7082   84.5983    3.6954    9.6074
  0.70  0.10   39.06    0.67   -1.7733   85.0225    2.2067    6.5212
  0.73  0.10   39.37    0.15   -0.7911   85.2457    0.7280    3.1507
  0.77  0.10   39.33   -0.34    0.2074   85.2669   -0.7483   -0.3193
  0.80  0.10   38.94   -0.86    1.1863   85.0678   -2.2585   -3.7136
  0.83  0.10   38.23   -1.43    2.1150   84.6793   -3.7909   -6.8400
  0.87  0.10   37.14   -2.07    2.9423   84.0933   -5.3537   -9.5219
  0.90  0.10   35.71   -2.74    3.6273   83.3500   -6.8771  -11.5870
  0.93  0.10   33.88   -3.38    4.1037   82.4190   -8.3462  -12.9012
  0.97  0.10   31.73   -3.89    4.3447   81.3375   -9.6122  -13.3789
  1.00  0.10   29.22   -4.19    4.3048   80.0446  -10.6146  -13.0091
  0.00  0.13   30.57   -3.47    5.8885   80.2091   -8.3863  -16.6179
  0.03  0.13   26.93   -3.50    5.4637   78.3054   -8.9862  -15.4664
  0.07  0.13   23.04   -3.25    4.7043   75.9922   -9.2043  -13.5265
  0.10  0.13   19.31   -2.79    3.6993   73.5494   -8.9579  -11.0435
  0.13  0.13   16.02   -2.20    2.6373   71.1172   -8.1507   -8.2569
  0.17  0.13   13.49   -1.57    1.6523   69.1215   -6.6824   -5.4231
  0.20  0.13   11.84   -0.93    0.8423   67.7674   -4.4126   -2.7086
  0.23  0.13   11.07   -0.27    0.1963   67.1374   -1.4208   -0.1540
  0.27  0.13   11.08    0.39   -0.3818   67.0688    1.7917    2.3461
  0.30  0.13   11.90    1.05   -1.0563   67.6196    4.6905    4.9181
  0.33  0.13   13.59    1.69   -1.9218   68.9410    6.8210    7.6712
  0.37  0.13   16.20    2.32   -2.9774   70.9828    8.1616   10.5571
  0.40  0.13   19.55    2.90   -4.1288   73.4362    8.8761   13.3913
  0.43  0.13   23.36    3.34   -5.2151   75.9413    9.0502   15.9243
  0.47  0.13   27.29    3.55   -6.0604   78.2364    8.7914   17.8955
  0.50  0.13   31.00    3.48   -6.5241   80.1905    8.1590   19.0957
  0.53  0.13   34.25    3.13   -6.5453   81.7659    7.2534   19.3847
  0.57  0.13   36.91    2.60   -6.1435   82.9980    6.2185   18.7111
  0.60  0.13   38.94    2.00   -5.4089   83.9437    5.1189   17.1012
  0.63  0.13   40.43    1.41   -4.4378   84.6715    3.9872   14.6352
  0.67  0.13   41.43    0.89   -3.3271   85.2129    2.8486   11.4426
  0.70  0.13   42.05    0.46   -2.1399   85.5927    1.7084    7.6891
  0.73  0.13   42.32    0.09   -0.9220   85.7921    0.5799    3.5743
  0.77  0.13   42.28   -0.23    0.3072   85.8182   -0.5468   -0.6752
  0.80  0.13   41.92   -0.61    1.5196   85.6477   -1.7129   -4.8271
  0.83  0.13   41.24   -1.04    2.6996   85.3040   -2.8982   -8.6481
  0.87  0.13   40.14   -1.56    3.7930   84.7652   -4.0964  -11.9180
  0.90  0.13   38.61   -2.13    4.7506   84.0422   -5.2746  -14.4623
  0.93  0.13   36.51   -2.70    5.4705   83.0707   -6.4228  -16.1415
  0.97  0.13   33.85   -3.17    5.8789   81.8344   -7.4748  -16.8709
  1.00  0.13   30.59   -3.47    5.8798   80.2302   -8.3912  -16.6221
  0.00  0.17   31.87   -2.57    7.2203   80.5034   -5.9570  -19.4093
  0.03  0.17   27.41   -2.62    6.6906   78.1734   -6.4944  -18.2311
  0.07  0.17   22.57   -2.43    5.6759   75.1944   -6.8022  -16.1248
  0.10  0.17   17.92   -2.07    4.3357   71.8583   -6.8053  -13.3344
  0.13  0.17   13.91   -1.60    2.9517   68.4483   -6.3888  -10.1300
  0.17  0.17   10.96   -1.13    1.7415   65.6068   -5.4519   -6.8140
  0.20  0.17    9.15   -0.67    0.8255   63.7300   -3.7361   -3.5813
  0.23  0.17    8.38   -0.20    0.1877   62.9261   -1.2181   -0.4795
  0.27  0.17    8.39    0.27   -0.3281   62.8495    1.5249    2.5851
  0.30  0.17    9.19    0.75   -0.9984   63.5605    3.9468    5.6932
  0.33  0.17   11.06    1.21   -1.9766   65.4311    5.5289    8.9544
  0.37  0.17   14.09    1.68   -3.2718   68.3428    6.3652   12.3210
  0.40  0.17   18.17    2.15   -4.7654   71.8040    6.7123   15.5804
  0.43  0.17   22.91    2.50   -6.2103   75.2068    6.6646   18.4269
  0.47  0.17   27.81    2.66   -7.3316   78.1735    6.3305   20.5716
  0.50  0.17   32.36    2.58   -7.9085   80.5396    5.7800   21.8063
  0.53  0.17   36.19    2.29   -7.8726   82.3050    5.1109   22.0188
  0.57  0.17   39.14    1.88   -7.2857   83.5686    4.3782   21.1822
  0.60  0.17   41.25    1.41   -6.3066   84.4561    3.6160   19.3307
  0.63  0.17   42.67    0.97   -5.0863   85.0891    2.8341   16.5361
  0.67  0.17   43.54    0.59   -3.7559   85.5376    2.0368   12.9159
  0.70  0.17   44.05    0.29   -2.3831   85.8491    1.2354    8.6370
  0.73  0.17   44.26    0.06   -1.0078   86.0177    0.4291    3.9173
  0.77  0.17   44.23   -0.15    0.3670   86.0463   -0.3815   -0.9709
  0.80  0.17   43.94   -0.39    1.7390   85.9153   -1.2155   -5.7406
  0.83  0.17   43.36   -0.69    3.1024   85.6376   -2.0562  -10.1073
  0.87  0.17   42.39   -1.08    4.4153   85.1861   -2.9037  -13.8314
  0.90  0.17   40.90   -1.51    5.6134   84.5437   -3.7227  -16.7285
  0.93  0.17   38.71   -1.95    6.5696   83.6181   -4.5271  -18.6682
  0.97  0.17   35.73   -2.33    7.1534   82.3279   -5.2737  -19.5752
  1.00  0.17   31.89   -2.58    7.2121   80.5256   -5.9599  -19.4145
  0.00  0.20   32.88   -1.59    8.1933   80.7880   -3.5639  -21.3074
  0.03  0.20   27.84   -1.62    7.5874   78.1755   -3.9175  -20.1108
  0.07  0.20   22.29   -1.50    6.3701   74.6937   -4.1517  -17.8893
  0.10  0.20   16.98   -1.26    4.7633   70.6446   -4.2198  -14.8907
  0.13  0.20   12.47   -0.95    3.1313   66.4058   -4.0370  -11.4063
  0.17  0.20    9.26   -0.66    1.7586   62.8619   -3.5652   -7.7867
  0.20  0.20    7.38   -0.39    0.7707   60.5699   -2.5073   -4.2193
  0.23  0.20    6.70   -0.11    0.1597   59.7355   -0.7892   -0.7281
  0.27  0.20    6.71    0.15   -0.2729   59.6511    0.9874    2.7733
  0.30  0.20    7.42    0.43   -0.9172   60.3879    2.6417    6.2522
  0.33  0.20    9.35    0.71   -1.9708   62.6951    3.5985    9.8392
  0.37  0.20   12.63    1.00   -3.4359   66.3348    4.0090   13.5128
  0.40  0.20   17.22    1.31   -5.1924   70.6414    4.1538   17.0603
  0.43  0.20   22.65    1.55   -6.9225   74.7620    4.0614   20.1250
  0.47  0.20   28.26    1.65   -8.2614   78.2288    3.8134   22.3899
  0.50  0.20   33.39    1.60   -8.9212   80.8670    3.4546   23.6477
  0.53  0.20   37.60    1.40   -8.8284   82.7318    3.0349   23.8108
  0.57  0.20   40.72    1.13   -8.0849   83.9820    2.5941   22.8705
  0.60  0.20   42.82    0.83   -6.9055   84.7938    2.1406   20.8604
  0.63  0.20   44.11    0.54   -5.4925   85.3307    1.6753   17.8502
  0.67  0.20   44.81    0.31   -4.0035   85.6903    1.1997   13.9424
  0.70  0.20   45.16    0.12   -2.5163   85.9362    0.7169    9.2981
  0.73  0.20   45.29    0.02   -1.0551   86.0735    0.2524    4.1576
  0.77  0.20   45.27   -0.05    0.3968   86.1059   -0.2048   -1.1806
  0.80  0.20   45.08   -0.18    1.8550   86.0122   -0.6988   -6.3813
  0.83  0.20   44.66   -0.37    3.3361   85.7989   -1.2092  -11.1292
  0.87  0.20   43.85   -0.61    4.8053   85.4309   -1.7159  -15.1584
  0.90  0.20   42.46   -0.89    6.1913   84.8731   -2.2078  -18.2879
  0.93  0.20   40.27   -1.17    7.3394   84.0111   -2.6851  -20.3970
  0.97  0.20   37.11   -1.43    8.0718   82.7212   -3.1380  -21.4184
  1.00  0.20   32.90   -1.59    8.1858   80.8111   -3.5653  -21.3135
  0.00  0.23   33.41   -0.53    8.7016   80.9599   -1.1729  -22.2662
  0.03  0.23   28.07   -0.55    8.0568   78.2064   -1.2989  -21.0600
  0.07  0.23   22.16   -0.51    6.7277   74.4613   -1.3868  -18.7811
  0.10  0.23   16.50   -0.42    4.9748   70.0206   -1.4243  -15.6747
  0.13  0.23   11.74   -0.31    3.2072   65.3124   -1.3748  -12.0495
  0.17  0.23    8.44   -0.22    1.7527   61.4013   -1.2448   -8.2922
  0.20  0.23    6.53   -0.13    0.7181   58.8837   -0.9121   -4.5627
  0.23  0.23    5.98   -0.04    0.1281   58.1739   -0.2825   -0.8591
  0.27  0.23    5.98    0.05   -0.2297   58.0787    0.3543    2.8790
  0.30  0.23    6.57    0.15   -0.8537   58.7003    0.9532    6.5545
  0.33  0.23    8.52    0.23   -1.9536   61.2399    1.2503   10.2962
  0.37  0.23   11.90    0.33   -3.5037   65.2637    1.3619   14.1094
  0.40  0.23   16.75    0.44   -5.4028   70.0465    1.3988   17.8067
  0.43  0.23   22.52    0.52   -7.2889   74.5591    1.3540   20.9827
  0.47  0.23   28.50    0.56   -8.7469   78.2881    1.2620   23.3090
  0.50  0.23   33.94    0.53   -9.4505   81.0607    1.1357   24.5785
  0.53  0.23   38.33    0.46   -9.3194   82.9632    0.9961   24.7157
  0.57  0.23   41.50    0.37   -8.4821   84.1891    0.8503   23.7224
  0.60  0.23   43.55    0.27   -7.1865   84.9462    0.7030   21.6351
  0.63  0.23   44.72    0.17   -5.6648   85.4178    0.5527   18.5195
  0.67  0.23   45.28    0.10   -4.0913   85.7180    0.3994   14.4677
  0.70  0.23   45.49    0.04   -2.5519   85.9221    0.2464    9.6412
  0.73  0.23   45.53    0.01   -1.0679   86.0351    0.0876    4.2795
  0.77  0.23   45.53   -0.02    0.3975   86.0714   -0.0722   -1.2922
  0.80  0.23   45.44   -0.06    1.8838   86.0054   -0.2368   -6.7161
  0.83  0.23   45.16   -0.12    3.4203   85.8346   -0.3991  -11.6530
  0.87  0.23   44.48   -0.20    4.9742   85.5226   -0.5657  -15.8354
  0.90  0.23   43.21   -0.29    6.4647   85.0235   -0.7240  -19.0798
  0.93  0.23   41.05   -0.39    7.7231   84.2105   -0.8810  -21.2724
  0.97  0.23   37.83   -0.47    8.5438   82.9363   -1.0300  -22.3505
  1.00  0.23   33.44   -0.53    8.6938   80.9831   -1.1733  -22.2726
  0.00  0.27   33.41    0.53    8.7013   80.9595    1.1740  -22.2661
  0.03  0.27   28.08    0.55    8.0568   78.2068    1.3004  -21.0601
  0.07  0.27   22.16    0.51    6.7277   74.4613    1.3878  -18.7811
  0.10  0.27   16.51    0.42    4.9748   70.0209    1.4254  -15.6747
  0.13  0.27   11.74    0.31    3.2073   65.3126    1.3759  -12.0494
  0.17  0.27    8.44    0.22    1.7526   61.4015    1.2455   -8.2922
  0.20  0.27    6.53    0.13    0.7181   58.8840    0.9137   -4.5627
  0.23  0.27    5.98    0.04    0.1281   58.1737    0.2829   -0.8591
  0.27  0.27    5.98   -0.05   -0.2297   58.0790   -0.3544    2.8790
  0.30  0.27    6.57   -0.15   -0.8537   58.6999   -0.9549    6.5544
  0.33  0.27    8.52   -0.23   -1.9535   61.2401   -1.2529   10.2950
  0.37  0.27   11.90   -0.33   -3.5036   65.2635   -1.3630   14.1093
  0.40  0.27   16.75   -0.44   -5.4027   70.0462   -1.4004   17.8054
  0.43  0.27   22.52   -0.52   -7.2888   74.5590   -1.3550   20.9827
  0.47  0.27   28.50   -0.56   -8.7467   78.2878   -1.2632   23.3090
  0.50  0.27   33.94   -0.53   -9.4502   81.0602   -1.1366   24.5784
  0.53  0.27   38.33   -0.47   -9.3190   82.9627   -0.9972   24.7142
  0.57  0.27   41.50   -0.37   -8.4818   84.1892   -0.8508   23.7211
  0.60  0.27   43.55   -0.27   -7.1866   84.9461   -0.7030   21.6351
  0.63  0.27   44.72   -0.17   -5.6648   85.4176   -0.5528   18.5195
  0.67  0.27   45.28   -0.10   -4.0913   85.7177   -0.3993   14.4677
  0.70  0.27   45.49   -0.04   -2.5519   85.9220   -0.2466    9.6411
  0.73  0.27   45.53   -0.01   -1.0679   86.0349   -0.0873    4.2795
  0.77  0.27   45.53    0.02    0.3974   86.0713    0.0723   -1.2922
  0.80  0.27   45.44    0.06    1.8838   86.0053    0.2375   -6.7161
  0.83  0.27   45.16    0.12    3.4203   85.8344    0.4000  -11.6530
  0.87  0.27   44.48    0.20    4.9741   85.5225    0.5666  -15.8354
  0.90  0.27   43.21    0.29    6.4647   85.0233    0.7246  -19.0798
  0.93  0.27   41.05    0.39    7.7230   84.2104    0.8819  -21.2724
  0.97  0.27   37.83    0.47    8.5438   82.9361    1.0306  -22.3504
  1.00  0.27   33.44    0.53    8.6937   80.9830    1.1745  -22.2726
  0.00  0.30   32.88    1.59    8.1930   80.7883    3.5654  -21.3061
  0.03  0.30   27.83    1.63    7.5868   78.1753    3.9188  -20.1094
  0.07  0.30   22.29    1.50    6.3699   74.6942    4.1526  -17.8894
  0.10  0.30   16.98    1.26    4.7632   70.6447    4.2207  -14.8906
  0.13  0.30   12.47    0.95    3.1312   66.4068    4.0380  -11.4062
  0.17  0.30    9.26    0.66    1.7586   62.8629    3.5661   -7.7866
  0.20  0.30    7.39    0.39    0.7706   60.5709    2.5089   -4.2191
  0.23  0.30    6.70    0.11    0.1597   59.7379    0.7901   -0.7280
  0.27  0.30    6.71   -0.15   -0.2731   59.6516   -0.9885    2.7732
  0.30  0.30    7.43   -0.43   -0.9173   60.3907   -2.6432    6.2523
  0.33  0.30    9.35   -0.71   -1.9704   62.6957   -3.6002    9.8378
  0.37  0.30   12.63   -1.00   -3.4359   66.3363   -4.0102   13.5129
  0.40  0.30   17.22   -1.31   -5.1922   70.6414   -4.1550   17.0601
  0.43  0.30   22.65   -1.55   -6.9224   74.7620   -4.0624   20.1248
  0.47  0.30   28.26   -1.65   -8.2612   78.2288   -3.8146   22.3898
  0.50  0.30   33.39   -1.60   -8.9210   80.8665   -3.4556   23.6476
  0.53  0.30   37.60   -1.40   -8.8279   82.7315   -3.0360   23.8094
  0.57  0.30   40.72   -1.13   -8.0847   83.9819   -2.5947   22.8692
  0.60  0.30   42.82   -0.83   -6.9056   84.7939   -2.1406   20.8604
  0.63  0.30   44.11   -0.54   -5.4924   85.3304   -1.6752   17.8501
  0.67  0.30   44.81   -0.30   -4.0036   85.6902   -1.1997   13.9423
  0.70  0.30   45.16   -0.12   -2.5162   85.9361   -0.7172    9.2981
  0.73  0.30   45.29   -0.02   -1.0551   86.0734   -0.2521    4.1576
  0.77  0.30   45.27    0.05    0.3969   86.1058    0.2051   -1.1807
  0.80  0.30   45.08    0.18    1.8549   86.0132    0.6997   -6.3815
  0.83  0.30   44.66    0.37    3.3356   85.7992    1.2100  -11.1276
  0.87  0.30   43.84    0.61    4.8050   85.4305    1.7169  -15.1568
  0.90  0.30   42.46    0.89    6.1912   84.8727    2.2086  -18.2878
  0.93  0.30   40.27    1.18    7.3393   84.0111    2.6862  -20.3971
  0.97  0.30   37.11    1.43    8.0715   82.7215    3.1387  -21.4171
  1.00  0.30   32.90    1.59    8.1852   80.8109    3.5666  -21.3121
  0.00  0.33   31.87    2.57    7.2192   80.5036    5.9579  -19.4079
  0.03  0.33   27.41    2.62    6.6905   78.1740    6.4963  -18.2297
  0.07  0.33   22.57    2.43    5.6760   75.1945    6.8034  -16.1232
  0.10  0.33   17.92    2.07    4.3356   71.8595    6.8066  -13.3343
  0.13  0.33   13.91    1.60    2.9518   68.4491    6.3895  -10.1299
  0.17  0.33   10.96    1.13    1.7414   65.6086    5.4516   -6.8141
  0.20  0.33    9.15    0.67    0.8253   63.7320    3.7368   -3.5813
  0.23  0.33    8.38    0.20    0.1875   62.9281    1.2186   -0.4794
  0.27  0.33    8.39   -0.27   -0.3279   62.8516   -1.5269    2.5848
  0.30  0.33    9.19   -0.75   -0.9980   63.5622   -3.9484    5.6917
  0.33  0.33   11.06   -1.21   -1.9763   65.4324   -5.5294    8.9530
  0.37  0.33   14.09   -1.69   -3.2714   68.3430   -6.3668   12.3195
  0.40  0.33   18.17   -2.15   -4.7650   71.8039   -6.7133   15.5788
  0.43  0.33   22.91   -2.50   -6.2098   75.2066   -6.6658   18.4253
  0.47  0.33   27.81   -2.66   -7.3312   78.1728   -6.3316   20.5713
  0.50  0.33   32.36   -2.58   -7.9078   80.5385   -5.7811   21.8046
  0.53  0.33   36.19   -2.29   -7.8717   82.3045   -5.1121   22.0174
  0.57  0.33   39.14   -1.88   -7.2849   83.5686   -4.3787   21.1823
  0.60  0.33   41.25   -1.41   -6.3066   84.4560   -3.6163   19.3292
  0.63  0.33   42.67   -0.97   -5.0867   85.0885   -2.8342   16.5360
  0.67  0.33   43.54   -0.59   -3.7559   85.5366   -2.0365   12.9157
  0.70  0.33   44.05   -0.29   -2.3830   85.8487   -1.2356    8.6369
  0.73  0.33   44.26   -0.06   -1.0076   86.0181   -0.4291    3.9173
  0.77  0.33   44.23    0.15    0.3667   86.0472    0.3824   -0.9710
  0.80  0.33   43.94    0.39    1.7385   85.9153    1.2163   -5.7391
  0.83  0.33   43.36    0.69    3.1021   85.6374    2.0568  -10.1057
  0.87  0.33   42.39    1.08    4.4148   85.1858    2.9044  -13.8299
  0.90  0.33   40.90    1.51    5.6130   84.5436    3.7232  -16.7271
  0.93  0.33   38.71    1.95    6.5691   83.6178    4.5281  -18.6668
  0.97  0.33   35.73    2.33    7.1530   82.3278    5.2745  -19.5739
  1.00  0.33   31.89    2.58    7.2115   80.5251    5.9605  -19.4130
  0.00  0.37   30.57    3.47    5.8881   80.2102    8.3868  -16.6167
  0.03  0.37   26.93    3.50    5.4623   78.3058    8.9880  -15.4636
  0.07  0.37   23.04    3.25    4.7042   75.9935    9.2063  -13.5250
  0.10  0.37   19.31    2.79    3.6990   73.5500    8.9586  -11.0419
  0.13  0.37   16.02    2.20    2.6373   71.1197    8.1506   -8.2557
  0.17  0.37   13.49    1.57    1.6528   69.1233    6.6826   -5.4230
  0.20  0.37   11.84    0.93    0.8419   67.7707    4.4120   -2.7075
  0.23  0.37   11.07    0.27    0.1962   67.1395    1.4195   -0.1542
  0.27  0.37   11.08   -0.39   -0.3816   67.0712   -1.7901    2.3464
  0.30  0.37   11.90   -1.05   -1.0559   67.6216   -4.6896    4.9184
  0.33  0.37   13.59   -1.69   -1.9214   68.9424   -6.8211    7.6699
  0.37  0.37   16.20   -2.32   -2.9770   70.9836   -8.1620   10.5557
  0.40  0.37   19.55   -2.90   -4.1284   73.4365   -8.8773   13.3897
  0.43  0.37   23.36   -3.34   -5.2146   75.9411   -9.0511   15.9227
  0.47  0.37   27.29   -3.55   -6.0598   78.2362   -8.7928   17.8940
  0.50  0.37   31.00   -3.48   -6.5235   80.1896   -8.1597   19.0941
  0.53  0.37   34.25   -3.13   -6.5443   81.7657   -7.2545   19.3833
  0.57  0.37   36.91   -2.60   -6.1427   82.9978   -6.2193   18.7098
  0.60  0.37   38.94   -2.00   -5.4086   83.9438   -5.1192   17.0998
  0.63  0.37   40.42   -1.41   -4.4375   84.6715   -3.9878   14.6353
  0.67  0.37   41.43   -0.89   -3.3274   85.2123   -2.8486   11.4425
  0.70  0.37   42.04   -0.46   -2.1397   85.5917   -1.7086    7.6890
  0.73  0.37   42.31   -0.09   -0.9218   85.7932   -0.5793    3.5742
  0.77  0.37   42.28    0.23    0.3066   85.8187    0.5466   -0.6735
  0.80  0.37   41.92    0.61    1.5192   85.6474    1.7134   -4.8272
  0.83  0.37   41.24    1.04    2.6991   85.3037    2.8984   -8.6465
  0.87  0.37   40.14    1.56    3.7928   84.7649    4.0971  -11.9181
  0.90  0.37   38.61    2.13    4.7503   84.0427    5.2753  -14.4609
  0.93  0.37   36.51    2.70    5.4698   83.0708    6.4234  -16.1385
  0.97  0.37   33.85    3.17    5.8785   81.8342    7.4754  -16.8695
  1.00  0.37   30.59    3.47    5.8793   80.2305    8.3920  -16.6207
  0.00  0.40   29.20    4.18    4.3134   80.0266   10.6129  -13.0032
  0.03  0.40   26.55    4.18    4.0151   78.6467   11.1365  -11.8857
  0.07  0.40   23.77    3.89    3.5303   77.0812   11.1090  -10.1700
  0.10  0.40   21.10    3.36    2.8791   75.5447   10.4743   -8.0918
  0.13  0.40   18.67    2.69    2.1617   74.0597    9.2064   -5.8600
  0.17  0.40   16.72    1.94    1.4374   72.8702    7.2710   -3.6701
  0.20  0.40   15.37    1.15    0.7716   72.0440    4.6496   -1.6344
  0.23  0.40   14.71    0.33    0.1662   71.6406    1.4787    0.2380
  0.27  0.40   14.73   -0.50   -0.4138   71.5858   -1.8761    2.0517
  0.30  0.40   15.44   -1.32   -1.0412   71.9226   -4.9678    3.9505
  0.33  0.40   16.83   -2.11   -1.7482   72.7035   -7.4655    6.0323
  0.37  0.40   18.84   -2.85   -2.5239   73.9085   -9.2747    8.2769
  0.40  0.40   21.31   -3.50   -3.3049   75.3912  -10.4330   10.5565
  0.43  0.40   24.04   -3.99   -4.0110   76.9715  -10.9765   12.6803
  0.47  0.40   26.84   -4.24   -4.5611   78.5156  -10.9408   14.4249
  0.50  0.40   29.56   -4.19   -4.8882   79.9522  -10.3620   15.5790
  0.53  0.40   32.05   -3.84   -4.9487   81.2264   -9.3686   15.9754
  0.57  0.40   34.20   -3.27   -4.7201   82.3202   -8.0999   15.5314
  0.60  0.40   35.99   -2.59   -4.2381   83.2407   -6.6828   14.2585
  0.63  0.40   37.39   -1.90   -3.5462   84.0030   -5.1977   12.2405
  0.67  0.40   38.40   -1.24   -2.7081   84.5972   -3.6955    9.6057
  0.70  0.40   39.06   -0.67   -1.7732   85.0222   -2.2065    6.5195
  0.73  0.40   39.36   -0.15   -0.7912   85.2452   -0.7277    3.1506
  0.77  0.40   39.33    0.34    0.2074   85.2669    0.7486   -0.3194
  0.80  0.40   38.94    0.86    1.1860   85.0673    2.2592   -3.7122
  0.83  0.40   38.23    1.43    2.1147   84.6790    3.7911   -6.8384
  0.87  0.40   37.14    2.07    2.9418   84.0925    5.3544   -9.5204
  0.90  0.40   35.71    2.74    3.6268   83.3499    6.8777  -11.5856
  0.93  0.40   33.88    3.38    4.1031   82.4182    8.3469  -12.8996
  0.97  0.40   31.73    3.89    4.3442   81.3377    9.6128  -13.3774
  1.00  0.40   29.22    4.19    4.3040   80.0441   10.6154  -13.0060
  0.00  0.43   28.03    4.76    2.6863   79.9819   12.5584   -8.6704
  0.03  0.43   26.45    4.67    2.5061   79.1758   12.7692   -7.5987
  0.07  0.43   24.76    4.30    2.2585   78.2982   12.3129   -6.1705
  0.10  0.43   23.15    3.72    1.9107   77.5385   11.2106   -4.6022
  0.13  0.43   21.60    2.99    1.5049   76.8083    9.5249   -3.0472
  0.17  0.43   20.33    2.17    1.0445   76.2647    7.2734   -1.6332
  0.20  0.43   19.39    1.29    0.5690   75.8682    4.5291   -0.3999
  0.23  0.43   18.93    0.36    0.0830   75.6794    1.4159    0.6782
  0.27  0.43   18.94   -0.57   -0.4038   75.6377   -1.8030    1.7086
  0.30  0.43   19.47   -1.49   -0.9024   75.7891   -4.8592    2.8157
  0.33  0.43   20.43   -2.36   -1.4032   76.1320   -7.5127    4.0967
  0.37  0.43   21.76   -3.17   -1.8923   76.6850   -9.6525    5.5717
  0.40  0.43   23.31   -3.87   -2.3380   77.3839  -11.2482    7.1785
  0.43  0.43   24.96   -4.41   -2.7148   78.1824  -12.2448    8.7987
  0.47  0.43   26.63   -4.75   -3.0072   79.0195  -12.6487   10.2528
  0.50  0.43   28.28   -4.77   -3.2057   79.8910  -12.3419   11.3497
  0.53  0.43   29.91   -4.42   -3.2748   80.7780  -11.3273   11.8914
  0.57  0.43   31.43   -3.83   -3.1782   81.6377   -9.8883   11.7549
  0.60  0.43   32.80   -3.11   -2.9126   82.4324   -8.2037   10.9229
  0.63  0.43   33.95   -2.34   -2.4895   83.1430   -6.3836    9.4662
  0.67  0.43   34.84   -1.58   -1.9440   83.7205   -4.5292    7.5076
  0.70  0.43   35.45   -0.87   -1.3083   84.1450   -2.6832    5.1945
  0.73  0.43   35.74   -0.20   -0.6248   84.3656   -0.8589    2.6707
  0.77  0.43   35.71    0.44    0.0781   84.3853    0.9540    0.0777
  0.80  0.43   35.35    1.10    0.7591   84.1758    2.8074   -2.4547
  0.83  0.43   34.71    1.80    1.3941   83.7886    4.6851   -4.7826
  0.87  0.43   33.76    2.54    1.9331   83.2151    6.5889   -6.7552
  0.90  0.43   32.60    3.27    2.3580   82.5369    8.4328   -8.2232
  0.93  0.43   31.20    3.95    2.6205   81.7323   10.1498   -9.0630
  0.97  0.43   29.70    4.48    2.7339   80.9047   11.5748   -9.2072
  1.00  0.43   28.05    4.77    2.6776   79.9955   12.5649   -8.6718
  0.00  0.47   27.35    5.05    1.1002   80.0902   13.6677   -3.7864
  0.03  0.47   26.75    4.91    1.0290   79.8017   13.5206   -2.7955
  0.07  0.47   26.04    4.50    0.9618   79.5003   12.7159   -1.7198
  0.10  0.47   25.35    3.88    0.8398   79.3190   11.2705   -0.7352
  0.13  0.47   24.63    3.12    0.6828   79.1454    9.3243    0.0602
  0.17  0.47   24.04    2.26    0.4722   79.0625    6.9378    0.6177
  0.20  0.47   23.58    1.33    0.2258   78.9953    4.2304    0.9628
  0.23  0.47   23.36    0.37   -0.0537   78.9762    1.3114    1.1611
  0.27  0.47   23.37   -0.61   -0.3422   78.9527   -1.6655    1.3170
  0.30  0.47   23.64   -1.57   -0.6252   78.9576   -4.5496    1.5405
  0.33  0.47   24.11   -2.47   -0.8801   78.9884   -7.2000    1.9316
  0.37  0.47   24.74   -3.31   -1.1010   79.0745   -9.5073    2.5504
  0.40  0.47   25.45   -4.04   -1.2739   79.2189  -11.3824    3.4020
  0.43  0.47   26.15   -4.62   -1.4062   79.4208  -12.7401    4.4386
  0.47  0.47   26.83   -4.97   -1.4939   79.6889  -13.4864    5.5447
  0.50  0.47   27.46   -5.05   -1.5719   80.0259  -13.5355    6.5515
  0.53  0.47   28.15   -4.81   -1.6461   80.4488  -12.8410    7.2622
  0.57  0.47   28.90   -4.29   -1.6472   80.9490  -11.4947    7.5122
  0.60  0.47   29.65   -3.58   -1.5528   81.4821   -9.7052    7.2349
  0.63  0.47   30.36   -2.77   -1.3666   82.0163   -7.6406    6.4538
  0.67  0.47   30.95   -1.92   -1.1046   82.4794   -5.4504    5.2669
  0.70  0.47   31.38   -1.09   -0.7850   82.8350   -3.2277    3.7974
  0.73  0.47   31.59   -0.27   -0.4345   83.0206   -1.0063    2.1656
  0.77  0.47   31.58    0.53   -0.0700   83.0340    1.2053    0.4875
  0.80  0.47   31.32    1.34    0.2811   82.8498    3.4403   -1.1399
  0.83  0.47   30.88    2.15    0.6029   82.5223    5.6709   -2.5963
  0.87  0.47   30.26    2.97    0.8641   82.0572    7.8799   -3.7661
  0.90  0.47   29.57    3.74    1.0541   81.5530    9.9282   -4.5211
  0.93  0.47   28.79    4.40    1.1479   81.0102   11.7200   -4.7756
  0.97  0.47   28.07    4.86    1.1556   80.5441   13.0048   -4.5056
  1.00  0.47   27.35    5.05    1.0901   80.0981   13.6670   -3.7868
  0.00  0.50   27.17    5.17   -0.2288   80.1447   14.0347    1.4009
  0.03  0.50   27.25    4.95   -0.2797   80.2478   13.5352    2.2729
  0.07  0.50   27.23    4.47   -0.2951   80.3408   12.4182    2.9435
  0.10  0.50   27.32    3.81   -0.3031   80.5733   10.7337    3.2924
  0.13  0.50   27.34    3.03   -0.2833   80.7817    8.6669    3.2861
  0.17  0.50   27.43    2.16   -0.2682   81.0374    6.2919    2.9522
  0.20  0.50   27.46    1.26   -0.2467   81.2074    3.7735    2.3796
  0.23  0.50   27.51    0.33   -0.2366   81.3246    1.1620    1.6602
  0.27  0.50   27.50   -0.59   -0.2223   81.3124   -1.4563    0.9027
  0.30  0.50   27.49   -1.51   -0.2093   81.2143   -4.0554    0.2003
  0.33  0.50   27.44   -2.39   -0.1877   81.0188   -6.5567   -0.3392
  0.37  0.50   27.38   -3.23   -0.1683   80.7894   -8.8865   -0.6252
  0.40  0.50   27.32   -3.97   -0.1537   80.5480  -10.9271   -0.5833
  0.43  0.50   27.27   -4.58   -0.1586   80.3551  -12.5379   -0.1864
  0.47  0.50   27.22   -5.02   -0.1834   80.2158  -13.6427    0.5129
  0.50  0.50   27.21   -5.17   -0.2311   80.1760  -14.0197    1.3982
  0.53  0.50   27.22   -4.95   -0.2751   80.2242  -13.5539    2.2705
  0.57  0.50   27.26   -4.47   -0.2973   80.3629  -12.4059    2.9392
  0.60  0.50   27.30   -3.82   -0.2995   80.5567  -10.7451    3.2912
  0.63  0.50   27.36   -3.03   -0.2846   80.7965   -8.6596    3.2832
  0.67  0.50   27.42   -2.16   -0.2661   81.0249   -6.2974    2.9518
  0.70  0.50   27.48   -1.26   -0.2471   81.2179   -3.7705    2.3774
  0.73  0.50   27.50   -0.33   -0.2358   81.3140   -1.1628    1.6602
  0.77  0.50   27.51    0.59   -0.2221   81.3213    1.4553    0.9031
  0.80  0.50   27.48    1.51   -0.2098   81.2028    4.0574    0.2011
  0.83  0.50   27.45    2.39   -0.1867   81.0290    6.5521   -0.3364
  0.87  0.50   27.37    3.23   -0.1698   80.7740    8.8930   -0.6252
  0.90  0.50   27.33    3.97   -0.1516   80.5626   10.9167   -0.5779
  0.93  0.50   27.24    4.58   -0.1611   80.3328   12.5493   -0.1850
  0.97  0.50   27.25    5.02   -0.1805   80.2366   13.6255    0.5176
  1.00  0.50   27.17    5.17   -0.2334   80.1454   14.0329    1.4009
  0.00  0.53   27.43    5.05   -1.5678   80.0035   13.5495    6.5529
  0.03  0.53   28.17    4.81   -1.6516   80.4644   12.8227    7.2654
  0.07  0.53   28.89    4.29   -1.6456   80.9344   11.5064    7.5154
  0.10  0.53   29.67    3.57   -1.5564   81.4937    9.6934    7.2352
  0.13  0.53   30.35    2.77   -1.3663   82.0066    7.6465    6.4575
  0.17  0.53   30.96    1.92   -1.1065   82.4875    5.4446    5.2673
  0.20  0.53   31.37    1.09   -0.7847   82.8282    3.2299    3.7993
  0.23  0.53   31.60    0.27   -0.4350   83.0291    1.0056    2.1672
  0.27  0.53   31.57   -0.53   -0.0704   83.0284   -1.2067    0.4855
  0.30  0.53   31.34   -1.34    0.2813   82.8587   -3.4381   -1.1409
  0.33  0.53   30.88   -2.16    0.6022   82.5150   -5.6757   -2.5990
  0.37  0.53   30.28   -2.97    0.8659   82.0683   -7.8736   -3.7682
  0.40  0.53   29.56   -3.74    1.0526   81.5444   -9.9381   -4.5242
  0.43  0.53   28.81   -4.40    1.1505   81.0262  -11.7088   -4.7781
  0.47  0.53   28.06   -4.87    1.1524   80.5307  -13.0215   -4.5092
  0.50  0.53   27.38   -5.05    1.0947   80.1204  -13.6544   -3.7910
  0.53  0.53   26.73   -4.91    1.0360   79.7808  -13.5340   -2.7984
  0.57  0.53   26.05   -4.50    0.9596   79.5179  -12.7093   -1.7244
  0.60  0.53   25.34   -3.88    0.8432   79.3057  -11.2771   -0.7366
  0.63  0.53   24.64   -3.12    0.6825   79.1560   -9.3223    0.0580
  0.67  0.53   24.03   -2.26    0.4734   79.0532   -6.9401    0.6169
  0.70  0.53   23.59   -1.33    0.2254   79.0022   -4.2298    0.9626
  0.73  0.53   23.35   -0.37   -0.0535   78.9662   -1.3114    1.1610
  0.77  0.53   23.38    0.61   -0.3418   78.9579    1.6656    1.3171
  0.80  0.53   23.63    1.57   -0.6250   78.9479    4.5515    1.5412
  0.83  0.53   24.12    2.47   -0.8796   78.9953    7.1982    1.9340
  0.87  0.53   24.73    3.31   -1.1021   79.0619    9.5108    2.5504
  0.90  0.53   25.45    4.04   -1.2726   79.2289   11.3768    3.4070
  0.93  0.53   26.13    4.62   -1.4092   79.4012   12.7464    4.4398
  0.97  0.53   26.84    4.97   -1.4892   79.7067   13.4737    5.5501
  1.00  0.53   27.43    5.05   -1.5774   79.9957   13.5469    6.5522
  0.00  0.57   28.26    4.77   -3.2025   79.8710   12.3546   11.3499
  0.03  0.57   29.93    4.41   -3.2805   80.7929   11.3113   11.8955
  0.07  0.57   31.42    3.83   -3.1764   81.6242    9.8969   11.7572
  0.10  0.57   32.81    3.11   -2.9169   82.4427    8.1931   10.9239
  0.13  0.57   33.94    2.34   -2.4882   83.1332    6.3877    9.4676
  0.17  0.57   34.86    1.58   -1.9460   83.7294    4.5248    7.5088
  0.20  0.57   35.44    0.87   -1.3077   84.1379    2.6851    5.1962
  0.23  0.57   35.75    0.20   -0.6258   84.3731    0.8583    2.6707
  0.27  0.57   35.71   -0.44    0.0782   84.3776   -0.9550    0.0774
  0.30  0.57   35.37   -1.10    0.7600   84.1847   -2.8056   -2.4559
  0.33  0.57   34.70   -1.80    1.3929   83.7817   -4.6885   -4.7831
  0.37  0.57   33.78   -2.53    1.9347   83.2249   -6.5830   -6.7562
  0.40  0.57   32.59   -3.27    2.3558   82.5275   -8.4401   -8.2268
  0.43  0.57   31.22   -3.95    2.6234   81.7464  -10.1409   -9.0665
  0.47  0.57   29.68   -4.48    2.7303   80.8922  -11.5884   -9.2098
  0.50  0.57   28.07   -4.76    2.6816   80.0153  -12.5524   -8.6771
  0.53  0.57   26.43   -4.68    2.5138   79.1521  -12.7776   -7.5988
  0.57  0.57   24.78   -4.30    2.2561   78.3186  -12.3069   -6.1762
  0.60  0.57   23.14   -3.72    1.9151   77.5224  -11.2151   -4.6032
  0.63  0.57   21.61   -2.99    1.5039   76.8203   -9.5208   -3.0518
  0.67  0.57   20.32   -2.17    1.0459   76.2528   -7.2756   -1.6337
  0.70  0.57   19.40   -1.29    0.5686   75.8753   -4.5274   -0.4006
  0.73  0.57   18.92   -0.36    0.0833   75.6687   -1.4165    0.6783
  0.77  0.57   18.95    0.57   -0.4041   75.6439    1.8048    1.7083
  0.80  0.57   19.46    1.49   -0.9030   75.7777    4.8611    2.8148
  0.83  0.57   20.43    2.36   -1.4025   76.1398    7.5109    4.0993
  0.87  0.57   21.74    3.17   -1.8939   76.6708    9.6548    5.5730
  0.90  0.57   23.32    3.87   -2.3353   77.3963   11.2415    7.1842
  0.93  0.57   24.94    4.41   -2.7180   78.1607   12.2494    8.7984
  0.97  0.57   26.65    4.75   -3.0014   79.0396   12.6394   10.2594
  1.00  0.57   28.25    4.77   -3.2106   79.8582   12.3463   11.3481
  0.00  0.60   29.54    4.19   -4.8858   79.9402   10.3702   15.5796
  0.03  0.60   32.06    3.83   -4.9536   81.2360    9.3555   15.9794
  0.07  0.60   34.19    3.28   -4.7196   82.3109    8.1064   15.5333
  0.10  0.60   36.00    2.59   -4.2408   83.2477    6.6742   14.2599
  0.13  0.60   37.38    1.90   -3.5456   83.9976    5.2022   12.2421
  0.17  0.60   38.41    1.24   -2.7099   84.6032    3.6916    9.6087
  0.20  0.60   39.06    0.67   -1.7727   85.0166    2.2087    6.5213
  0.23  0.60   39.37    0.15   -0.7918   85.2515    0.7269    3.1507
  0.27  0.60   39.32   -0.34    0.2072   85.2620   -0.7487   -0.3194
  0.30  0.60   38.95   -0.86    1.1861   85.0736   -2.2570   -3.7119
  0.33  0.60   38.22   -1.43    2.1140   84.6738   -3.7944   -6.8404
  0.37  0.60   37.15   -2.07    2.9429   84.0998   -5.3496   -9.5218
  0.40  0.60   35.70   -2.74    3.6255   83.3437   -6.8846  -11.5889
  0.43  0.60   33.89   -3.38    4.1055   82.4279   -8.3391  -12.9033
  0.47  0.60   31.72   -3.89    4.3417   81.3298   -9.6240  -13.3798
  0.50  0.60   29.24   -4.18    4.3077   80.0575  -10.6061  -13.0112
  0.53  0.60   26.54   -4.18    4.0241   78.6261  -11.1417  -11.8837
  0.57  0.60   23.78   -3.89    3.5279   77.0988  -11.1059  -10.1743
  0.60  0.60   21.09   -3.36    2.8821   75.5314  -10.4742   -8.0933
  0.63  0.60   18.68   -2.69    2.1607   74.0686   -9.2063   -5.8626
  0.67  0.60   16.71   -1.94    1.4381   72.8605   -7.2694   -3.6713
  0.70  0.60   15.38   -1.15    0.7710   72.0500   -4.6507   -1.6345
  0.73  0.60   14.70   -0.33    0.1664   71.6317   -1.4787    0.2380
  0.77  0.60   14.73    0.50   -0.4140   71.5908    1.8760    2.0534
  0.80  0.60   15.43    1.32   -1.0413   71.9140    4.9672    3.9515
  0.83  0.60   16.84    2.11   -1.7476   72.7090    7.4652    6.0345
  0.87  0.60   18.83    2.84   -2.5250   73.8976    9.2738    8.2772
  0.90  0.60   21.32    3.50   -3.3024   75.4007   10.4305   10.5614
  0.93  0.60   24.02    3.99   -4.0139   76.9532   10.9775   12.6801
  0.97  0.60   26.85    4.24   -4.5541   78.5324   10.9350   14.4313
  1.00  0.60   29.52    4.19   -4.8939   79.9224   10.3661   15.5761
  0.00  0.63   30.99    3.48   -6.5214   80.1804    8.1652   19.0945
  0.03  0.63   34.26    3.12   -6.5486   81.7732    7.2450   19.3860
  0.07  0.63   36.90    2.60   -6.1415   82.9910    6.2227   18.7099
  0.10  0.63   38.95    2.00   -5.4113   83.9502    5.1143   17.1019
  0.13  0.63   40.42    1.42   -4.4368   84.6659    3.9900   14.6362
  0.17  0.63   41.44    0.89   -3.3288   85.2181    2.8465   11.4445
  0.20  0.63   42.04    0.46   -2.1394   85.5873    1.7097    7.6889
  0.23  0.63   42.32    0.09   -0.9226   85.7980    0.5794    3.5745
  0.27  0.63   42.27   -0.23    0.3067   85.8135   -0.5471   -0.6736
  0.30  0.63   41.93   -0.61    1.5198   85.6533   -1.7122   -4.8273
  0.33  0.63   41.23   -1.05    2.6982   85.2993   -2.8998   -8.6463
  0.37  0.63   40.15   -1.56    3.7938   84.7710   -4.0937  -11.9184
  0.40  0.63   38.60   -2.13    4.7486   84.0371   -5.2788  -14.4619
  0.43  0.63   36.52   -2.69    5.4719   83.0782   -6.4182  -16.1425
  0.47  0.63   33.84   -3.18    5.8762   81.8283   -7.4822  -16.8700
  0.50  0.63   30.60   -3.47    5.8820   80.2401   -8.3850  -16.6242
  0.53  0.63   26.92   -3.50    5.4725   78.2876   -8.9891  -15.4627
  0.57  0.63   23.05   -3.25    4.7013   76.0102   -9.2037  -13.5299
  0.60  0.63   19.31   -2.79    3.7028   73.5388   -8.9585  -11.0417
  0.63  0.63   16.02   -2.20    2.6363   71.1267   -8.1490   -8.2584
  0.67  0.63   13.48   -1.57    1.6532   69.1147   -6.6820   -5.4225
  0.70  0.63   11.84   -0.93    0.8421   67.7736   -4.4134   -2.7088
  0.73  0.63   11.06   -0.27    0.1965   67.1312   -1.4203   -0.1541
  0.77  0.63   11.09    0.39   -0.3818   67.0743    1.7917    2.3463
  0.80  0.63   11.89    1.05   -1.0564   67.6129    4.6903    4.9190
  0.83  0.63   13.60    1.69   -1.9208   68.9465    6.8207    7.6720
  0.87  0.63   16.19    2.32   -2.9781   70.9730    8.1619   10.5554
  0.90  0.63   19.55    2.90   -4.1252   73.4450    8.8745   13.3932
  0.93  0.63   23.35    3.34   -5.2172   75.9236    9.0512   15.9204
  0.97  0.63   27.30    3.55   -6.0519   78.2518    8.7887   17.9007
  1.00  0.63   30.97    3.48   -6.5287   80.1597    8.1598   19.0898
  0.00  0.67   32.35    2.58   -7.9067   80.5331    5.7844   21.8058
  0.03  0.67   36.19    2.29   -7.8744   82.3096    5.1051   22.0199
  0.07  0.67   39.13    1.88   -7.2842   83.5644    4.3817   21.1828
  0.10  0.67   41.26    1.41   -6.3085   84.4607    3.6119   19.3314
  0.13  0.67   42.66    0.97   -5.0863   85.0845    2.8364   16.5371
  0.17  0.67   43.55    0.59   -3.7573   85.5408    2.0346   12.9178
  0.20  0.67   44.04    0.29   -2.3828   85.8450    1.2366    8.6368
  0.23  0.67   44.27    0.06   -1.0086   86.0218    0.4288    3.9192
  0.27  0.67   44.22   -0.15    0.3668   86.0424   -0.3816   -0.9708
  0.30  0.67   43.94   -0.39    1.7387   85.9201   -1.2147   -5.7392
  0.33  0.67   43.36   -0.70    3.1015   85.6339   -2.0579  -10.1054
  0.37  0.67   42.40   -1.08    4.4153   85.1905   -2.9014  -13.8303
  0.40  0.67   40.90   -1.51    5.6120   84.5397   -3.7264  -16.7281
  0.43  0.67   38.72   -1.95    6.5705   83.6231   -4.5237  -18.6691
  0.47  0.67   35.72   -2.33    7.1515   82.3239   -5.2793  -19.5745
  0.50  0.67   31.90   -2.57    7.2139   80.5316   -5.9558  -19.4159
  0.53  0.67   27.40   -2.62    6.7003   78.1573   -6.4958  -18.2273
  0.57  0.67   22.58   -2.43    5.6733   75.2098   -6.8023  -16.1282
  0.60  0.67   17.92   -2.07    4.3379   71.8490   -6.8039  -13.3327
  0.63  0.67   13.92   -1.60    2.9504   68.4555   -6.3893  -10.1311
  0.67  0.67   10.96   -1.13    1.7421   65.6009   -5.4504   -6.8135
  0.70  0.67    9.15   -0.67    0.8253   63.7342   -3.7368   -3.5816
  0.73  0.67    8.37   -0.20    0.1878   62.9213   -1.2176   -0.4795
  0.77  0.67    8.39    0.27   -0.3281   62.8534    1.5250    2.5853
  0.80  0.67    9.19    0.75   -0.9984   63.5556    3.9464    5.6928
  0.83  0.67   11.06    1.21   -1.9759   65.4354    5.5294    8.9549
  0.87  0.67   14.08    1.68   -3.2724   68.3349    6.3646   12.3196
  0.90  0.67   18.17    2.15   -4.7620   71.8113    6.7125   15.5820
  0.93  0.67   22.90    2.50   -6.2123   75.1913    6.6644   18.4243
  0.97  0.67   27.82    2.66   -7.3223   78.1862    6.3293   20.5764
  1.00  0.67   32.33    2.58   -7.9129   80.5111    5.7810   21.7999
  0.00  0.70   33.38    1.60   -8.9196   80.8626    3.4567   23.6465
  0.03  0.70   37.60    1.40   -8.8303   82.7360    3.0324   23.8120
  0.07  0.70   40.71    1.13   -8.0839   83.9780    2.5957   22.8695
  0.10  0.70   42.82    0.83   -6.9071   84.7981    2.1387   20.8613
  0.13  0.70   44.10    0.54   -5.4921   85.3267    1.6754   17.8509
  0.17  0.70   44.82    0.30   -4.0045   85.6944    1.1989   13.9430
  0.20  0.70   45.16    0.12   -2.5163   85.9326    0.7173    9.2994
  0.23  0.70   45.30    0.02   -1.0555   86.0777    0.2521    4.1578
  0.27  0.70   45.26   -0.05    0.3963   86.1024   -0.2047   -1.1789
  0.30  0.70   45.08   -0.18    1.8551   86.0162   -0.6987   -6.3816
  0.33  0.70   44.65   -0.37    3.3351   85.7955   -1.2098  -11.1271
  0.37  0.70   43.85   -0.61    4.8056   85.4347   -1.7150  -15.1590
  0.40  0.70   42.46   -0.89    6.1901   84.8699   -2.2093  -18.2873
  0.43  0.70   40.28   -1.17    7.3400   84.0154   -2.6835  -20.3980
  0.47  0.70   37.11   -1.43    8.0703   82.7183   -3.1404  -21.4177
  0.50  0.70   32.91   -1.59    8.1869   80.8156   -3.5636  -21.3147
  0.53  0.70   27.83   -1.62    7.5977   78.1614   -3.9174  -20.1072
  0.57  0.70   22.30   -1.50    6.3670   74.7085   -4.1510  -17.8929
  0.60  0.70   16.98   -1.26    4.7659   70.6376   -4.2204  -14.8892
  0.63  0.70   12.47   -0.95    3.1306   66.4123   -4.0380  -11.4074
  0.67  0.70    9.26   -0.66    1.7592   62.8578   -3.5649   -7.7862
  0.70  0.70    7.39   -0.39    0.7706   60.5738   -2.5078   -4.2196
  0.73  0.70    6.70   -0.11    0.1597   59.7320   -0.7890   -0.7269
  0.77  0.70    6.71    0.15   -0.2728   59.6544    0.9876    2.7734
  0.80  0.70    7.42    0.43   -0.9173   60.3840    2.6417    6.2530
  0.83  0.70    9.35    0.71   -1.9701   62.6987    3.5990    9.8397
  0.87  0.70   12.63    1.00   -3.4365   66.3279    4.0097   13.5113
  0.90  0.70   17.23    1.31   -5.1891   70.6479    4.1531   17.0633
  0.93  0.70   22.63    1.55   -6.9242   74.7467    4.0610   20.1221
  0.97  0.70   28.26    1.65   -8.2516   78.2406    3.8124   22.3933
  1.00  0.70   33.36    1.59   -8.9252   80.8396    3.4540   23.6397
  0.00  0.73   33.93    0.53   -9.4492   81.0571    1.1365   24.5774
  0.03  0.73   38.33    0.46   -9.3208   82.9665    0.9948   24.7167
  0.07  0.73   41.50    0.37   -8.4814   84.1858    0.8510   23.7215
  0.10  0.73   43.55    0.27   -7.1881   84.9494    0.7016   21.6373
  0.13  0.73   44.71    0.17   -5.6643   85.4141    0.5532   18.5187
  0.17  0.73   45.29    0.10   -4.0923   85.7216    0.3989   14.4683
  0.20  0.73   45.49    0.04   -2.5517   85.9190    0.2465    9.6408
  0.23  0.73   45.54    0.01   -1.0686   86.0391    0.0877    4.2814
  0.27  0.73   45.52   -0.02    0.3971   86.0681   -0.0721   -1.2904
  0.30  0.73   45.45   -0.06    1.8835   86.0089   -0.2363   -6.7146
  0.33  0.73   45.15   -0.12    3.4197   85.8311   -0.3996  -11.6526
  0.37  0.73   44.49   -0.20    4.9739   85.5265   -0.5646  -15.8361
  0.40  0.73   43.20   -0.29    6.4640   85.0199   -0.7246  -19.0790
  0.43  0.73   41.06   -0.39    7.7234   84.2144   -0.8801  -21.2734
  0.47  0.73   37.83   -0.47    8.5429   82.9333   -1.0308  -22.3497
  0.50  0.73   33.44   -0.53    8.6955   80.9869   -1.1731  -22.2737
  0.53  0.73   28.07   -0.55    8.0665   78.1931   -1.2980  -21.0564
  0.57  0.73   22.17   -0.51    6.7254   74.4758   -1.3864  -18.7848
  0.60  0.73   16.50   -0.42    4.9779   70.0140   -1.4243  -15.6732
  0.63  0.73   11.75   -0.31    3.2065   65.3190   -1.3748  -12.0495
  0.67  0.73    8.44   -0.22    1.7532   61.3977   -1.2443   -8.2905
  0.70  0.73    6.54   -0.13    0.7179   58.8868   -0.9119   -4.5618
  0.73  0.73    5.98   -0.04    0.1282   58.1709   -0.2824   -0.8591
  0.77  0.73    5.98    0.05   -0.2297   58.0816    0.3542    2.8792
  0.80  0.73    6.57    0.15   -0.8538   58.6972    0.9533    6.5542
  0.83  0.73    8.53    0.23   -1.9531   61.2440    1.2506   10.2969
  0.87  0.73   11.90    0.33   -3.5048   65.2576    1.3622   14.1093
  0.90  0.73   16.75    0.44   -5.4001   70.0534    1.3989   17.8085
  0.93  0.73   22.51    0.52   -7.2906   74.5448    1.3534   20.9800
  0.97  0.73   28.51    0.55   -8.7374   78.2991    1.2620   23.3123
  1.00  0.73   33.90    0.53   -9.4534   81.0340    1.1347   24.5704
  0.00  0.77   33.93   -0.53   -9.4490   81.0570   -1.1377   24.5774
  0.03  0.77   38.33   -0.46   -9.3207   82.9662   -0.9959   24.7166
  0.07  0.77   41.49   -0.37   -8.4813   84.1855   -0.8519   23.7214
  0.10  0.77   43.55   -0.27   -7.1878   84.9494   -0.7023   21.6359
  0.13  0.77   44.71   -0.17   -5.6644   85.4144   -0.5537   18.5188
  0.17  0.77   45.28   -0.10   -4.0922   85.7214   -0.3990   14.4683
  0.20  0.77   45.49   -0.04   -2.5517   85.9190   -0.2466    9.6408
  0.23  0.77   45.54   -0.01   -1.0685   86.0390   -0.0875    4.2814
  0.27  0.77   45.52    0.02    0.3970   86.0681    0.0724   -1.2904
  0.30  0.77   45.45    0.06    1.8834   86.0088    0.2367   -6.7146
  0.33  0.77   45.15    0.12    3.4196   85.8313    0.4006  -11.6526
  0.37  0.77   44.49    0.20    4.9739   85.5265    0.5655  -15.8361
  0.40  0.77   43.20    0.29    6.4640   85.0200    0.7259  -19.0791
  0.43  0.77   41.06    0.39    7.7233   84.2143    0.8813  -21.2734
  0.47  0.77   37.83    0.47    8.5429   82.9333    1.0324  -22.3497
  0.50  0.77   33.44    0.53    8.6952   80.9868    1.1743  -22.2736
  0.53  0.77   28.07    0.55    8.0665   78.1935    1.3005  -21.0565
  0.57  0.77   22.17    0.51    6.7252   74.4758    1.3886  -18.7847
  0.60  0.77   16.50    0.42    4.9779   70.0144    1.4250  -15.6732
  0.63  0.77   11.75    0.32    3.2066   65.3192    1.3763  -12.0494
  0.67  0.77    8.44    0.22    1.7531   61.3980    1.2451   -8.2905
  0.70  0.77    6.54    0.13    0.7180   58.8872    0.9139   -4.5618
  0.73  0.77    5.98    0.04    0.1282   58.1707    0.2827   -0.8591
  0.77  0.77    5.98   -0.05   -0.2297   58.0820   -0.3540    2.8792
  0.80  0.77    6.57   -0.15   -0.8537   58.6966   -0.9549    6.5540
  0.83  0.77    8.53   -0.23   -1.9530   61.2442   -1.2529   10.2968
  0.87  0.77   11.90   -0.33   -3.5046   65.2567   -1.3642   14.1078
  0.90  0.77   16.75   -0.44   -5.4001   70.0536   -1.4018   17.8084
  0.93  0.77   22.51   -0.52   -7.2902   74.5442   -1.3549   20.9785
  0.97  0.77   28.51   -0.56   -8.7375   78.2992   -1.2635   23.3123
  1.00  0.77   33.90   -0.53   -9.4532   81.0334   -1.1360   24.5702
  0.00  0.80   33.38   -1.60   -8.9194   80.8620   -3.4587   23.6463
  0.03  0.80   37.60   -1.40   -8.8298   82.7355   -3.0337   23.8105
  0.07  0.80   40.71   -1.13   -8.0836   83.9779   -2.5964   22.8681
  0.10  0.80   42.82   -0.83   -6.9071   84.7978   -2.1393   20.8613
  0.13  0.80   44.10   -0.54   -5.4917   85.3265   -1.6761   17.8494
  0.17  0.80   44.82   -0.30   -4.0047   85.6946   -1.1992   13.9430
  0.20  0.80   45.16   -0.12   -2.5161   85.9323   -0.7176    9.2994
  0.23  0.80   45.30   -0.02   -1.0556   86.0774   -0.2523    4.1578
  0.27  0.80   45.26    0.05    0.3965   86.1022    0.2053   -1.1789
  0.30  0.80   45.08    0.18    1.8550   86.0169    0.6993   -6.3817
  0.33  0.80   44.65    0.37    3.3348   85.7958    1.2108  -11.1272
  0.37  0.80   43.85    0.61    4.8054   85.4349    1.7159  -15.1575
  0.40  0.80   42.46    0.89    6.1896   84.8699    2.2109  -18.2858
  0.43  0.80   40.28    1.17    7.3398   84.0155    2.6847  -20.3966
  0.47  0.80   37.11    1.43    8.0696   82.7179    3.1422  -21.4163
  0.50  0.80   32.91    1.59    8.1867   80.8165    3.5651  -21.3136
  0.53  0.80   27.83    1.63    7.5964   78.1612    3.9197  -20.1058
  0.57  0.80   22.30    1.50    6.3674   74.7098    4.1538  -17.8930
  0.60  0.80   16.98    1.26    4.7664   70.6376    4.2209  -14.8878
  0.63  0.80   12.47    0.95    3.1304   66.4142    4.0391  -11.4074
  0.67  0.80    9.26    0.66    1.7593   62.8591    3.5660   -7.7849
  0.70  0.80    7.39    0.39    0.7705   60.5749    2.5096   -4.2194
  0.73  0.80    6.70    0.11    0.1597   59.7353    0.7900   -0.7268
  0.77  0.80    6.71   -0.15   -0.2731   59.6550   -0.9890    2.7733
  0.80  0.80    7.43   -0.43   -0.9175   60.3886   -2.6436    6.2532
  0.83  0.80    9.35   -0.71   -1.9702   62.6990   -3.6010    9.8394
  0.87  0.80   12.63   -1.00   -3.4369   66.3312   -4.0114   13.5116
  0.90  0.80   17.23   -1.31   -5.1881   70.6477   -4.1553   17.0617
  0.93  0.80   22.63   -1.55   -6.9240   74.7478   -4.0625   20.1210
  0.97  0.80   28.26   -1.65   -8.2511   78.2402   -3.8144   22.3931
  1.00  0.80   33.35   -1.59   -8.9249   80.8392   -3.4556   23.6396
  0.00  0.83   32.35   -2.58   -7.9053   80.5330   -5.7859   21.8030
  0.03  0.83   36.19   -2.29   -7.8734   82.3096   -5.1065   22.0186
  0.07  0.83   39.13   -1.88   -7.2841   83.5637   -4.3825   21.1813
  0.10  0.83   41.26   -1.41   -6.3081   84.4598   -3.6125   19.3298
  0.13  0.83   42.66   -0.97   -5.0861   85.0842   -2.8366   16.5355
  0.17  0.83   43.55   -0.59   -3.7569   85.5405   -2.0347   12.9161
  0.20  0.83   44.04   -0.29   -2.3827   85.8447   -1.2366    8.6367
  0.23  0.83   44.27   -0.06   -1.0081   86.0222   -0.4287    3.9175
  0.27  0.83   44.22    0.15    0.3664   86.0433    0.3826   -0.9710
  0.30  0.83   43.94    0.39    1.7384   85.9196    1.2154   -5.7392
  0.33  0.83   43.36    0.70    3.1012   85.6336    2.0585  -10.1055
  0.37  0.83   42.40    1.08    4.4151   85.1909    2.9024  -13.8305
  0.40  0.83   40.89    1.51    5.6113   84.5401    3.7272  -16.7252
  0.43  0.83   38.72    1.95    6.5699   83.6228    4.5247  -18.6677
  0.47  0.83   35.72    2.33    7.1508   82.3240    5.2804  -19.5732
  0.50  0.83   31.90    2.57    7.2132   80.5321    5.9571  -19.4147
  0.53  0.83   27.40    2.62    6.6992   78.1584    6.4972  -18.2260
  0.57  0.83   22.58    2.43    5.6726   75.2110    6.8040  -16.1268
  0.60  0.83   17.92    2.07    4.3387   71.8510    6.8063  -13.3314
  0.63  0.83   13.92    1.60    2.9508   68.4572    6.3908  -10.1298
  0.67  0.83   10.96    1.13    1.7421   65.6042    5.4508   -6.8124
  0.70  0.83    9.15    0.67    0.8251   63.7367    3.7378   -3.5802
  0.73  0.83    8.38    0.20    0.1876   62.9241    1.2179   -0.4795
  0.77  0.83    8.39   -0.27   -0.3279   62.8562   -1.5268    2.5850
  0.80  0.83    9.19   -0.75   -0.9981   63.5580   -3.9482    5.6925
  0.83  0.83   11.06   -1.21   -1.9755   65.4372   -5.5323    8.9533
  0.87  0.83   14.08   -1.68   -3.2719   68.3354   -6.3662   12.3181
  0.90  0.83   18.17   -2.15   -4.7615   71.8112   -6.7131   15.5805
  0.93  0.83   22.90   -2.50   -6.2115   75.1905   -6.6659   18.4213
  0.97  0.83   27.82   -2.66   -7.3215   78.1857   -6.3307   20.5734
  1.00  0.83   32.32   -2.58   -7.9119   80.5106   -5.7822   21.7971
  0.00  0.87   30.99   -3.48   -6.5206   80.1797   -8.1667   19.0916
  0.03  0.87   34.26   -3.12   -6.5474   81.7729   -7.2470   19.3846
  0.07  0.87   36.90   -2.60   -6.1407   82.9905   -6.2248   18.7086
  0.10  0.87   38.95   -2.00   -5.4110   83.9497   -5.1148   17.1004
  0.13  0.87   40.41   -1.42   -4.4363   84.6656   -3.9908   14.6348
  0.17  0.87   41.43   -0.89   -3.3289   85.2177   -2.8466   11.4428
  0.20  0.87   42.04   -0.46   -2.1392   85.5865   -1.7099    7.6888
  0.23  0.87   42.32   -0.09   -0.9225   85.7984   -0.5790    3.5744
  0.27  0.87   42.27    0.23    0.3064   85.8137    0.5475   -0.6737
  0.30  0.87   41.93    0.61    1.5194   85.6529    1.7129   -4.8274
  0.33  0.87   41.23    1.05    2.6980   85.2990    2.9010   -8.6465
  0.37  0.87   40.15    1.56    3.7934   84.7712    4.0950  -11.9170
  0.40  0.87   38.60    2.13    4.7481   84.0370    5.2802  -14.4606
  0.43  0.87   36.52    2.69    5.4713   83.0784    6.4195  -16.1397
  0.47  0.87   33.84    3.18    5.8753   81.8278    7.4839  -16.8686
  0.50  0.87   30.60    3.47    5.8816   80.2412    8.3864  -16.6230
  0.53  0.87   26.92    3.50    5.4710   78.2881    8.9906  -15.4599
  0.57  0.87   23.05    3.25    4.7010   76.0120    9.2053  -13.5271
  0.60  0.87   19.31    2.79    3.7025   73.5396    8.9598  -11.0400
  0.63  0.87   16.02    2.20    2.6362   71.1300    8.1508   -8.2571
  0.67  0.87   13.48    1.57    1.6537   69.1174    6.6828   -5.4211
  0.70  0.87   11.84    0.93    0.8416   67.7770    4.4129   -2.7075
  0.73  0.87   11.07    0.27    0.1964   67.1352    1.4196   -0.1542
  0.77  0.87   11.09   -0.39   -0.3819   67.0766   -1.7914    2.3464
  0.80  0.87   11.90   -1.05   -1.0560   67.6169   -4.6900    4.9179
  0.83  0.87   13.60   -1.69   -1.9202   68.9484   -6.8211    7.6705
  0.87  0.87   16.19   -2.32   -2.9777   70.9752   -8.1629   10.5541
  0.90  0.87   19.55   -2.90   -4.1245   73.4452   -8.8760   13.3916
  0.93  0.87   23.35   -3.34   -5.2166   75.9236   -9.0521   15.9189
  0.97  0.87   27.30   -3.55   -6.0508   78.2509   -8.7905   17.8975
  1.00  0.87   30.97   -3.48   -6.5278   80.1595   -8.1613   19.0869
  0.00  0.90   29.54   -4.19   -4.8844   79.9396  -10.3716   15.5765
  0.03  0.90   32.06   -3.83   -4.9523   81.2352   -9.3566   15.9764
  0.07  0.90   34.19   -3.28   -4.7179   82.3113   -8.1080   15.5306
  0.10  0.90   35.99   -2.59   -4.2404   83.2472   -6.6751   14.2584
  0.13  0.90   37.38   -1.90   -3.5450   83.9962   -5.2027   12.2405
  0.17  0.90   38.41   -1.24   -2.7093   84.6024   -3.6918    9.6054
  0.20  0.90   39.05   -0.67   -1.7725   85.0163   -2.2083    6.5195
  0.23  0.90   39.37   -0.15   -0.7915   85.2512   -0.7268    3.1506
  0.27  0.90   39.32    0.34    0.2067   85.2622    0.7494   -0.3196
  0.30  0.90   38.95    0.86    1.1856   85.0728    2.2576   -3.7120
  0.33  0.90   38.22    1.43    2.1134   84.6735    3.7952   -6.8389
  0.37  0.90   37.15    2.07    2.9423   84.0994    5.3503   -9.5204
  0.40  0.90   35.70    2.74    3.6245   83.3437    6.8854  -11.5859
  0.43  0.90   33.89    3.38    4.1046   82.4278    8.3403  -12.9005
  0.47  0.90   31.72    3.89    4.3406   81.3301    9.6247  -13.3768
  0.50  0.90   29.24    4.18    4.3068   80.0582   10.6076  -13.0083
  0.53  0.90   26.54    4.18    4.0228   78.6276   11.1418  -11.8809
  0.57  0.90   23.78    3.89    3.5267   77.1000   11.1071  -10.1715
  0.60  0.90   21.10    3.36    2.8823   75.5336   10.4758   -8.0902
  0.63  0.90   18.68    2.69    2.1604   74.0707    9.2065   -5.8611
  0.67  0.90   16.72    1.94    1.4381   72.8645    7.2706   -3.6697
  0.70  0.90   15.38    1.15    0.7712   72.0525    4.6496   -1.6347
  0.73  0.90   14.71    0.33    0.1661   71.6353    1.4781    0.2379
  0.77  0.90   14.73   -0.50   -0.4134   71.5932   -1.8767    2.0518
  0.80  0.90   15.44   -1.32   -1.0407   71.9172   -4.9671    3.9503
  0.83  0.90   16.84   -2.11   -1.7472   72.7111   -7.4647    6.0333
  0.87  0.90   18.83   -2.84   -2.5244   73.8988   -9.2745    8.2757
  0.90  0.90   21.32   -3.50   -3.3016   75.4012  -10.4308   10.5584
  0.93  0.90   24.02   -3.99   -4.0131   76.9534  -10.9786   12.6771
  0.97  0.90   26.85   -4.24   -4.5531   78.5321  -10.9359   14.4283
  1.00  0.90   29.52   -4.19   -4.8929   79.9215  -10.3671   15.5730
  0.00  0.93   28.26   -4.77   -3.2016   79.8711  -12.3558   11.3469
  0.03  0.93   29.93   -4.41   -3.2795   80.7918  -11.3130   11.8925
  0.07  0.93   31.42   -3.84   -3.1749   81.6238   -9.8980   11.7526
  0.10  0.93   32.81   -3.11   -2.9159   82.4427   -8.1953   10.9228
  0.13  0.93   33.94   -2.34   -2.4875   83.1330   -6.3888    9.4647
  0.17  0.93   34.85   -1.58   -1.9459   83.7290   -4.5250    7.5073
  0.20  0.93   35.44   -0.87   -1.3076   84.1370   -2.6851    5.1946
  0.23  0.93   35.75   -0.20   -0.6256   84.3732   -0.8577    2.6706
  0.27  0.93   35.70    0.44    0.0777   84.3780    0.9552    0.0774
  0.30  0.93   35.36    1.10    0.7593   84.1843    2.8061   -2.4545
  0.33  0.93   34.70    1.80    1.3924   83.7811    4.6893   -4.7817
  0.37  0.93   33.77    2.53    1.9343   83.2249    6.5845   -6.7550
  0.40  0.93   32.59    3.27    2.3551   82.5278    8.4418   -8.2240
  0.43  0.93   31.22    3.95    2.6226   81.7465   10.1422   -9.0619
  0.47  0.93   29.68    4.49    2.7295   80.8920   11.5899   -9.2068
  0.50  0.93   28.07    4.76    2.6806   80.0158   12.5533   -8.6725
  0.53  0.93   26.43    4.68    2.5129   79.1527   12.7780   -7.5957
  0.57  0.93   24.78    4.30    2.2549   78.3203   12.3068   -6.1733
  0.60  0.93   23.14    3.72    1.9143   77.5236   11.2164   -4.6001
  0.63  0.93   21.61    2.99    1.5034   76.8223    9.5218   -3.0488
  0.67  0.93   20.32    2.17    1.0457   76.2548    7.2757   -1.6307
  0.70  0.93   19.40    1.29    0.5686   75.8775    4.5283   -0.3989
  0.73  0.93   18.92    0.36    0.0835   75.6704    1.4158    0.6781
  0.77  0.93   18.95   -0.57   -0.4037   75.6458   -1.8022    1.7090
  0.80  0.93   19.46   -1.49   -0.9023   75.7794   -4.8597    2.8151
  0.83  0.93   20.44   -2.36   -1.4020   76.1409   -7.5103    4.0980
  0.87  0.93   21.74   -3.17   -1.8932   76.6713   -9.6554    5.5698
  0.90  0.93   23.32   -3.87   -2.3345   77.3966  -11.2424    7.1812
  0.93  0.93   24.94   -4.41   -2.7172   78.1606  -12.2501    8.7953
  0.97  0.93   26.65   -4.75   -3.0003   79.0392  -12.6405   10.2545
  1.00  0.93   28.25   -4.77   -3.2096   79.8580  -12.3474   11.3450
  0.00  0.97   27.43   -5.05   -1.5667   80.0037  -13.5501    6.5481
  0.03  0.97   28.17   -4.81   -1.6505   80.4646  -12.8234    7.2623
  0.07  0.97   28.89   -4.29   -1.6445   80.9335  -11.5068    7.5125
  0.10  0.97   29.66   -3.57   -1.5551   81.4927   -9.6943    7.2322
  0.13  0.97   30.35   -2.77   -1.3651   82.0062   -7.6471    6.4546
  0.17  0.97   30.96   -1.92   -1.1059   82.4868   -5.4453    5.2659
  0.20  0.97   31.37   -1.09   -0.7843   82.8270   -3.2302    3.7978
  0.23  0.97   31.60   -0.27   -0.4348   83.0282   -1.0052    2.1655
  0.27  0.97   31.57    0.53   -0.0707   83.0276    1.2064    0.4871
  0.30  0.97   31.33    1.34    0.2807   82.8573    3.4383   -1.1394
  0.33  0.97   30.87    2.16    0.6015   82.5146    5.6761   -2.5975
  0.37  0.97   30.28    2.97    0.8647   82.0681    7.8744   -3.7653
  0.40  0.97   29.55    3.74    1.0513   81.5437    9.9392   -4.5213
  0.43  0.97   28.81    4.40    1.1496   81.0259   11.7096   -4.7750
  0.47  0.97   28.05    4.87    1.1511   80.5309   13.0217   -4.5045
  0.50  0.97   27.38    5.05    1.0938   80.1210   13.6543   -3.7879
  0.53  0.97   26.73    4.91    1.0349   79.7818   13.5337   -2.7937
  0.57  0.97   26.05    4.50    0.9587   79.5194   12.7088   -1.7214
  0.60  0.97   25.34    3.88    0.8423   79.3076   11.2765   -0.7337
  0.63  0.97   24.65    3.12    0.6817   79.1580    9.3215    0.0593
  0.67  0.97   24.03    2.26    0.4729   79.0556    6.9402    0.6199
  0.70  0.97   23.59    1.33    0.2252   79.0045    4.2294    0.9640
  0.73  0.97   23.35    0.37   -0.0535   78.9690    1.3118    1.1611
  0.77  0.97   23.38   -0.61   -0.3416   78.9603   -1.6648    1.3174
  0.80  0.97   23.63   -1.57   -0.6246   78.9504   -4.5500    1.5402
  0.83  0.97   24.12   -2.47   -0.8791   78.9969   -7.1971    1.9327
  0.87  0.97   24.73   -3.31   -1.1011   79.0634   -9.5099    2.5477
  0.90  0.97   25.46   -4.04   -1.2714   79.2302  -11.3762    3.4041
  0.93  0.97   26.13   -4.62   -1.4081   79.4026  -12.7464    4.4349
  0.97  0.97   26.84   -4.97   -1.4882   79.7072  -13.4736    5.5470
  1.00  0.97   27.43   -5.05   -1.5764   79.9955  -13.5471    6.5475
  0.00  1.00   27.17   -5.17   -0.2281   80.1446  -14.0352    1.3961
  0.03  1.00   27.25   -4.95   -0.2789   80.2472  -13.5363    2.2682
  0.07  1.00   27.23   -4.47   -0.2943   80.3408  -12.4187    2.9388
  0.10  1.00   27.32   -3.81   -0.3025   80.5730  -10.7340    3.2893
  0.13  1.00   27.34   -3.03   -0.2829   80.7814   -8.6667    3.2845
  0.17  1.00   27.43   -2.16   -0.2679   81.0364   -6.2921    2.9507
  0.20  1.00   27.46   -1.26   -0.2464   81.2067   -3.7725    2.3778
  0.23  1.00   27.51   -0.33   -0.2366   81.3238   -1.1609    1.6598
  0.27  1.00   27.50    0.59   -0.2225   81.3116    1.4560    0.9028
  0.30  1.00   27.49    1.51   -0.2097   81.2137    4.0552    0.2019
  0.33  1.00   27.43    2.39   -0.1882   81.0182    6.5570   -0.3378
  0.37  1.00   27.38    3.23   -0.1689   80.7891    8.8865   -0.6221
  0.40  1.00   27.32    3.97   -0.1543   80.5474   10.9275   -0.5803
  0.43  1.00   27.27    4.58   -0.1591   80.3548   12.5385   -0.1833
  0.47  1.00   27.22    5.02   -0.1840   80.2155   13.6430    0.5161
  0.50  1.00   27.21    5.17   -0.2316   80.1760   14.0200    1.4014
  0.53  1.00   27.22    4.95   -0.2756   80.2243   13.5535    2.2737
  0.57  1.00   27.26    4.47   -0.2980   80.3632   12.4058    2.9424
  0.60  1.00   27.30    3.82   -0.3001   80.5571   10.7450    3.2943
  0.63  1.00   27.36    3.03   -0.2851   80.7967    8.6596    3.2863
  0.67  1.00   27.42    2.16   -0.2663   81.0252    6.2969    2.9532
  0.70  1.00   27.48    1.26   -0.2473   81.2181    3.7704    2.3789
  0.73  1.00   27.50    0.33   -0.2357   81.3141    1.1622    1.6601
  0.77  1.00   27.52   -0.59   -0.2220   81.3215   -1.4543    0.9034
  0.80  1.00   27.48   -1.51   -0.2093   81.2027   -4.0567    0.1997
  0.83  1.00   27.45   -2.39   -0.1863   81.0289   -6.5513   -0.3377
  0.87  1.00   27.36   -3.23   -0.1693   80.7736   -8.8923   -0.6266
  0.90  1.00   27.33   -3.97   -0.1510   80.5617  -10.9162   -0.5810
  0.93  1.00   27.24   -4.58   -0.1604   80.3320  -12.5490   -0.1897
  0.97  1.00   27.25   -5.02   -0.1798   80.2359  -13.6254    0.5128
  1.00  1.00   27.17   -5.17   -0.2327   80.1446  -14.0331    1.3961
