0 0 25.81 -3.11 -0.2218 79.3013 -7.9985 1.3843
0.03 0 25.82 -2.98 -0.2498 79.3073 -7.7497 1.5734
0.05 0 25.84 -2.76 -0.2887 79.313 -7.2627 1.7325
0.08 0 25.88 -2.51 -0.3276 79.3133 -6.6677 1.8509
0.1 0 25.92 -2.22 -0.3585 79.3171 -5.9438 1.9189
0.12 0 25.98 -1.89 -0.3753 79.3286 -5.1108 1.9323
0.15 0 26.04 -1.52 -0.3745 79.3465 -4.1839 1.8917
0.17 0 26.09 -1.14 -0.3555 79.3693 -3.181 1.8025
0.2 0 26.14 -0.74 -0.3203 79.391 -2.1236 1.6739
0.22 0 26.17 -0.32 -0.273 79.4084 -1.0304 1.5181
0.25 0 26.19 0.09 -0.2193 79.4167 0.079 1.3492
0.28 0 26.18 0.5 -0.1658 79.415 1.1866 1.1818
0.3 0 26.16 0.91 -0.1188 79.404 2.2754 1.0305
0.32 0 26.12 1.3 -0.0842 79.3865 3.3236 0.9094
0.35 0 26.07 1.67 -0.0657 79.367 4.3155 0.8294
0.38 0 26.01 2.01 -0.0658 79.3489 5.226 0.7998
0.4 0 25.95 2.32 -0.0829 79.3357 6.045 0.824
0.43 0 25.9 2.59 -0.1143 79.3265 6.7496 0.9021
0.45 0 25.86 2.82 -0.1534 79.3217 7.3284 1.0287
0.47 0 25.83 3.03 -0.1928 79.3069 7.8117 1.1928
0.5 0 25.82 3.11 -0.2219 79.3021 7.9985 1.3843
0.52 0 25.82 2.98 -0.2499 79.3074 7.7496 1.5734
0.55 0 25.85 2.76 -0.2888 79.3139 7.2629 1.7325
0.57 0 25.88 2.51 -0.3276 79.3136 6.6678 1.8509
0.6 0 25.92 2.22 -0.3584 79.3179 5.9438 1.9189
0.62 0 25.98 1.89 -0.3752 79.329 5.1106 1.9322
0.65 0 26.04 1.52 -0.3745 79.3474 4.1838 1.8917
0.68 0 26.09 1.14 -0.3556 79.3696 3.181 1.8025
0.7 0 26.14 0.74 -0.3203 79.3919 2.1235 1.6739
0.73 0 26.17 0.32 -0.2729 79.4087 1.0303 1.5181
0.75 0 26.19 -0.09 -0.2193 79.4176 -0.079 1.3492
0.77 0 26.18 -0.5 -0.1658 79.4154 -1.1865 1.1818
0.8 0 26.16 -0.91 -0.1188 79.4046 -2.2754 1.0305
0.82 0 26.12 -1.3 -0.084 79.387 -3.3236 0.9094
0.85 0 26.07 -1.67 -0.0658 79.3674 -4.3155 0.8294
0.88 0 26.01 -2.01 -0.0656 79.3493 -5.2262 0.7998
0.9 0 25.95 -2.32 -0.0828 79.3357 -6.0451 0.824
0.93 0 25.9 -2.59 -0.1142 79.3268 -6.7496 0.9021
0.95 0 25.86 -2.82 -0.1533 79.3213 -7.3283 1.0287
0.98 0 25.83 -3.03 -0.1927 79.3069 -7.8116 1.1928
1 0 25.81 -3.11 -0.2219 79.3013 -7.9984 1.3843
0 0.03 25.9 -3 0.453 79.3074 -7.7877 -0.5567
0.03 0.03 25.29 -2.89 0.4253 78.8173 -7.639 -0.3448
0.05 0.03 24.64 -2.66 0.4046 78.3044 -7.2111 -0.1113
0.08 0.03 23.94 -2.38 0.3647 77.7626 -6.625 0.1252
0.1 0.03 23.23 -2.06 0.3066 77.2077 -5.9206 0.3548
0.12 0.03 22.57 -1.73 0.2348 76.6771 -5.1072 0.5637
0.15 0.03 21.98 -1.38 0.1558 76.1979 -4.1966 0.749
0.17 0.03 21.5 -1.02 0.0729 75.799 -3.2029 0.9085
0.2 0.03 21.15 -0.66 -0.0103 75.5007 -2.1443 1.0455
0.22 0.03 20.94 -0.29 -0.094 75.317 -1.0421 1.1643
0.25 0.03 20.88 0.07 -0.178 75.2585 0.08 1.2785
0.28 0.03 20.96 0.44 -0.2631 75.3239 1.1993 1.395
0.3 0.03 21.2 0.8 -0.351 75.5132 2.2924 1.5271
0.32 0.03 21.57 1.16 -0.4405 75.815 3.3362 1.6811
0.35 0.03 22.07 1.51 -0.5322 76.2142 4.3125 1.8643
0.38 0.03 22.67 1.84 -0.6213 76.6919 5.2024 2.0769
0.4 0.03 23.33 2.16 -0.7052 77.2146 5.9954 2.3158
0.43 0.03 24.04 2.46 -0.7743 77.7648 6.6786 2.5721
0.45 0.03 24.73 2.73 -0.8274 78.2915 7.2446 2.8354
0.47 0.03 25.38 2.93 -0.8568 78.8043 7.6431 3.0898
0.5 0.03 25.96 3.01 -0.9036 79.282 7.7499 3.3191
0.52 0.03 26.63 2.92 -1.005 79.7795 7.4903 3.4955
0.55 0.03 27.4 2.75 -1.1044 80.3013 6.9915 3.593
0.57 0.03 28.22 2.51 -1.1671 80.8347 6.3589 3.6021
0.6 0.03 29.07 2.24 -1.1828 81.3699 5.6241 3.5172
0.62 0.03 29.88 1.92 -1.1429 81.8756 4.8071 3.3383
0.65 0.03 30.61 1.56 -1.0485 82.3317 3.9188 3.0729
0.68 0.03 31.21 1.17 -0.9024 82.7123 2.9734 2.7311
0.7 0.03 31.67 0.76 -0.7148 82.9991 1.9835 2.3293
0.73 0.03 31.94 0.33 -0.4957 83.178 0.9642 1.8836
0.75 0.03 32.03 -0.1 -0.2613 83.2387 -0.068 1.4171
0.77 0.03 31.93 -0.53 -0.0259 83.1794 -1.1013 0.9482
0.8 0.03 31.63 -0.95 0.1949 83.0023 -2.1188 0.5022
0.82 0.03 31.16 -1.35 0.386 82.7167 -3.1065 0.0954
0.85 0.03 30.54 -1.72 0.5368 82.3389 -4.0471 -0.251
0.88 0.03 29.8 -2.06 0.6369 81.8845 -4.9294 -0.5224
0.9 0.03 28.99 -2.35 0.6844 81.3826 -5.7374 -0.7071
0.93 0.03 28.13 -2.6 0.6768 80.8473 -6.4643 -0.8029
0.95 0.03 27.31 -2.81 0.6252 80.3216 -7.0816 -0.8042
0.98 0.03 26.54 -2.96 0.5343 79.7954 -7.5654 -0.7187
1 0.03 25.9 -3 0.4529 79.3074 -7.7877 -0.5567
0 0.05 26.3 -2.83 1.3366 79.3749 -7.3238 -2.4493
0.03 0.05 24.81 -2.67 1.2201 78.2591 -7.2022 -2.2012
0.05 0.05 23.34 -2.41 1.1126 77.1169 -6.8037 -1.8824
0.08 0.05 21.89 -2.11 0.9905 75.9543 -6.2531 -1.5177
0.1 0.05 20.51 -1.79 0.8491 74.8003 -5.5896 -1.1245
0.12 0.05 19.25 -1.48 0.6921 73.702 -4.8349 -0.7176
0.15 0.05 18.16 -1.16 0.5276 72.7125 -3.987 -0.3136
0.17 0.05 17.28 -0.85 0.3608 71.8829 -3.0571 0.0807
0.2 0.05 16.64 -0.54 0.1937 71.2572 -2.0548 0.4634
0.22 0.05 16.26 -0.24 0.0276 70.8691 -1.0024 0.8353
0.25 0.05 16.14 0.06 -0.1391 70.7382 0.0775 1.2033
0.28 0.05 16.28 0.36 -0.3083 70.8726 1.153 1.5775
0.3 0.05 16.7 0.66 -0.4821 71.2633 2.1919 1.9677
0.32 0.05 17.37 0.96 -0.6616 71.8907 3.1753 2.3775
0.35 0.05 18.27 1.26 -0.8454 72.7203 4.0809 2.8088
0.38 0.05 19.38 1.57 -1.0309 73.7078 4.9037 3.2568
0.4 0.05 20.66 1.88 -1.2117 74.8013 5.6341 3.708
0.43 0.05 22.05 2.19 -1.3789 75.95 6.2787 4.1468
0.45 0.05 23.5 2.47 -1.5276 77.1076 6.8009 4.558
0.47 0.05 24.98 2.72 -1.6646 78.2459 7.1853 4.9167
0.5 0.05 26.49 2.83 -1.8142 79.3653 7.2519 5.2053
0.52 0.05 28.09 2.77 -1.9746 80.4811 6.9105 5.3889
0.55 0.05 29.74 2.62 -2.1055 81.5728 6.3941 5.4439
0.57 0.05 31.42 2.43 -2.1693 82.626 5.7918 5.3586
0.6 0.05 33.04 2.18 -2.1458 83.6163 5.1119 5.1346
0.62 0.05 34.53 1.88 -2.027 84.5129 4.3694 4.7747
0.65 0.05 35.84 1.54 -1.8141 85.2883 3.564 4.2869
0.68 0.05 36.91 1.16 -1.5181 85.9174 2.708 3.6912
0.7 0.05 37.7 0.75 -1.1536 86.3799 1.8098 3.0073
0.73 0.05 38.17 0.33 -0.7415 86.6625 0.8856 2.2608
0.75 0.05 38.31 -0.11 -0.3052 86.7571 -0.0516 1.4822
0.77 0.05 38.12 -0.54 0.1327 86.6593 -0.9905 0.6993
0.8 0.05 37.6 -0.96 0.5477 86.3743 -1.9164 -0.0527
0.82 0.05 36.78 -1.35 0.9179 85.9091 -2.8166 -0.7501
0.85 0.05 35.68 -1.71 1.2218 85.2797 -3.6731 -1.3618
0.88 0.05 34.34 -2.03 1.4453 84.5035 -4.479 -1.8699
0.9 0.05 32.83 -2.29 1.5781 83.609 -5.2207 -2.2537
0.93 0.05 31.2 -2.51 1.6182 82.6214 -5.9033 -2.5057
0.95 0.05 29.53 -2.68 1.5736 81.5737 -6.5 -2.6196
0.98 0.05 27.88 -2.81 1.4677 80.4849 -7.0238 -2.5992
1 0.05 26.3 -2.83 1.3366 79.375 -7.3238 -2.4493
0 0.08 27.04 -2.53 2.2896 79.5822 -6.4637 -4.2533
0.03 0.08 24.57 -2.36 2.0593 77.79 -6.4329 -3.9497
0.05 0.08 22.22 -2.1 1.8144 75.9628 -6.1368 -3.5298
0.08 0.08 20.02 -1.81 1.5565 74.1197 -5.6695 -3.0236
0.1 0.08 18.01 -1.5 1.2903 72.3087 -5.0825 -2.4607
0.12 0.08 16.24 -1.21 1.0247 70.5985 -4.4088 -1.8632
0.15 0.08 14.77 -0.93 0.7697 69.0647 -3.6544 -1.2537
0.17 0.08 13.61 -0.67 0.5307 67.7842 -2.8183 -0.6443
0.2 0.08 12.78 -0.43 0.3088 66.8208 -1.909 -0.047
0.22 0.08 12.29 -0.19 0.0991 66.2246 -0.936 0.541
0.25 0.08 12.14 0.04 -0.1055 66.0222 0.0732 1.1259
0.28 0.08 12.32 0.28 -0.3136 66.2234 1.0767 1.7177
0.3 0.08 12.84 0.51 -0.5337 66.8204 2.0323 2.3299
0.32 0.08 13.69 0.76 -0.7736 67.784 2.9177 2.9667
0.35 0.08 14.88 1.02 -1.0365 69.0672 3.7264 3.6245
0.38 0.08 16.39 1.29 -1.3215 70.602 4.4545 4.2933
0.4 0.08 18.18 1.58 -1.6234 72.3126 5.1018 4.9539
0.43 0.08 20.22 1.87 -1.9297 74.124 5.6641 5.5823
0.45 0.08 22.45 2.16 -2.2319 75.9667 6.1085 6.1522
0.47 0.08 24.83 2.4 -2.5219 77.7985 6.3767 6.6356
0.5 0.08 27.33 2.53 -2.8011 79.5962 6.3762 7.0016
0.52 0.08 29.91 2.54 -3.0523 81.3268 6.1143 7.2134
0.55 0.08 32.5 2.46 -3.2264 82.9574 5.6937 7.2473
0.57 0.08 35.03 2.31 -3.2857 84.4706 5.1742 7.0916
0.6 0.08 37.41 2.09 -3.2083 85.8407 4.577 6.7439
0.62 0.08 39.55 1.81 -2.9882 87.0392 3.9163 6.2102
0.65 0.08 41.38 1.49 -2.6344 88.0456 3.1995 5.5061
0.68 0.08 42.83 1.13 -2.1659 88.842 2.4328 4.6551
0.7 0.08 43.88 0.73 -1.6098 89.4176 1.6313 3.6864
0.73 0.08 44.5 0.31 -0.9944 89.7646 0.8028 2.6351
0.75 0.08 44.68 -0.11 -0.3494 89.8792 -0.0341 1.5417
0.77 0.08 44.42 -0.53 0.2974 89.7594 -0.8756 0.4422
0.8 0.08 43.73 -0.94 0.9166 89.4078 -1.7079 -0.6205
0.82 0.08 42.62 -1.32 1.4795 88.8278 -2.5153 -1.6081
0.85 0.08 41.12 -1.66 1.9571 88.0278 -3.2868 -2.4849
0.88 0.08 39.25 -1.96 2.3238 87.0179 -4.009 -3.2198
0.9 0.08 37.08 -2.2 2.5626 85.817 -4.6728 -3.7918
0.93 0.08 34.69 -2.39 2.6639 84.4468 -5.2739 -4.1839
0.95 0.08 32.17 -2.51 2.6349 82.9367 -5.7964 -4.3904
0.98 0.08 29.59 -2.57 2.4962 81.3092 -6.2156 -4.4097
1 0.08 27.04 -2.53 2.2895 79.582 -6.4638 -4.2533
0 0.1 28 -2.22 3.28 79.9029 -5.5558 -5.9281
0.03 0.1 24.56 -2.03 2.8989 77.4485 -5.516 -5.5484
0.05 0.1 21.33 -1.76 2.4774 74.9063 -5.2718 -5.013
0.08 0.1 18.39 -1.47 2.0456 72.3399 -4.8785 -4.3598
0.1 0.1 15.8 -1.19 1.6261 69.8266 -4.385 -3.6259
0.12 0.1 13.62 -0.93 1.2395 67.4688 -3.8204 -2.845
0.15 0.1 11.87 -0.71 0.8979 65.3674 -3.1913 -2.0476
0.17 0.1 10.55 -0.5 0.6034 63.6302 -2.4932 -1.2526
0.2 0.1 9.63 -0.32 0.3514 62.3361 -1.7104 -0.4722
0.22 0.1 9.1 -0.14 0.1295 61.5413 -0.8487 0.2922
0.25 0.1 8.94 0.03 -0.0782 61.2726 0.0678 1.0484
0.28 0.1 9.13 0.21 -0.2899 61.535 0.9759 1.8146
0.3 0.1 9.68 0.38 -0.5242 62.3273 1.817 2.6084
0.32 0.1 10.63 0.57 -0.7969 63.6239 2.5715 3.4348
0.35 0.1 11.98 0.77 -1.1211 65.3689 3.2417 4.2918
0.38 0.1 13.77 1 -1.5017 67.4786 3.8456 5.1642
0.4 0.1 15.99 1.25 -1.9353 69.8468 4.3849 6.0255
0.43 0.1 18.63 1.53 -2.4092 72.3682 4.8597 6.8451
0.45 0.1 21.62 1.81 -2.9022 74.9427 5.2285 7.5858
0.47 0.1 24.91 2.06 -3.3878 77.4913 5.4558 8.2081
0.5 0.1 28.4 2.23 -3.8321 79.9512 5.4713 8.6688
0.52 0.1 31.98 2.28 -4.1898 82.2657 5.2647 8.9308
0.55 0.1 35.52 2.24 -4.4107 84.3901 4.9265 8.961
0.57 0.1 38.9 2.13 -4.4562 86.298 4.4953 8.7481
0.6 0.1 42 1.94 -4.3041 87.9681 3.9897 8.289
0.62 0.1 44.7 1.69 -3.9592 89.3854 3.4219 7.5944
0.65 0.1 46.95 1.39 -3.4442 90.5427 2.7996 6.6823
0.68 0.1 48.69 1.05 -2.7923 91.4379 2.1335 5.5857
0.7 0.1 49.91 0.68 -2.0432 92.0737 1.4317 4.3408
0.73 0.1 50.63 0.29 -1.2325 92.4529 0.7098 2.9951
0.75 0.1 50.83 -0.1 -0.393 92.5776 -0.0191 1.5945
0.77 0.1 50.53 -0.49 0.449 92.4484 -0.752 0.1867
0.8 0.1 49.73 -0.88 1.2642 92.0652 -1.4816 -1.1745
0.82 0.1 48.41 -1.24 2.0208 91.4232 -2.1913 -2.4443
0.85 0.1 46.6 -1.56 2.6833 90.5211 -2.8665 -3.5749
0.88 0.1 44.3 -1.83 3.2132 89.3555 -3.4975 -4.5278
0.9 0.1 41.55 -2.05 3.5786 87.9303 -4.0715 -5.2749
0.93 0.1 38.44 -2.21 3.7592 86.2537 -4.5849 -5.7927
0.95 0.1 35.06 -2.29 3.7524 84.3419 -5.0184 -6.0709
0.98 0.1 31.54 -2.3 3.5799 82.2159 -5.362 -6.1111
1 0.1 28 -2.22 3.28 79.903 -5.5557 -5.9281
0 0.12 29.09 -1.87 4.2273 80.3121 -4.5705 -7.4335
0.03 0.12 24.73 -1.67 3.6825 77.2464 -4.5268 -6.9673
0.05 0.12 20.67 -1.42 3.0686 74.0262 -4.3261 -6.3053
0.08 0.12 17.06 -1.16 2.4488 70.7476 -4.0048 -5.499
0.1 0.12 13.98 -0.91 1.8711 67.5293 -3.6048 -4.598
0.12 0.12 11.48 -0.69 1.366 64.5123 -3.1583 -3.6459
0.15 0.12 9.55 -0.51 0.9474 61.8408 -2.6677 -2.6818
0.17 0.12 8.15 -0.36 0.6131 59.6538 -2.124 -1.7309
0.2 0.12 7.22 -0.23 0.3483 58.0465 -1.4933 -0.8066
0.22 0.12 6.7 -0.11 0.1333 57.0806 -0.7583 0.0912
0.25 0.12 6.54 0.02 -0.0575 56.7515 0.0608 0.975
0.28 0.12 6.72 0.15 -0.2526 57.069 0.8705 1.8702
0.3 0.12 7.26 0.27 -0.4806 58.031 1.5803 2.8016
0.32 0.12 8.22 0.41 -0.7679 59.6451 2.1813 3.7812
0.35 0.12 9.66 0.56 -1.1354 61.8469 2.6981 4.8063
0.38 0.12 11.63 0.74 -1.5987 64.5368 3.1648 5.8602
0.4 0.12 14.19 0.96 -2.1608 67.5731 3.5935 6.9114
0.43 0.12 17.33 1.2 -2.8071 70.8079 3.9769 7.9205
0.45 0.12 21.01 1.46 -3.5035 74.0999 4.2804 8.8354
0.47 0.12 25.14 1.7 -4.1976 77.3274 4.4671 9.6038
0.5 0.12 29.57 1.88 -4.8226 80.3967 4.4979 10.1721
0.52 0.12 34.11 1.98 -5.3057 83.2245 4.3761 10.4916
0.55 0.12 38.55 1.98 -5.5802 85.7601 4.1346 10.5326
0.57 0.12 42.71 1.9 -5.6024 87.9773 3.7974 10.2747
0.6 0.12 46.44 1.74 -5.3604 89.8667 3.3847 9.7163
0.62 0.12 49.6 1.53 -4.8731 91.4282 2.9099 8.8738
0.65 0.12 52.15 1.26 -4.1835 92.6732 2.3824 7.7706
0.68 0.12 54.07 0.95 -3.3474 93.6154 1.8142 6.4456
0.7 0.12 55.38 0.61 -2.4169 94.2739 1.2191 4.9456
0.73 0.12 56.13 0.26 -1.4357 94.6628 0.6054 3.3239
0.75 0.12 56.34 -0.09 -0.4334 94.7921 -0.0051 1.6391
0.77 0.12 56.02 -0.44 0.5718 94.6617 -0.625 -0.0546
0.8 0.12 55.16 -0.79 1.5593 94.2714 -1.247 -1.6949
0.82 0.12 53.74 -1.11 2.4981 93.6071 -1.8533 -3.2232
0.85 0.12 51.73 -1.4 3.3451 92.6554 -2.4324 -4.589
0.88 0.12 49.11 -1.65 4.0491 91.3974 -2.9685 -5.7432
0.9 0.12 45.89 -1.84 4.5583 89.8215 -3.4517 -6.6482
0.93 0.12 42.15 -1.97 4.832 87.9179 -3.8706 -7.2749
0.95 0.12 37.99 -2.02 4.854 85.6881 -4.2108 -7.6133
0.98 0.12 33.58 -1.99 4.6385 83.1447 -4.4536 -7.6596
1 0.12 29.09 -1.87 4.2272 80.3114 -4.5705 -7.4334
0 0.15 30.19 -1.52 5.089 80.7553 -3.6225 -8.7325
0.03 0.15 25 -1.33 4.3734 77.1672 -3.5577 -8.1752
0.05 0.15 20.21 -1.1 3.5677 73.3441 -3.3781 -7.3894
0.08 0.15 16.02 -0.87 2.7646 69.4106 -3.1109 -6.4341
0.1 0.15 12.55 -0.66 2.0364 65.5261 -2.7905 -5.3741
0.12 0.15 9.82 -0.49 1.4272 61.8789 -2.4499 -4.2683
0.15 0.15 7.78 -0.35 0.9472 58.6576 -2.0984 -3.1631
0.17 0.15 6.37 -0.25 0.5864 56.051 -1.7157 -2.0885
0.2 0.15 5.46 -0.16 0.3211 54.1697 -1.2521 -1.0574
0.22 0.15 4.98 -0.08 0.1224 53.0699 -0.6607 -0.0638
0.25 0.15 4.83 0.01 -0.0427 52.7015 0.0528 0.9093
0.28 0.15 4.99 0.11 -0.2121 53.0525 0.7542 1.8945
0.3 0.15 5.5 0.19 -0.4237 54.1482 1.3191 2.9235
0.32 0.15 6.43 0.28 -0.712 56.0428 1.7521 4.0181
0.35 0.15 7.88 0.39 -1.1077 58.6733 2.1117 5.1773
0.38 0.15 9.96 0.52 -1.6367 61.9246 2.4471 6.3881
0.4 0.15 12.76 0.7 -2.3107 65.598 2.7754 7.6126
0.43 0.15 16.31 0.91 -3.1184 69.5066 3.0833 8.799
0.45 0.15 20.58 1.13 -4.0121 73.4542 3.3394 9.8818
0.47 0.15 25.46 1.36 -4.9159 77.2851 3.5106 10.7936
0.5 0.15 30.73 1.53 -5.7264 80.8714 3.5652 11.4687
0.52 0.15 36.13 1.64 -6.3376 84.1222 3.4967 11.8521
0.55 0.15 41.39 1.66 -6.6634 86.9832 3.3254 11.9057
0.57 0.15 46.23 1.61 -6.655 89.4327 3.0686 11.6112
0.6 0.15 50.47 1.48 -6.3074 91.4734 2.7405 10.9681
0.62 0.15 53.97 1.3 -5.6649 93.1212 2.3556 9.9941
0.65 0.15 56.69 1.07 -4.7969 94.4046 1.9254 8.722
0.68 0.15 58.67 0.8 -3.7837 95.3567 1.4606 7.1954
0.7 0.15 59.98 0.51 -2.6986 96.01 0.9755 5.4711
0.73 0.15 60.7 0.22 -1.5862 96.3919 0.4851 3.6076
0.75 0.15 60.89 -0.07 -0.4698 96.5202 0.0029 1.6745
0.77 0.15 60.58 -0.36 0.652 96.3956 -0.4866 -0.2681
0.8 0.15 59.75 -0.66 1.7733 96.016 -0.9898 -2.1531
0.82 0.15 58.32 -0.94 2.8696 95.358 -1.4864 -3.9117
0.85 0.15 56.23 -1.19 3.8944 94.3953 -1.9629 -5.4848
0.88 0.15 53.41 -1.41 4.7753 93.0945 -2.4022 -6.8146
0.9 0.15 49.85 -1.57 5.4378 91.4257 -2.7948 -7.857
0.93 0.15 45.58 -1.67 5.816 89.363 -3.1273 -8.5789
0.95 0.15 40.74 -1.7 5.8732 86.8932 -3.3867 -8.9627
0.98 0.15 35.52 -1.65 5.6155 84.0157 -3.5593 -9.0067
1 0.15 30.19 -1.52 5.0889 80.7554 -3.6224 -8.7325
0 0.17 31.17 -1.16 5.8127 81.1739 -2.6861 -9.7892
0.03 0.17 25.29 -0.99 4.9414 77.1689 -2.6204 -9.1481
0.05 0.17 19.91 -0.8 3.9603 72.8517 -2.4693 -8.2461
0.08 0.17 15.26 -0.61 2.9954 68.3682 -2.2551 -7.1582
0.1 0.17 11.49 -0.45 2.1407 63.9109 -2.0122 -5.9596
0.12 0.17 8.6 -0.32 1.4475 59.7086 -1.7647 -4.7215
0.15 0.17 6.51 -0.23 0.9238 56.0031 -1.5291 -3.5036
0.17 0.17 5.11 -0.16 0.5484 53.0248 -1.2969 -2.3368
0.2 0.17 4.26 -0.11 0.2871 50.9248 -0.9962 -1.2326
0.22 0.17 3.82 -0.06 0.106 49.7436 -0.5588 -0.176
0.25 0.17 3.7 0.01 -0.0327 49.3601 0.0403 0.8555
0.28 0.17 3.83 0.07 -0.1756 49.7204 0.6317 1.8985
0.3 0.17 4.29 0.13 -0.3695 50.8975 1.041 2.9916
0.32 0.17 5.17 0.18 -0.6533 53.0216 1.3153 4.1649
0.35 0.17 6.61 0.25 -1.0638 56.0312 1.5329 5.4267
0.38 0.17 8.74 0.35 -1.6391 59.7759 1.7572 6.7658
0.4 0.17 11.7 0.48 -2.4027 64.0088 1.9961 8.1378
0.43 0.17 15.56 0.64 -3.3461 68.4947 2.2349 9.4795
0.45 0.17 20.3 0.83 -4.4143 72.9918 2.4412 10.712
0.47 0.17 25.79 1.01 -5.507 77.3155 2.5841 11.7513
0.5 0.17 31.76 1.17 -6.4871 81.3147 2.6446 12.5224
0.52 0.17 37.89 1.26 -7.217 84.892 2.6148 12.9624
0.55 0.17 43.81 1.3 -7.5859 87.9922 2.5012 13.0308
0.57 0.17 49.2 1.26 -7.5387 90.6021 2.3149 12.7064
0.6 0.17 53.82 1.16 -7.0829 92.7349 2.0706 11.9942
0.62 0.17 57.52 1.02 -6.2845 94.4226 1.7768 10.9133
0.65 0.17 60.3 0.83 -5.2453 95.7087 1.4451 9.5007
0.68 0.17 62.23 0.62 -4.0759 96.6413 1.0896 7.8101
0.7 0.17 63.43 0.39 -2.8672 97.2695 0.722 5.8991
0.73 0.17 64.07 0.16 -1.6738 97.6321 0.3538 3.8393
0.75 0.17 64.24 -0.05 -0.4995 97.7547 0.0115 1.7008
0.77 0.17 63.96 -0.27 0.6814 97.6426 -0.3469 -0.4484
0.8 0.17 63.21 -0.51 1.8902 97.2874 -0.7264 -2.5317
0.82 0.17 61.87 -0.73 3.1129 96.6566 -1.106 -4.4783
0.85 0.17 59.82 -0.93 4.2945 95.712 -1.4737 -6.2214
0.88 0.17 56.93 -1.1 5.3438 94.4037 -1.8122 -7.6946
0.9 0.17 53.14 -1.23 6.1592 92.6896 -2.1114 -8.8514
0.93 0.17 48.48 -1.31 6.6434 90.5268 -2.3605 -9.649
0.95 0.17 43.1 -1.32 6.741 87.8896 -2.5478 -10.07
0.98 0.17 37.22 -1.27 6.4468 84.7653 -2.6597 -10.1095
1 0.17 31.17 -1.16 5.8124 81.1737 -2.6862 -9.7892
0 0.2 31.95 -0.78 6.3609 81.5131 -1.779 -10.5676
0.03 0.2 25.55 -0.66 5.3632 77.2087 -1.7235 -9.861
0.05 0.2 19.72 -0.52 4.2426 72.5269 -1.6114 -8.8683
0.08 0.2 14.74 -0.39 3.1505 67.6305 -1.4602 -7.6732
0.1 0.2 10.76 -0.28 2.2002 62.7337 -1.2902 -6.3642
0.12 0.2 7.77 -0.2 1.4471 58.097 -1.1269 -5.0255
0.15 0.2 5.67 -0.14 0.8948 54.0078 -0.9848 -3.7241
0.17 0.2 4.3 -0.1 0.513 50.7421 -0.8634 -2.4958
0.2 0.2 3.49 -0.07 0.2567 48.481 -0.7052 -1.3473
0.22 0.2 3.11 -0.04 0.0894 47.2856 -0.4147 -0.255
0.25 0.2 3 0 -0.0264 46.9172 0.0286 0.8162
0.28 0.2 3.11 0.05 -0.1464 47.2548 0.4642 1.8974
0.3 0.2 3.51 0.08 -0.3259 48.4492 0.7297 3.0261
0.32 0.2 4.35 0.11 -0.6042 50.7402 0.8697 4.2465
0.35 0.2 5.76 0.15 -1.0214 54.0479 0.9833 5.5787
0.38 0.2 7.91 0.21 -1.6264 58.1838 1.1198 7.0133
0.4 0.2 10.97 0.3 -2.4527 62.8543 1.2796 8.5
0.43 0.2 15.04 0.41 -3.4995 67.7779 1.4463 9.9645
0.45 0.2 20.13 0.54 -4.7046 72.6911 1.5951 11.3148
0.47 0.2 26.07 0.67 -5.9471 77.3752 1.7009 12.4546
0.5 0.2 32.58 0.79 -7.0649 81.6727 1.7521 13.3016
0.52 0.2 39.25 0.86 -7.8889 85.4768 1.7403 13.7855
0.55 0.2 45.67 0.89 -8.289 88.7394 1.6693 13.8659
0.57 0.2 51.44 0.86 -8.2026 91.4499 1.5479 13.5202
0.6 0.2 56.3 0.8 -7.6485 93.6334 1.3813 12.7544
0.62 0.2 60.11 0.69 -6.7125 95.331 1.1799 11.5927
0.65 0.2 62.85 0.56 -5.5233 96.6013 0.9515 10.076
0.68 0.2 64.65 0.41 -4.2244 97.5014 0.7058 8.2618
0.7 0.2 65.69 0.25 -2.9296 98.0928 0.4554 6.2134
0.73 0.2 66.19 0.1 -1.6983 98.4284 0.218 4.0066
0.75 0.2 66.31 -0.03 -0.5233 98.5438 0.0108 1.7157
0.77 0.2 66.1 -0.17 0.6636 98.447 -0.2063 -0.5818
0.8 0.2 65.49 -0.33 1.9165 98.1224 -0.4572 -2.8133
0.82 0.2 64.32 -0.49 3.2317 97.5308 -0.718 -4.9012
0.85 0.2 62.38 -0.63 4.5442 96.6167 -0.9718 -6.7685
0.88 0.2 59.5 -0.75 5.739 95.3231 -1.2056 -8.3512
0.9 0.2 55.59 -0.85 6.6857 93.592 -1.4107 -9.5906
0.93 0.2 50.68 -0.9 7.2669 91.3737 -1.5788 -10.446
0.95 0.2 44.9 -0.91 7.4019 88.6283 -1.7023 -10.8914
0.98 0.2 38.54 -0.87 7.0807 85.3383 -1.7707 -10.9268
1 0.2 31.95 -0.78 6.3609 81.5131 -1.7792 -10.5676
0 0.22 32.45 -0.39 6.7025 81.7346 -0.8845 -11.0469
0.03 0.22 25.72 -0.33 5.6226 77.2471 -0.8539 -10.2963
0.05 0.22 19.62 -0.26 4.4118 72.3452 -0.795 -9.246
0.08 0.22 14.44 -0.19 3.2398 67.1924 -0.7156 -7.9827
0.1 0.22 10.34 -0.13 2.229 62.0207 -0.6278 -6.6024
0.12 0.22 7.3 -0.09 1.4405 57.1129 -0.5452 -5.1995
0.15 0.22 5.2 -0.06 0.8732 52.7781 -0.4786 -3.8457
0.17 0.22 3.85 -0.05 0.4887 49.3324 -0.4288 -2.5832
0.2 0.22 3.07 -0.03 0.235 46.9922 -0.3726 -1.4127
0.22 0.22 2.73 -0.02 0.0742 45.8269 -0.2407 -0.302
0.25 0.22 2.65 0 -0.0231 45.539 0.0049 0.7945
0.28 0.22 2.73 0.02 -0.1245 45.7866 0.2668 1.8959
0.3 0.22 3.1 0.04 -0.2973 46.9572 0.3838 3.0417
0.32 0.22 3.9 0.05 -0.572 49.3318 0.4292 4.2859
0.35 0.22 5.28 0.07 -0.9914 52.8264 0.4768 5.6592
0.38 0.22 7.44 0.1 -1.6119 57.2079 0.541 7.1523
0.4 0.22 10.55 0.14 -2.4765 62.1528 0.6223 8.7114
0.43 0.22 14.74 0.2 -3.5868 67.3536 0.7082 10.254
0.45 0.22 20.03 0.27 -4.8791 72.5201 0.7862 11.6791
0.47 0.22 26.26 0.34 -6.2192 77.4284 0.843 12.8846
0.5 0.22 33.09 0.4 -7.4247 81.9026 0.8709 13.7784
0.52 0.22 40.11 0.44 -8.3094 85.8434 0.8678 14.2917
0.55 0.22 46.82 0.45 -8.7259 89.1964 0.8337 14.3781
0.57 0.22 52.83 0.44 -8.6116 91.9614 0.7721 14.0193
0.6 0.22 57.82 0.4 -7.9856 94.1651 0.6863 13.2213
0.62 0.22 61.65 0.35 -6.9499 95.8593 0.582 12.0082
0.65 0.22 64.32 0.28 -5.6538 97.1063 0.4622 10.4272
0.68 0.22 65.96 0.2 -4.259 97.9719 0.3371 8.5375
0.7 0.22 66.8 0.12 -2.9043 98.5251 0.2105 6.4057
0.73 0.22 67.12 0.04 -1.6717 98.8287 0.0911 4.1083
0.75 0.22 67.17 0 -0.5391 98.9329 0.013 1.7245
0.77 0.22 67.06 -0.07 0.6093 98.8551 -0.0841 -0.666
0.8 0.22 66.64 -0.16 1.8747 98.566 -0.2122 -2.9882
0.82 0.22 65.66 -0.24 3.2544 98.0135 -0.3429 -5.1602
0.85 0.22 63.85 -0.31 4.6608 97.1333 -0.475 -7.1043
0.88 0.22 61.03 -0.38 5.9598 95.859 -0.5957 -8.7529
0.9 0.22 57.09 -0.43 7.002 94.129 -0.7022 -10.0441
0.93 0.22 52.04 -0.46 7.6501 91.8842 -0.7879 -10.9355
0.95 0.22 46.03 -0.46 7.8154 89.0824 -0.85 -11.3987
0.98 0.22 39.37 -0.44 7.4778 85.6952 -0.8832 -11.4292
1 0.22 32.45 -0.39 6.7024 81.7345 -0.8845 -11.0469
0 0.25 32.62 0 6.8183 81.8101 0.0002 -11.2076
0.03 0.25 25.79 0 5.7105 77.2645 0.0002 -10.4427
0.05 0.25 19.59 0 4.469 72.2862 0.0001 -9.3714
0.08 0.25 14.34 0 3.2683 67.0474 0.0001 -8.0843
0.1 0.25 10.2 0 2.2378 61.7827 0.0001 -6.6808
0.12 0.25 7.15 0 1.4373 56.7798 0.0001 -5.2554
0.15 0.25 5.05 0 0.8649 52.3637 0.0002 -3.8849
0.17 0.25 3.71 0 0.4797 48.8594 0.0001 -2.6113
0.2 0.25 2.94 0 0.2266 46.5019 -0.0002 -1.435
0.22 0.25 2.61 0 0.0666 45.3662 0 -0.3185
0.25 0.25 2.55 0 -0.0221 45.1386 -0.0002 0.7879
0.28 0.25 2.61 0 -0.1149 45.3147 -0.0001 1.8971
0.3 0.25 2.96 0 -0.287 46.4666 0 3.0476
0.32 0.25 3.75 0 -0.5606 48.8587 -0.0001 4.2978
0.35 0.25 5.13 0 -0.9808 52.415 -0.0001 5.6832
0.38 0.25 7.28 0 -1.6064 56.882 -0.0001 7.1969
0.4 0.25 10.41 0 -2.4829 61.9201 0 8.7811
0.43 0.25 14.64 0 -3.6151 67.2125 -0.0001 10.3507
0.45 0.25 20 0 -4.9368 72.4667 -0.0001 11.8022
0.47 0.25 26.32 0 -6.3104 77.4466 -0.0001 13.0288
0.5 0.25 33.27 0 -7.5468 81.9825 -0.0001 13.939
0.52 0.25 40.4 0 -8.4518 85.9657 -0.0001 14.4619
0.55 0.25 47.21 0 -8.875 89.3494 -0.0001 14.5518
0.57 0.25 53.29 0 -8.7477 92.1294 -0.0001 14.1878
0.6 0.25 58.32 0 -8.0952 94.339 -0.0002 13.3786
0.62 0.25 62.14 0 -7.0225 96.0271 -0.0002 12.1478
0.65 0.25 64.77 0 -5.6831 97.2637 -0.0002 10.546
0.68 0.25 66.33 0 -4.252 98.1097 -0.0001 8.6301
0.7 0.25 67.08 0 -2.8702 98.6477 0.0001 6.47
0.73 0.25 67.28 0 -1.6387 98.9334 -0.0001 4.1418
0.75 0.25 67.29 0 -0.5477 99.0288 0.0001 1.7267
0.77 0.25 67.27 0 0.5685 98.9666 0 -0.6947
0.8 0.25 66.94 0 1.84 98.6923 0.0001 -3.0474
0.82 0.25 66.05 0 3.2451 98.1592 0 -5.2461
0.85 0.25 64.32 0 4.6898 97.2938 0.0001 -7.2183
0.88 0.25 61.53 0 6.0277 96.032 0 -8.8885
0.9 0.25 57.59 0 7.1043 94.3041 0.0001 -10.1975
0.93 0.25 52.5 0 7.7787 92.0541 0.0003 -11.1013
0.95 0.25 46.41 0 7.9543 89.2336 0.0001 -11.5685
0.98 0.25 39.65 0 7.6126 85.8174 0.0002 -11.5987
1 0.25 32.62 0 6.8183 81.8101 0.0001 -11.2076
0 0.28 32.45 0.39 6.7024 81.7345 0.8848 -11.0469
0.03 0.28 25.72 0.33 5.6226 77.247 0.8541 -10.2963
0.05 0.28 19.62 0.26 4.4117 72.3451 0.7954 -9.246
0.08 0.28 14.44 0.19 3.2398 67.1924 0.7159 -7.9826
0.1 0.28 10.34 0.13 2.229 62.0207 0.6276 -6.6024
0.12 0.28 7.3 0.09 1.4405 57.1131 0.5453 -5.1995
0.15 0.28 5.2 0.06 0.8732 52.7782 0.4785 -3.8457
0.17 0.28 3.85 0.05 0.4887 49.3328 0.4289 -2.5832
0.2 0.28 3.07 0.03 0.2351 46.9922 0.3725 -1.4127
0.22 0.28 2.73 0.02 0.0742 45.8271 0.2413 -0.302
0.25 0.28 2.65 0 -0.0231 45.539 -0.0049 0.7945
0.28 0.28 2.73 -0.02 -0.1245 45.7866 -0.2655 1.8959
0.3 0.28 3.1 -0.04 -0.2973 46.9573 -0.3839 3.0417
0.32 0.28 3.9 -0.05 -0.572 49.3318 -0.4301 4.2859
0.35 0.28 5.28 -0.07 -0.9913 52.8264 -0.4768 5.6592
0.38 0.28 7.44 -0.1 -1.6118 57.2078 -0.5415 7.1512
0.4 0.28 10.55 -0.14 -2.4765 62.153 -0.6223 8.7114
0.43 0.28 14.74 -0.2 -3.5867 67.3535 -0.7086 10.254
0.45 0.28 20.03 -0.27 -4.8791 72.5201 -0.7864 11.6791
0.47 0.28 26.26 -0.34 -6.2192 77.4284 -0.8433 12.8846
0.5 0.28 33.09 -0.4 -7.4247 81.9026 -0.8712 13.7784
0.52 0.28 40.11 -0.44 -8.3094 85.8434 -0.8681 14.2917
0.55 0.28 46.82 -0.45 -8.7259 89.1963 -0.8343 14.3781
0.57 0.28 52.83 -0.44 -8.6116 91.9613 -0.7721 14.0193
0.6 0.28 57.82 -0.4 -7.9855 94.165 -0.686 13.2213
0.62 0.28 61.65 -0.35 -6.9499 95.8591 -0.582 12.0081
0.65 0.28 64.32 -0.28 -5.6537 97.1061 -0.462 10.4271
0.68 0.28 65.96 -0.2 -4.259 97.9717 -0.3371 8.5375
0.7 0.28 66.8 -0.12 -2.9044 98.525 -0.2105 6.4057
0.73 0.28 67.12 -0.04 -1.6717 98.8286 -0.0915 4.1083
0.75 0.28 67.17 0 -0.5391 98.9328 -0.013 1.7245
0.77 0.28 67.06 0.07 0.6093 98.855 0.0837 -0.666
0.8 0.28 66.64 0.16 1.8748 98.5658 0.2123 -2.9882
0.82 0.28 65.66 0.24 3.2545 98.0134 0.3432 -5.1602
0.85 0.28 63.85 0.31 4.6608 97.133 0.475 -7.1043
0.88 0.28 61.03 0.38 5.9598 95.8589 0.5963 -8.7529
0.9 0.28 57.09 0.43 7.002 94.1287 0.7021 -10.044
0.93 0.28 52.04 0.46 7.6499 91.8841 0.7884 -10.9355
0.95 0.28 46.03 0.46 7.8153 89.0821 0.8504 -11.3987
0.98 0.28 39.37 0.44 7.4777 85.6951 0.8835 -11.4292
1 0.28 32.45 0.39 6.7023 81.7344 0.8847 -11.0469
0 0.3 31.95 0.78 6.3608 81.513 1.7796 -10.5676
0.03 0.3 25.55 0.66 5.3632 77.2089 1.7239 -9.8611
0.05 0.3 19.72 0.52 4.2425 72.5269 1.6117 -8.8683
0.08 0.3 14.74 0.39 3.1505 67.6309 1.4604 -7.6733
0.1 0.3 10.76 0.28 2.2003 62.7338 1.2906 -6.3642
0.12 0.3 7.77 0.2 1.4471 58.0973 1.1272 -5.0255
0.15 0.3 5.67 0.14 0.8948 54.0081 0.9859 -3.724
0.17 0.3 4.3 0.1 0.513 50.7423 0.8638 -2.4958
0.2 0.3 3.49 0.07 0.2567 48.4814 0.7043 -1.3473
0.22 0.3 3.11 0.04 0.0894 47.2855 0.4147 -0.255
0.25 0.3 3 0 -0.0264 46.9186 -0.0291 0.8162
0.28 0.3 3.11 -0.05 -0.1466 47.2546 -0.4645 1.8974
0.3 0.3 3.52 -0.08 -0.3259 48.4527 -0.7296 3.0264
0.32 0.3 4.35 -0.11 -0.604 50.7403 -0.8701 4.2465
0.35 0.3 5.76 -0.15 -1.0214 54.0493 -0.9835 5.5788
0.38 0.3 7.91 -0.21 -1.6263 58.1838 -1.12 7.0133
0.4 0.3 10.97 -0.3 -2.4527 62.8546 -1.2798 8.5
0.43 0.3 15.04 -0.41 -3.4995 67.7778 -1.4465 9.9645
0.45 0.3 20.13 -0.54 -4.7045 72.6911 -1.5953 11.3148
0.47 0.3 26.07 -0.67 -5.947 77.375 -1.7011 12.4546
0.5 0.3 32.58 -0.79 -7.0648 81.6726 -1.7523 13.3016
0.52 0.3 39.25 -0.86 -7.8887 85.4763 -1.7406 13.7854
0.55 0.3 45.67 -0.89 -8.2885 88.7393 -1.6696 13.8642
0.57 0.3 51.44 -0.86 -8.2025 91.4499 -1.548 13.5202
0.6 0.3 56.3 -0.8 -7.6486 93.6332 -1.3817 12.7544
0.62 0.3 60.11 -0.69 -6.7125 95.3307 -1.1804 11.5926
0.65 0.3 62.85 -0.56 -5.5234 96.6011 -0.9521 10.076
0.68 0.3 64.65 -0.41 -4.2244 97.5012 -0.7062 8.2618
0.7 0.3 65.69 -0.25 -2.9297 98.0925 -0.4551 6.2134
0.73 0.3 66.19 -0.1 -1.6982 98.4284 -0.2182 4.0066
0.75 0.3 66.31 0.03 -0.5233 98.5434 -0.0106 1.7157
0.77 0.3 66.1 0.17 0.6641 98.447 0.2064 -0.5818
0.8 0.3 65.49 0.33 1.9165 98.1224 0.4572 -2.8133
0.82 0.3 64.32 0.49 3.2314 97.5308 0.7182 -4.9012
0.85 0.3 62.38 0.63 4.5441 96.6161 0.972 -6.7685
0.88 0.3 59.5 0.75 5.7388 95.323 1.2056 -8.3512
0.9 0.3 55.59 0.85 6.6857 93.5919 1.4109 -9.5906
0.93 0.3 50.68 0.9 7.2665 91.3737 1.5796 -10.4442
0.95 0.3 44.9 0.91 7.4018 88.6279 1.7028 -10.8913
0.98 0.3 38.54 0.87 7.0806 85.3382 1.7712 -10.9268
1 0.3 31.95 0.78 6.3608 81.513 1.7796 -10.5676
0 0.32 31.17 1.16 5.8121 81.1736 2.6865 -9.7876
0.03 0.32 25.29 0.99 4.9411 77.1685 2.6207 -9.148
0.05 0.32 19.91 0.8 3.9601 72.8515 2.4703 -8.2461
0.08 0.32 15.26 0.61 2.9953 68.3684 2.2555 -7.1582
0.1 0.32 11.49 0.45 2.1405 63.9109 2.0116 -5.9584
0.12 0.32 8.6 0.32 1.4474 59.7094 1.7645 -4.7216
0.15 0.32 6.51 0.23 0.9236 56.0036 1.5289 -3.5037
0.17 0.32 5.12 0.16 0.5484 53.0279 1.2964 -2.337
0.2 0.32 4.26 0.11 0.2873 50.9255 0.9963 -1.2326
0.22 0.32 3.82 0.06 0.106 49.7448 0.5586 -0.1761
0.25 0.32 3.7 -0.01 -0.0327 49.3611 -0.0402 0.8556
0.28 0.32 3.83 -0.07 -0.1756 49.7209 -0.6324 1.8985
0.3 0.32 4.29 -0.13 -0.3695 50.8984 -1.0408 2.9916
0.32 0.32 5.17 -0.18 -0.6532 53.0216 -1.3138 4.165
0.35 0.32 6.61 -0.25 -1.0638 56.0317 -1.533 5.4267
0.38 0.32 8.74 -0.35 -1.639 59.776 -1.7581 6.7658
0.4 0.32 11.7 -0.48 -2.4027 64.0089 -1.9962 8.1378
0.43 0.32 15.56 -0.64 -3.3461 68.4948 -2.2353 9.4795
0.45 0.32 20.3 -0.83 -4.4142 72.9917 -2.4415 10.712
0.47 0.32 25.79 -1.01 -5.5069 77.3154 -2.5844 11.7513
0.5 0.32 31.76 -1.17 -6.487 81.3145 -2.645 12.5223
0.52 0.32 37.89 -1.26 -7.2168 84.8918 -2.6151 12.9624
0.55 0.32 43.81 -1.3 -7.5858 87.9919 -2.5018 13.0308
0.57 0.32 49.2 -1.26 -7.5386 90.6018 -2.3152 12.7064
0.6 0.32 53.81 -1.16 -7.0826 92.7344 -2.0702 11.9941
0.62 0.32 57.52 -1.02 -6.2843 94.4219 -1.7768 10.9132
0.65 0.32 60.3 -0.83 -5.2447 95.708 -1.4448 9.5006
0.68 0.32 62.23 -0.62 -4.0752 96.6412 -1.0894 7.8082
0.7 0.32 63.43 -0.39 -2.8677 97.269 -0.7219 5.8991
0.73 0.32 64.07 -0.16 -1.6737 97.6315 -0.3539 3.8392
0.75 0.32 64.23 0.05 -0.4996 97.7539 -0.0116 1.7008
0.77 0.32 63.96 0.27 0.6815 97.6422 0.3471 -0.4484
0.8 0.32 63.21 0.5 1.8901 97.2866 0.7263 -2.5316
0.82 0.32 61.87 0.73 3.1129 96.6564 1.1056 -4.4783
0.85 0.32 59.82 0.93 4.2945 95.7111 1.4739 -6.2213
0.88 0.32 56.93 1.1 5.3444 94.4034 1.8127 -7.6946
0.9 0.32 53.14 1.23 6.1587 92.689 2.1117 -8.8514
0.93 0.32 48.48 1.31 6.6426 90.527 2.3607 -9.649
0.95 0.32 43.1 1.32 6.7405 87.8888 2.5481 -10.0682
0.98 0.32 37.22 1.27 6.4464 84.7651 2.66 -10.1095
1 0.32 31.17 1.16 5.8121 81.1734 2.6864 -9.7875
0 0.35 30.19 1.52 5.0887 80.7553 3.6227 -8.7324
0.03 0.35 25 1.33 4.3733 77.1682 3.5583 -8.1753
0.05 0.35 20.21 1.1 3.567 73.3446 3.3785 -7.388
0.08 0.35 16.03 0.87 2.7647 69.4126 3.111 -6.4329
0.1 0.35 12.55 0.66 2.0369 65.5263 2.7907 -5.3741
0.12 0.35 9.82 0.49 1.4273 61.88 2.4503 -4.2684
0.15 0.35 7.78 0.35 0.9473 58.6581 2.0983 -3.1631
0.17 0.35 6.37 0.25 0.5864 56.0516 1.7166 -2.0884
0.2 0.35 5.46 0.16 0.3212 54.1704 1.2532 -1.0573
0.22 0.35 4.98 0.08 0.1224 53.0699 0.6608 -0.0638
0.25 0.35 4.83 -0.01 -0.0427 52.7023 -0.0526 0.9094
0.28 0.35 4.99 -0.11 -0.2121 53.0525 -0.7545 1.8945
0.3 0.35 5.5 -0.19 -0.4238 54.1498 -1.3189 2.9236
0.32 0.35 6.43 -0.28 -0.7123 56.0429 -1.7535 4.0179
0.35 0.35 7.88 -0.39 -1.1078 58.6764 -2.1116 5.1775
0.38 0.35 9.96 -0.52 -1.6363 61.9248 -2.4474 6.3881
0.4 0.35 12.76 -0.7 -2.3107 65.5989 -2.7754 7.6127
0.43 0.35 16.31 -0.91 -3.1183 69.5065 -3.0835 8.799
0.45 0.35 20.58 -1.13 -4.012 73.4542 -3.3399 9.8818
0.47 0.35 25.46 -1.36 -4.9157 77.2847 -3.511 10.7935
0.5 0.35 30.73 -1.53 -5.7261 80.8712 -3.5656 11.4687
0.52 0.35 36.13 -1.64 -6.3373 84.1213 -3.497 11.852
0.55 0.35 41.39 -1.66 -6.6625 86.9829 -3.3257 11.9057
0.57 0.35 46.23 -1.61 -6.6544 89.432 -3.0687 11.6111
0.6 0.35 50.47 -1.48 -6.3081 91.4728 -2.7406 10.9681
0.62 0.35 53.96 -1.3 -5.6649 93.1203 -2.3562 9.9941
0.65 0.35 56.69 -1.07 -4.7971 94.4041 -1.9258 8.722
0.68 0.35 58.67 -0.8 -3.7836 95.3563 -1.461 7.1954
0.7 0.35 59.98 -0.51 -2.6988 96.0095 -0.9759 5.4711
0.73 0.35 60.7 -0.22 -1.5862 96.3916 -0.4851 3.6076
0.75 0.35 60.89 0.07 -0.4697 96.5197 -0.0031 1.6745
0.77 0.35 60.58 0.36 0.6522 96.3952 0.4869 -0.2681
0.8 0.35 59.74 0.66 1.7735 96.0152 0.9897 -2.1531
0.82 0.35 58.32 0.94 2.8701 95.3575 1.4872 -3.9117
0.85 0.35 56.23 1.19 3.8941 94.3949 1.963 -5.4848
0.88 0.35 53.41 1.41 4.7746 93.0941 2.4031 -6.8146
0.9 0.35 49.84 1.57 5.4375 91.4249 2.795 -7.857
0.93 0.35 45.58 1.67 5.8158 89.363 3.1272 -8.5789
0.95 0.35 40.74 1.7 5.8728 86.8929 3.3871 -8.9609
0.98 0.35 35.52 1.65 5.6153 84.0154 3.5595 -9.0067
1 0.35 30.19 1.52 5.0888 80.7553 3.6227 -8.7325
0 0.38 29.09 1.87 4.227 80.3115 4.5706 -7.4334
0.03 0.38 24.73 1.67 3.6821 77.2461 4.5275 -6.9673
0.05 0.38 20.67 1.42 3.0684 74.0265 4.3259 -6.3053
0.08 0.38 17.06 1.16 2.4488 70.7478 4.0054 -5.499
0.1 0.38 13.98 0.91 1.871 67.5302 3.6057 -4.598
0.12 0.38 11.48 0.69 1.3659 64.5127 3.1576 -3.646
0.15 0.38 9.55 0.51 0.9474 61.8429 2.6676 -2.6818
0.17 0.38 8.15 0.36 0.6128 59.6545 2.1235 -1.731
0.2 0.38 7.22 0.23 0.3483 58.051 1.493 -0.8067
0.22 0.38 6.7 0.11 0.1333 57.0812 0.758 0.0911
0.25 0.38 6.54 -0.02 -0.0575 56.7568 -0.0608 0.9751
0.28 0.38 6.72 -0.15 -0.2525 57.0696 -0.8709 1.8701
0.3 0.38 7.26 -0.27 -0.4807 58.0352 -1.5801 2.8019
0.32 0.38 8.22 -0.41 -0.7676 59.646 -2.1822 3.7812
0.35 0.38 9.66 -0.56 -1.1354 61.8484 -2.6981 4.8064
0.38 0.38 11.63 -0.74 -1.5986 64.5375 -3.1644 5.8603
0.4 0.38 14.19 -0.96 -2.1608 67.5733 -3.5938 6.9114
0.43 0.38 17.33 -1.2 -2.807 70.8084 -3.9772 7.9205
0.45 0.38 21.01 -1.46 -3.5033 74.0996 -4.2808 8.8353
0.47 0.38 25.14 -1.7 -4.1973 77.3273 -4.4677 9.6023
0.5 0.38 29.57 -1.88 -4.8222 80.3964 -4.4982 10.1705
0.52 0.38 34.11 -1.98 -5.3055 83.2245 -4.3768 10.4916
0.55 0.38 38.55 -1.98 -5.5799 85.7594 -4.1344 10.5325
0.57 0.38 42.71 -1.9 -5.6021 87.9768 -3.798 10.2746
0.6 0.38 46.43 -1.74 -5.3601 89.8654 -3.3853 9.7162
0.62 0.38 49.6 -1.53 -4.8723 91.4274 -2.9096 8.8719
0.65 0.38 52.15 -1.26 -4.1828 92.6718 -2.3822 7.7686
0.68 0.38 54.06 -0.95 -3.3464 93.6152 -1.814 6.4437
0.7 0.38 55.38 -0.61 -2.4167 94.2731 -1.2191 4.9456
0.73 0.38 56.13 -0.26 -1.4356 94.6621 -0.6052 3.3238
0.75 0.38 56.33 0.09 -0.4334 94.7908 0.005 1.6391
0.77 0.38 56.01 0.44 0.5717 94.661 0.6254 -0.0546
0.8 0.38 55.16 0.79 1.5592 94.2703 1.2465 -1.6948
0.82 0.38 53.74 1.11 2.4975 93.6065 1.8539 -3.2232
0.85 0.38 51.73 1.41 3.3449 92.6542 2.4327 -4.589
0.88 0.38 49.11 1.65 4.0488 91.3968 2.9686 -5.7432
0.9 0.38 45.89 1.84 4.5582 89.8207 3.4521 -6.6482
0.93 0.38 42.15 1.97 4.8316 87.9176 3.8706 -7.2749
0.95 0.38 37.99 2.02 4.8535 85.6877 4.211 -7.6116
0.98 0.38 33.58 1.99 4.6381 83.1441 4.4539 -7.6595
1 0.38 29.09 1.87 4.2269 80.3114 4.5709 -7.4334
0 0.4 28 2.22 3.2798 79.9033 5.5562 -5.9281
0.03 0.4 24.56 2.03 2.8986 77.4491 5.5168 -5.5484
0.05 0.4 21.33 1.76 2.4773 74.9075 5.2723 -5.0131
0.08 0.4 18.39 1.47 2.0452 72.341 4.8781 -4.3599
0.1 0.4 15.8 1.19 1.6263 69.829 4.3854 -3.6259
0.12 0.4 13.62 0.93 1.2399 67.4695 3.8208 -2.845
0.15 0.4 11.87 0.71 0.8981 65.3693 3.1925 -2.0475
0.17 0.4 10.55 0.5 0.6034 63.6305 2.4917 -1.2515
0.2 0.4 9.63 0.32 0.3515 62.3368 1.7104 -0.4722
0.22 0.4 9.1 0.14 0.1296 61.5417 0.8483 0.2922
0.25 0.4 8.94 -0.03 -0.0782 61.2732 -0.0677 1.0484
0.28 0.4 9.13 -0.21 -0.29 61.5352 -0.9758 1.8147
0.3 0.4 9.68 -0.38 -0.5241 62.3279 -1.8168 2.6073
0.32 0.4 10.63 -0.57 -0.797 63.6242 -2.5706 3.4349
0.35 0.4 11.98 -0.77 -1.1212 65.3696 -3.2424 4.2918
0.38 0.4 13.77 -1 -1.5016 67.4788 -3.8453 5.1642
0.4 0.4 16 -1.25 -1.9352 69.8471 -4.3848 6.0255
0.43 0.4 18.63 -1.53 -2.409 72.3682 -4.8597 6.8451
0.45 0.4 21.62 -1.81 -2.902 74.9425 -5.2294 7.5857
0.47 0.4 24.91 -2.06 -3.3874 77.491 -5.456 8.2066
0.5 0.4 28.4 -2.23 -3.8318 79.9506 -5.4717 8.6688
0.52 0.4 31.98 -2.28 -4.1891 82.265 -5.2655 8.9291
0.55 0.4 35.52 -2.24 -4.4104 84.3891 -4.9267 8.9609
0.57 0.4 38.9 -2.13 -4.4555 86.2972 -4.4949 8.748
0.6 0.4 41.99 -1.94 -4.3039 87.9668 -3.9901 8.2889
0.62 0.4 44.7 -1.69 -3.9594 89.3846 -3.4218 7.5926
0.65 0.4 46.94 -1.39 -3.4444 90.5418 -2.8002 6.6823
0.68 0.4 48.69 -1.05 -2.7923 91.4372 -2.1322 5.5856
0.7 0.4 49.91 -0.68 -2.0431 92.0729 -1.4318 4.3408
0.73 0.4 50.63 -0.29 -1.2326 92.4521 -0.7095 2.995
0.75 0.4 50.83 0.1 -0.3929 92.5769 0.0189 1.5945
0.77 0.4 50.53 0.49 0.4491 92.4473 0.7522 0.1867
0.8 0.4 49.72 0.88 1.2646 92.0645 1.4814 -1.1745
0.82 0.4 48.41 1.24 2.0206 91.4226 2.1911 -2.4442
0.85 0.4 46.6 1.56 2.6828 90.5206 2.8671 -3.5749
0.88 0.4 44.3 1.83 3.2129 89.3545 3.4976 -4.5278
0.9 0.4 41.55 2.05 3.5782 87.9299 4.0715 -5.2749
0.93 0.4 38.44 2.21 3.759 86.2532 4.585 -5.7927
0.95 0.4 35.06 2.29 3.7522 84.3417 5.0192 -6.0709
0.98 0.4 31.54 2.3 3.5797 82.2158 5.3624 -6.1111
1 0.4 28 2.22 3.2798 79.9033 5.5562 -5.9281
0 0.43 27.04 2.53 2.2893 79.5827 6.4641 -4.2533
0.03 0.43 24.57 2.36 2.0585 77.79 6.4337 -3.9481
0.05 0.43 22.22 2.11 1.8142 75.964 6.1376 -3.5283
0.08 0.43 20.02 1.81 1.5568 74.1197 5.6683 -3.0236
0.1 0.43 18.01 1.5 1.29 72.3106 5.0827 -2.4606
0.12 0.43 16.24 1.21 1.0245 70.6001 4.4096 -1.8632
0.15 0.43 14.77 0.93 0.7693 69.0668 3.6535 -1.2525
0.17 0.43 13.61 0.67 0.5311 67.7863 2.8191 -0.6442
0.2 0.43 12.78 0.43 0.309 66.8224 1.9089 -0.047
0.22 0.43 12.29 0.19 0.0992 66.2269 0.9357 0.541
0.25 0.43 12.14 -0.04 -0.1055 66.0232 -0.0733 1.1259
0.28 0.43 12.32 -0.28 -0.3136 66.2256 -1.0764 1.7178
0.3 0.43 12.84 -0.51 -0.534 66.821 -2.0322 2.3299
0.32 0.43 13.69 -0.76 -0.7736 67.7867 -2.9186 2.9667
0.35 0.43 14.88 -1.01 -1.0362 69.0675 -3.7257 3.6246
0.38 0.43 16.39 -1.29 -1.3215 70.6043 -4.4548 4.2934
0.4 0.43 18.18 -1.58 -1.6235 72.3126 -5.1026 4.9524
0.43 0.43 20.22 -1.87 -1.9298 74.1259 -5.6642 5.5824
0.45 0.43 22.45 -2.16 -2.2312 75.9665 -6.1089 6.1522
0.47 0.43 24.83 -2.4 -2.5217 77.7994 -6.3769 6.6357
0.5 0.43 27.33 -2.53 -2.8007 79.5952 -6.3767 7.0015
0.52 0.43 29.91 -2.54 -3.0516 81.3268 -6.1148 7.2134
0.55 0.43 32.5 -2.46 -3.2259 82.9559 -5.6945 7.2472
0.57 0.43 35.03 -2.31 -3.2857 84.4698 -5.1734 7.0898
0.6 0.43 37.41 -2.09 -3.2075 85.8389 -4.5773 6.7421
0.62 0.43 39.55 -1.81 -2.9875 87.0383 -3.9166 6.2085
0.65 0.43 41.37 -1.49 -2.6335 88.0448 -3.199 5.506
0.68 0.43 42.83 -1.13 -2.1662 88.8409 -2.4332 4.6551
0.7 0.43 43.88 -0.73 -1.61 89.4161 -1.6312 3.6863
0.73 0.43 44.5 -0.31 -0.9944 89.763 -0.8024 2.635
0.75 0.43 44.68 0.11 -0.3494 89.8782 0.0344 1.5417
0.77 0.43 44.42 0.53 0.2972 89.7577 0.8757 0.4422
0.8 0.43 43.73 0.94 0.9169 89.4072 1.7079 -0.6206
0.82 0.43 42.62 1.32 1.479 88.8266 2.516 -1.6065
0.85 0.43 41.11 1.66 1.9566 88.027 3.2861 -2.4848
0.88 0.43 39.25 1.96 2.3236 87.016 4.0096 -3.2198
0.9 0.43 37.08 2.2 2.5628 85.8166 4.6734 -3.7919
0.93 0.43 34.69 2.39 2.6635 84.4459 5.2741 -4.1839
0.95 0.43 32.16 2.51 2.634 82.937 5.7968 -4.3887
0.98 0.43 29.59 2.57 2.4956 81.3079 6.2161 -4.4081
1 0.43 27.04 2.53 2.2892 79.5827 6.4642 -4.2533
0 0.45 26.31 2.83 1.3364 79.3758 7.3238 -2.4494
0.03 0.45 24.81 2.67 1.2194 78.2601 7.2015 -2.1997
0.05 0.45 23.34 2.41 1.1121 77.118 6.8035 -1.8824
0.08 0.45 21.89 2.11 0.9908 75.956 6.2535 -1.5177
0.1 0.45 20.51 1.79 0.8491 74.8019 5.5896 -1.1245
0.12 0.45 19.25 1.48 0.6922 73.7042 4.8343 -0.7177
0.15 0.45 18.16 1.16 0.528 72.7143 3.9872 -0.3136
0.17 0.45 17.28 0.85 0.3605 71.8846 3.0575 0.0808
0.2 0.45 16.64 0.54 0.1939 71.2593 2.0568 0.4636
0.22 0.45 16.26 0.24 0.0278 70.87 1.0026 0.8353
0.25 0.45 16.14 -0.06 -0.1391 70.7406 -0.0774 1.2034
0.28 0.45 16.28 -0.36 -0.3085 70.8733 -1.1528 1.5776
0.3 0.45 16.7 -0.66 -0.4822 71.2652 -2.1937 1.9675
0.32 0.45 17.37 -0.96 -0.6612 71.8919 -3.1748 2.3776
0.35 0.45 18.27 -1.26 -0.8457 72.7215 -4.0811 2.8089
0.38 0.45 19.38 -1.57 -1.0308 73.7088 -4.9034 3.2569
0.4 0.45 20.66 -1.88 -1.2113 74.8017 -5.6348 3.7079
0.43 0.45 22.05 -2.19 -1.3787 75.9504 -6.2786 4.1469
0.45 0.45 23.5 -2.47 -1.5272 77.1073 -6.8006 4.5565
0.47 0.45 24.98 -2.72 -1.6644 78.246 -7.1851 4.9167
0.5 0.45 26.49 -2.83 -1.8138 79.3643 -7.252 5.2053
0.52 0.45 28.08 -2.77 -1.9739 80.4799 -6.9101 5.3888
0.55 0.45 29.74 -2.62 -2.1043 81.5718 -6.3941 5.4422
0.57 0.45 31.41 -2.43 -2.1693 82.6247 -5.7917 5.3586
0.6 0.45 33.03 -2.18 -2.1456 83.6147 -5.1119 5.1346
0.62 0.45 34.53 -1.88 -2.0268 84.5115 -4.3688 4.7746
0.65 0.45 35.84 -1.54 -1.8145 85.2867 -3.564 4.2869
0.68 0.45 36.91 -1.16 -1.5176 85.9157 -2.7082 3.6911
0.7 0.45 37.69 -0.76 -1.1535 86.3788 -1.8111 3.0057
0.73 0.45 38.17 -0.33 -0.7419 86.6619 -0.8856 2.2607
0.75 0.45 38.31 0.11 -0.3051 86.7555 0.0516 1.4821
0.77 0.45 38.12 0.54 0.1327 86.6584 0.9904 0.701
0.8 0.45 37.6 0.96 0.5478 86.3731 1.9177 -0.0529
0.82 0.45 36.78 1.35 0.9172 85.908 2.8164 -0.75
0.85 0.45 35.68 1.71 1.222 85.2789 3.6734 -1.3619
0.88 0.45 34.34 2.03 1.4446 84.5028 4.479 -1.8682
0.9 0.45 32.83 2.29 1.5776 83.6084 5.2213 -2.2538
0.93 0.45 31.2 2.51 1.6178 82.6206 5.9035 -2.5057
0.95 0.45 29.53 2.68 1.5734 81.5741 6.4996 -2.6196
0.98 0.45 27.88 2.81 1.4672 80.4848 7.0235 -2.5977
1 0.45 26.31 2.83 1.3364 79.3759 7.3239 -2.4494
0 0.47 25.9 3 0.4528 79.3077 7.7876 -0.5567
0.03 0.47 25.29 2.89 0.4251 78.8172 7.6387 -0.3448
0.05 0.47 24.64 2.66 0.4045 78.3052 7.2107 -0.1113
0.08 0.47 23.94 2.38 0.3645 77.763 6.6253 0.1267
0.1 0.47 23.23 2.06 0.3064 77.2084 5.9207 0.3548
0.12 0.47 22.57 1.73 0.2346 76.6783 5.1075 0.5653
0.15 0.47 21.98 1.38 0.1554 76.1983 4.1975 0.7506
0.17 0.47 21.5 1.02 0.073 75.8009 3.2025 0.9085
0.2 0.47 21.15 0.66 -0.0108 75.5012 2.1443 1.0455
0.22 0.47 20.94 0.29 -0.094 75.3199 1.0426 1.1645
0.25 0.47 20.88 -0.07 -0.178 75.2588 -0.08 1.2785
0.28 0.47 20.97 -0.44 -0.2631 75.3268 -1.1997 1.395
0.3 0.47 21.2 -0.8 -0.3505 75.5135 -2.2922 1.5271
0.32 0.47 21.57 -1.16 -0.4405 75.8172 -3.3358 1.6812
0.35 0.47 22.07 -1.51 -0.5319 76.2143 -4.3129 1.8643
0.38 0.47 22.67 -1.84 -0.6212 76.693 -5.2023 2.077
0.4 0.47 23.33 -2.16 -0.705 77.2145 -5.995 2.3143
0.43 0.47 24.04 -2.46 -0.7742 77.7655 -6.6787 2.5722
0.45 0.47 24.73 -2.73 -0.8271 78.2912 -7.2445 2.8338
0.47 0.47 25.38 -2.93 -0.8568 78.805 -7.6431 3.0898
0.5 0.47 25.96 -3.01 -0.9034 79.2816 -7.7497 3.3191
0.52 0.47 26.63 -2.92 -1.0049 79.7795 -7.49 3.4955
0.55 0.47 27.4 -2.75 -1.1041 80.3007 -6.9909 3.593
0.57 0.47 28.22 -2.51 -1.1669 80.8341 -6.3592 3.6021
0.6 0.47 29.07 -2.24 -1.1823 81.3692 -5.624 3.5156
0.62 0.47 29.88 -1.92 -1.1427 81.8749 -4.8072 3.3383
0.65 0.47 30.6 -1.56 -1.0481 82.331 -3.9195 3.073
0.68 0.47 31.21 -1.17 -0.9024 82.7105 -2.9731 2.731
0.7 0.47 31.66 -0.76 -0.7141 82.9986 -1.9838 2.3293
0.73 0.47 31.94 -0.33 -0.4957 83.1758 -0.9643 1.8836
0.75 0.47 32.03 0.1 -0.2612 83.2383 0.0681 1.4171
0.77 0.47 31.92 0.53 -0.026 83.1771 1.1014 0.9481
0.8 0.47 31.63 0.95 0.1943 83.002 2.1193 0.5021
0.82 0.47 31.16 1.35 0.3859 82.715 3.1062 0.0955
0.85 0.47 30.54 1.72 0.5363 82.339 4.0473 -0.2494
0.88 0.47 29.8 2.06 0.6365 81.883 4.9292 -0.5208
0.9 0.47 28.99 2.35 0.6842 81.3826 5.7373 -0.7071
0.93 0.47 28.13 2.6 0.6765 80.8465 6.4641 -0.8013
0.95 0.47 27.32 2.81 0.625 80.3216 7.0817 -0.8042
0.98 0.47 26.54 2.96 0.5341 79.795 7.5652 -0.7187
1 0.47 25.9 3 0.4528 79.3078 7.7877 -0.5567
0 0.5 25.82 3.11 -0.2219 79.3019 7.9985 1.3843
0.03 0.5 25.82 2.98 -0.25 79.3076 7.7497 1.5734
0.05 0.5 25.84 2.76 -0.2888 79.3138 7.2629 1.7325
0.08 0.5 25.88 2.51 -0.3276 79.3139 6.6678 1.8509
0.1 0.5 25.92 2.22 -0.3585 79.3179 5.9438 1.9189
0.12 0.5 25.98 1.89 -0.3753 79.3293 5.1107 1.9323
0.15 0.5 26.04 1.52 -0.3744 79.3473 4.1836 1.8917
0.17 0.5 26.09 1.14 -0.3556 79.3698 3.1811 1.8025
0.2 0.5 26.14 0.74 -0.3202 79.3919 2.1238 1.674
0.22 0.5 26.17 0.32 -0.2729 79.4089 1.0303 1.5181
0.25 0.5 26.19 -0.09 -0.2193 79.4176 -0.0789 1.3492
0.28 0.5 26.18 -0.5 -0.1658 79.4154 -1.1865 1.1819
0.3 0.5 26.16 -0.91 -0.1188 79.4046 -2.2753 1.0305
0.32 0.5 26.12 -1.3 -0.0841 79.387 -3.3236 0.9094
0.35 0.5 26.07 -1.67 -0.0658 79.3674 -4.3154 0.8294
0.38 0.5 26.01 -2.01 -0.0656 79.3492 -5.2262 0.7998
0.4 0.5 25.95 -2.32 -0.0828 79.3357 -6.045 0.824
0.43 0.5 25.9 -2.59 -0.1142 79.3266 -6.7496 0.9021
0.45 0.5 25.86 -2.82 -0.1533 79.3214 -7.3282 1.0287
0.47 0.5 25.83 -3.03 -0.1927 79.3066 -7.8117 1.1928
0.5 0.5 25.82 -3.11 -0.2219 79.3015 -7.9984 1.3843
0.52 0.5 25.82 -2.98 -0.2498 79.307 -7.7497 1.5733
0.55 0.5 25.84 -2.76 -0.2886 79.3131 -7.2625 1.7324
0.57 0.5 25.88 -2.51 -0.3276 79.313 -6.6676 1.8509
0.6 0.5 25.92 -2.22 -0.3585 79.3171 -5.9436 1.9188
0.62 0.5 25.98 -1.89 -0.3752 79.3283 -5.1106 1.9322
0.65 0.5 26.04 -1.52 -0.3746 79.3465 -4.1838 1.8917
0.68 0.5 26.09 -1.14 -0.3555 79.369 -3.1809 1.8025
0.7 0.5 26.14 -0.74 -0.3203 79.391 -2.1238 1.674
0.73 0.5 26.17 -0.32 -0.2729 79.4082 -1.0304 1.5181
0.75 0.5 26.19 0.09 -0.2193 79.4167 0.0789 1.3492
0.77 0.5 26.18 0.5 -0.1658 79.4149 1.1866 1.1818
0.8 0.5 26.16 0.91 -0.1188 79.404 2.2754 1.0305
0.82 0.5 26.12 1.3 -0.0842 79.3865 3.3236 0.9094
0.85 0.5 26.07 1.67 -0.0658 79.367 4.3154 0.8294
0.88 0.5 26.01 2.01 -0.0658 79.3488 5.226 0.7998
0.9 0.5 25.95 2.32 -0.083 79.3357 6.045 0.824
0.93 0.5 25.9 2.59 -0.1143 79.3265 6.7496 0.9021
0.95 0.5 25.86 2.82 -0.1534 79.3216 7.3285 1.0287
0.98 0.5 25.83 3.03 -0.1928 79.3069 7.8117 1.1928
1 0.5 25.82 3.11 -0.2219 79.3019 7.9985 1.3843
0 0.52 25.96 3.01 -0.9036 79.2819 7.7499 3.3191
0.03 0.52 26.63 2.92 -1.0051 79.7798 7.4902 3.4955
0.05 0.52 27.4 2.75 -1.1046 80.3011 6.9914 3.5946
0.08 0.52 28.22 2.51 -1.1671 80.8346 6.3589 3.6021
0.1 0.52 29.07 2.24 -1.1828 81.3699 5.624 3.5172
0.12 0.52 29.88 1.92 -1.1429 81.8756 4.8071 3.3383
0.15 0.52 30.61 1.56 -1.0485 82.3316 3.9191 3.073
0.17 0.52 31.21 1.17 -0.9024 82.7123 2.9734 2.7311
0.2 0.52 31.67 0.76 -0.7148 82.9991 1.9837 2.3293
0.22 0.52 31.94 0.33 -0.4957 83.178 0.9643 1.8836
0.25 0.52 32.03 -0.1 -0.2613 83.2387 -0.068 1.4172
0.28 0.52 31.93 -0.53 -0.0259 83.1794 -1.1011 0.9482
0.3 0.52 31.63 -0.95 0.1949 83.0023 -2.1188 0.5022
0.32 0.52 31.16 -1.35 0.386 82.7167 -3.1064 0.0954
0.35 0.52 30.54 -1.72 0.5368 82.3389 -4.0471 -0.251
0.38 0.52 29.8 -2.06 0.6369 81.8844 -4.9294 -0.5224
0.4 0.52 28.99 -2.35 0.6844 81.3826 -5.7374 -0.7071
0.43 0.52 28.13 -2.6 0.6768 80.8473 -6.4643 -0.8029
0.45 0.52 27.32 -2.8 0.6252 80.3216 -7.0815 -0.8041
0.47 0.52 26.54 -2.96 0.5342 79.7954 -7.5654 -0.7187
0.5 0.52 25.9 -3 0.4529 79.3075 -7.7876 -0.5567
0.52 0.52 25.29 -2.89 0.4253 78.8172 -7.6391 -0.3448
0.55 0.52 24.64 -2.66 0.4046 78.3044 -7.211 -0.1113
0.57 0.52 23.94 -2.38 0.3647 77.7625 -6.625 0.1252
0.6 0.52 23.23 -2.06 0.3066 77.2077 -5.9204 0.3548
0.62 0.52 22.57 -1.73 0.2348 76.6771 -5.1073 0.5637
0.65 0.52 21.98 -1.38 0.1558 76.1979 -4.1968 0.749
0.68 0.52 21.5 -1.02 0.0729 75.799 -3.2028 0.9085
0.7 0.52 21.15 -0.66 -0.0103 75.5007 -2.1444 1.0456
0.73 0.52 20.94 -0.29 -0.094 75.3169 -1.0421 1.1643
0.75 0.52 20.88 0.07 -0.178 75.2585 0.08 1.2785
0.77 0.52 20.96 0.44 -0.2631 75.3238 1.1993 1.395
0.8 0.52 21.2 0.8 -0.351 75.5132 2.2924 1.527
0.82 0.52 21.57 1.16 -0.4405 75.815 3.3362 1.6811
0.85 0.52 22.07 1.51 -0.5322 76.2142 4.3125 1.8643
0.88 0.52 22.67 1.84 -0.6213 76.6919 5.2024 2.0769
0.9 0.52 23.33 2.16 -0.7053 77.2146 5.9953 2.3158
0.93 0.52 24.04 2.46 -0.7743 77.7648 6.6786 2.5721
0.95 0.52 24.73 2.73 -0.8275 78.2914 7.2446 2.8354
0.98 0.52 25.38 2.93 -0.8568 78.8044 7.6431 3.0898
1 0.52 25.96 3.01 -0.9036 79.2819 7.75 3.3191
0 0.55 26.49 2.83 -1.8141 79.3652 7.252 5.2053
0.03 0.55 28.09 2.77 -1.9746 80.4812 6.9106 5.3889
0.05 0.55 29.74 2.62 -2.1055 81.5727 6.394 5.4439
0.08 0.55 31.42 2.43 -2.1693 82.626 5.7918 5.3587
0.1 0.55 33.04 2.18 -2.1458 83.6162 5.1119 5.1346
0.12 0.55 34.53 1.88 -2.027 84.513 4.3695 4.7747
0.15 0.55 35.84 1.54 -1.8141 85.2883 3.5639 4.2869
0.17 0.55 36.91 1.16 -1.5181 85.9175 2.708 3.6912
0.2 0.55 37.7 0.75 -1.1536 86.3799 1.8099 3.0073
0.22 0.55 38.17 0.33 -0.7416 86.6625 0.8856 2.2608
0.25 0.55 38.31 -0.11 -0.3052 86.7573 -0.0516 1.4822
0.28 0.55 38.12 -0.54 0.1325 86.6593 -0.9904 0.701
0.3 0.55 37.6 -0.96 0.5477 86.3741 -1.9164 -0.0527
0.32 0.55 36.78 -1.35 0.9178 85.909 -2.8166 -0.7501
0.35 0.55 35.68 -1.71 1.2218 85.2797 -3.6731 -1.3618
0.38 0.55 34.34 -2.03 1.4453 84.5035 -4.479 -1.8699
0.4 0.55 32.83 -2.29 1.5782 83.609 -5.2206 -2.2537
0.43 0.55 31.2 -2.51 1.6182 82.6213 -5.9033 -2.5057
0.45 0.55 29.53 -2.68 1.5737 81.5738 -6.4998 -2.6196
0.47 0.55 27.88 -2.81 1.4676 80.4846 -7.0238 -2.5993
0.5 0.55 26.3 -2.83 1.3368 79.375 -7.3237 -2.4509
0.52 0.55 24.81 -2.67 1.2201 78.2592 -7.202 -2.2012
0.55 0.55 23.34 -2.41 1.1126 77.117 -6.8036 -1.8824
0.57 0.55 21.89 -2.11 0.9905 75.9542 -6.253 -1.5177
0.6 0.55 20.51 -1.79 0.8491 74.8002 -5.5895 -1.1245
0.62 0.55 19.25 -1.48 0.6923 73.702 -4.8347 -0.719
0.65 0.55 18.16 -1.16 0.5275 72.7127 -3.987 -0.3136
0.68 0.55 17.28 -0.85 0.3608 71.8829 -3.0571 0.0807
0.7 0.55 16.64 -0.54 0.1937 71.2572 -2.0549 0.4634
0.73 0.55 16.26 -0.24 0.0276 70.8691 -1.0024 0.8353
0.75 0.55 16.14 0.06 -0.1391 70.7382 0.0775 1.2033
0.77 0.55 16.28 0.36 -0.3083 70.8726 1.153 1.5775
0.8 0.55 16.7 0.66 -0.4821 71.2633 2.1919 1.9677
0.82 0.55 17.37 0.96 -0.6616 71.8909 3.1753 2.3775
0.85 0.55 18.27 1.26 -0.8455 72.7203 4.0808 2.8103
0.88 0.55 19.38 1.57 -1.0309 73.7076 4.9038 3.2568
0.9 0.55 20.66 1.88 -1.2117 74.8013 5.6341 3.708
0.93 0.55 22.05 2.19 -1.3789 75.95 6.2787 4.1468
0.95 0.55 23.5 2.47 -1.5276 77.1075 6.801 4.558
0.98 0.55 24.98 2.72 -1.6646 78.246 7.1853 4.9168
1 0.55 26.49 2.83 -1.8142 79.3652 7.2518 5.2053
0 0.57 27.33 2.53 -2.8011 79.5959 6.3762 7.0015
0.03 0.57 29.91 2.54 -3.0524 81.3268 6.1142 7.2134
0.05 0.57 32.5 2.46 -3.2264 82.9572 5.6936 7.2473
0.08 0.57 35.03 2.31 -3.2858 84.4706 5.1741 7.0916
0.1 0.57 37.41 2.09 -3.2083 85.8404 4.577 6.7438
0.12 0.57 39.55 1.81 -2.9882 87.0392 3.9163 6.2102
0.15 0.57 41.38 1.49 -2.6344 88.0455 3.1996 5.5061
0.17 0.57 42.83 1.13 -2.1659 88.842 2.4328 4.6551
0.2 0.57 43.88 0.73 -1.6098 89.4175 1.6313 3.6864
0.22 0.57 44.5 0.31 -0.9944 89.7646 0.8028 2.6351
0.25 0.57 44.68 -0.11 -0.3494 89.8792 -0.0341 1.5417
0.28 0.57 44.42 -0.53 0.2974 89.7594 -0.8757 0.4422
0.3 0.57 43.73 -0.94 0.9166 89.4078 -1.7079 -0.6205
0.32 0.57 42.62 -1.32 1.4795 88.8278 -2.5153 -1.6081
0.35 0.57 41.12 -1.66 1.9572 88.0278 -3.2868 -2.4849
0.38 0.57 39.25 -1.96 2.3238 87.0179 -4.009 -3.2198
0.4 0.57 37.08 -2.2 2.5627 85.817 -4.6728 -3.7918
0.43 0.57 34.69 -2.39 2.6639 84.4468 -5.2739 -4.1839
0.45 0.57 32.17 -2.51 2.6349 82.9367 -5.7963 -4.3904
0.47 0.57 29.59 -2.57 2.4962 81.3091 -6.2156 -4.4097
0.5 0.57 27.04 -2.53 2.2896 79.582 -6.4636 -4.2533
0.52 0.57 24.57 -2.36 2.0593 77.7898 -6.4329 -3.9497
0.55 0.57 22.22 -2.1 1.8144 75.9627 -6.1368 -3.5298
0.57 0.57 20.02 -1.81 1.5565 74.1196 -5.6694 -3.0236
0.6 0.57 18.01 -1.5 1.2902 72.3086 -5.0825 -2.4607
0.62 0.57 16.24 -1.21 1.0247 70.5985 -4.4087 -1.8632
0.65 0.57 14.77 -0.93 0.7697 69.0647 -3.6545 -1.2537
0.68 0.57 13.61 -0.67 0.5307 67.7842 -2.8183 -0.6443
0.7 0.57 12.78 -0.43 0.3088 66.8208 -1.909 -0.047
0.73 0.57 12.29 -0.19 0.0991 66.2246 -0.936 0.541
0.75 0.57 12.14 0.04 -0.1055 66.0222 0.0732 1.1259
0.77 0.57 12.32 0.28 -0.3136 66.2233 1.0767 1.7177
0.8 0.57 12.84 0.51 -0.5337 66.8204 2.0323 2.3299
0.82 0.57 13.69 0.76 -0.7736 67.784 2.9177 2.9667
0.85 0.57 14.88 1.02 -1.0365 69.0671 3.7263 3.6245
0.88 0.57 16.39 1.29 -1.3215 70.602 4.4545 4.2933
0.9 0.57 18.18 1.58 -1.6234 72.3126 5.1017 4.9539
0.93 0.57 20.22 1.87 -1.9297 74.124 5.6642 5.5823
0.95 0.57 22.45 2.16 -2.2319 75.9666 6.1085 6.1522
0.98 0.57 24.83 2.4 -2.5219 77.7985 6.3767 6.6356
1 0.57 27.33 2.53 -2.8011 79.5961 6.3762 7.0016
0 0.6 28.4 2.23 -3.8321 79.9512 5.4714 8.6688
0.03 0.6 31.98 2.28 -4.1898 82.2657 5.2649 8.9308
0.05 0.6 35.52 2.24 -4.4106 84.3901 4.9266 8.9609
0.08 0.6 38.9 2.13 -4.4562 86.298 4.4953 8.7481
0.1 0.6 42 1.94 -4.304 87.9681 3.9898 8.2889
0.12 0.6 44.7 1.69 -3.9592 89.3854 3.422 7.5944
0.15 0.6 46.95 1.39 -3.4442 90.5427 2.7995 6.6823
0.17 0.6 48.69 1.05 -2.7923 91.4379 2.1335 5.5857
0.2 0.6 49.91 0.68 -2.0432 92.0737 1.4317 4.3408
0.22 0.6 50.63 0.29 -1.2325 92.4529 0.7098 2.9951
0.25 0.6 50.83 -0.1 -0.393 92.5776 -0.019 1.5945
0.28 0.6 50.53 -0.49 0.449 92.4484 -0.752 0.1867
0.3 0.6 49.73 -0.88 1.2642 92.0651 -1.4816 -1.1745
0.32 0.6 48.41 -1.24 2.0208 91.4232 -2.1913 -2.4443
0.35 0.6 46.6 -1.56 2.6833 90.5211 -2.8665 -3.5749
0.38 0.6 44.3 -1.83 3.2132 89.3555 -3.4975 -4.5278
0.4 0.6 41.55 -2.05 3.5786 87.9303 -4.0715 -5.2749
0.43 0.6 38.44 -2.21 3.7592 86.2537 -4.5849 -5.7927
0.45 0.6 35.06 -2.29 3.7524 84.3419 -5.0184 -6.0709
0.47 0.6 31.54 -2.3 3.5799 82.2159 -5.362 -6.1111
0.5 0.6 28 -2.22 3.28 79.903 -5.5557 -5.9281
0.52 0.6 24.56 -2.03 2.8989 77.4484 -5.5157 -5.5484
0.55 0.6 21.33 -1.76 2.4774 74.9063 -5.2718 -5.013
0.57 0.6 18.39 -1.47 2.0456 72.3399 -4.8785 -4.3598
0.6 0.6 15.8 -1.19 1.6261 69.8267 -4.3851 -3.6258
0.62 0.6 13.62 -0.93 1.2395 67.4688 -3.8203 -2.845
0.65 0.6 11.87 -0.71 0.8979 65.3674 -3.1913 -2.0476
0.68 0.6 10.55 -0.5 0.6034 63.6301 -2.4932 -1.2526
0.7 0.6 9.63 -0.32 0.3514 62.3361 -1.7104 -0.4722
0.73 0.6 9.1 -0.14 0.1295 61.5413 -0.8487 0.2922
0.75 0.6 8.94 0.03 -0.0782 61.2726 0.0678 1.0484
0.77 0.6 9.13 0.21 -0.2899 61.535 0.9759 1.8146
0.8 0.6 9.68 0.38 -0.5242 62.3273 1.817 2.6084
0.82 0.6 10.63 0.57 -0.7969 63.6239 2.5715 3.4348
0.85 0.6 11.98 0.77 -1.1211 65.3689 3.2416 4.2918
0.88 0.6 13.77 1 -1.5017 67.4786 3.8456 5.1642
0.9 0.6 15.99 1.25 -1.9353 69.8468 4.3849 6.0255
0.93 0.6 18.63 1.53 -2.4092 72.3682 4.8597 6.8451
0.95 0.6 21.62 1.81 -2.9022 74.9427 5.2285 7.5858
0.98 0.6 24.91 2.06 -3.3878 77.4914 5.4558 8.2081
1 0.6 28.4 2.23 -3.8322 79.9511 5.4713 8.6688
0 0.62 29.57 1.88 -4.8226 80.3961 4.498 10.172
0.03 0.62 34.11 1.98 -5.3061 83.2244 4.3761 10.4932
0.05 0.62 38.55 1.98 -5.5801 85.7598 4.1346 10.5325
0.08 0.62 42.72 1.9 -5.6025 87.9773 3.7974 10.2747
0.1 0.62 46.44 1.74 -5.3604 89.8667 3.3847 9.7163
0.12 0.62 49.6 1.53 -4.8731 91.4282 2.9098 8.8738
0.15 0.62 52.15 1.26 -4.1835 92.6731 2.3824 7.7705
0.17 0.62 54.07 0.95 -3.3474 93.6154 1.8143 6.4456
0.2 0.62 55.38 0.61 -2.4169 94.2739 1.2191 4.9456
0.22 0.62 56.13 0.26 -1.4357 94.6628 0.6054 3.3238
0.25 0.62 56.34 -0.09 -0.4334 94.7921 -0.0051 1.6391
0.28 0.62 56.02 -0.44 0.5718 94.6617 -0.625 -0.0546
0.3 0.62 55.16 -0.79 1.5593 94.2714 -1.247 -1.6949
0.32 0.62 53.74 -1.11 2.4981 93.6071 -1.8533 -3.2232
0.35 0.62 51.73 -1.4 3.3451 92.6554 -2.4324 -4.589
0.38 0.62 49.11 -1.65 4.0491 91.3974 -2.9685 -5.7432
0.4 0.62 45.89 -1.84 4.5583 89.8215 -3.4517 -6.6482
0.43 0.62 42.15 -1.97 4.8319 87.9179 -3.8706 -7.2749
0.45 0.62 37.99 -2.02 4.854 85.6882 -4.2108 -7.6133
0.47 0.62 33.58 -1.99 4.6384 83.1447 -4.4536 -7.6596
0.5 0.62 29.09 -1.87 4.2272 80.3115 -4.5705 -7.4334
0.52 0.62 24.73 -1.67 3.6823 77.246 -4.5268 -6.9673
0.55 0.62 20.67 -1.42 3.0686 74.0261 -4.3261 -6.3067
0.57 0.62 17.06 -1.16 2.4488 70.7477 -4.0048 -5.499
0.6 0.62 13.98 -0.91 1.8711 67.5294 -3.6048 -4.598
0.62 0.62 11.48 -0.69 1.366 64.5122 -3.1582 -3.6459
0.65 0.62 9.55 -0.51 0.9474 61.8408 -2.6677 -2.6818
0.68 0.62 8.15 -0.36 0.6131 59.6538 -2.124 -1.7309
0.7 0.62 7.22 -0.23 0.3482 58.0465 -1.4933 -0.8066
0.73 0.62 6.7 -0.11 0.1333 57.0806 -0.7583 0.0912
0.75 0.62 6.54 0.02 -0.0575 56.7515 0.0608 0.975
0.77 0.62 6.72 0.15 -0.2526 57.069 0.8705 1.8702
0.8 0.62 7.26 0.27 -0.4806 58.031 1.5803 2.8016
0.82 0.62 8.22 0.41 -0.7679 59.6451 2.1813 3.7813
0.85 0.62 9.66 0.56 -1.1354 61.8469 2.6981 4.8063
0.88 0.62 11.63 0.74 -1.5987 64.5369 3.1648 5.8602
0.9 0.62 14.19 0.96 -2.1608 67.5731 3.5935 6.9114
0.93 0.62 17.33 1.2 -2.8071 70.808 3.977 7.9205
0.95 0.62 21.01 1.46 -3.5035 74.0999 4.2804 8.8354
0.98 0.62 25.14 1.7 -4.1976 77.3275 4.4672 9.6038
1 0.62 29.57 1.88 -4.8226 80.3968 4.4979 10.1721
0 0.65 30.73 1.53 -5.7264 80.8714 3.5653 11.4687
0.03 0.65 36.13 1.64 -6.3376 84.1222 3.4963 11.8521
0.05 0.65 41.39 1.66 -6.6634 86.9831 3.3255 11.9057
0.08 0.65 46.23 1.61 -6.655 89.4327 3.0686 11.6112
0.1 0.65 50.47 1.48 -6.3074 91.4734 2.7406 10.9681
0.12 0.65 53.97 1.3 -5.6649 93.1212 2.3556 9.9941
0.15 0.65 56.69 1.07 -4.7968 94.4047 1.9254 8.722
0.17 0.65 58.67 0.8 -3.7837 95.3567 1.4606 7.1954
0.2 0.65 59.98 0.51 -2.6986 96.01 0.9756 5.4711
0.22 0.65 60.7 0.22 -1.5862 96.3919 0.4851 3.6076
0.25 0.65 60.89 -0.07 -0.4698 96.5202 0.0029 1.6745
0.28 0.65 60.58 -0.36 0.652 96.3956 -0.4866 -0.2681
0.3 0.65 59.75 -0.66 1.7733 96.016 -0.9898 -2.1531
0.32 0.65 58.32 -0.94 2.8696 95.358 -1.4864 -3.9117
0.35 0.65 56.23 -1.19 3.8944 94.3953 -1.9629 -5.4848
0.38 0.65 53.41 -1.41 4.7753 93.0945 -2.4022 -6.8146
0.4 0.65 49.85 -1.57 5.4378 91.4257 -2.7948 -7.857
0.43 0.65 45.58 -1.67 5.816 89.363 -3.1273 -8.5789
0.45 0.65 40.74 -1.7 5.8732 86.8932 -3.3867 -8.9627
0.47 0.65 35.52 -1.65 5.6155 84.0157 -3.5593 -9.0067
0.5 0.65 30.19 -1.52 5.0889 80.7554 -3.6224 -8.7325
0.52 0.65 25 -1.33 4.3734 77.1672 -3.5579 -8.1752
0.55 0.65 20.21 -1.1 3.5676 73.3441 -3.378 -7.3894
0.57 0.65 16.02 -0.87 2.7646 69.4106 -3.1109 -6.4341
0.6 0.65 12.55 -0.66 2.0364 65.5261 -2.7905 -5.3741
0.62 0.65 9.82 -0.49 1.4272 61.8789 -2.4498 -4.2683
0.65 0.65 7.78 -0.35 0.9472 58.6576 -2.0984 -3.1631
0.68 0.65 6.37 -0.25 0.5864 56.051 -1.7156 -2.0885
0.7 0.65 5.46 -0.16 0.3211 54.1697 -1.2521 -1.0574
0.73 0.65 4.98 -0.08 0.1224 53.0699 -0.6607 -0.0638
0.75 0.65 4.83 0.01 -0.0427 52.7015 0.0528 0.9093
0.77 0.65 4.99 0.11 -0.2121 53.0525 0.7542 1.8945
0.8 0.65 5.5 0.19 -0.4237 54.1482 1.3191 2.9235
0.82 0.65 6.43 0.28 -0.712 56.0428 1.7521 4.0181
0.85 0.65 7.88 0.39 -1.1077 58.6733 2.1117 5.1773
0.88 0.65 9.96 0.52 -1.6367 61.9246 2.4471 6.3881
0.9 0.65 12.76 0.7 -2.3107 65.598 2.7754 7.6126
0.93 0.65 16.31 0.91 -3.1184 69.5066 3.0833 8.799
0.95 0.65 20.58 1.13 -4.0121 73.4541 3.3394 9.8818
0.98 0.65 25.46 1.36 -4.9159 77.2851 3.5105 10.7936
1 0.65 30.73 1.53 -5.7264 80.8713 3.5651 11.4687
0 0.68 31.76 1.17 -6.4872 81.3145 2.6446 12.5223
0.03 0.68 37.89 1.26 -7.217 84.8918 2.6148 12.9624
0.05 0.68 43.81 1.3 -7.586 87.9921 2.5012 13.0308
0.08 0.68 49.2 1.26 -7.5387 90.6021 2.3149 12.7064
0.1 0.68 53.82 1.16 -7.0829 92.7349 2.0706 11.9942
0.12 0.68 57.52 1.02 -6.2845 94.4226 1.7768 10.9133
0.15 0.68 60.3 0.83 -5.2453 95.7087 1.4451 9.5007
0.17 0.68 62.23 0.62 -4.0759 96.6412 1.0896 7.8101
0.2 0.68 63.43 0.39 -2.8673 97.2695 0.7221 5.8991
0.22 0.68 64.07 0.16 -1.6738 97.6321 0.3538 3.8393
0.25 0.68 64.24 -0.05 -0.4995 97.7547 0.0117 1.7008
0.28 0.68 63.96 -0.27 0.6814 97.6426 -0.3469 -0.4484
0.3 0.68 63.21 -0.51 1.8902 97.2874 -0.7264 -2.5317
0.32 0.68 61.87 -0.73 3.1129 96.6566 -1.106 -4.4783
0.35 0.68 59.82 -0.93 4.2945 95.712 -1.4737 -6.2214
0.38 0.68 56.93 -1.1 5.3438 94.4037 -1.8122 -7.6946
0.4 0.68 53.14 -1.23 6.1592 92.6896 -2.1114 -8.8514
0.43 0.68 48.48 -1.31 6.6434 90.5268 -2.3605 -9.649
0.45 0.68 43.1 -1.32 6.741 87.8896 -2.5477 -10.07
0.47 0.68 37.22 -1.27 6.4468 84.7653 -2.6597 -10.1095
0.5 0.68 31.17 -1.16 5.8124 81.1737 -2.6861 -9.7892
0.52 0.68 25.29 -0.99 4.9413 77.1686 -2.6204 -9.1481
0.55 0.68 19.91 -0.8 3.9602 72.8516 -2.4693 -8.2461
0.57 0.68 15.26 -0.61 2.9953 68.3681 -2.2551 -7.1582
0.6 0.68 11.49 -0.45 2.1406 63.9108 -2.0122 -5.9596
0.62 0.68 8.6 -0.32 1.4475 59.7086 -1.7647 -4.7215
0.65 0.68 6.51 -0.23 0.9238 56.0031 -1.5291 -3.5036
0.68 0.68 5.11 -0.16 0.5484 53.0248 -1.2969 -2.3368
0.7 0.68 4.26 -0.11 0.2871 50.9248 -0.9962 -1.2326
0.73 0.68 3.82 -0.06 0.106 49.7436 -0.5588 -0.176
0.75 0.68 3.7 0.01 -0.0327 49.3601 0.0403 0.8555
0.77 0.68 3.83 0.07 -0.1756 49.7204 0.6317 1.8985
0.8 0.68 4.29 0.13 -0.3695 50.8975 1.041 2.9916
0.82 0.68 5.17 0.18 -0.6533 53.0216 1.3153 4.1649
0.85 0.68 6.61 0.25 -1.0638 56.0312 1.5329 5.4267
0.88 0.68 8.74 0.35 -1.6391 59.7759 1.7573 6.7658
0.9 0.68 11.7 0.48 -2.4027 64.0088 1.9961 8.1378
0.93 0.68 15.56 0.64 -3.3461 68.4947 2.2349 9.4795
0.95 0.68 20.3 0.83 -4.4143 72.9918 2.4412 10.712
0.98 0.68 25.79 1.01 -5.507 77.3155 2.5841 11.7513
1 0.68 31.76 1.17 -6.4871 81.3147 2.6446 12.5224
0 0.7 32.58 0.79 -7.0649 81.6727 1.7519 13.3016
0.03 0.7 39.25 0.86 -7.8889 85.4768 1.7402 13.7855
0.05 0.7 45.67 0.89 -8.289 88.7394 1.6693 13.8659
0.08 0.7 51.44 0.86 -8.2026 91.4499 1.5479 13.5202
0.1 0.7 56.3 0.8 -7.6485 93.6334 1.3813 12.7544
0.12 0.7 60.11 0.69 -6.7125 95.331 1.1799 11.5927
0.15 0.7 62.85 0.56 -5.5233 96.6013 0.9515 10.076
0.17 0.7 64.65 0.41 -4.2244 97.5014 0.7058 8.2618
0.2 0.7 65.69 0.25 -2.9296 98.0928 0.4556 6.2134
0.22 0.7 66.19 0.1 -1.6983 98.4288 0.218 4.0066
0.25 0.7 66.31 -0.03 -0.5237 98.5438 0.011 1.7177
0.28 0.7 66.1 -0.17 0.6636 98.4467 -0.2063 -0.5818
0.3 0.7 65.49 -0.33 1.9164 98.1224 -0.4572 -2.8133
0.32 0.7 64.32 -0.49 3.2317 97.5308 -0.718 -4.9012
0.35 0.7 62.38 -0.63 4.5441 96.6167 -0.9718 -6.7685
0.38 0.7 59.5 -0.75 5.739 95.3231 -1.2056 -8.3512
0.4 0.7 55.59 -0.85 6.6856 93.592 -1.4107 -9.5906
0.43 0.7 50.68 -0.9 7.2669 91.3737 -1.5788 -10.446
0.45 0.7 44.9 -0.91 7.4019 88.6283 -1.7023 -10.8914
0.47 0.7 38.54 -0.87 7.0807 85.3383 -1.7707 -10.9268
0.5 0.7 31.95 -0.78 6.3609 81.5131 -1.7792 -10.5676
0.52 0.7 25.55 -0.66 5.3632 77.2086 -1.7236 -9.861
0.55 0.7 19.72 -0.52 4.2426 72.5269 -1.6114 -8.8683
0.57 0.7 14.74 -0.39 3.1505 67.6305 -1.4603 -7.6732
0.6 0.7 10.76 -0.28 2.2002 62.7337 -1.2902 -6.3642
0.62 0.7 7.77 -0.2 1.4471 58.097 -1.1269 -5.0255
0.65 0.7 5.67 -0.14 0.8948 54.0078 -0.9848 -3.7241
0.68 0.7 4.3 -0.1 0.513 50.7421 -0.8634 -2.4958
0.7 0.7 3.49 -0.07 0.2567 48.481 -0.7052 -1.3473
0.73 0.7 3.11 -0.04 0.0894 47.2856 -0.4147 -0.255
0.75 0.7 3 0 -0.0264 46.9172 0.0286 0.8162
0.77 0.7 3.11 0.05 -0.1464 47.2548 0.4642 1.8974
0.8 0.7 3.51 0.08 -0.3259 48.4492 0.7297 3.0261
0.82 0.7 4.35 0.11 -0.6042 50.7402 0.8698 4.2465
0.85 0.7 5.76 0.15 -1.0214 54.0479 0.9833 5.5787
0.88 0.7 7.91 0.21 -1.6264 58.1838 1.1198 7.0133
0.9 0.7 10.97 0.3 -2.4527 62.8542 1.2796 8.5
0.93 0.7 15.04 0.41 -3.4995 67.7779 1.4463 9.9645
0.95 0.7 20.13 0.54 -4.7046 72.6911 1.5951 11.3148
0.98 0.7 26.07 0.67 -5.9471 77.3752 1.7008 12.4546
1 0.7 32.58 0.79 -7.0649 81.6727 1.7521 13.3016
0 0.73 33.09 0.4 -7.4248 81.9026 0.8708 13.7784
0.03 0.73 40.11 0.44 -8.3094 85.8433 0.8678 14.2917
0.05 0.73 46.82 0.45 -8.726 89.1964 0.8337 14.3781
0.08 0.73 52.83 0.44 -8.6116 91.9614 0.7721 14.0193
0.1 0.73 57.82 0.4 -7.9856 94.1651 0.6863 13.2213
0.12 0.73 61.65 0.35 -6.95 95.8596 0.582 12.0082
0.15 0.73 64.32 0.28 -5.6542 97.1062 0.4623 10.429
0.17 0.73 65.96 0.2 -4.259 97.9717 0.3371 8.5375
0.2 0.73 66.8 0.12 -2.9043 98.5251 0.2105 6.4057
0.22 0.73 67.12 0.04 -1.6716 98.829 0.0911 4.1083
0.25 0.73 67.17 0 -0.5395 98.9329 0.013 1.7265
0.28 0.73 67.06 -0.07 0.6093 98.8547 -0.0841 -0.666
0.3 0.73 66.64 -0.16 1.8747 98.566 -0.2122 -2.9882
0.32 0.73 65.66 -0.24 3.2544 98.0135 -0.3429 -5.1602
0.35 0.73 63.85 -0.31 4.6608 97.1333 -0.475 -7.1043
0.38 0.73 61.03 -0.38 5.9598 95.859 -0.5957 -8.7529
0.4 0.73 57.09 -0.43 7.002 94.129 -0.7022 -10.0441
0.43 0.73 52.04 -0.46 7.6501 91.8842 -0.7879 -10.9355
0.45 0.73 46.03 -0.46 7.8154 89.0824 -0.85 -11.3987
0.47 0.73 39.37 -0.44 7.4778 85.6952 -0.8832 -11.4292
0.5 0.73 32.45 -0.39 6.7024 81.7346 -0.8845 -11.0469
0.52 0.73 25.72 -0.33 5.6226 77.247 -0.8539 -10.2963
0.55 0.73 19.62 -0.26 4.4117 72.3451 -0.795 -9.246
0.57 0.73 14.44 -0.19 3.2398 67.1923 -0.7156 -7.9827
0.6 0.73 10.34 -0.13 2.229 62.0207 -0.6278 -6.6024
0.62 0.73 7.3 -0.09 1.4405 57.1129 -0.5452 -5.1995
0.65 0.73 5.2 -0.06 0.8732 52.7781 -0.4786 -3.8457
0.68 0.73 3.85 -0.05 0.4887 49.3324 -0.4288 -2.5832
0.7 0.73 3.07 -0.03 0.235 46.9922 -0.3726 -1.4127
0.73 0.73 2.73 -0.02 0.0742 45.8269 -0.2407 -0.302
0.75 0.73 2.65 0 -0.0231 45.539 0.0049 0.7945
0.77 0.73 2.73 0.02 -0.1245 45.7866 0.2668 1.8959
0.8 0.73 3.1 0.04 -0.2973 46.9572 0.3838 3.0417
0.82 0.73 3.9 0.05 -0.572 49.3318 0.4292 4.2859
0.85 0.73 5.28 0.07 -0.9914 52.8264 0.4768 5.6592
0.88 0.73 7.44 0.1 -1.6119 57.2079 0.541 7.1523
0.9 0.73 10.55 0.14 -2.4765 62.1529 0.6223 8.7114
0.93 0.73 14.74 0.2 -3.5867 67.3536 0.7082 10.254
0.95 0.73 20.03 0.27 -4.8791 72.5202 0.7862 11.6791
0.98 0.73 26.26 0.34 -6.2192 77.4284 0.843 12.8846
1 0.73 33.09 0.4 -7.4247 81.9026 0.8709 13.7784
0 0.75 33.27 0 -7.5468 81.9824 -0.0002 13.939
0.03 0.75 40.4 0 -8.4518 85.9657 -0.0001 14.4619
0.05 0.75 47.21 0 -8.875 89.3494 -0.0002 14.5518
0.08 0.75 53.29 0 -8.7478 92.1294 -0.0001 14.1878
0.1 0.75 58.32 0 -8.0952 94.339 -0.0002 13.3786
0.12 0.75 62.14 0 -7.0225 96.0271 -0.0002 12.1478
0.15 0.75 64.77 0 -5.6831 97.2637 -0.0003 10.546
0.17 0.75 66.33 0 -4.252 98.1097 -0.0001 8.6301
0.2 0.75 67.08 0 -2.8703 98.6477 0.0001 6.47
0.22 0.75 67.28 0 -1.6387 98.9337 -0.0001 4.1418
0.25 0.75 67.29 0 -0.5481 99.0287 0.0001 1.7286
0.28 0.75 67.27 0 0.5685 98.9662 0 -0.6947
0.3 0.75 66.94 0 1.8399 98.6923 0 -3.0474
0.32 0.75 66.05 0 3.2451 98.1592 0 -5.2461
0.35 0.75 64.32 0 4.6898 97.2938 0.0001 -7.2183
0.38 0.75 61.53 0 6.0277 96.032 0 -8.8885
0.4 0.75 57.59 0 7.1043 94.3041 0.0001 -10.1975
0.43 0.75 52.5 0 7.7787 92.0541 0.0003 -11.1013
0.45 0.75 46.41 0 7.9543 89.2336 0.0001 -11.5685
0.47 0.75 39.65 0 7.6126 85.8174 0.0002 -11.5987
0.5 0.75 32.62 0 6.8183 81.8101 0.0001 -11.2076
0.52 0.75 25.79 0 5.7105 77.2645 0.0002 -10.4427
0.55 0.75 19.59 0 4.469 72.2862 0.0001 -9.3714
0.57 0.75 14.34 0 3.2683 67.0474 0.0001 -8.0843
0.6 0.75 10.2 0 2.2378 61.7827 0.0001 -6.6808
0.62 0.75 7.15 0 1.4373 56.7798 0.0001 -5.2554
0.65 0.75 5.05 0 0.8649 52.3637 0.0002 -3.8849
0.68 0.75 3.71 0 0.4797 48.8595 0.0001 -2.6113
0.7 0.75 2.94 0 0.2266 46.5019 -0.0002 -1.435
0.73 0.75 2.61 0 0.0666 45.3662 0 -0.3185
0.75 0.75 2.55 0 -0.0221 45.1386 -0.0002 0.7879
0.77 0.75 2.61 0 -0.1149 45.3147 -0.0001 1.8971
0.8 0.75 2.96 0 -0.287 46.4666 0 3.0476
0.82 0.75 3.75 0 -0.5606 48.8587 0 4.2978
0.85 0.75 5.13 0 -0.9808 52.415 -0.0001 5.6832
0.88 0.75 7.28 0 -1.6064 56.882 0.0002 7.1969
0.9 0.75 10.41 0 -2.4829 61.9201 -0.0001 8.7811
0.93 0.75 14.64 0 -3.6151 67.2126 -0.0003 10.3507
0.95 0.75 20 0 -4.9368 72.4667 -0.0001 11.8022
0.98 0.75 26.32 0 -6.3104 77.4466 -0.0002 13.0288
1 0.75 33.27 0 -7.5468 81.9824 -0.0001 13.939
0 0.77 33.09 -0.4 -7.4247 81.9026 -0.8712 13.7784
0.03 0.77 40.11 -0.44 -8.3094 85.8433 -0.8681 14.2917
0.05 0.77 46.82 -0.45 -8.7259 89.1963 -0.8343 14.3781
0.08 0.77 52.83 -0.44 -8.6116 91.9613 -0.7721 14.0193
0.1 0.77 57.82 -0.4 -7.9855 94.165 -0.686 13.2213
0.12 0.77 61.65 -0.35 -6.9499 95.8591 -0.582 12.0082
0.15 0.77 64.32 -0.28 -5.6538 97.1061 -0.462 10.4271
0.17 0.77 65.96 -0.2 -4.259 97.9717 -0.3371 8.5375
0.2 0.77 66.8 -0.12 -2.9044 98.525 -0.2105 6.4057
0.22 0.77 67.12 -0.04 -1.6717 98.8289 -0.0915 4.1083
0.25 0.77 67.17 0 -0.5396 98.9328 -0.013 1.7265
0.28 0.77 67.06 0.07 0.6093 98.8547 0.0837 -0.666
0.3 0.77 66.64 0.16 1.8748 98.5658 0.2123 -2.9882
0.32 0.77 65.66 0.24 3.2545 98.0133 0.3432 -5.1602
0.35 0.77 63.85 0.31 4.6608 97.133 0.475 -7.1043
0.38 0.77 61.03 0.38 5.9598 95.8589 0.5964 -8.7529
0.4 0.77 57.09 0.43 7.002 94.1287 0.7022 -10.044
0.43 0.77 52.04 0.46 7.6499 91.8841 0.7884 -10.9355
0.45 0.77 46.03 0.46 7.8153 89.0821 0.8505 -11.3987
0.47 0.77 39.37 0.44 7.4777 85.6951 0.8835 -11.4292
0.5 0.77 32.45 0.39 6.7023 81.7344 0.8848 -11.0469
0.52 0.77 25.72 0.33 5.6225 77.247 0.8541 -10.2963
0.55 0.77 19.62 0.26 4.4117 72.3451 0.7954 -9.246
0.57 0.77 14.44 0.19 3.2398 67.1924 0.7159 -7.9826
0.6 0.77 10.34 0.13 2.229 62.0207 0.6276 -6.6024
0.62 0.77 7.3 0.09 1.4405 57.1131 0.5453 -5.1995
0.65 0.77 5.2 0.06 0.8732 52.7782 0.4785 -3.8457
0.68 0.77 3.85 0.05 0.4887 49.3328 0.4289 -2.5832
0.7 0.77 3.07 0.03 0.2351 46.9922 0.3726 -1.4127
0.73 0.77 2.73 0.02 0.0742 45.8271 0.2413 -0.302
0.75 0.77 2.65 0 -0.0231 45.5391 -0.0048 0.7945
0.77 0.77 2.73 -0.02 -0.1245 45.7867 -0.2655 1.8959
0.8 0.77 3.1 -0.04 -0.2973 46.9574 -0.3839 3.0417
0.82 0.77 3.9 -0.05 -0.572 49.3319 -0.4301 4.2859
0.85 0.77 5.28 -0.07 -0.9914 52.8267 -0.4769 5.6592
0.88 0.77 7.44 -0.1 -1.6119 57.208 -0.5415 7.1523
0.9 0.77 10.55 -0.14 -2.4765 62.1533 -0.6224 8.7115
0.93 0.77 14.74 -0.2 -3.5867 67.3536 -0.7086 10.254
0.95 0.77 20.03 -0.27 -4.8791 72.5203 -0.7864 11.6792
0.98 0.77 26.26 -0.34 -6.2191 77.4284 -0.8433 12.8846
1 0.77 33.09 -0.4 -7.4247 81.9026 -0.871 13.7784
0 0.8 32.58 -0.79 -7.0647 81.6725 -1.7523 13.3015
0.03 0.8 39.25 -0.86 -7.8887 85.4763 -1.7406 13.7854
0.05 0.8 45.67 -0.89 -8.2885 88.7392 -1.6696 13.8642
0.08 0.8 51.44 -0.86 -8.2025 91.4499 -1.5481 13.5202
0.1 0.8 56.3 -0.8 -7.6486 93.6332 -1.3817 12.7544
0.12 0.8 60.11 -0.69 -6.7125 95.3307 -1.1804 11.5926
0.15 0.8 62.85 -0.56 -5.5234 96.6011 -0.9521 10.076
0.17 0.8 64.65 -0.41 -4.2244 97.5012 -0.7062 8.2618
0.2 0.8 65.69 -0.25 -2.9297 98.0925 -0.4551 6.2134
0.22 0.8 66.19 -0.1 -1.6982 98.4288 -0.2182 4.0066
0.25 0.8 66.31 0.03 -0.5237 98.5433 -0.0108 1.7177
0.28 0.8 66.1 0.17 0.6641 98.4467 0.2064 -0.5818
0.3 0.8 65.49 0.33 1.9165 98.1225 0.4572 -2.8133
0.32 0.8 64.32 0.49 3.2314 97.5307 0.7181 -4.9012
0.35 0.8 62.38 0.63 4.5442 96.6165 0.972 -6.7685
0.38 0.8 59.5 0.75 5.7384 95.323 1.2056 -8.3493
0.4 0.8 55.59 0.85 6.6856 93.5916 1.4109 -9.5905
0.43 0.8 50.68 0.9 7.2664 91.3736 1.5796 -10.4442
0.45 0.8 44.9 0.91 7.4018 88.6278 1.7028 -10.8913
0.47 0.8 38.54 0.87 7.0806 85.3382 1.7712 -10.9268
0.5 0.8 31.95 0.78 6.3607 81.513 1.7796 -10.5676
0.52 0.8 25.55 0.66 5.3632 77.2088 1.724 -9.8611
0.55 0.8 19.72 0.52 4.2425 72.5269 1.6117 -8.8683
0.57 0.8 14.74 0.39 3.1505 67.6309 1.4604 -7.6733
0.6 0.8 10.76 0.28 2.2003 62.7338 1.2906 -6.3642
0.62 0.8 7.77 0.2 1.4471 58.0973 1.1272 -5.0255
0.65 0.8 5.67 0.14 0.8948 54.0081 0.9859 -3.724
0.68 0.8 4.3 0.1 0.513 50.7423 0.8638 -2.4958
0.7 0.8 3.49 0.07 0.2567 48.4814 0.7043 -1.3473
0.73 0.8 3.11 0.04 0.0894 47.2856 0.4147 -0.255
0.75 0.8 3 0 -0.0264 46.9186 -0.0291 0.8162
0.77 0.8 3.11 -0.05 -0.1466 47.2546 -0.4644 1.8974
0.8 0.8 3.52 -0.08 -0.3259 48.4527 -0.7295 3.0264
0.82 0.8 4.35 -0.11 -0.604 50.7403 -0.8699 4.2465
0.85 0.8 5.76 -0.15 -1.0214 54.0492 -0.9835 5.5788
0.88 0.8 7.91 -0.21 -1.6263 58.1838 -1.1191 7.0133
0.9 0.8 10.97 -0.3 -2.4527 62.8546 -1.2797 8.5
0.93 0.8 15.04 -0.41 -3.4995 67.7779 -1.4473 9.9645
0.95 0.8 20.13 -0.54 -4.7045 72.6911 -1.5953 11.3148
0.98 0.8 26.07 -0.67 -5.947 77.3751 -1.7013 12.4546
1 0.8 32.58 -0.79 -7.0649 81.6725 -1.7523 13.3015
0 0.82 31.76 -1.17 -6.487 81.3145 -2.6451 12.5223
0.03 0.82 37.89 -1.26 -7.2168 84.8918 -2.615 12.9624
0.05 0.82 43.81 -1.3 -7.5858 87.9918 -2.5018 13.0308
0.08 0.82 49.2 -1.26 -7.5386 90.6017 -2.3152 12.7064
0.1 0.82 53.81 -1.16 -7.0827 92.7344 -2.0702 11.9941
0.12 0.82 57.52 -1.02 -6.2843 94.4219 -1.7768 10.9132
0.15 0.82 60.3 -0.83 -5.2447 95.708 -1.4448 9.5006
0.17 0.82 62.23 -0.62 -4.0752 96.6412 -1.0894 7.8082
0.2 0.82 63.43 -0.39 -2.8677 97.269 -0.7219 5.8991
0.22 0.82 64.07 -0.16 -1.6737 97.6315 -0.3539 3.8392
0.25 0.82 64.23 0.05 -0.4996 97.7539 -0.0117 1.7008
0.28 0.82 63.96 0.27 0.6815 97.6422 0.3471 -0.4484
0.3 0.82 63.21 0.5 1.8901 97.2866 0.7262 -2.5316
0.32 0.82 61.87 0.73 3.1129 96.6563 1.1056 -4.4783
0.35 0.82 59.82 0.93 4.2945 95.711 1.4739 -6.2213
0.38 0.82 56.93 1.1 5.3444 94.4034 1.8126 -7.6946
0.4 0.82 53.14 1.23 6.1587 92.689 2.1116 -8.8514
0.43 0.82 48.48 1.31 6.6426 90.527 2.3608 -9.649
0.45 0.82 43.1 1.32 6.7405 87.8887 2.5482 -10.0682
0.47 0.82 37.22 1.27 6.4464 84.7651 2.66 -10.1095
0.5 0.82 31.17 1.16 5.8121 81.1734 2.6866 -9.7875
0.52 0.82 25.29 0.99 4.9411 77.1684 2.6207 -9.148
0.55 0.82 19.91 0.8 3.9601 72.8515 2.4704 -8.2461
0.57 0.82 15.26 0.61 2.9953 68.3684 2.2555 -7.1582
0.6 0.82 11.49 0.45 2.1405 63.9109 2.0116 -5.9584
0.62 0.82 8.6 0.32 1.4474 59.7094 1.7644 -4.7216
0.65 0.82 6.51 0.23 0.9236 56.0036 1.5289 -3.5037
0.68 0.82 5.12 0.16 0.5484 53.0279 1.2964 -2.337
0.7 0.82 4.26 0.11 0.2873 50.9255 0.9963 -1.2326
0.73 0.82 3.82 0.06 0.106 49.7449 0.5586 -0.1761
0.75 0.82 3.7 -0.01 -0.0327 49.3611 -0.0401 0.8556
0.77 0.82 3.83 -0.07 -0.1756 49.7209 -0.6324 1.8985
0.8 0.82 4.29 -0.13 -0.3695 50.8986 -1.0406 2.9916
0.82 0.82 5.17 -0.18 -0.6533 53.0217 -1.3139 4.165
0.85 0.82 6.61 -0.25 -1.0639 56.0328 -1.5333 5.4268
0.88 0.82 8.74 -0.35 -1.6395 59.7759 -1.7582 6.7658
0.9 0.82 11.7 -0.48 -2.403 64.0115 -1.9962 8.1381
0.93 0.82 15.56 -0.64 -3.3456 68.4949 -2.2353 9.4795
0.95 0.82 20.3 -0.83 -4.4142 72.9925 -2.4415 10.7121
0.98 0.82 25.79 -1.01 -5.5068 77.3155 -2.5844 11.7513
1 0.82 31.76 -1.17 -6.487 81.3146 -2.6449 12.5224
0 0.85 30.73 -1.53 -5.7259 80.8711 -3.5656 11.4671
0.03 0.85 36.13 -1.64 -6.3374 84.1215 -3.4971 11.852
0.05 0.85 41.39 -1.66 -6.6625 86.9828 -3.3257 11.9057
0.08 0.85 46.23 -1.61 -6.6544 89.432 -3.0688 11.6111
0.1 0.85 50.47 -1.48 -6.3081 91.4728 -2.7406 10.9681
0.12 0.85 53.96 -1.3 -5.6649 93.1203 -2.3562 9.9941
0.15 0.85 56.69 -1.07 -4.7971 94.4041 -1.9257 8.722
0.17 0.85 58.67 -0.8 -3.7836 95.3563 -1.461 7.1954
0.2 0.85 59.98 -0.51 -2.6988 96.0095 -0.9759 5.4711
0.22 0.85 60.7 -0.22 -1.5862 96.3916 -0.4851 3.6076
0.25 0.85 60.89 0.07 -0.4697 96.5197 -0.003 1.6745
0.28 0.85 60.58 0.36 0.6522 96.3952 0.4869 -0.2681
0.3 0.85 59.74 0.66 1.7735 96.0152 0.9898 -2.1531
0.32 0.85 58.32 0.94 2.8701 95.3575 1.4871 -3.9118
0.35 0.85 56.23 1.19 3.8941 94.395 1.9631 -5.4848
0.38 0.85 53.41 1.41 4.7746 93.0941 2.4032 -6.8146
0.4 0.85 49.84 1.57 5.4375 91.4252 2.795 -7.857
0.43 0.85 45.58 1.67 5.8155 89.3631 3.1272 -8.5772
0.45 0.85 40.74 1.7 5.8727 86.8926 3.3871 -8.9609
0.47 0.85 35.52 1.65 5.6153 84.0155 3.5596 -9.0067
0.5 0.85 30.19 1.52 5.0886 80.7553 3.6226 -8.7325
0.52 0.85 25 1.33 4.3734 77.1682 3.5582 -8.1753
0.55 0.85 20.21 1.1 3.567 73.3446 3.3785 -7.388
0.57 0.85 16.03 0.87 2.7647 69.4125 3.111 -6.4329
0.6 0.85 12.55 0.66 2.0369 65.5263 2.7908 -5.3741
0.62 0.85 9.82 0.49 1.4273 61.8801 2.4503 -4.2684
0.65 0.85 7.78 0.35 0.9473 58.6581 2.0983 -3.1631
0.68 0.85 6.37 0.25 0.5864 56.0517 1.7166 -2.0884
0.7 0.85 5.46 0.16 0.3212 54.1704 1.2532 -1.0573
0.73 0.85 4.98 0.08 0.1224 53.07 0.6607 -0.0638
0.75 0.85 4.83 -0.01 -0.0427 52.7023 -0.0526 0.9094
0.77 0.85 4.99 -0.11 -0.2121 53.0528 -0.7546 1.8945
0.8 0.85 5.5 -0.19 -0.4238 54.1498 -1.3189 2.9236
0.82 0.85 6.43 -0.28 -0.7123 56.0434 -1.7538 4.0179
0.85 0.85 7.88 -0.39 -1.1078 58.6764 -2.1118 5.1775
0.88 0.85 9.96 -0.52 -1.6363 61.9252 -2.4485 6.388
0.9 0.85 12.76 -0.7 -2.3107 65.5989 -2.7754 7.6127
0.93 0.85 16.31 -0.91 -3.1183 69.5067 -3.0829 8.7991
0.95 0.85 20.58 -1.13 -4.012 73.4541 -3.3399 9.8818
0.98 0.85 25.46 -1.36 -4.9157 77.2848 -3.5109 10.7935
1 0.85 30.73 -1.53 -5.7261 80.871 -3.5656 11.4671
0 0.88 29.57 -1.88 -4.8222 80.3964 -4.4981 10.1705
0.03 0.88 34.11 -1.98 -5.3055 83.2245 -4.3769 10.4916
0.05 0.88 38.55 -1.98 -5.5798 85.7591 -4.1344 10.5324
0.08 0.88 42.71 -1.9 -5.6018 87.9769 -3.798 10.2729
0.1 0.88 46.43 -1.74 -5.3602 89.8657 -3.3853 9.7162
0.12 0.88 49.6 -1.53 -4.8723 91.4274 -2.9096 8.8719
0.15 0.88 52.15 -1.26 -4.1829 92.6718 -2.3822 7.7686
0.17 0.88 54.06 -0.95 -3.3464 93.6152 -1.814 6.4437
0.2 0.88 55.38 -0.61 -2.4167 94.2731 -1.2191 4.9456
0.22 0.88 56.13 -0.26 -1.4356 94.6622 -0.6052 3.3238
0.25 0.88 56.33 0.09 -0.4334 94.7908 0.005 1.6391
0.28 0.88 56.01 0.44 0.5717 94.6614 0.6254 -0.0546
0.3 0.88 55.16 0.79 1.5589 94.2703 1.2464 -1.6929
0.32 0.88 53.74 1.11 2.4975 93.6062 1.8539 -3.2232
0.35 0.88 51.73 1.41 3.3449 92.6542 2.4328 -4.589
0.38 0.88 49.11 1.65 4.0489 91.3967 2.9686 -5.7432
0.4 0.88 45.89 1.84 4.5582 89.8207 3.4521 -6.6482
0.43 0.88 42.15 1.97 4.8316 87.9176 3.8705 -7.2748
0.45 0.88 37.99 2.02 4.8535 85.6878 4.2109 -7.6116
0.47 0.88 33.58 1.99 4.6381 83.1441 4.4539 -7.6595
0.5 0.88 29.09 1.87 4.2269 80.3114 4.5707 -7.4334
0.52 0.88 24.73 1.67 3.6821 77.2461 4.5275 -6.9673
0.55 0.88 20.67 1.42 3.0684 74.0265 4.3259 -6.3053
0.57 0.88 17.06 1.16 2.4488 70.7478 4.0053 -5.499
0.6 0.88 13.98 0.91 1.871 67.5302 3.6058 -4.598
0.62 0.88 11.48 0.69 1.3659 64.5127 3.1576 -3.646
0.65 0.88 9.55 0.51 0.9474 61.8429 2.6678 -2.6818
0.68 0.88 8.15 0.36 0.6128 59.6545 2.1236 -1.731
0.7 0.88 7.22 0.23 0.3483 58.051 1.4931 -0.8067
0.73 0.88 6.7 0.11 0.1333 57.0812 0.758 0.0911
0.75 0.88 6.54 -0.02 -0.0575 56.7568 -0.0605 0.9751
0.77 0.88 6.72 -0.15 -0.2525 57.0696 -0.8709 1.8702
0.8 0.88 7.26 -0.27 -0.4807 58.0353 -1.5794 2.8019
0.82 0.88 8.22 -0.41 -0.7676 59.646 -2.1822 3.7812
0.85 0.88 9.66 -0.56 -1.1354 61.8488 -2.6989 4.8063
0.88 0.88 11.63 -0.74 -1.5987 64.5375 -3.1644 5.8603
0.9 0.88 14.19 -0.96 -2.1608 67.5738 -3.594 6.9115
0.93 0.88 17.33 -1.2 -2.8069 70.8084 -3.9772 7.9205
0.95 0.88 21.01 -1.46 -3.5033 74.0998 -4.2809 8.8353
0.98 0.88 25.14 -1.7 -4.1972 77.3274 -4.4676 9.6023
1 0.88 29.57 -1.88 -4.8222 80.3964 -4.4983 10.1705
0 0.9 28.4 -2.23 -3.8318 79.9505 -5.4718 8.6688
0.03 0.9 31.98 -2.28 -4.1891 82.265 -5.2654 8.9292
0.05 0.9 35.52 -2.24 -4.4103 84.3891 -4.9267 8.9609
0.08 0.9 38.9 -2.13 -4.4555 86.2972 -4.4947 8.748
0.1 0.9 41.99 -1.94 -4.3039 87.9668 -3.9901 8.2889
0.12 0.9 44.7 -1.69 -3.9595 89.3846 -3.4218 7.5926
0.15 0.9 46.94 -1.39 -3.4444 90.5418 -2.8002 6.6823
0.17 0.9 48.69 -1.05 -2.7923 91.4372 -2.1322 5.5856
0.2 0.9 49.91 -0.68 -2.0431 92.0729 -1.4318 4.3408
0.22 0.9 50.63 -0.29 -1.2326 92.4521 -0.7095 2.995
0.25 0.9 50.83 0.1 -0.3929 92.5769 0.0189 1.5945
0.28 0.9 50.53 0.49 0.449 92.4473 0.7522 0.1867
0.3 0.9 49.72 0.88 1.2646 92.0645 1.4812 -1.1744
0.32 0.9 48.41 1.24 2.0206 91.4226 2.191 -2.4442
0.35 0.9 46.6 1.56 2.6828 90.5206 2.8671 -3.5749
0.38 0.9 44.3 1.83 3.2129 89.3546 3.4976 -4.5279
0.4 0.9 41.55 2.05 3.5782 87.9299 4.0716 -5.2749
0.43 0.9 38.44 2.21 3.759 86.2533 4.585 -5.7927
0.45 0.9 35.06 2.29 3.7522 84.3417 5.0192 -6.0709
0.47 0.9 31.54 2.3 3.5797 82.2159 5.3625 -6.1111
0.5 0.9 28 2.22 3.2797 79.9034 5.5562 -5.9281
0.52 0.9 24.56 2.03 2.8986 77.449 5.5167 -5.5484
0.55 0.9 21.33 1.76 2.4772 74.9076 5.2723 -5.0131
0.57 0.9 18.39 1.47 2.0452 72.341 4.8781 -4.3599
0.6 0.9 15.8 1.19 1.6263 69.829 4.3854 -3.6259
0.62 0.9 13.62 0.93 1.2399 67.4697 3.8208 -2.845
0.65 0.9 11.87 0.71 0.898 65.3693 3.1925 -2.0461
0.68 0.9 10.55 0.5 0.6034 63.6305 2.4917 -1.2515
0.7 0.9 9.63 0.32 0.3514 62.3368 1.7104 -0.4722
0.73 0.9 9.1 0.14 0.1296 61.5421 0.8483 0.2922
0.75 0.9 8.94 -0.03 -0.0782 61.2732 -0.0679 1.0484
0.77 0.9 9.13 -0.21 -0.29 61.5365 -0.9759 1.8147
0.8 0.9 9.68 -0.38 -0.5244 62.3278 -1.817 2.6072
0.82 0.9 10.63 -0.57 -0.7971 63.6263 -2.5704 3.435
0.85 0.9 11.98 -0.77 -1.1209 65.3696 -3.2423 4.2918
0.88 0.9 13.77 -1 -1.5016 67.4798 -3.8457 5.1643
0.9 0.9 15.99 -1.25 -1.9351 69.8471 -4.3847 6.0255
0.93 0.9 18.63 -1.53 -2.409 72.3685 -4.8596 6.8451
0.95 0.9 21.62 -1.81 -2.902 74.9424 -5.2294 7.5857
0.98 0.9 24.91 -2.06 -3.3874 77.4913 -5.456 8.2066
1 0.9 28.4 -2.23 -3.8319 79.9505 -5.4718 8.6688
0 0.93 27.33 -2.53 -2.8005 79.5951 -6.3768 6.9999
0.03 0.93 29.91 -2.54 -3.0516 81.327 -6.1148 7.2135
0.05 0.93 32.5 -2.46 -3.2258 82.9559 -5.6945 7.2472
0.08 0.93 35.03 -2.31 -3.2857 84.4698 -5.1733 7.0898
0.1 0.93 37.41 -2.09 -3.2075 85.8389 -4.5774 6.7421
0.12 0.93 39.55 -1.81 -2.9875 87.0383 -3.9166 6.2085
0.15 0.93 41.37 -1.49 -2.6335 88.0448 -3.199 5.506
0.17 0.93 42.83 -1.13 -2.1662 88.8409 -2.4332 4.6551
0.2 0.93 43.88 -0.73 -1.61 89.4161 -1.6312 3.6863
0.22 0.93 44.5 -0.31 -0.9944 89.763 -0.8024 2.635
0.25 0.93 44.68 0.11 -0.3494 89.8782 0.0344 1.5417
0.28 0.93 44.42 0.53 0.2972 89.7577 0.8757 0.4422
0.3 0.93 43.73 0.94 0.9169 89.4072 1.7079 -0.6205
0.32 0.93 42.62 1.32 1.479 88.8269 2.516 -1.6065
0.35 0.93 41.11 1.66 1.9563 88.027 3.286 -2.4831
0.38 0.93 39.25 1.96 2.3236 87.0158 4.0096 -3.2198
0.4 0.93 37.08 2.2 2.5628 85.8166 4.6734 -3.7919
0.43 0.93 34.69 2.39 2.6635 84.4459 5.2742 -4.1839
0.45 0.93 32.16 2.51 2.634 82.937 5.7968 -4.3887
0.47 0.93 29.59 2.57 2.4956 81.3079 6.2161 -4.4081
0.5 0.93 27.04 2.53 2.2892 79.5828 6.4641 -4.2533
0.52 0.93 24.57 2.36 2.0585 77.7899 6.4337 -3.9481
0.55 0.93 22.22 2.11 1.8142 75.964 6.1377 -3.5283
0.57 0.93 20.02 1.81 1.5568 74.1197 5.6683 -3.0236
0.6 0.93 18.01 1.5 1.29 72.3106 5.0827 -2.4606
0.62 0.93 16.24 1.21 1.0245 70.6001 4.4096 -1.8632
0.65 0.93 14.77 0.93 0.7693 69.0668 3.6533 -1.2525
0.68 0.93 13.61 0.67 0.5311 67.7865 2.8192 -0.6442
0.7 0.93 12.78 0.43 0.3089 66.8224 1.9089 -0.0457
0.73 0.93 12.29 0.19 0.0992 66.2267 0.9357 0.541
0.75 0.93 12.14 -0.04 -0.1055 66.0233 -0.0736 1.1258
0.77 0.93 12.32 -0.28 -0.3136 66.2256 -1.0764 1.7178
0.8 0.93 12.84 -0.51 -0.534 66.8211 -2.0331 2.3298
0.82 0.93 13.69 -0.76 -0.7735 67.7867 -2.9185 2.9667
0.85 0.93 14.88 -1.01 -1.0362 69.0675 -3.7251 3.6247
0.88 0.93 16.39 -1.29 -1.3215 70.6042 -4.4548 4.2934
0.9 0.93 18.18 -1.58 -1.6235 72.3125 -5.1024 4.9525
0.93 0.93 20.22 -1.87 -1.9298 74.1259 -5.6642 5.5824
0.95 0.93 22.45 -2.16 -2.2312 75.9664 -6.109 6.1522
0.98 0.93 24.83 -2.4 -2.5216 77.7992 -6.377 6.6356
1 0.93 27.33 -2.53 -2.8006 79.5951 -6.3768 6.9999
0 0.95 26.49 -2.83 -1.8138 79.3642 -7.252 5.2053
0.03 0.95 28.08 -2.77 -1.9739 80.48 -6.9102 5.3888
0.05 0.95 29.74 -2.62 -2.1043 81.5718 -6.3942 5.4422
0.08 0.95 31.41 -2.43 -2.1693 82.6248 -5.7918 5.3586
0.1 0.95 33.03 -2.18 -2.1456 83.6147 -5.1119 5.1346
0.12 0.95 34.53 -1.88 -2.0268 84.5115 -4.3688 4.7746
0.15 0.95 35.84 -1.54 -1.8145 85.2867 -3.564 4.2869
0.17 0.95 36.91 -1.16 -1.5176 85.9158 -2.7082 3.6911
0.2 0.95 37.69 -0.76 -1.1535 86.3787 -1.8111 3.0057
0.22 0.95 38.17 -0.33 -0.7419 86.6619 -0.8857 2.2608
0.25 0.95 38.31 0.11 -0.3051 86.7555 0.0515 1.4821
0.28 0.95 38.12 0.54 0.1327 86.6584 0.9904 0.701
0.3 0.95 37.6 0.96 0.5478 86.3731 1.9177 -0.0529
0.32 0.95 36.78 1.35 0.9172 85.908 2.8163 -0.75
0.35 0.95 35.68 1.71 1.222 85.2789 3.6733 -1.3619
0.38 0.95 34.34 2.03 1.4446 84.5028 4.479 -1.8682
0.4 0.95 32.83 2.29 1.5775 83.6084 5.2213 -2.2538
0.43 0.95 31.2 2.51 1.6178 82.6206 5.9035 -2.5057
0.45 0.95 29.53 2.68 1.5733 81.5741 6.4996 -2.6196
0.47 0.95 27.88 2.81 1.4672 80.4849 7.0236 -2.5978
0.5 0.95 26.31 2.83 1.3363 79.3759 7.3238 -2.4494
0.52 0.95 24.81 2.67 1.2194 78.26 7.2015 -2.1997
0.55 0.95 23.34 2.41 1.1121 77.1181 6.8035 -1.8825
0.57 0.95 21.89 2.11 0.9909 75.9559 6.2535 -1.5177
0.6 0.95 20.51 1.79 0.8491 74.802 5.5896 -1.1245
0.62 0.95 19.25 1.48 0.6922 73.7042 4.8343 -0.7177
0.65 0.95 18.16 1.16 0.528 72.7145 3.9872 -0.3136
0.68 0.95 17.28 0.85 0.3604 71.8846 3.0576 0.0822
0.7 0.95 16.64 0.54 0.1939 71.2591 2.0567 0.4636
0.73 0.95 16.26 0.24 0.0278 70.8701 1.0026 0.8353
0.75 0.95 16.14 -0.06 -0.1391 70.7406 -0.0775 1.2034
0.77 0.95 16.29 -0.36 -0.3085 70.8736 -1.1529 1.5776
0.8 0.95 16.7 -0.66 -0.4823 71.2652 -2.1937 1.9675
0.82 0.95 17.37 -0.96 -0.6612 71.8921 -3.1748 2.3776
0.85 0.95 18.27 -1.26 -0.8457 72.7214 -4.0811 2.8089
0.88 0.95 19.38 -1.57 -1.0308 73.709 -4.9035 3.2569
0.9 0.95 20.66 -1.88 -1.2113 74.8017 -5.6348 3.7079
0.93 0.95 22.05 -2.19 -1.3787 75.9506 -6.2786 4.1469
0.95 0.95 23.5 -2.47 -1.5272 77.1073 -6.8006 4.5565
0.98 0.95 24.98 -2.72 -1.6643 78.2461 -7.1851 4.9167
1 0.95 26.49 -2.83 -1.8138 79.3641 -7.2519 5.2053
0 0.98 25.96 -3.01 -0.9034 79.2816 -7.7499 3.3191
0.03 0.98 26.63 -2.92 -1.0049 79.7796 -7.4901 3.4955
0.05 0.98 27.4 -2.75 -1.1041 80.3007 -6.991 3.593
0.08 0.98 28.22 -2.51 -1.1669 80.8341 -6.3593 3.6021
0.1 0.98 29.07 -2.24 -1.1823 81.3692 -5.6241 3.5156
0.12 0.98 29.88 -1.92 -1.1427 81.8749 -4.8072 3.3383
0.15 0.98 30.6 -1.56 -1.0481 82.331 -3.9195 3.073
0.17 0.98 31.21 -1.17 -0.9024 82.7106 -2.9731 2.731
0.2 0.98 31.66 -0.76 -0.7141 82.9985 -1.9838 2.3293
0.22 0.98 31.94 -0.33 -0.4957 83.1758 -0.9644 1.8836
0.25 0.98 32.03 0.1 -0.2612 83.2382 0.0681 1.4171
0.28 0.98 31.92 0.53 -0.026 83.1771 1.1014 0.9481
0.3 0.98 31.63 0.95 0.1943 83.0019 2.1193 0.5021
0.32 0.98 31.16 1.35 0.3859 82.715 3.1062 0.0955
0.35 0.98 30.54 1.72 0.5363 82.3389 4.0473 -0.2494
0.38 0.98 29.8 2.06 0.6365 81.8829 4.9292 -0.5208
0.4 0.98 28.99 2.35 0.6842 81.3826 5.7373 -0.7071
0.43 0.98 28.13 2.6 0.6765 80.8464 6.4642 -0.8013
0.45 0.98 27.32 2.8 0.625 80.3216 7.0815 -0.8041
0.47 0.98 26.54 2.96 0.5341 79.7949 7.5653 -0.7187
0.5 0.98 25.9 3 0.4528 79.3078 7.7875 -0.5567
0.52 0.98 25.29 2.89 0.4252 78.8171 7.6387 -0.3448
0.55 0.98 24.64 2.66 0.4044 78.3052 7.2107 -0.1113
0.57 0.98 23.94 2.38 0.3645 77.7629 6.6253 0.1267
0.6 0.98 23.23 2.06 0.3064 77.2084 5.9206 0.3548
0.62 0.98 22.57 1.73 0.2346 76.6783 5.1075 0.5653
0.65 0.98 21.98 1.38 0.1554 76.1984 4.1975 0.7506
0.68 0.98 21.5 1.02 0.073 75.8009 3.2023 0.9085
0.7 0.98 21.15 0.66 -0.0108 75.5012 2.1442 1.0455
0.73 0.98 20.94 0.29 -0.094 75.3199 1.0425 1.1644
0.75 0.98 20.88 -0.07 -0.178 75.2589 -0.0801 1.2785
0.77 0.98 20.97 -0.44 -0.2631 75.3268 -1.1997 1.395
0.8 0.98 21.2 -0.8 -0.3505 75.5135 -2.2924 1.5271
0.82 0.98 21.57 -1.16 -0.4405 75.8172 -3.3358 1.6812
0.85 0.98 22.07 -1.51 -0.5319 76.2143 -4.3128 1.8643
0.88 0.98 22.67 -1.84 -0.6212 76.693 -5.2023 2.077
0.9 0.98 23.33 -2.16 -0.705 77.2145 -5.9949 2.3143
0.93 0.98 24.04 -2.46 -0.7742 77.7656 -6.6788 2.5722
0.95 0.98 24.73 -2.73 -0.8271 78.2912 -7.2446 2.8338
0.98 0.98 25.38 -2.93 -0.8567 78.805 -7.6432 3.0898
1 0.98 25.96 -3.01 -0.9034 79.2815 -7.7499 3.3191
0 1 25.81 -3.11 -0.2216 79.3013 -7.9985 1.3827
0.03 1 25.82 -2.98 -0.2496 79.3072 -7.7498 1.5718
0.05 1 25.84 -2.76 -0.2884 79.3131 -7.2626 1.7309
0.08 1 25.88 -2.51 -0.3274 79.3133 -6.6677 1.8493
0.1 1 25.92 -2.22 -0.3585 79.3173 -5.9436 1.9188
0.12 1 25.98 -1.89 -0.3752 79.3284 -5.1106 1.9322
0.15 1 26.04 -1.52 -0.3746 79.3465 -4.1838 1.8917
0.17 1 26.09 -1.14 -0.3555 79.3691 -3.181 1.8025
0.2 1 26.14 -0.74 -0.3203 79.391 -2.1238 1.674
0.22 1 26.17 -0.32 -0.2729 79.4082 -1.0304 1.5181
0.25 1 26.19 0.09 -0.2193 79.4167 0.0789 1.3492
0.28 1 26.18 0.5 -0.1658 79.4149 1.1865 1.1818
0.3 1 26.16 0.91 -0.1188 79.404 2.2754 1.0305
0.32 1 26.12 1.3 -0.0843 79.3865 3.3233 0.9094
0.35 1 26.07 1.67 -0.0658 79.367 4.3154 0.8294
0.38 1 26.01 2.01 -0.0658 79.3488 5.2261 0.7998
0.4 1 25.95 2.32 -0.083 79.3357 6.045 0.824
0.43 1 25.9 2.59 -0.1143 79.3265 6.7496 0.9021
0.45 1 25.86 2.82 -0.1534 79.3217 7.3285 1.0287
0.47 1 25.83 3.03 -0.1928 79.3069 7.8119 1.1928
0.5 1 25.82 3.11 -0.2219 79.3021 7.9985 1.3843
0.52 1 25.82 2.98 -0.2499 79.3075 7.7498 1.5734
0.55 1 25.85 2.76 -0.2889 79.3139 7.2629 1.7325
0.57 1 25.88 2.51 -0.3276 79.3138 6.6679 1.8509
0.6 1 25.92 2.22 -0.3585 79.3179 5.9437 1.9189
0.62 1 25.98 1.89 -0.3753 79.3293 5.1107 1.9323
0.65 1 26.04 1.52 -0.3744 79.3474 4.1836 1.8917
0.68 1 26.09 1.14 -0.3556 79.3698 3.1811 1.8025
0.7 1 26.14 0.74 -0.3202 79.3919 2.1237 1.674
0.73 1 26.17 0.32 -0.2729 79.4089 1.0304 1.5181
0.75 1 26.19 -0.09 -0.2193 79.4176 -0.0789 1.3492
0.77 1 26.18 -0.5 -0.1658 79.4155 -1.1864 1.1819
0.8 1 26.16 -0.91 -0.1188 79.4046 -2.2754 1.0305
0.82 1 26.12 -1.3 -0.084 79.387 -3.3234 0.9094
0.85 1 26.07 -1.67 -0.0658 79.3673 -4.3154 0.8294
0.88 1 26.01 -2.01 -0.0656 79.3493 -5.2264 0.7998
0.9 1 25.95 -2.32 -0.0828 79.3354 -6.045 0.824
0.93 1 25.9 -2.59 -0.114 79.3265 -6.7498 0.9005
0.95 1 25.86 -2.82 -0.1531 79.3213 -7.3283 1.0271
0.98 1 25.83 -3.03 -0.1925 79.3068 -7.8117 1.1912
1 1 25.81 -3.11 -0.2217 79.3013 -7.9984 1.3827
