 0.00  32.13   9.99   80.00  -21.40
 0.04  25.09   8.50   80.00  -21.40
 0.08  18.06   6.19   73.60  -17.89
 0.12  11.93   3.86   66.08  -13.38
 0.16   7.71   1.99   59.41   -8.71
 0.20   5.41   0.74   55.05   -4.31
 0.24   4.84   0.05   54.14   -0.11
 0.28   5.07  -0.42   54.63    4.12
 0.32   6.22  -1.35   56.97    8.39
 0.36   9.44  -2.96   62.92   13.11
 0.40  14.52  -5.16   70.27   17.93
 0.44  21.18  -7.67   77.57   22.21
 0.48  28.24  -9.80   83.38   25.17
 0.52  34.72 -10.94   87.38   26.37
 0.56  39.73 -10.83   89.49   25.62
 0.60  43.20  -9.51   90.21   23.01
 0.64  45.08  -7.38   89.91   18.73
 0.68  46.02  -4.82   89.30   13.16
 0.72  46.16  -2.26   88.60    6.68
 0.76  46.24   0.13   88.47   -0.18
 0.80  46.17   2.65   88.66   -6.94
 0.84  45.79   5.25   89.15  -13.08
 0.88  44.49   7.73   89.52  -18.13
 0.92  41.92   9.57   89.10  -21.66
 0.96  37.63  10.52   88.18  -23.59
 1.00  32.13   9.99   85.77  -23.64
 1.04  25.09   8.50   68.22    0.00
