0 27.1902 1.82059 80.0703 -1.74478
0.00497512 25.5859 1.71733 78.8638 -1.72
0.00995025 24.0494 1.61628 77.6544 -1.69213
0.0149254 22.5808 1.5178 76.4434 -1.66135
0.0199005 21.1797 1.4222 75.2322 -1.62782
0.0248756 19.8454 1.32976 74.022 -1.59171
0.0298507 18.5771 1.24068 72.8142 -1.55321
0.0348259 17.3738 1.15515 71.61 -1.51249
0.039801 16.2341 1.07331 70.4107 -1.46972
0.0447761 15.1566 0.995252 69.2178 -1.42508
0.0497512 14.1397 0.921036 68.0323 -1.37875
0.0547264 13.1816 0.850693 66.8558 -1.3309
0.0597015 12.2805 0.784218 65.6893 -1.28169
0.0646766 11.4342 0.721581 64.5342 -1.23129
0.0696517 10.6409 0.662721 63.3919 -1.17986
0.0746269 9.89827 0.607569 62.2634 -1.12756
0.079602 9.20424 0.55602 61.1501 -1.07453
0.0845771 8.55663 0.507966 60.0531 -1.02092
0.0895522 7.95323 0.463275 58.9737 -0.966873
0.0945274 7.3918 0.421815 57.9129 -0.912511
0.0995025 6.87023 0.383439 56.8721 -0.857958
0.104478 6.38636 0.347991 55.8523 -0.803329
0.109453 5.93807 0.315321 54.8546 -0.748729
0.114428 5.52328 0.285268 53.8801 -0.694255
0.119403 5.14009 0.257675 52.9298 -0.639996
0.124378 4.78646 0.232383 52.0048 -0.586029
0.129353 4.4606 0.209238 51.1061 -0.532425
0.134328 4.16072 0.188089 50.2346 -0.479242
0.139303 3.8851 0.168789 49.3914 -0.426531
0.144279 3.63214 0.151195 48.5772 -0.374333
0.149254 3.40032 0.13517 47.7931 -0.322676
0.154229 3.18816 0.120584 47.0399 -0.271583
0.159204 2.99432 0.107314 46.3184 -0.221065
0.164179 2.81752 0.0952397 45.6295 -0.171122
0.169154 2.65657 0.08425 44.974 -0.121748
0.174129 2.51039 0.0742392 44.3527 -0.0729238
0.179104 2.37795 0.065107 43.7664 -0.0246246
0.18408 2.25834 0.056758 43.216 0.0231859
0.189055 2.15071 0.0491023 42.7024 0.0705524
0.19403 2.05431 0.0420543 42.2264 0.117529
0.199005 1.96848 0.0355322 41.7892 0.164179
0.20398 1.89264 0.0294576 41.3916 0.210577
0.208955 1.8263 0.0237578 41.035 0.256804
0.21393 1.76907 0.0183656 40.7205 0.302955
0.218905 1.72059 0.0132245 40.4495 0.349133
0.223881 1.68062 0.0082948 40.2229 0.395449
0.228856 1.64889 0.0035624 40.0416 0.442018
0.233831 1.62509 -0.00094885 39.9053 0.48895
0.238806 1.6088 -0.00512914 39.8124 0.536339
0.243781 1.59922 -0.00878097 39.7578 0.584219
0.248756 1.59503 -0.0118753 39.7329 0.632544
0.253731 1.59545 -0.013699 39.7301 0.681248
0.258706 1.59537 -0.0151284 39.7301 0.730007
0.263682 1.59766 -0.0175834 39.7445 0.779014
0.268657 1.60402 -0.0208713 39.7821 0.828455
0.273632 1.61636 -0.0249721 39.8534 0.878602
0.278607 1.63581 -0.0296429 39.9655 0.929689
0.283582 1.66299 -0.0347369 40.1214 0.981897
0.288557 1.69828 -0.0401909 40.3226 1.03537
0.293532 1.74194 -0.0459939 40.5688 1.09021
0.298507 1.79424 -0.0521734 40.8592 1.1465
0.303483 1.85547 -0.0587827 41.1925 1.20431
0.308458 1.92597 -0.0658899 41.5675 1.26369
0.313433 2.00618 -0.0735731 41.9829 1.32469
0.318408 2.09664 -0.081917 42.4375 1.38735
0.323383 2.19795 -0.0910127 42.9303 1.45169
0.328358 2.3108 -0.100955 43.4603 1.51775
0.333333 2.43599 -0.111848 44.0266 1.58554
0.338308 2.57438 -0.123796 44.6283 1.65506
0.343284 2.72695 -0.136915 45.2646 1.72633
0.348259 2.89473 -0.151326 45.9348 1.79934
0.353234 3.07885 -0.167158 46.6378 1.87406
0.358209 3.28053 -0.184545 47.373 1.95048
0.363184 3.50111 -0.203632 48.1395 2.02856
0.368159 3.74193 -0.224571 48.9364 2.10825
0.373134 4.00451 -0.24752 49.7628 2.18949
0.378109 4.29038 -0.272645 50.6178 2.27223
0.383085 4.60122 -0.300119 51.5006 2.35637
0.38806 4.93872 -0.330123 52.4101 2.44184
0.393035 5.30475 -0.362838 53.3453 2.52854
0.39801 5.70114 -0.398454 54.3053 2.61635
0.402985 6.12984 -0.437164 55.289 2.70515
0.40796 6.59287 -0.47916 56.2953 2.79483
0.412935 7.09232 -0.524637 57.3232 2.88523
0.41791 7.63028 -0.573781 58.3715 2.97621
0.422886 8.2089 -0.626781 59.4392 3.06761
0.427861 8.83035 -0.68382 60.5249 3.15927
0.432836 9.49684 -0.745062 61.6277 3.25101
0.437811 10.2106 -0.810669 62.7462 3.34265
0.442786 10.9736 -0.880785 63.8792 3.434
0.447761 11.7882 -0.955534 65.0256 3.52487
0.452736 12.6564 -1.03503 66.184 3.61505
0.457711 13.5803 -1.11933 67.3533 3.70434
0.462687 14.5617 -1.20852 68.5321 3.79252
0.467662 15.6025 -1.30259 69.7191 3.87939
0.472637 16.7045 -1.40155 70.9131 3.96472
0.477612 17.869 -1.50533 72.1128 4.0483
0.482587 19.0977 -1.61386 73.3169 4.1299
0.487562 20.3915 -1.727 74.5241 4.20931
0.492537 21.7516 -1.84456 75.733 4.28629
0.497512 23.1787 -1.96632 76.9425 4.36064
0.502488 24.6732 -2.092 78.1511 4.43214
0.507463 26.2355 -2.22128 79.3576 4.50056
0.512438 27.8653 -2.35377 80.5608 4.56571
0.517413 29.5624 -2.48903 81.7592 4.62736
0.522388 31.3261 -2.62659 82.9518 4.68532
0.527363 33.1553 -2.7659 84.1372 4.7394
0.532338 35.0484 -2.90637 85.3142 4.7894
0.537313 37.004 -3.04736 86.4816 4.83515
0.542289 39.0198 -3.1882 87.6381 4.87646
0.547264 41.0934 -3.32812 88.7826 4.91318
0.552239 43.2216 -3.4664 89.914 4.94515
0.557214 45.4013 -3.60222 91.031 4.97222
0.562189 47.6289 -3.73473 92.1325 4.99427
0.567164 49.9003 -3.8631 93.2175 5.01117
0.572139 52.2112 -3.98646 94.2849 5.0228
0.577114 54.5572 -4.10392 95.3335 5.02908
0.58209 56.9325 -4.21455 96.3625 5.02992
0.587065 59.3318 -4.31756 97.3707 5.02524
0.59204 61.75 -4.41201 98.3573 5.01498
0.597015 64.1805 -4.49708 99.3213 4.9991
0.60199 66.6173 -4.57194 100.262 4.97758
0.606965 69.0538 -4.63581 101.178 4.95038
0.61194 71.4837 -4.688 102.069 4.91752
0.616915 73.9 -4.7278 102.934 4.87899
0.621891 76.2958 -4.75462 103.772 4.83484
0.626866 78.6642 -4.76794 104.582 4.78509
0.631841 80.9981 -4.7673 105.365 4.72981
0.636816 83.2907 -4.75235 106.118 4.66906
0.641791 85.535 -4.72281 106.843 4.60293
0.646766 87.7242 -4.67857 107.537 4.53152
0.651741 89.8514 -4.61959 108.201 4.45494
0.656716 91.9108 -4.5459 108.834 4.37331
0.661692 93.8961 -4.45779 109.436 4.28677
0.666667 95.8011 -4.35555 110.006 4.19548
0.671642 97.6207 -4.23964 110.545 4.0996
0.676617 99.3504 -4.1107 111.051 3.9993
0.681592 100.985 -3.96942 111.526 3.89478
0.686567 102.521 -3.81672 111.969 3.78623
0.691542 103.955 -3.65357 112.379 3.67386
0.696517 105.286 -3.48104 112.758 3.55789
0.701493 106.509 -3.30048 113.106 3.43854
0.706468 107.626 -3.11313 113.423 3.31605
0.711443 108.635 -2.92045 113.709 3.19065
0.716418 109.536 -2.72391 113.966 3.0626
0.721393 110.333 -2.52497 114.193 2.93214
0.726368 111.026 -2.32499 114.392 2.79952
0.731343 111.62 -2.12508 114.562 2.66498
0.736318 112.12 -1.92555 114.704 2.52875
0.741294 112.535 -1.72425 114.818 2.39107
0.746269 112.875 -1.50933 114.901 2.25213
0.751244 113.131 -1.2404 114.951 2.11213
0.756219 113.135 -0.952252 114.966 1.9713
0.761194 113.138 -0.653847 114.943 1.82989
0.766169 112.847 -0.367594 114.885 1.68817
0.771144 112.466 -0.143267 114.793 1.54645
0.776119 112.01 0.0669528 114.67 1.40503
0.781095 111.467 0.276379 114.518 1.26416
0.78607 110.83 0.487296 114.337 1.1241
0.791045 110.093 0.69939 114.128 0.985076
0.79602 109.252 0.911607 113.89 0.847323
0.800995 108.306 1.12261 113.622 0.711065
0.80597 107.252 1.33098 113.324 0.576526
0.810945 106.091 1.53529 112.995 0.44393
0.81592 104.823 1.73414 112.635 0.313498
0.820896 103.45 1.92623 112.244 0.185448
0.825871 101.974 2.11033 111.82 0.0599928
0.830846 100.397 2.28532 111.365 -0.062658
0.835821 98.7233 2.4502 110.878 -0.182303
0.840796 96.9564 2.60409 110.358 -0.298747
0.845771 95.1012 2.74623 109.807 -0.411803
0.850746 93.1627 2.87598 109.224 -0.521295
0.855721 91.1462 2.99282 108.609 -0.627053
0.860697 89.0577 3.09638 107.964 -0.72892
0.865672 86.9037 3.1864 107.287 -0.826749
0.870647 84.6906 3.26267 106.581 -0.920404
0.875622 82.4248 3.32525 105.844 -1.00976
0.880597 80.1133 3.37416 105.078 -1.09471
0.885572 77.7626 3.40957 104.284 -1.17515
0.890547 75.3807 3.43175 103.462 -1.251
0.895522 72.9735 3.44109 102.612 -1.32218
0.900498 70.5487 3.43803 101.736 -1.38863
0.905473 68.1128 3.42304 100.834 -1.45031
0.910448 65.6728 3.39672 99.9072 -1.50717
0.915423 63.235 3.35974 98.9562 -1.55921
0.920398 60.8061 3.31272 97.9819 -1.60641
0.925373 58.392 3.25645 96.9853 -1.64878
0.930348 55.9984 3.1916 95.9674 -1.68634
0.935323 53.6316 3.11904 94.9291 -1.71911
0.940299 51.2964 3.03951 93.8714 -1.74715
0.945274 48.9978 2.95381 92.7954 -1.7705
0.950249 46.7402 2.86275 91.7021 -1.78923
0.955224 44.5284 2.76712 90.5926 -1.80343
0.960199 42.3661 2.6677 89.4681 -1.81317
0.965174 40.2569 2.56524 88.3296 -1.81857
0.970149 38.2038 2.46049 87.1784 -1.81972
0.975124 36.2094 2.35415 86.0155 -1.81675
0.9801 34.2762 2.24688 84.8423 -1.80979
0.985075 32.4061 2.13932 83.66 -1.79896
0.99005 30.6011 2.03206 82.4697 -1.78442
0.995025 28.8621 1.92565 81.2727 -1.76631
1 27.1902 1.82059 80.0703 -1.74478
