0 20.6895 8.3126 63.2429 -38.6069
0.00497512 20.4723 8.31058 63.3186 -38.6726
0.00995025 20.247 8.29606 63.4023 -38.7043
0.0149254 20.014 8.26896 63.4938 -38.7017
0.0199005 19.7733 8.22923 63.593 -38.6647
0.0248756 19.5252 8.17687 63.6998 -38.593
0.0298507 19.2701 8.11196 63.814 -38.4865
0.0348259 19.0083 8.03455 63.9354 -38.3449
0.039801 18.74 7.94483 64.0638 -38.1681
0.0447761 18.4659 7.84294 64.1991 -37.9558
0.0497512 18.1863 7.72917 64.341 -37.7079
0.0547264 17.9017 7.60383 64.4893 -37.4243
0.0597015 17.6128 7.46722 64.6438 -37.1047
0.0646766 17.32 7.31979 64.8043 -36.7492
0.0696517 17.024 7.16194 64.9705 -36.3575
0.0746269 16.7255 6.99415 65.1423 -35.9297
0.079602 16.4251 6.81702 65.3195 -35.4657
0.0845771 16.1237 6.63109 65.5018 -34.9656
0.0895522 15.822 6.43695 65.689 -34.4293
0.0945274 15.5207 6.2353 65.8811 -33.8571
0.0995025 15.2208 6.02684 66.0777 -33.2489
0.104478 14.923 5.81228 66.2788 -32.6049
0.109453 14.6282 5.59236 66.4841 -31.9254
0.114428 14.3373 5.36783 66.6935 -31.2105
0.119403 14.0512 5.13952 66.9067 -30.4605
0.124378 13.7706 4.90821 67.1236 -29.6757
0.129353 13.4965 4.67472 67.3438 -28.8565
0.134328 13.2297 4.43984 67.5671 -28.003
0.139303 12.971 4.20442 67.7931 -27.1157
0.144279 12.7213 3.9692 68.0213 -26.1951
0.149254 12.4813 3.73501 68.2512 -25.2414
0.154229 12.2517 3.50257 68.4822 -24.2551
0.159204 12.0331 3.27267 68.7135 -23.2368
0.164179 11.8262 3.04597 68.9441 -22.1869
0.169154 11.6315 2.82315 69.1732 -21.1061
0.174129 11.4494 2.60482 69.3996 -19.9949
0.179104 11.2803 2.39155 69.622 -18.8542
0.18408 11.1245 2.18385 69.8389 -17.6847
0.189055 10.9822 1.98216 70.049 -16.4875
0.19403 10.8534 1.78686 70.2506 -15.2636
0.199005 10.7381 1.59825 70.4421 -14.0142
0.20398 10.6362 1.41654 70.6218 -12.7407
0.208955 10.5473 1.24188 70.788 -11.4447
0.21393 10.4711 1.07432 70.9392 -10.1279
0.218905 10.4071 0.913813 71.0736 -8.79214
0.223881 10.3546 0.760228 71.1899 -7.43958
0.228856 10.3129 0.613318 71.2867 -6.07239
0.233831 10.2809 0.472707 71.3629 -4.69294
0.238806 10.2578 0.337861 71.4173 -3.30372
0.243781 10.2422 0.208232 71.4492 -1.90733
0.248756 10.2331 0.0830708 71.4582 -0.506444
0.253731 10.229 -0.0384215 71.4438 0.896215
0.258706 10.2287 -0.156824 71.4061 2.2979
0.263682 10.2286 -0.276471 71.3452 3.69588
0.268657 10.2349 -0.401079 71.2616 5.08745
0.273632 10.2474 -0.529828 71.1561 6.47001
0.278607 10.2666 -0.663197 71.0295 7.84101
0.283582 10.2938 -0.802417 70.883 9.19807
0.288557 10.3301 -0.948081 70.718 10.5389
0.293532 10.3766 -1.10062 70.5359 11.8615
0.298507 10.4342 -1.26033 70.3384 13.1638
0.303483 10.5035 -1.42741 70.1271 14.4442
0.308458 10.5851 -1.60193 69.9038 15.701
0.313433 10.6795 -1.78386 69.6703 16.933
0.318408 10.787 -1.9731 69.4285 18.1388
0.323383 10.9077 -2.16942 69.1799 19.3175
0.328358 11.0419 -2.37256 68.9264 20.4682
0.333333 11.1894 -2.58214 68.6694 21.59
0.338308 11.35 -2.79773 68.4105 22.6823
0.343284 11.5238 -3.01881 68.1509 23.7446
0.348259 11.7102 -3.24484 67.8919 24.7765
0.353234 11.9089 -3.47517 67.6345 25.7774
0.358209 12.1194 -3.70914 67.3796 26.747
0.363184 12.3411 -3.94604 67.1279 27.685
0.368159 12.5735 -4.18508 66.8801 28.591
0.373134 12.8159 -4.42554 66.6366 29.4648
0.378109 13.0675 -4.66661 66.3979 30.3061
0.383085 13.3277 -4.90742 66.1642 31.1146
0.38806 13.5955 -5.14716 65.9358 31.89
0.393035 13.8702 -5.38503 65.7129 32.632
0.39801 14.151 -5.62013 65.4956 33.3405
0.402985 14.437 -5.8517 65.284 34.0152
0.40796 14.7274 -6.07887 65.0781 34.6559
0.412935 15.0213 -6.30085 64.8781 35.2623
0.41791 15.3179 -6.51688 64.684 35.8344
0.422886 15.6164 -6.72617 64.4958 36.3719
0.427861 15.9158 -6.92798 64.3136 36.8749
0.432836 16.2156 -7.12167 64.1376 37.3431
0.437811 16.5147 -7.30656 63.9678 37.7766
0.442786 16.8126 -7.48205 63.8042 38.1752
0.447761 17.1086 -7.64754 63.6472 38.5392
0.452736 17.4018 -7.80251 63.4967 38.8684
0.457711 17.6918 -7.94654 63.3529 39.163
0.462687 17.9779 -8.07911 63.216 39.423
0.467662 18.2594 -8.19991 63.0861 39.6486
0.472637 18.536 -8.30859 62.9633 39.8398
0.477612 18.8071 -8.40487 62.8479 39.9969
0.482587 19.0722 -8.48853 62.74 40.12
0.487562 19.331 -8.55944 62.6397 40.2093
0.492537 19.5832 -8.61744 62.5472 40.2649
0.497512 19.8282 -8.66247 62.4625 40.287
0.502488 20.0659 -8.6945 62.3858 40.2758
0.507463 20.2961 -8.71359 62.3172 40.2316
0.512438 20.5186 -8.71978 62.2568 40.1543
0.517413 20.733 -8.71321 62.2046 40.0444
0.522388 20.9394 -8.69403 62.1607 39.9018
0.527363 21.1377 -8.66244 62.1252 39.7268
0.532338 21.3277 -8.6187 62.0979 39.5196
0.537313 21.5095 -8.56303 62.079 39.2803
0.542289 21.683 -8.49576 62.0684 39.009
0.547264 21.8483 -8.41721 62.066 38.7059
0.552239 22.0054 -8.32778 62.0718 38.3711
0.557214 22.1544 -8.22777 62.0857 38.0047
0.562189 22.2954 -8.11764 62.1075 37.6069
0.567164 22.4285 -7.99779 62.1371 37.1778
0.572139 22.5539 -7.86862 62.1744 36.7175
0.577114 22.6718 -7.73063 62.2191 36.2261
0.58209 22.7822 -7.58423 62.2711 35.7038
0.587065 22.8855 -7.42989 62.3301 35.1506
0.59204 22.9818 -7.26803 62.3958 34.5668
0.597015 23.0713 -7.09917 62.468 33.9524
0.60199 23.1544 -6.92378 62.5463 33.3076
0.606965 23.2311 -6.74223 62.6305 32.6327
0.61194 23.3018 -6.55507 62.7201 31.9277
0.616915 23.3667 -6.3627 62.8148 31.1929
0.621891 23.4262 -6.16553 62.9141 30.4285
0.626866 23.4804 -5.96401 63.0176 29.6349
0.631841 23.5296 -5.75854 63.1249 28.8122
0.636816 23.5741 -5.54954 63.2355 27.961
0.641791 23.6141 -5.33738 63.3488 27.0814
0.646766 23.65 -5.12241 63.4643 26.174
0.651741 23.6819 -4.90499 63.5815 25.2393
0.656716 23.7103 -4.68541 63.6998 24.2777
0.661692 23.7352 -4.46404 63.8186 23.2899
0.666667 23.757 -4.24112 63.9372 22.2765
0.671642 23.7759 -4.01691 64.0551 21.2382
0.676617 23.7922 -3.79172 64.1716 20.1758
0.681592 23.8061 -3.56568 64.286 19.0902
0.686567 23.8178 -3.33907 64.3978 17.9822
0.691542 23.8276 -3.11205 64.5062 16.8528
0.696517 23.8357 -2.88477 64.6107 15.7033
0.701493 23.8422 -2.65738 64.7105 14.5346
0.706468 23.8475 -2.42999 64.8052 13.348
0.711443 23.8515 -2.2027 64.8941 12.1449
0.716418 23.8546 -1.97561 64.9767 10.9266
0.721393 23.8569 -1.74875 65.0523 9.69459
0.726368 23.8586 -1.52219 65.1207 8.45033
0.731343 23.8597 -1.29594 65.1813 7.19543
0.736318 23.8604 -1.07002 65.2338 5.93151
0.741294 23.8608 -0.844425 65.2778 4.66026
0.746269 23.861 -0.619125 65.3131 3.3834
0.751244 23.8611 -0.39408 65.3395 2.10267
0.756219 23.8611 -0.169233 65.3569 0.819858
0.761194 23.8612 0.0554922 65.3651 -0.463261
0.766169 23.8611 0.280136 65.3644 -1.74489
0.771144 23.861 0.504744 65.3546 -3.02326
0.776119 23.8608 0.729388 65.336 -4.2966
0.781095 23.8603 0.954102 65.3088 -5.56317
0.78607 23.8596 1.17891 65.2733 -6.82127
0.791045 23.8585 1.4038 65.2298 -8.06923
0.79602 23.8568 1.62877 65.1788 -9.30546
0.800995 23.8544 1.85378 65.1206 -10.5284
0.80597 23.8512 2.07877 65.0558 -11.7365
0.810945 23.847 2.30369 64.9849 -12.9285
0.81592 23.8416 2.52845 64.9086 -14.1029
0.820896 23.8349 2.75294 64.8273 -15.2585
0.825871 23.8266 2.97703 64.7417 -16.394
0.830846 23.8166 3.20057 64.6524 -17.5084
0.835821 23.8047 3.42342 64.5602 -18.6006
0.840796 23.7905 3.64536 64.4655 -19.6697
0.845771 23.7739 3.8662 64.3691 -20.7146
0.850746 23.7546 4.08571 64.2717 -21.7347
0.855721 23.7324 4.30364 64.1737 -22.7292
0.860697 23.707 4.51974 64.076 -23.6972
0.865672 23.6782 4.73373 63.979 -24.6384
0.870647 23.6457 4.94522 63.8834 -25.552
0.875622 23.6092 5.154 63.7897 -26.4375
0.880597 23.5685 5.35966 63.6985 -27.2945
0.885572 23.5234 5.56185 63.6103 -28.1225
0.890547 23.4734 5.76021 63.5257 -28.9212
0.895522 23.4184 5.95435 63.445 -29.6903
0.900498 23.3582 6.14388 63.3688 -30.4294
0.905473 23.2923 6.32836 63.2974 -31.1383
0.910448 23.2206 6.50739 63.2313 -31.8166
0.915423 23.1427 6.68051 63.1709 -32.4642
0.920398 23.0586 6.84735 63.1164 -33.0809
0.925373 22.9678 7.0074 63.0682 -33.6666
0.930348 22.8702 7.16023 63.0267 -34.2208
0.935323 22.7655 7.30546 62.992 -34.7437
0.940299 22.6535 7.44257 62.9644 -35.2349
0.945274 22.5341 7.5712 62.9442 -35.6944
0.950249 22.4071 7.69086 62.9315 -36.1219
0.955224 22.2722 7.80116 62.9264 -36.5173
0.960199 22.1293 7.90173 62.9292 -36.8806
0.965174 21.9784 7.99211 62.94 -37.2114
0.970149 21.8192 8.07198 62.9588 -37.5098
0.975124 21.6517 8.14099 62.9858 -37.7754
0.9801 21.476 8.1988 63.0208 -38.0082
0.985075 21.2918 8.24513 63.0641 -38.2079
0.99005 21.0994 8.27969 63.1156 -38.3744
0.995025 20.8985 8.30225 63.1752 -38.5075
1 20.6895 8.3126 63.2429 -38.6069
