0 33.7473 7.72094 82.7641 -11.5475
0.00497512 32.2225 7.4569 81.8408 -11.425
0.00995025 30.7196 7.18327 80.8983 -11.2872
0.0149254 29.242 6.90172 79.9377 -11.1348
0.0199005 27.793 6.61408 78.9596 -10.9683
0.0248756 26.3757 6.32205 77.9652 -10.7884
0.0298507 24.9927 6.02731 76.9553 -10.5957
0.0348259 23.6467 5.7315 75.9311 -10.3909
0.039801 22.34 5.43619 74.8939 -10.1747
0.0447761 21.0748 5.1429 73.8448 -9.948
0.0497512 19.8527 4.85301 72.7853 -9.71143
0.0547264 18.6752 4.56783 71.7167 -9.46583
0.0597015 17.5438 4.28852 70.6406 -9.21201
0.0646766 16.4591 4.01619 69.5587 -8.95078
0.0696517 15.4221 3.7518 68.4725 -8.68298
0.0746269 14.433 3.49613 67.3839 -8.40944
0.079602 13.492 3.24992 66.2946 -8.13098
0.0845771 12.599 3.01371 65.2066 -7.84843
0.0895522 11.7537 2.78799 64.1218 -7.5626
0.0945274 10.9555 2.57308 63.0423 -7.2743
0.0995025 10.2036 2.36919 61.9701 -6.98429
0.104478 9.49706 2.17643 60.9075 -6.69335
0.109453 8.83477 1.9948 59.8566 -6.40218
0.114428 8.2155 1.82421 58.8197 -6.11149
0.119403 7.63785 1.6645 57.7991 -5.82193
0.124378 7.10031 1.5154 56.7972 -5.5341
0.129353 6.60133 1.37661 55.8163 -5.2486
0.134328 6.13931 1.24775 54.8589 -4.96591
0.139303 5.71253 1.12839 53.9274 -4.68652
0.144279 5.31936 1.01809 53.0244 -4.41083
0.149254 4.95813 0.916356 52.1523 -4.13919
0.154229 4.62713 0.822683 51.3136 -3.87187
0.159204 4.32472 0.736558 50.5108 -3.6091
0.164179 4.04935 0.657457 49.7463 -3.35102
0.169154 3.79945 0.584873 49.0226 -3.09771
0.174129 3.57354 0.518297 48.3418 -2.84917
0.179104 3.37025 0.45725 47.7061 -2.60532
0.18408 3.18816 0.401265 47.1173 -2.366
0.189055 3.02613 0.349916 46.5768 -2.131
0.19403 2.88288 0.302803 46.0859 -1.90003
0.199005 2.75731 0.259572 45.645 -1.67272
0.20398 2.64835 0.21991 45.2543 -1.44866
0.208955 2.55498 0.183553 44.9131 -1.22741
0.21393 2.47622 0.150283 44.6199 -1.00849
0.218905 2.41109 0.119935 44.3729 -0.791429
0.223881 2.35862 0.0923864 44.169 -0.575766
0.228856 2.3178 0.0675558 44.0051 -0.361077
0.233831 2.28759 0.0453927 43.8772 -0.146993
0.238806 2.26689 0.0258798 43.7813 0.0667863
0.243781 2.25455 0.00905838 43.7137 0.280492
0.248756 2.24918 -0.00499029 43.671 0.494289
0.253731 2.24831 -0.0166042 43.6509 0.708296
0.258706 2.24841 -0.02746 43.6522 0.922611
0.263682 2.25049 -0.0398141 43.6754 1.13735
0.268657 2.25781 -0.0548623 43.722 1.35268
0.273632 2.27244 -0.0728242 43.795 1.56883
0.278607 2.29574 -0.0936512 43.8978 1.78611
0.283582 2.32886 -0.117328 44.0344 2.00494
0.288557 2.37288 -0.143889 44.2088 2.22579
0.293532 2.4288 -0.173404 44.4246 2.44917
0.298507 2.49762 -0.205979 44.6849 2.67563
0.303483 2.58029 -0.241763 44.9922 2.90574
0.308458 2.67777 -0.280956 45.3482 3.14003
0.313433 2.79105 -0.323806 45.7539 3.37899
0.318408 2.92114 -0.370608 46.2097 3.62308
0.323383 3.0691 -0.421708 46.7152 3.87266
0.328358 3.23607 -0.477494 47.2696 4.12802
0.333333 3.42323 -0.53839 47.8714 4.3894
0.338308 3.63182 -0.604861 48.5192 4.65691
0.343284 3.86323 -0.677395 49.2108 4.9306
0.348259 4.11881 -0.756505 49.9441 5.21043
0.353234 4.40008 -0.842721 50.7169 5.4963
0.358209 4.70851 -0.936584 51.5267 5.78801
0.363184 5.04573 -1.03863 52.3711 6.0853
0.368159 5.41334 -1.14941 53.2476 6.38783
0.373134 5.81298 -1.26944 54.1538 6.69521
0.378109 6.24628 -1.39922 55.0871 7.00698
0.383085 6.71497 -1.53924 56.0451 7.32263
0.38806 7.22063 -1.68991 57.0254 7.64159
0.393035 7.76487 -1.85162 58.0257 7.96324
0.39801 8.34917 -2.0247 59.0435 8.28691
0.402985 8.97501 -2.2094 60.0765 8.61191
0.40796 9.64373 -2.40588 61.1226 8.93748
0.412935 10.3565 -2.61424 62.1796 9.26285
0.41791 11.1145 -2.83445 63.2451 9.58722
0.422886 11.9186 -3.06641 64.3173 9.90975
0.427861 12.7694 -3.30988 65.394 10.2296
0.432836 13.6676 -3.56448 66.4732 10.5459
0.437811 14.6133 -3.82975 67.5531 10.8578
0.442786 15.6067 -4.10508 68.6318 11.1643
0.447761 16.6477 -4.38976 69.7075 11.4647
0.452736 17.7356 -4.68289 70.7786 11.758
0.457711 18.87 -4.9835 71.8434 12.0434
0.462687 20.0497 -5.29046 72.9004 12.3199
0.467662 21.2735 -5.60252 73.9481 12.5868
0.472637 22.5398 -5.91838 74.9852 12.8432
0.477612 23.847 -6.2365 76.0103 13.0884
0.482587 25.193 -6.55545 77.0222 13.3215
0.487562 26.5753 -6.87351 78.0198 13.5418
0.492537 27.9914 -7.18898 79.002 13.7486
0.497512 29.4386 -7.5002 79.9679 13.9412
0.502488 30.9138 -7.80532 80.9165 14.119
0.507463 32.4137 -8.10252 81.8469 14.2814
0.512438 33.9351 -8.39004 82.7586 14.4277
0.517413 35.4741 -8.66601 83.6507 14.5576
0.522388 37.0273 -8.92872 84.5227 14.6705
0.527363 38.591 -9.17641 85.374 14.766
0.532338 40.1606 -9.4074 86.2041 14.8437
0.537313 41.7328 -9.62013 87.0127 14.9033
0.542289 43.3034 -9.8131 87.7994 14.9444
0.547264 44.8683 -9.98493 88.5639 14.967
0.552239 46.4234 -10.1343 89.3059 14.9706
0.557214 47.9649 -10.2603 90.0254 14.9553
0.562189 49.4888 -10.3617 90.722 14.9209
0.567164 50.9916 -10.4377 91.3959 14.8674
0.572139 52.4691 -10.4878 92.0468 14.7946
0.577114 53.9182 -10.5113 92.6749 14.7028
0.58209 55.3351 -10.508 93.2802 14.5919
0.587065 56.7169 -10.4778 93.8627 14.462
0.59204 58.0603 -10.4205 94.4227 14.3134
0.597015 59.3627 -10.3366 94.9601 14.1462
0.60199 60.6215 -10.2262 95.4753 13.9606
0.606965 61.8339 -10.09 95.9684 13.757
0.61194 62.9984 -9.92869 96.4398 13.5356
0.616915 64.1126 -9.74307 96.8896 13.2968
0.621891 65.1755 -9.5342 97.3181 13.0409
0.626866 66.1853 -9.30317 97.7257 12.7685
0.631841 67.1408 -9.05132 98.1128 12.4798
0.636816 68.0421 -8.77996 98.4797 12.1754
0.641791 68.8881 -8.49064 98.8268 11.8557
0.646766 69.6786 -8.18492 99.1545 11.5213
0.651741 70.4139 -7.86446 99.4632 11.1727
0.656716 71.094 -7.53097 99.7534 10.8105
0.661692 71.7201 -7.18624 100.026 10.4352
0.666667 72.2925 -6.83207 100.28 10.0474
0.671642 72.8126 -6.47024 100.517 9.64772
0.676617 73.2818 -6.1026 100.738 9.2368
0.681592 73.7015 -5.73093 100.942 8.81524
0.686567 74.0739 -5.35698 101.131 8.38369
0.691542 74.4008 -4.98252 101.305 7.9428
0.696517 74.6845 -4.60914 101.463 7.49322
0.701493 74.9275 -4.23841 101.608 7.0356
0.706468 75.1326 -3.87178 101.739 6.57061
0.711443 75.3027 -3.51055 101.856 6.09891
0.716418 75.4403 -3.15595 101.96 5.62116
0.721393 75.5492 -2.80891 102.052 5.13803
0.726368 75.6325 -2.47023 102.131 4.65018
0.731343 75.694 -2.14027 102.199 4.15827
0.736318 75.7369 -1.81878 102.255 3.66297
0.741294 75.7647 -1.50452 102.299 3.16494
0.746269 75.7783 -1.19608 102.332 2.66483
0.751244 75.7776 -0.895904 102.354 2.1633
0.756219 75.777 -0.602441 102.365 1.66101
0.761194 75.7754 -0.30846 102.364 1.15861
0.766169 75.7694 -0.0097195 102.353 0.656756
0.771144 75.7549 0.296156 102.33 0.1561
0.776119 75.7281 0.610295 102.296 -0.342703
0.781095 75.6861 0.933312 102.25 -0.838997
0.78607 75.6249 1.26548 102.192 -1.33213
0.791045 75.5413 1.60669 102.122 -1.82144
0.79602 75.4318 1.95649 102.04 -2.30628
0.800995 75.2929 2.31414 101.944 -2.78598
0.80597 75.1219 2.67863 101.835 -3.2599
0.810945 74.9155 3.04883 101.712 -3.72737
0.81592 74.6709 3.42342 101.575 -4.18775
0.820896 74.3854 3.801 101.424 -4.64038
0.825871 74.0565 4.18 101.257 -5.08462
0.830846 73.682 4.55881 101.074 -5.51982
0.835821 73.2597 4.93576 100.875 -5.94536
0.840796 72.7879 5.30904 100.659 -6.3606
0.845771 72.265 5.67696 100.426 -6.76493
0.850746 71.6898 6.03772 100.176 -7.15776
0.855721 71.0605 6.38952 99.9068 -7.53847
0.860697 70.3767 6.73056 99.6193 -7.90651
0.865672 69.6379 7.05913 99.3127 -8.26132
0.870647 68.8433 7.37356 98.9865 -8.60234
0.875622 67.9932 7.67218 98.6404 -8.92908
0.880597 67.0875 7.95342 98.2738 -9.24101
0.885572 66.1272 8.21585 97.8865 -9.53769
0.890547 65.1124 8.45808 97.478 -9.81865
0.895522 64.0445 8.67885 97.048 -10.0835
0.900498 62.9248 8.87699 96.5962 -10.3318
0.905473 61.755 9.0516 96.1222 -10.5632
0.910448 60.5366 9.20175 95.6259 -10.7774
0.915423 59.2721 9.32678 95.107 -10.9742
0.920398 57.9638 9.42609 94.5652 -11.1531
0.925373 56.6141 9.49936 94.0003 -11.3141
0.930348 55.2262 9.54635 93.4123 -11.457
0.935323 53.803 9.56705 92.8011 -11.5815
0.940299 52.3476 9.56159 92.1664 -11.6876
0.945274 50.8635 9.53025 91.5084 -11.7753
0.950249 49.3544 9.47355 90.827 -11.8444
0.955224 47.8239 9.39204 90.1222 -11.8952
0.960199 46.2763 9.2866 89.3943 -11.9275
0.965174 44.7149 9.15817 88.6432 -11.9416
0.970149 43.1443 9.00777 87.8693 -11.9375
0.975124 41.568 8.8367 87.0728 -11.9156
0.9801 39.9905 8.64622 86.2539 -11.876
0.985075 38.4158 8.43785 85.4132 -11.819
0.99005 36.8478 8.2131 84.551 -11.745
0.995025 35.2901 7.97355 83.6677 -11.6544
1 33.7473 7.72094 82.7641 -11.5475
