0 31.9766 10.4672 79.1153 -23.4578
0.00497512 31.1013 10.3332 78.6803 -23.3409
0.00995025 30.2132 10.1792 78.2296 -23.1952
0.0149254 29.3143 10.0058 77.7629 -23.021
0.0199005 28.4066 9.81417 77.2797 -22.8187
0.0248756 27.4921 9.60504 76.7799 -22.5888
0.0298507 26.5729 9.3796 76.2631 -22.3318
0.0348259 25.651 9.13895 75.7293 -22.0483
0.039801 24.7288 8.88435 75.1783 -21.7389
0.0447761 23.8083 8.61709 74.6102 -21.4044
0.0497512 22.8918 8.33857 74.0249 -21.0457
0.0547264 21.9815 8.0502 73.4228 -20.6635
0.0597015 21.0794 7.75341 72.804 -20.259
0.0646766 20.1879 7.44971 72.169 -19.833
0.0696517 19.309 7.14057 71.5184 -19.3867
0.0746269 18.4447 6.8275 70.8528 -18.9214
0.079602 17.597 6.51199 70.1731 -18.4381
0.0845771 16.7679 6.19541 69.4804 -17.9384
0.0895522 15.9589 5.87928 68.7759 -17.4234
0.0945274 15.172 5.56484 68.061 -16.8947
0.0995025 14.4086 5.25344 67.3374 -16.3537
0.104478 13.6701 4.94626 66.6069 -15.8019
0.109453 12.9578 4.64442 65.8716 -15.2408
0.114428 12.2728 4.34895 65.1338 -14.6719
0.119403 11.6163 4.06081 64.396 -14.0968
0.124378 10.9889 3.78077 63.661 -13.5169
0.129353 10.3913 3.50957 62.9317 -12.9338
0.134328 9.82421 3.24784 62.2113 -12.3487
0.139303 9.2878 2.99601 61.5029 -11.7632
0.144279 8.78245 2.75451 60.81 -11.1783
0.149254 8.30812 2.52362 60.136 -10.5953
0.154229 7.86484 2.30353 59.4842 -10.015
0.159204 7.45236 2.09435 58.8579 -9.43833
0.164179 7.07036 1.8961 58.2603 -8.86594
0.169154 6.71844 1.70874 57.6941 -8.2983
0.174129 6.39605 1.53216 57.1618 -7.73568
0.179104 6.10248 1.36621 56.6653 -7.17821
0.18408 5.83705 1.21071 56.2062 -6.62581
0.189055 5.59889 1.06542 55.7852 -6.07828
0.19403 5.38708 0.930121 55.4028 -5.53528
0.199005 5.20058 0.804547 55.0586 -4.99635
0.20398 5.03832 0.688427 54.7518 -4.461
0.208955 4.89915 0.581487 54.4812 -3.92868
0.21393 4.78179 0.483443 54.2451 -3.39885
0.218905 4.68488 0.393991 54.0416 -2.87099
0.223881 4.607 0.312798 53.8687 -2.34462
0.228856 4.54663 0.239499 53.7242 -1.81934
0.233831 4.50213 0.173679 53.6062 -1.2948
0.238806 4.47174 0.114888 53.5128 -0.770736
0.243781 4.45363 0.0626844 53.4425 -0.246936
0.248756 4.44552 0.0165156 53.3942 0.276754
0.253731 4.44375 -0.0249956 53.367 0.800453
0.258706 4.44375 -0.0647801 53.3605 1.32426
0.263682 4.44568 -0.106623 53.3749 1.84828
0.268657 4.45398 -0.153471 53.4107 2.37264
0.273632 4.47231 -0.206721 53.4689 2.8975
0.278607 4.50292 -0.266937 53.5508 3.42309
0.283582 4.54764 -0.334573 53.6579 3.9497
0.288557 4.60816 -0.410082 53.7924 4.47771
0.293532 4.68611 -0.493885 53.9561 5.00756
0.298507 4.78302 -0.586362 54.1512 5.53977
0.303483 4.90025 -0.687846 54.3798 6.07491
0.308458 5.03917 -0.798655 54.6435 6.61359
0.313433 5.20096 -0.91908 54.944 7.15641
0.318408 5.38677 -1.04941 55.2823 7.70395
0.323383 5.59763 -1.18993 55.659 8.25673
0.328358 5.83459 -1.3409 56.0743 8.81517
0.333333 6.09853 -1.50256 56.5275 9.37955
0.338308 6.39021 -1.67516 57.0176 9.95002
0.343284 6.71042 -1.85888 57.543 10.5265
0.348259 7.05976 -2.05387 58.1015 11.1088
0.353234 7.43879 -2.26025 58.6905 11.6965
0.358209 7.84786 -2.47805 59.3071 12.2888
0.363184 8.28735 -2.70725 59.9483 12.8851
0.368159 8.75743 -2.94774 60.6106 13.4844
0.373134 9.25814 -3.19934 61.2909 14.0854
0.378109 9.78943 -3.4617 61.9856 14.687
0.383085 10.3511 -3.73448 62.6916 15.2879
0.38806 10.9427 -4.01717 63.4056 15.8865
0.393035 11.5638 -4.3091 64.1247 16.4813
0.39801 12.2138 -4.60958 64.8461 17.0708
0.402985 12.8918 -4.91777 65.5671 17.6535
0.40796 13.5969 -5.23271 66.2853 18.2278
0.412935 14.328 -5.55332 66.9985 18.7921
0.41791 15.0838 -5.87852 67.7048 19.3448
0.422886 15.863 -6.20703 68.4025 19.8845
0.427861 16.664 -6.53755 69.09 20.4097
0.432836 17.4853 -6.86871 69.766 20.9189
0.437811 18.3251 -7.19905 70.4293 21.4108
0.442786 19.1817 -7.52712 71.0789 21.8842
0.447761 20.053 -7.85139 71.7142 22.3378
0.452736 20.9371 -8.17037 72.3344 22.7704
0.457711 21.8319 -8.48247 72.9391 23.181
0.462687 22.7354 -8.78624 73.5278 23.5685
0.467662 23.6455 -9.08013 74.1004 23.9321
0.472637 24.5599 -9.36269 74.6567 24.2709
0.477612 25.4765 -9.63253 75.1966 24.5841
0.482587 26.3933 -9.88827 75.7201 24.871
0.487562 27.3079 -10.1287 76.2275 25.131
0.492537 28.2185 -10.3525 76.7188 25.3635
0.497512 29.1228 -10.5587 77.1944 25.568
0.502488 30.0189 -10.7462 77.6544 25.7442
0.507463 30.9049 -10.9142 78.0992 25.8917
0.512438 31.7788 -11.0617 78.5292 26.0102
0.517413 32.639 -11.1883 78.9447 26.0994
0.522388 33.4838 -11.2932 79.3462 26.1592
0.527363 34.3112 -11.3762 79.7341 26.1894
0.532338 35.1203 -11.4368 80.1088 26.19
0.537313 35.9096 -11.4749 80.4708 26.1611
0.542289 36.6777 -11.4903 80.8204 26.1025
0.547264 37.4234 -11.4832 81.1582 26.0143
0.552239 38.1454 -11.4536 81.4845 25.8968
0.557214 38.8434 -11.402 81.7998 25.75
0.562189 39.5162 -11.3285 82.1045 25.5742
0.567164 40.1631 -11.2338 82.399 25.3695
0.572139 40.7839 -11.1182 82.6837 25.1362
0.577114 41.3778 -10.9826 82.9589 24.8747
0.58209 41.9445 -10.8277 83.2249 24.5852
0.587065 42.4838 -10.6541 83.4822 24.2681
0.59204 42.996 -10.4629 83.7309 23.9238
0.597015 43.4804 -10.2548 83.9715 23.5528
0.60199 43.938 -10.0309 84.2041 23.1553
0.606965 44.3681 -9.79224 84.4289 22.732
0.61194 44.7717 -9.53975 84.6462 22.2833
0.616915 45.1488 -9.27452 84.8562 21.8097
0.621891 45.5 -8.99764 85.059 21.3118
0.626866 45.826 -8.71018 85.2548 20.7901
0.631841 46.1271 -8.41323 85.4437 20.2453
0.636816 46.4045 -8.10786 85.6258 19.6779
0.641791 46.6585 -7.79513 85.8011 19.0886
0.646766 46.8901 -7.47609 85.9697 18.4781
0.651741 47.1003 -7.15171 86.1318 17.8471
0.656716 47.2896 -6.82305 86.2871 17.1962
0.661692 47.4597 -6.49104 86.4359 16.5263
0.666667 47.6112 -6.15654 86.5781 15.838
0.671642 47.7453 -5.82045 86.7137 15.1322
0.676617 47.8627 -5.48358 86.8426 14.4097
0.681592 47.9649 -5.14662 86.9648 13.6713
0.686567 48.053 -4.81032 87.0802 12.9179
0.691542 48.1278 -4.47528 87.1888 12.1503
0.696517 48.1906 -4.14207 87.2906 11.3695
0.701493 48.2427 -3.81113 87.3854 10.5764
0.706468 48.2849 -3.48291 87.4732 9.77187
0.711443 48.3187 -3.15771 87.5539 8.95693
0.716418 48.3449 -2.83577 87.6275 8.13254
0.721393 48.3648 -2.51721 87.6939 7.2997
0.726368 48.3793 -2.20209 87.7531 6.45941
0.731343 48.3891 -1.89029 87.8049 5.61269
0.736318 48.3954 -1.58159 87.8493 4.76058
0.741294 48.3989 -1.27576 87.8862 3.90412
0.746269 48.4004 -0.972556 87.9157 3.04437
0.751244 48.4011 -0.671437 87.9377 2.18237
0.756219 48.4011 -0.371472 87.9522 1.3192
0.761194 48.4011 -0.0716727 87.9591 0.455912
0.766169 48.4008 0.228967 87.9585 -0.40642
0.771144 48.3998 0.531444 87.9502 -1.26673
0.776119 48.397 0.836344 87.9345 -2.12397
0.781095 48.3916 1.14396 87.9111 -2.97706
0.78607 48.3831 1.45455 87.8803 -3.82497
0.791045 48.3701 1.76836 87.8419 -4.66665
0.79602 48.3525 2.08551 87.7961 -5.50107
0.800995 48.3285 2.40597 87.7429 -6.32721
0.80597 48.2972 2.72964 87.6822 -7.14407
0.810945 48.2578 3.05631 87.6143 -7.95065
0.81592 48.2089 3.38568 87.539 -8.74599
0.820896 48.1499 3.71734 87.4564 -9.52913
0.825871 48.0789 4.0509 87.3666 -10.2991
0.830846 47.9952 4.38578 87.2697 -11.0551
0.835821 47.8977 4.72142 87.1656 -11.7961
0.840796 47.7851 5.05709 87.0544 -12.5213
0.845771 47.6563 5.39213 86.936 -13.2298
0.850746 47.5105 5.72575 86.8106 -13.9208
0.855721 47.3461 6.05713 86.6781 -14.5935
0.860697 47.1628 6.38535 86.5385 -15.2471
0.865672 46.9589 6.70954 86.3918 -15.8809
0.870647 46.7336 7.02871 86.2379 -16.494
0.875622 46.4862 7.34188 86.0768 -17.086
0.880597 46.2157 7.64804 85.9084 -17.6559
0.885572 45.9216 7.94619 85.7326 -18.2033
0.890547 45.6026 8.23522 85.5494 -18.7274
0.895522 45.2586 8.51412 85.3584 -19.2277
0.900498 44.8885 8.78182 85.1597 -19.7035
0.905473 44.4921 9.03724 84.953 -20.1543
0.910448 44.0686 9.27941 84.7381 -20.5797
0.915423 43.6183 9.50725 84.5148 -20.979
0.920398 43.1402 9.71979 84.2829 -21.3519
0.925373 42.6347 9.9161 84.0421 -21.6979
0.930348 42.1014 10.0953 83.792 -22.0165
0.935323 41.5406 10.2564 83.5324 -22.3075
0.940299 40.9524 10.3988 83.263 -22.5704
0.945274 40.337 10.5217 82.9834 -22.8049
0.950249 39.6948 10.6244 82.6931 -23.0108
0.955224 39.0265 10.7064 82.3919 -23.1877
0.960199 38.3325 10.7672 82.0792 -23.3356
0.965174 37.6136 10.8064 81.7548 -23.4541
0.970149 36.8711 10.8238 81.4181 -23.5432
0.975124 36.1052 10.8191 81.0686 -23.6028
0.9801 35.3179 10.7923 80.7061 -23.6328
0.985075 34.5097 10.7436 80.3299 -23.6332
0.99005 33.6826 10.6729 79.9396 -23.6041
0.995025 32.8378 10.5807 79.5349 -23.5456
1 31.9766 10.4672 79.1153 -23.4578
