0 10.9274 4.88403 37.3459 -46.2479
0.00497512 10.9143 4.89533 37.6335 -46.6271
0.00995025 10.9007 4.90032 37.9405 -46.9842
0.0149254 10.8867 4.89893 38.2676 -47.3188
0.0199005 10.8722 4.89123 38.6157 -47.6309
0.0248756 10.8574 4.87719 38.9856 -47.92
0.0298507 10.8421 4.85686 39.3783 -48.1858
0.0348259 10.8265 4.83032 39.7947 -48.4279
0.039801 10.8105 4.79766 40.2358 -48.6458
0.0447761 10.7941 4.75894 40.7026 -48.8389
0.0497512 10.7774 4.71432 41.1965 -49.0066
0.0547264 10.7605 4.66389 41.7184 -49.148
0.0597015 10.7434 4.60778 42.2697 -49.2623
0.0646766 10.726 4.54619 42.8515 -49.3484
0.0696517 10.7085 4.47922 43.4653 -49.4051
0.0746269 10.6908 4.40711 44.1125 -49.431
0.079602 10.6731 4.32999 44.7942 -49.4246
0.0845771 10.6553 4.24807 45.5121 -49.3841
0.0895522 10.6375 4.16154 46.2675 -49.3075
0.0945274 10.6198 4.07062 47.0617 -49.1926
0.0995025 10.6021 3.97548 47.8962 -49.0366
0.104478 10.5847 3.87639 48.7723 -48.8369
0.109453 10.5674 3.77348 49.6911 -48.5902
0.114428 10.5504 3.66704 50.6537 -48.2929
0.119403 10.5337 3.55725 51.6611 -47.9411
0.124378 10.5173 3.44431 52.714 -47.5304
0.129353 10.5013 3.32844 53.8126 -47.0561
0.134328 10.4858 3.20984 54.9571 -46.5129
0.139303 10.4708 3.08874 56.1471 -45.8952
0.144279 10.4564 2.96529 57.3816 -45.1969
0.149254 10.4425 2.83972 58.659 -44.4116
0.154229 10.4293 2.71219 59.977 -43.5323
0.159204 10.4167 2.58289 61.3324 -42.552
0.164179 10.4049 2.452 62.7211 -41.4633
0.169154 10.3937 2.31968 64.1377 -40.2587
0.174129 10.3834 2.18608 65.5757 -38.931
0.179104 10.3738 2.05135 67.0274 -37.473
0.18408 10.365 1.91564 68.4834 -35.8783
0.189055 10.357 1.77908 69.9331 -34.1411
0.19403 10.3498 1.64179 71.3645 -32.2568
0.199005 10.3434 1.5039 72.764 -30.2222
0.20398 10.3379 1.36553 74.1171 -28.0361
0.208955 10.3331 1.22683 75.4079 -25.6993
0.21393 10.3291 1.08785 76.6202 -23.2152
0.218905 10.3257 0.94863 77.7372 -20.5897
0.223881 10.3228 0.809173 78.7423 -17.832
0.228856 10.3205 0.669515 79.6195 -14.954
0.233831 10.3187 0.529737 80.3543 -11.971
0.238806 10.3174 0.389946 80.9337 -8.90049
0.243781 10.3166 0.250199 81.3471 -5.76292
0.248756 10.3161 0.110538 81.5868 -2.58045
0.253731 10.3159 -0.0289485 81.648 0.623377
0.258706 10.3159 -0.168268 81.5295 3.82436
0.263682 10.3157 -0.307623 81.2334 6.9984
0.268657 10.3159 -0.447108 80.7651 10.1222
0.273632 10.3164 -0.586609 80.1332 13.1739
0.278607 10.3171 -0.726055 79.3488 16.1339
0.283582 10.3182 -0.865559 78.4255 18.9848
0.288557 10.3198 -1.00507 77.3781 21.7124
0.293532 10.3219 -1.14444 76.2231 24.3053
0.298507 10.3246 -1.28362 74.9769 26.7552
0.303483 10.3278 -1.4225 73.6565 29.0567
0.308458 10.3317 -1.56103 72.2781 31.2071
0.313433 10.3361 -1.69915 70.8572 33.2062
0.318408 10.3413 -1.83682 69.4083 35.0557
0.323383 10.3472 -1.97401 67.9446 36.7593
0.328358 10.3539 -2.11061 66.4779 38.3218
0.333333 10.3614 -2.24648 65.0185 39.7494
0.338308 10.3698 -2.38146 63.5753 41.0487
0.343284 10.3789 -2.51539 62.1559 42.2269
0.348259 10.3888 -2.64813 60.7665 43.2916
0.353234 10.3995 -2.77953 59.412 44.2501
0.358209 10.411 -2.9094 58.0963 45.1098
0.363184 10.4231 -3.03758 56.8226 45.8779
0.368159 10.436 -3.1639 55.5927 46.5612
0.373134 10.4495 -3.28814 54.4082 47.166
0.378109 10.4636 -3.4101 53.2699 47.6984
0.383085 10.4782 -3.52961 52.1779 48.164
0.38806 10.4934 -3.64647 51.1322 48.5679
0.393035 10.5091 -3.76042 50.1322 48.9148
0.39801 10.5252 -3.87125 49.1771 49.2089
0.402985 10.5417 -3.97876 48.2661 49.4541
0.40796 10.5584 -4.08274 47.3978 49.654
0.412935 10.5755 -4.18297 46.5711 49.8115
0.41791 10.5928 -4.27918 45.7846 49.9295
0.422886 10.6103 -4.37117 45.0369 50.0105
0.427861 10.6279 -4.45877 44.3266 50.0566
0.432836 10.6456 -4.5417 43.6523 50.0698
0.437811 10.6633 -4.61981 43.0125 50.0519
0.442786 10.6811 -4.69289 42.4058 50.0042
0.447761 10.6987 -4.76071 41.8309 49.9282
0.452736 10.7163 -4.82313 41.2864 49.8249
0.457711 10.7337 -4.87993 40.771 49.6954
0.462687 10.7509 -4.93099 40.2836 49.5405
0.467662 10.7679 -4.97618 39.8228 49.361
0.472637 10.7846 -5.01531 39.3877 49.1574
0.477612 10.8011 -5.04829 38.9771 48.9303
0.482587 10.8173 -5.07505 38.5899 48.6802
0.487562 10.8331 -5.09543 38.2252 48.4074
0.492537 10.8485 -5.10945 37.8822 48.1123
0.497512 10.8636 -5.11699 37.5598 47.7951
0.502488 10.8783 -5.11806 37.2574 47.456
0.507463 10.8925 -5.11263 36.9742 47.0952
0.512438 10.9063 -5.1007 36.7093 46.7128
0.517413 10.9196 -5.08237 36.4623 46.309
0.522388 10.9325 -5.05763 36.2324 45.8837
0.527363 10.9449 -5.02654 36.019 45.4372
0.532338 10.9568 -4.98928 35.8217 44.9692
0.537313 10.9683 -4.94585 35.6399 44.4801
0.542289 10.9793 -4.89647 35.4732 43.9696
0.547264 10.9898 -4.84121 35.3212 43.4378
0.552239 10.9998 -4.78031 35.1833 42.8846
0.557214 11.0093 -4.71394 35.0593 42.3101
0.562189 11.0184 -4.64228 34.9489 41.7141
0.567164 11.0269 -4.56553 34.8518 41.0966
0.572139 11.035 -4.48396 34.7675 40.4575
0.577114 11.0427 -4.39777 34.696 39.7968
0.58209 11.0499 -4.3072 34.6369 39.1143
0.587065 11.0567 -4.21253 34.59 38.4099
0.59204 11.0631 -4.11401 34.5552 37.6835
0.597015 11.069 -4.0119 34.5321 36.9349
0.60199 11.0745 -3.90646 34.5207 36.1639
0.606965 11.0797 -3.79794 34.5207 35.3704
0.61194 11.0845 -3.68664 34.5318 34.5542
0.616915 11.0889 -3.57275 34.554 33.7149
0.621891 11.093 -3.45659 34.587 32.8524
0.626866 11.0967 -3.33838 34.6305 31.9665
0.631841 11.1001 -3.21833 34.6843 31.0567
0.636816 11.1033 -3.09672 34.7481 30.1228
0.641791 11.1061 -2.97374 34.8215 29.1644
0.646766 11.1087 -2.84959 34.9042 28.1813
0.651741 11.111 -2.72447 34.9957 27.173
0.656716 11.1131 -2.59856 35.0954 26.1391
0.661692 11.1149 -2.47202 35.2029 25.0794
0.666667 11.1166 -2.34501 35.3173 23.9935
0.671642 11.1181 -2.21766 35.4379 22.8812
0.676617 11.1193 -2.0901 35.5638 21.7421
0.681592 11.1204 -1.96242 35.6939 20.5761
0.686567 11.1214 -1.83473 35.8272 19.3832
0.691542 11.1222 -1.70709 35.9623 18.1633
0.696517 11.1229 -1.57959 36.0979 16.9168
0.701493 11.1235 -1.45226 36.2324 15.6439
0.706468 11.124 -1.32514 36.3642 14.3453
0.711443 11.1244 -1.19826 36.4916 13.0219
0.716418 11.1247 -1.07164 36.6128 11.6748
0.721393 11.1249 -0.945291 36.7261 10.3054
0.726368 11.1251 -0.819199 36.8296 8.91549
0.731343 11.1252 -0.693359 36.9216 7.5072
0.736318 11.1253 -0.567756 37.0007 6.08292
0.741294 11.1254 -0.442362 37.0653 4.64535
0.746269 11.1254 -0.31715 37.1145 3.19748
0.751244 11.1254 -0.192078 37.1472 1.74249
0.756219 11.1254 -0.067103 37.1629 0.283736
0.761194 11.1255 0.0578142 37.1614 -1.17535
0.766169 11.1254 0.182697 37.1429 -2.63133
0.771144 11.1254 0.307581 37.1077 -4.08083
0.776119 11.1254 0.432507 37.0569 -5.52062
0.781095 11.1253 0.557513 36.9913 -6.94766
0.78607 11.1253 0.682627 36.9124 -8.35919
0.791045 11.1252 0.807876 36.8218 -9.75272
0.79602 11.1251 0.933271 36.721 -11.1261
0.800995 11.1249 1.05881 36.6118 -12.4775
0.80597 11.1246 1.1845 36.4961 -13.8053
0.810945 11.1243 1.3103 36.3757 -15.1085
0.81592 11.1239 1.43621 36.2522 -16.386
0.820896 11.1234 1.56218 36.1273 -17.6372
0.825871 11.1228 1.68817 36.0026 -18.8617
0.830846 11.122 1.81411 35.8794 -20.0591
0.835821 11.1212 1.93994 35.7592 -21.2295
0.840796 11.1202 2.06556 35.6431 -22.3729
0.845771 11.119 2.19089 35.5322 -23.4894
0.850746 11.1177 2.31579 35.4274 -24.5793
0.855721 11.1161 2.44014 35.3296 -25.6428
0.860697 11.1144 2.56379 35.2394 -26.6802
0.865672 11.1125 2.6866 35.1575 -27.692
0.870647 11.1103 2.80837 35.0846 -28.6785
0.875622 11.1079 2.92894 35.0209 -29.6399
0.880597 11.1052 3.0481 34.9671 -30.5767
0.885572 11.1023 3.16563 34.9234 -31.4892
0.890547 11.099 3.28135 34.8902 -32.3778
0.895522 11.0955 3.39502 34.8678 -33.2426
0.900498 11.0916 3.50635 34.8564 -34.0841
0.905473 11.0874 3.61519 34.8563 -34.9024
0.910448 11.0828 3.72119 34.8677 -35.6979
0.915423 11.0779 3.82419 34.8909 -36.4706
0.920398 11.0726 3.92388 34.926 -37.2209
0.925373 11.0669 4.02004 34.9734 -37.9488
0.930348 11.0608 4.11237 35.0331 -38.6545
0.935323 11.0543 4.20067 35.1056 -39.3382
0.940299 11.0473 4.2847 35.1909 -39.9999
0.945274 11.0399 4.3642 35.2894 -40.6398
0.950249 11.032 4.43895 35.4014 -41.2579
0.955224 11.0237 4.50873 35.5273 -41.8543
0.960199 11.0149 4.57332 35.6672 -42.4291
0.965174 11.0057 4.63256 35.8216 -42.9822
0.970149 10.996 4.68624 35.9909 -43.5137
0.975124 10.9858 4.7342 36.1756 -44.0236
0.9801 10.9751 4.77633 36.3759 -44.5119
0.985075 10.9639 4.81249 36.5926 -44.9786
0.99005 10.9522 4.84254 36.8261 -45.4235
0.995025 10.94 4.86643 37.077 -45.8466
1 10.9274 4.88403 37.3459 -46.2479
