0 29.9417 3.99082 81.3866 -4.96743
0.00497512 28.273 3.78992 80.2338 -4.90014
0.00995025 26.6617 3.59029 79.0719 -4.82615
0.0149254 25.1093 3.39291 77.9024 -4.74581
0.0199005 23.6172 3.19864 76.7267 -4.65948
0.0248756 22.1861 3.00835 75.5462 -4.56754
0.0298507 20.8166 2.82274 74.3623 -4.47037
0.0348259 19.5088 2.64245 73.1765 -4.36835
0.039801 18.2626 2.46804 71.9902 -4.26188
0.0447761 17.0776 2.29996 70.8051 -4.15134
0.0497512 15.9533 2.1386 69.6226 -4.03714
0.0547264 14.8886 1.98425 68.4442 -3.91964
0.0597015 13.8824 1.83712 67.2714 -3.79925
0.0646766 12.9335 1.69736 66.1059 -3.67634
0.0696517 12.0404 1.56502 64.9491 -3.55129
0.0746269 11.2014 1.44012 63.8026 -3.42445
0.079602 10.4146 1.3226 62.6679 -3.29619
0.0845771 9.67829 1.21237 61.5465 -3.16684
0.0895522 8.99044 1.10926 60.4399 -3.03673
0.0945274 8.34898 1.0131 59.3496 -2.90617
0.0995025 7.7519 0.923643 58.2771 -2.77546
0.104478 7.19703 0.840648 57.2238 -2.64488
0.109453 6.68224 0.763835 56.1912 -2.51469
0.114428 6.20548 0.692914 55.1806 -2.38513
0.119403 5.76463 0.627576 54.1934 -2.25643
0.124378 5.35767 0.567504 53.231 -2.12878
0.129353 4.98255 0.512383 52.2948 -2.00236
0.134328 4.63735 0.461889 51.3859 -1.87733
0.139303 4.32021 0.415712 50.5057 -1.75382
0.144279 4.02935 0.37353 49.6555 -1.63196
0.149254 3.76297 0.335043 48.8366 -1.51182
0.154229 3.51954 0.299957 48.0501 -1.39349
0.159204 3.29748 0.267981 47.2974 -1.27699
0.164179 3.09534 0.238844 46.5797 -1.16236
0.169154 2.9118 0.212282 45.8984 -1.0496
0.174129 2.7456 0.188047 45.2546 -0.938676
0.179104 2.5956 0.165903 44.6498 -0.829549
0.18408 2.46076 0.145627 44.0853 -0.722149
0.189055 2.34014 0.127013 43.5625 -0.616382
0.19403 2.23287 0.10987 43.0828 -0.51213
0.199005 2.1382 0.0940245 42.6473 -0.409253
0.20398 2.05545 0.0793234 42.2574 -0.307587
0.208955 1.984 0.0656368 41.9138 -0.206945
0.21393 1.92331 0.0528642 41.6171 -0.107123
0.218905 1.87284 0.0409375 41.3674 -0.00790403
0.223881 1.83208 0.0298292 41.1637 0.0909353
0.228856 1.80047 0.019555 41.0042 0.189612
0.233831 1.77736 0.0101753 40.8862 0.288322
0.238806 1.76199 0.00181559 40.805 0.387223
0.243781 1.75345 -0.00526477 40.7543 0.486409
0.248756 1.7505 -0.0106809 40.7267 0.585898
0.253731 1.75051 -0.0144402 40.7154 0.68565
0.258706 1.75036 -0.0177434 40.7168 0.785615
0.263682 1.7513 -0.0222248 40.7323 0.885819
0.268657 1.75645 -0.0284976 40.7671 0.986397
0.273632 1.76766 -0.0363403 40.8288 1.08759
0.278607 1.78604 -0.0454581 40.9243 1.18971
0.283582 1.81247 -0.0556891 41.059 1.29305
0.288557 1.84768 -0.0669471 41.2364 1.39793
0.293532 1.89225 -0.079194 41.4591 1.50465
0.298507 1.94672 -0.0924391 41.7282 1.61345
0.303483 2.01162 -0.106736 42.0443 1.72459
0.308458 2.08746 -0.122176 42.407 1.83827
0.313433 2.17482 -0.138884 42.8157 1.95465
0.318408 2.27433 -0.15701 43.2692 2.07387
0.323383 2.38669 -0.176728 43.7663 2.19604
0.328358 2.51269 -0.198232 44.3058 2.32125
0.333333 2.65322 -0.221736 44.8861 2.44955
0.338308 2.80925 -0.247469 45.506 2.58098
0.343284 2.98186 -0.275678 46.1641 2.71554
0.348259 3.17223 -0.306623 46.8591 2.85323
0.353234 3.38161 -0.340581 47.5896 2.994
0.358209 3.61137 -0.377841 48.3545 3.13782
0.363184 3.86304 -0.41871 49.1524 3.28459
0.368159 4.13809 -0.463499 49.982 3.43422
0.373134 4.43823 -0.512541 50.8422 3.58659
0.378109 4.76516 -0.566169 51.7317 3.74155
0.383085 5.12068 -0.624732 52.6492 3.89893
0.38806 5.50672 -0.688578 53.5933 4.05854
0.393035 5.92519 -0.75806 54.5629 4.22017
0.39801 6.37813 -0.833529 55.5565 4.38359
0.402985 6.86758 -0.915331 56.5729 4.54854
0.40796 7.39555 -1.0038 57.6106 4.71473
0.412935 7.96424 -1.09926 58.6682 4.88188
0.41791 8.57566 -1.20202 59.7443 5.04965
0.422886 9.23195 -1.31235 60.8376 5.21773
0.427861 9.93513 -1.4305 61.9464 5.38574
0.432836 10.6872 -1.55668 63.0693 5.55334
0.437811 11.4902 -1.69106 64.2049 5.72011
0.442786 12.3458 -1.83374 65.3516 5.88568
0.447761 13.2557 -1.9848 66.5079 6.04963
0.452736 14.2217 -2.14423 67.6723 6.21155
0.457711 15.2451 -2.31196 68.8432 6.371
0.462687 16.3271 -2.48783 70.0192 6.52755
0.467662 17.4689 -2.67163 71.1988 6.68076
0.472637 18.6711 -2.86305 72.3804 6.83019
0.477612 19.9345 -3.06169 73.5624 6.97541
0.482587 21.2592 -3.26706 74.7436 7.11597
0.487562 22.6454 -3.47858 75.9223 7.25143
0.492537 24.0927 -3.69557 77.0972 7.38137
0.497512 25.6005 -3.91722 78.2668 7.50535
0.502488 27.1679 -4.14276 79.4297 7.62296
0.507463 28.7936 -4.37114 80.5845 7.73379
0.512438 30.476 -4.60138 81.73 7.83745
0.517413 32.213 -4.83231 82.8648 7.93357
0.522388 34.0026 -5.06274 83.9876 8.02176
0.527363 35.8414 -5.29143 85.0973 8.10169
0.532338 37.7273 -5.517 86.1925 8.17303
0.537313 39.656 -5.73809 87.2722 8.23547
0.542289 41.6242 -5.95328 88.3352 8.28871
0.547264 43.6278 -6.16108 89.3805 8.3325
0.552239 45.6622 -6.36008 90.407 8.36658
0.557214 47.7232 -6.54879 91.4137 8.39074
0.562189 49.8053 -6.7257 92.3997 8.40479
0.567164 51.9039 -6.88944 93.3641 8.40855
0.572139 54.0132 -7.03865 94.3061 8.40188
0.577114 56.1275 -7.17188 95.2248 8.38467
0.58209 58.2415 -7.28795 96.1194 8.35682
0.587065 60.3488 -7.38565 96.9894 8.31828
0.59204 62.4442 -7.46391 97.8339 8.26902
0.597015 64.521 -7.52175 98.6524 8.20902
0.60199 66.5738 -7.55836 99.4444 8.13832
0.606965 68.5962 -7.57297 100.209 8.05696
0.61194 70.5827 -7.56508 100.947 7.96502
0.616915 72.5273 -7.53425 101.656 7.8626
0.621891 74.4245 -7.48029 102.337 7.74984
0.626866 76.269 -7.4031 102.99 7.6269
0.631841 78.0557 -7.30281 103.614 7.49396
0.636816 79.7797 -7.17974 104.208 7.35123
0.641791 81.4364 -7.03435 104.774 7.19893
0.646766 83.0215 -6.86736 105.31 7.03734
0.651741 84.5315 -6.67959 105.818 6.86673
0.656716 85.9633 -6.4721 106.296 6.6874
0.661692 87.3133 -6.24606 106.745 6.49967
0.666667 88.5797 -6.00288 107.166 6.30389
0.671642 89.7602 -5.74412 107.558 6.1004
0.676617 90.854 -5.4714 107.922 5.88958
0.681592 91.8597 -5.18657 108.258 5.67183
0.686567 92.7777 -4.89158 108.567 5.44753
0.691542 93.6079 -4.58844 108.85 5.21711
0.696517 94.3514 -4.27925 109.106 4.98099
0.701493 95.01 -3.9662 109.338 4.73959
0.706468 95.5859 -3.65148 109.544 4.49334
0.711443 96.0817 -3.33727 109.728 4.2427
0.716418 96.5014 -3.02573 109.888 3.98809
0.721393 96.8485 -2.71892 110.027 3.72995
0.726368 97.1287 -2.41876 110.144 3.46872
0.731343 97.3474 -2.12678 110.242 3.20483
0.736318 97.5115 -1.84332 110.321 2.93871
0.741294 97.6273 -1.56548 110.381 2.67076
0.746269 97.6911 -1.28834 110.423 2.40141
0.751244 97.6886 -1.02741 110.448 2.13105
0.756219 97.686 -0.785897 110.456 1.86009
0.761194 97.6734 -0.541997 110.447 1.58891
0.766169 97.6349 -0.287935 110.422 1.3179
0.771144 97.5589 -0.022495 110.378 1.04745
0.776119 97.4377 0.25425 110.317 0.777937
0.781095 97.2651 0.542072 110.238 0.50976
0.78607 97.0344 0.840238 110.138 0.243309
0.791045 96.74 1.14746 110.019 -0.0210212
0.79602 96.3764 1.46203 109.878 -0.282828
0.800995 95.9394 1.78203 109.715 -0.541706
0.80597 95.4247 2.10538 109.529 -0.797247
0.810945 94.8292 2.42993 109.318 -1.04904
0.81592 94.1501 2.75352 109.083 -1.29668
0.820896 93.3851 3.07398 108.822 -1.53976
0.825871 92.5334 3.38918 108.534 -1.77786
0.830846 91.5933 3.69702 108.219 -2.01061
0.835821 90.5652 3.99552 107.877 -2.23759
0.840796 89.4491 4.28275 107.506 -2.45844
0.845771 88.2461 4.55698 107.107 -2.67278
0.850746 86.9573 4.8165 106.68 -2.88026
0.855721 85.5852 5.05981 106.223 -3.08053
0.860697 84.1323 5.28553 105.736 -3.27326
0.865672 82.6012 5.49251 105.221 -3.45814
0.870647 80.9956 5.67965 104.676 -3.63489
0.875622 79.3193 5.84614 104.101 -3.80322
0.880597 77.5767 5.99124 103.498 -3.9629
0.885572 75.7723 6.1145 102.864 -4.11368
0.890547 73.9111 6.21558 102.202 -4.25536
0.895522 71.9981 6.29434 101.512 -4.38776
0.900498 70.039 6.3508 100.793 -4.51072
0.905473 68.0396 6.38513 100.046 -4.6241
0.910448 66.0054 6.39772 99.2707 -4.72779
0.915423 63.9425 6.38908 98.4687 -4.82171
0.920398 61.8566 6.35986 97.6401 -4.90581
0.925373 59.754 6.31082 96.7855 -4.98004
0.930348 57.6406 6.24288 95.9055 -5.04441
0.935323 55.5222 6.15707 95.0008 -5.09894
0.940299 53.4047 6.05448 94.072 -5.14367
0.945274 51.2942 5.93633 93.1201 -5.17868
0.950249 49.196 5.80386 92.1457 -5.20406
0.955224 47.1151 5.65841 91.1499 -5.21995
0.960199 45.0573 5.50132 90.1335 -5.22648
0.965174 43.0272 5.334 89.0974 -5.22384
0.970149 41.0297 5.15779 88.0428 -5.2122
0.975124 39.0684 4.97413 86.9706 -5.19181
0.9801 37.1482 4.78438 85.882 -5.16289
0.985075 35.2721 4.58989 84.7781 -5.1257
0.99005 33.4437 4.39194 83.6601 -5.08053
0.995025 31.6661 4.19186 82.5292 -5.02767
1 29.9417 3.99082 81.3866 -4.96743
