0.012195  20.4328 8.21736 75.1815 23.551
0.036585  16.8919 7.09114 72.5104 22.1792
0.060976  13.586 5.7447 69.3926 20.2187
0.085366  10.7022 4.36339 66.0042 17.8253
0.109756  8.36214 3.10059 62.5991 15.1732
0.134146  6.61292 2.04592 59.5314 12.4418
0.158537  5.44212 1.22572 57.2386 9.77365
0.182927  4.78577 0.635913 56.0479 7.20416
0.207317  4.51613 0.264964 55.8728 4.65182
0.231707  4.455 0.0758397 56.1495 2.02186
0.256098  4.45016 -0.0212117 56.2396 -0.677165
0.280488  4.46796 -0.152322 55.9868 -3.34779
0.304878  4.61304 -0.426425 55.8554 -5.93108
0.329268  5.05824 -0.902683 56.506 -8.48116
0.353659  5.95823 -1.60479 58.2682 -11.0974
0.378049  7.41131 -2.54411 60.9934 -13.8059
0.402439  9.45904 -3.71138 64.2784 -16.5169
0.426829  12.0835 -5.04804 67.7185 -19.0656
0.451220  15.1973 -6.43229 71.0021 -21.2664
0.475610  18.645 -7.69301 73.9103 -22.9476
0.500000  22.2222 -8.64214 76.3142 -23.9748
0.524390  25.7026 -9.11726 78.1645 -24.2679
0.548780  28.8705 -9.02597 79.4611 -23.8001
0.573171  31.5559 -8.37417 80.2367 -22.5904
0.597561  33.6609 -7.26498 80.5595 -20.7004
0.621951  35.1662 -5.87178 80.5289 -18.2275
0.646341  36.1245 -4.39687 80.2564 -15.2852
0.670732  36.6449 -3.02229 79.8562 -11.986
0.695122  36.8686 -1.86256 79.4447 -8.43593
0.719512  36.933 -0.937663 79.1282 -4.73156
0.743902  36.9403 -0.178035 78.98 -0.950949
0.768293  36.9385 0.544591 79.0305 2.84591
0.792683  36.9129 1.37251 79.2695 6.59965
0.817073  36.7858 2.41176 79.6445 10.2369
0.841463  36.4313 3.68866 80.0643 13.6714
0.865854  35.707 5.13231 80.4159 16.8068
0.890244  34.4864 6.59044 80.5826 19.5319
0.914634  32.6851 7.86686 80.4492 21.7262
0.939024  30.2819 8.76677 79.909 23.2829
0.963415  27.3365 9.14483 78.8801 24.1276
0.987805  23.9882 8.94569 77.3116 24.2182
