0.012195  16.3704 -0.152747 16.2029 14.9625 181.778
0.036585  16.3728 -0.111851 16.2736 12.5657 -280.158
0.060976  16.3752 -0.0789441 16.3218 10.2205 -266.228
0.085366  16.3775 -0.0500946 16.3519 7.99572 304.928
0.109756  16.379 -0.0252244 16.3685 5.9541 254.117
0.134146  16.3797 -0.011765 16.3762 4.15054 -514.738
0.158537  16.3804 -0.00933515 16.3795 2.63114 -406.883
0.182927  16.3812 -0.00490884 16.3811 1.43326 884.011
0.207317  16.3811 0.00709805 16.3811 0.585559 1051.74
0.231707  16.3797 0.0133915 16.3797 0.108073 -1270.91
0.256098  16.3785 0.00312409 16.3785 0.0120132 -3670.68
0.280488  16.3791 -0.0113716 16.3791 0.299632 -3127.42
0.304878  16.3807 -0.0108343 16.3806 0.964178 -503.05
0.329268  16.3813 0.00319969 16.3809 1.99001 890.685
0.353659  16.3804 0.0145242 16.3785 3.35278 184.433
0.378049  16.3792 0.020174 16.3729 5.01948 -520.214
0.402439  16.3781 0.0335665 16.3614 6.94838 -44.5712
0.426829  16.3766 0.0617061 16.3391 9.08898 434.614
0.451220  16.3742 0.0970721 16.3005 11.3823 58.3565
0.475610  16.3715 0.133347 16.2411 13.7621 -297.24
0.500000  16.369 0.172771 16.158 16.158 30.0396
0.524390  16.3665 0.213998 16.0499 18.4998 308.586
0.548780  16.3639 0.246573 15.919 20.7221 6.70208
0.573171  16.3618 0.262758 15.7715 22.7698 -223.431
0.597561  16.3603 0.264185 15.616 24.6001 57.5732
0.621951  16.3593 0.252805 15.4618 26.1833 243.308
0.646341  16.3584 0.225678 15.3185 27.5012 -36.1204
0.670732  16.358 0.182956 15.1951 28.5444 -198.496
0.695122  16.3579 0.131539 15.0991 29.3093 72.1484
0.719512  16.358 0.0764155 15.0354 29.7955 203.08
0.743902  16.3578 0.0166742 15.0073 30.0037 -77.6728
0.768293  16.3578 -0.0464868 15.0166 29.9343 -194.39
0.792683  16.3579 -0.106324 15.0629 29.5872 87.882
0.817073  16.3581 -0.158475 15.1434 28.9617 178.784
0.841463  16.3582 -0.203919 15.2538 28.0574 -124.386
0.865854  16.3587 -0.240868 15.388 26.8761 -204.131
0.890244  16.3598 -0.26238 15.5381 25.424 113.242
0.914634  16.3611 -0.265495 15.6943 23.7143 168.239
0.939024  16.3628 -0.254389 15.8469 21.7708 -185.62
0.963415  16.365 -0.231742 15.9868 19.6296 -226.409
0.987805  16.3677 -0.196401 16.107 17.3399 167.121
