0.012195  20.9128 -2.64092 20.5702 18.9953 -313.595
0.036585  23.6858 -3.04878 23.3911 18.0617 187.003
0.060976  26.7944 -3.31793 26.5642 16.6343 144.626
0.085366  30.0496 -3.33423 29.8936 14.617 -535.88
0.109756  33.1588 -3.00745 33.0718 12.0298 -527.232
0.134146  35.7841 -2.3478 35.7469 9.06042 261.903
0.158537  37.6648 -1.50729 37.6538 6.0488 5.68711
0.182927  38.7385 -0.727971 38.7364 3.38877 -1615.03
0.207317  39.1714 -0.214568 39.1712 1.39996 -1864.58
0.231707  39.2614 -0.0165114 39.2616 0.259621 957.608
0.256098  39.2634 0.00124197 39.2635 0.0290516 4120.53
0.280488  39.2387 0.0804574 39.2384 0.71713 3978.76
0.304878  39.0173 0.428601 39.0166 2.29632 1235.05
0.329268  38.2978 1.09433 38.293 4.65275 -420.621
0.353659  36.8273 1.93716 36.806 7.53459 176.305
0.378049  34.551 2.71329 34.4917 10.5734 839.396
0.402439  31.6436 3.21517 31.5235 13.3874 260.834
0.426829  28.4205 3.36441 28.2271 15.7028 -305.744
0.451220  25.2075 3.20857 24.9434 17.4175 76.9561
0.475610  22.2492 2.85611 21.9283 18.5804 445.909
0.500000  19.6829 2.41359 19.3222 19.3222 65.3568
0.524390  17.5574 1.95652 17.17 19.7914 -259.776
0.548780  15.8654 1.52702 15.458 20.122 60.4407
0.573171  14.5706 1.14332 14.1447 20.4205 303.191
0.597561  13.6255 0.811897 13.1781 20.7598 -21.2064
0.621951  12.978 0.535998 12.5035 21.1741 -238.663
0.646341  12.5729 0.318215 12.0648 21.6597 64.0233
0.670732  12.3519 0.160104 11.8064 22.1782 238.042
0.695122  12.256 0.0609862 11.6741 22.6612 -70.341
0.719512  12.2288 0.0140142 11.6185 23.0247 -221.831
0.743902  12.2258 0.00131858 11.6018 23.195 88.045
0.768293  12.2258 -0.0046748 11.6065 23.1364 214.663
0.792683  12.2368 -0.0324987 11.6393 22.8626 -106.358
0.817073  12.2924 -0.103671 11.7282 22.4302 -213.874
0.841463  12.4432 -0.230959 11.9166 21.9191 119.811
0.865854  12.7483 -0.419423 12.2576 21.4087 201.347
0.890244  13.2678 -0.667558 12.8077 20.9563 -165.174
0.914634  14.0579 -0.971157 13.622 20.5829 -238.293
0.939024  15.1713 -1.32812 14.7548 20.2706 147.627
0.963415  16.6586 -1.73644 16.2606 19.9658 179.779
0.987805  18.5644 -2.18438 18.189 19.5811 -279.43
