0.012195  17.6089 -0.632685 17.3881 16.5576 -646.536
0.036585  21.9799 -1.62214 21.7589 16.2041 672.294
0.060976  29.4777 -2.05589 29.1899 17.723 626.833
0.085366  37.5955 -2.23605 37.2654 18.9701 -1039.53
0.109756  49.7427 -4.4966 49.4286 18.557 -952.595
0.134146  75.9982 -9.13447 75.6896 18.294 1165.76
0.158537  119.313 -12.4683 119 18.5484 739.112
0.182927  167.3 -11.3925 167.074 15.6318 -3086.86
0.207317  204.513 -7.56106 204.461 7.83706 -3603.43
0.231707  227.014 -4.15073 227.07 0.384361 3225.06
0.256098  236.91 -0.67119 236.929 -0.290976 10477
0.280488  229.019 5.146 228.963 5.37308 9320.72
0.304878  195.685 11.6585 195.587 11.8946 2016.27
0.329268  143.612 14.0342 143.432 16.2026 -2007.61
0.353659  93.7323 10.8341 93.4035 18.833 -147.035
0.378049  61.238 5.97743 60.8303 19.873 1727.23
0.402439  44.0207 3.29907 43.6894 18.7412 300.028
0.426829  32.931 2.50406 32.7008 17.0016 -1087.21
0.451220  24.5872 1.69592 24.3465 16.9118 -20.8249
0.475610  19.8692 0.796333 19.58 17.7094 976.063
0.500000  17.3836 0.601273 17.1322 17.1322 19.9442
0.524390  14.7233 0.724123 14.5405 15.7461 -784.629
0.548780  12.3232 0.434775 12.123 15.8537 76.3913
0.573171  11.4311 0.0856095 11.1741 17.0131 723.304
0.597561  11.0015 0.200125 10.7644 16.833 -99.1689
0.621951  9.81369 0.345399 9.63476 15.5915 -642.822
0.646341  8.88691 0.0796972 8.6887 15.7484 151.693
0.670732  9.13225 -0.131848 8.86687 17.2077 606.267
0.695122  9.33063 0.0765057 9.06706 17.4546 -185.443
0.719512  8.64887 0.198103 8.4376 16.3519 -572.543
0.743902  8.34335 -0.0768549 8.1213 16.3482 226.655
0.768293  9.04833 -0.199905 8.76559 17.6588 552.724
0.792683  9.33329 0.0840005 9.05589 17.7407 -271.285
0.817073  8.67039 0.160169 8.46174 16.1746 -544.359
0.841463  8.68782 -0.200161 8.49529 15.5813 318.458
0.865854  9.90618 -0.325748 9.66507 16.7261 537.671
0.890244  10.6301 -0.0247299 10.3818 17.1479 -389.511
0.914634  10.5419 -0.0443938 10.3442 15.9274 -561.891
0.939024  11.6365 -0.534155 11.4474 15.4307 447.648
0.963415  14.188 -0.649099 13.9462 16.7101 558.487
0.987805  16.0796 -0.326928 15.8201 17.4748 -586.921
