0.012195  16.4738 -0.238504 16.3031 15.0551 48.5563
0.036585  16.5149 -0.210174 16.4131 12.6734 -108.001
0.060976  16.5526 -0.174947 16.4975 10.3305 -106.406
0.085366  16.5847 -0.13439 16.5582 8.09657 80.163
0.109756  16.6093 -0.0927929 16.5983 6.0377 58.3605
0.134146  16.626 -0.0578044 16.6222 4.2129 -204.844
0.158537  16.6363 -0.0328726 16.6353 2.67223 -179.933
0.182927  16.6418 -0.0144404 16.6417 1.45606 236.509
0.207317  16.6435 -0.000277993 16.6435 0.594939 286.239
0.231707  16.6426 0.0055259 16.6426 0.109807 -471.78
0.256098  16.6416 0.00135998 16.6416 0.012207 -1231.19
0.280488  16.642 -0.00368163 16.642 0.304437 -1005.09
0.304878  16.6425 0.00226464 16.6425 0.979586 -106.674
0.329268  16.6399 0.020983 16.6395 2.02145 353.167
0.353659  16.6321 0.0462274 16.6302 3.4043 100.481
0.378049  16.6183 0.0755612 16.6117 5.09269 -146.283
0.402439  16.5978 0.111878 16.5803 7.04137 8.55579
0.426829  16.5697 0.154081 16.5308 9.19566 165.653
0.451220  16.5345 0.194411 16.4586 11.4927 35.596
0.475610  16.4944 0.226228 16.3612 13.8638 -86.6767
0.500000  16.4526 0.248049 16.2385 16.2385 20.9853
0.524390  16.4115 0.258812 16.0924 18.5488 112.515
0.548780  16.3738 0.255516 15.9281 20.734 9.54845
0.573171  16.3419 0.237903 15.7536 22.744 -69.0324
0.597561  16.3172 0.210558 15.5782 24.5406 23.9529
0.621951  16.2997 0.178146 15.411 26.0972 85.1361
0.646341  16.2884 0.142443 15.2602 27.3966 -9.34988
0.670732  16.2823 0.105354 15.1335 28.4287 -64.4704
0.695122  16.2799 0.070328 15.0365 29.188 25.4597
0.719512  16.2792 0.0386866 14.973 29.6719 68.6589
0.743902  16.279 0.00817494 14.9452 29.8795 -25.8399
0.768293  16.279 -0.0231602 14.9544 29.8103 -65.4301
0.792683  16.2794 -0.0549963 15.0004 29.4645 28.3722
0.817073  16.2809 -0.0876683 15.0812 28.8426 58.1147
0.841463  16.2848 -0.122993 15.1935 27.9465 -43.9219
0.865854  16.2932 -0.160411 15.3329 26.7799 -71.3792
0.890244  16.3075 -0.19576 15.493 25.3502 33.6746
0.914634  16.3288 -0.225275 15.6656 23.6709 50.9033
0.939024  16.357 -0.247258 15.8416 21.7635 -68.5554
0.963415  16.3919 -0.258919 16.0119 19.6604 -83.7042
0.987805  16.4318 -0.256165 16.1681 17.4057 45.7965
