0.012195  22.0853 3.31493 77.1617 6.04382
0.036585  16.1237 2.41019 71.3851 5.45768
0.060976  11.4995 1.664 65.6304 4.77973
0.085366  8.09302 1.092 60.152 4.06231
0.109756  5.69861 0.690586 55.1052 3.33996
0.134146  4.05867 0.428942 50.557 2.64045
0.158537  2.96679 0.254994 46.732 1.99426
0.182927  2.3155 0.131563 44.0549 1.4167
0.207317  2.0142 0.0531257 42.7186 0.889652
0.231707  1.91604 0.0175109 42.321 0.38004
0.256098  1.88775 -0.000326575 42.2311 -0.127472
0.280488  1.92255 -0.0327778 42.3335 -0.632063
0.304878  2.12562 -0.0940429 43.1626 -1.1456
0.329268  2.60799 -0.187174 45.2485 -1.69846
0.353659  3.45408 -0.327621 48.5723 -2.3128
0.378049  4.78341 -0.546397 52.7576 -2.98507
0.402439  6.78333 -0.87772 57.5409 -3.69638
0.426829  9.67009 -1.35511 62.8384 -4.42304
0.451220  13.6525 -2.00888 68.5078 -5.12984
0.475610  18.9183 -2.84535 74.2928 -5.76668
0.500000  25.5781 -3.81855 79.9771 -6.28139
0.524390  33.5643 -4.82001 85.4196 -6.6298
0.548780  42.5693 -5.68834 90.4428 -6.77236
0.573171  52.057 -6.22838 94.8193 -6.67452
0.597561  61.3061 -6.25009 98.3789 -6.31973
0.621951  69.4879 -5.64353 101.043 -5.71701
0.646341  75.8503 -4.46905 102.772 -4.8935
0.670732  79.9939 -2.99565 103.599 -3.88821
0.695122  82.074 -1.61758 103.73 -2.75341
0.719512  82.7478 -0.646796 103.535 -1.54683
0.743902  82.8292 -0.0993093 103.376 -0.311559
0.768293  82.809 0.335801 103.438 0.930209
0.792683  82.5304 1.06572 103.652 2.15791
0.817073  81.2707 2.26775 103.728 3.33413
0.841463  78.2076 3.75229 103.285 4.40846
0.865854  72.9212 5.11842 102.027 5.32981
0.890244  65.5774 6.02021 99.8331 6.05025
0.914634  56.7745 6.3097 96.7069 6.53026
0.939024  47.3003 6.01793 92.7152 6.75268
0.963415  37.9555 5.28741 87.9965 6.72798
0.987805  29.4114 4.31958 82.7506 6.48149
