0.012195  17.673 -1.13249 17.4633 16.1265 -131.011
0.036585  18.2076 -1.10673 18.0717 13.9541 34.5896
0.060976  18.7142 -1.00412 18.6347 11.6688 12.3164
0.085366  19.1575 -0.836251 19.1167 9.34765 -231.207
0.109756  19.5112 -0.628921 19.4934 7.09083 -239.343
0.134146  19.7635 -0.417385 19.7573 5.00745 18.8459
0.158537  19.92 -0.23484 19.9183 3.19959 -88.5048
0.182927  19.9997 -0.102458 19.9994 1.74985 -671.358
0.207317  20.0289 -0.0267074 20.0289 0.715956 -771.341
0.231707  20.0337 0.000174987 20.0337 0.132181 226.219
0.256098  20.0331 0.00065781 20.0331 0.0146965 1390.71
0.280488  20.0319 0.00834737 20.0319 0.366439 1432.96
0.304878  20.0184 0.055779 20.0183 1.17829 542.08
0.329268  19.9682 0.160723 19.9674 2.42575 -31.0072
0.353659  19.8531 0.321679 19.8497 4.06336 142.989
0.378049  19.6499 0.522043 19.639 6.02074 348.041
0.402439  19.3465 0.734836 19.3189 8.2044 141.075
0.426829  18.9458 0.92658 18.8878 10.5068 -60.4167
0.451220  18.4668 1.0651 18.3614 12.8214 60.0847
0.475610  17.9414 1.12977 17.7706 15.0581 177.806
0.500000  17.4068 1.11612 17.1544 17.1544 42.8805
0.524390  16.8992 1.03251 16.5519 19.0785 -72.4483
0.548780  16.4481 0.89512 15.9966 20.8231 32.3171
0.573171  16.0741 0.725267 15.5124 22.3957 111.804
0.597561  15.7866 0.5463 15.112 23.8062 -0.872723
0.621951  15.5842 0.378753 14.7975 25.0584 -76.6497
0.646341  15.4566 0.237186 14.563 26.145 25.222
0.670732  15.3877 0.130184 14.3983 27.0476 83.615
0.695122  15.3583 0.0602296 14.2909 27.7406 -22.3845
0.719512  15.35 0.0221665 14.229 28.1976 -74.8528
0.743902  15.349 0.0036168 14.204 28.3976 30.253
0.768293  15.3491 -0.0112836 14.2121 28.3307 72.8352
0.792683  15.3525 -0.0381984 14.2549 28.0001 -37.6148
0.817073  15.3694 -0.0908181 14.3383 27.422 -75.1748
0.841463  15.416 -0.178681 14.4728 26.6208 38.129
0.865854  15.5119 -0.303958 14.6707 25.6233 64.9868
0.890244  15.6752 -0.460436 14.9442 24.4522 -61.9915
0.914634  15.9195 -0.635597 15.3015 23.1208 -89.0486
0.939024  16.2506 -0.812348 15.7446 21.6303 40.6169
0.963415  16.6649 -0.969238 16.2665 19.973 48.2015
0.987805  17.1476 -1.08269 16.8492 18.1389 -113.84
