0.012195  21.0561 1.62034 75.9649 2.9745
0.036585  15.242 1.16236 70.0349 2.67785
0.060976  10.7935 0.794469 64.2359 2.33965
0.085366  7.56461 0.508942 58.8444 1.98625
0.109756  5.33953 0.317824 53.9467 1.6343
0.134146  3.81814 0.204301 49.5008 1.29352
0.158537  2.77604 0.124937 45.6848 0.975341
0.182927  2.13285 0.0617912 42.9047 0.688882
0.207317  1.82061 0.0262133 41.3225 0.429788
0.231707  1.69745 0.0143938 40.6117 0.183387
0.256098  1.65136 0.00159733 40.3776 -0.0605083
0.280488  1.70241 -0.0224177 40.671 -0.304711
0.304878  1.94138 -0.0503379 41.8799 -0.556129
0.329268  2.43353 -0.0874164 44.2203 -0.828816
0.353659  3.23947 -0.153138 47.5475 -1.13174
0.378049  4.48361 -0.258546 51.6151 -1.46131
0.402439  6.35348 -0.411181 56.296 -1.80837
0.426829  9.06291 -0.635046 61.5143 -2.16387
0.451220  12.8446 -0.957939 67.1304 -2.51327
0.475610  17.9398 -1.38498 72.9701 -2.83296
0.500000  24.5435 -1.90186 78.884 -3.09777
0.524390  32.7336 -2.48362 84.7268 -3.28717
0.548780  42.4116 -3.07343 90.3297 -3.382
0.573171  53.2489 -3.56828 95.5211 -3.36266
0.597561  64.651 -3.84428 100.139 -3.2163
0.621951  75.7535 -3.78193 104.008 -2.94185
0.646341  85.4659 -3.28722 106.94 -2.54608
0.670732  92.6916 -2.38295 108.8 -2.04205
0.695122  96.8483 -1.32113 109.619 -1.45477
0.719512  98.3873 -0.487328 109.698 -0.819295
0.743902  98.5986 -0.0529993 109.554 -0.165119
0.768293  98.5051 0.243148 109.586 0.492759
0.792683  97.8239 0.832624 109.702 1.14189
0.817073  95.1926 1.82629 109.356 1.75736
0.841463  89.4938 2.89042 108.022 2.30548
0.865854  80.8304 3.61168 105.574 2.75783
0.890244  70.2607 3.85381 102.167 3.0956
0.914634  58.9447 3.72362 97.9413 3.30641
0.939024  47.7531 3.3459 92.9951 3.3869
0.963415  37.3879 2.79819 87.5366 3.34689
0.987805  28.4095 2.18316 81.8192 3.20378
