0.012195  22.961 6.11943 78.1629 12.2441
0.036585  17.4365 4.75663 73.2796 11.2055
0.060976  12.8463 3.47236 68.1066 9.92046
0.085366  9.26306 2.38823 62.9084 8.49655
0.109756  6.62613 1.5584 57.9341 7.0226
0.134146  4.78436 0.96939 53.4286 5.58115
0.158537  3.58105 0.562223 49.7741 4.24833
0.182927  2.896 0.282544 47.4298 3.05023
0.207317  2.60126 0.109554 46.4998 1.93671
0.231707  2.52356 0.0291818 46.4353 0.834094
0.256098  2.51004 -0.00472406 46.4576 -0.280442
0.280488  2.5347 -0.0608181 46.3713 -1.38464
0.304878  2.70855 -0.188649 46.7797 -2.48316
0.329268  3.18894 -0.408482 48.4249 -3.63564
0.353659  4.11215 -0.742511 51.4868 -4.90325
0.378049  5.60882 -1.23674 55.6077 -6.2922
0.402439  7.83257 -1.94535 60.3636 -7.75534
0.426829  10.9362 -2.9009 65.4841 -9.21913
0.451220  15.0191 -4.09125 70.7222 -10.5914
0.475610  20.0861 -5.43742 75.7823 -11.7639
0.500000  26.0111 -6.77768 80.4259 -12.6333
0.524390  32.5083 -7.88478 84.5193 -13.1206
0.548780  39.1484 -8.52349 87.9519 -13.1716
0.573171  45.4353 -8.52059 90.6125 -12.756
0.597561  50.9042 -7.82163 92.467 -11.88
0.621951  55.2075 -6.52615 93.5852 -10.5909
0.646341  58.1883 -4.8835 94.0803 -8.95915
0.670732  59.9283 -3.22309 94.0901 -7.06197
0.695122  60.7211 -1.83051 93.8175 -4.98078
0.719512  60.9592 -0.831668 93.5077 -2.79467
0.743902  60.9867 -0.147025 93.3479 -0.562435
0.768293  60.98 0.463102 93.4085 1.68057
0.792683  60.8842 1.27986 93.6566 3.8994
0.817073  60.4227 2.48026 93.9674 6.04035
0.841463  59.1999 4.0378 94.1305 8.03575
0.865854  56.8598 5.72876 93.9091 9.81189
0.890244  53.2157 7.23269 93.1171 11.2862
0.914634  48.3021 8.25481 91.6324 12.3748
0.939024  42.3681 8.61254 89.3763 13.0193
0.963415  35.8359 8.27719 86.3308 13.2016
0.987805  29.2105 7.37204 82.5574 12.9323
