0.012195  20.3608 -1.89114 20.0413 18.5217 -351.088
0.036585  24.7901 -2.68642 24.4565 18.8641 273.469
0.060976  30.9805 -3.68582 30.6306 19.1599 229.987
0.085366  39.3147 -4.89698 38.965 19.083 -602.192
0.109756  50.1915 -6.2553 49.89 18.1724 -582.981
0.134146  63.3833 -7.11422 63.1811 15.9732 407.053
0.158537  76.9019 -6.45076 76.809 12.3116 99.8809
0.182927  87.3949 -4.11721 87.3728 7.69422 -1939.55
0.207317  92.7577 -1.49677 92.7569 3.34243 -2349.5
0.231707  94.1147 -0.166183 94.1115 0.562771 1027.31
0.256098  94.2055 -0.00328652 94.2038 0.0441037 4903.01
0.280488  93.7997 0.635197 93.8047 1.78149 4785.78
0.304878  90.716 2.75234 90.7103 5.36097 1464.4
0.329268  82.6882 5.43013 82.6312 9.96721 -571.207
0.353659  70.3104 6.98907 70.1609 14.3452 137.382
0.378049  56.6107 6.81803 56.3575 17.3527 947.909
0.402439  44.4158 5.61059 44.0881 18.7352 255.659
0.426829  34.8143 4.26029 34.4601 19.0924 -424.897
0.451220  27.641 3.13379 27.2947 19.0534 48.8441
0.475610  22.4181 2.2563 22.0908 18.7952 505.757
0.500000  18.6695 1.62208 18.36 18.36 47.9156
0.524390  15.9475 1.191 15.6539 17.9697 -342.749
0.548780  13.9451 0.871329 13.6637 17.7918 54.7701
0.573171  12.5003 0.620354 12.225 17.7183 357.065
0.597561  11.4723 0.444897 11.198 17.6302 -35.3189
0.621951  10.7354 0.313526 10.4582 17.6482 -297.898
0.646341  10.2514 0.18489 9.96501 17.9037 75.3931
0.670732  10.0016 0.0835016 9.69878 18.2729 290.144
0.695122  9.89135 0.042008 9.57082 18.5628 -87.0859
0.719512  9.82836 0.0240966 9.49529 18.773 -272.469
0.743902  9.81141 -0.00653757 9.47194 18.9525 107.948
0.768293  9.84376 -0.0205188 9.50422 18.9792 263.696
0.792683  9.87135 -0.0101474 9.54177 18.7286 -129.996
0.817073  9.90719 -0.0438006 9.59698 18.3316 -261.552
0.841463  10.0848 -0.150216 9.79332 18.0238 149.462
0.865854  10.4901 -0.262125 10.2082 17.8411 251.829
0.890244  11.0896 -0.35502 10.8116 17.6855 -195.679
0.914634  11.9154 -0.509502 11.6414 17.5884 -281.69
0.939024  13.1421 -0.759086 12.8676 17.6755 198.333
0.963415  14.8969 -1.0379 14.6104 17.9325 244.239
0.987805  17.2256 -1.36445 16.921 18.2269 -315.02
