0.012195  14.728 7.06407 67.4075 42.2292
0.036585  13.6258 6.6009 67.5004 41.296
0.060976  12.5045 5.86265 67.5023 39.3381
0.085366  11.4415 4.93253 67.4869 36.4486
0.109756  10.5135 3.91291 67.5601 32.7492
0.134146  9.78238 2.90686 67.8368 28.3582
0.158537  9.28112 2.00146 68.3893 23.3572
0.182927  9.00067 1.25489 69.1781 17.7806
0.207317  8.88779 0.685399 70.0164 11.6572
0.231707  8.86367 0.263366 70.622 5.08884
0.256098  8.86263 -0.0855734 70.7569 -1.70286
0.280488  8.86939 -0.459728 70.3654 -8.41754
0.304878  8.92801 -0.948825 69.6078 -14.7835
0.329268  9.11584 -1.60614 68.7632 -20.6399
0.353659  9.50251 -2.43702 68.0779 -25.931
0.378049  10.1202 -3.40217 67.6661 -30.6337
0.402439  10.9562 -4.42735 67.5047 -34.692
0.426829  11.9609 -5.41545 67.4911 -38.0027
0.451220  13.0629 -6.26154 67.5093 -40.4405
0.475610  14.1837 -6.87084 67.4682 -41.8948
0.500000  15.2506 -7.17555 67.3141 -42.2947
0.524390  16.2055 -7.14635 67.0271 -41.6207
0.548780  17.0094 -6.79598 66.614 -39.9042
0.573171  17.6441 -6.1746 66.1001 -37.2196
0.597561  18.1108 -5.3582 65.5222 -33.6732
0.621951  18.4261 -4.43288 64.9227 -29.3915
0.646341  18.6175 -3.47894 64.3455 -24.5094
0.670732  18.7176 -2.55762 63.8333 -19.1604
0.695122  18.7594 -1.70257 63.4241 -13.4701
0.719512  18.771 -0.917568 63.1483 -7.55403
0.743902  18.7723 -0.18086 63.0261 -1.51687
0.768293  18.7721 0.545313 63.067 4.5443
0.792683  18.7675 1.30213 63.2679 10.5337
0.817073  18.7439 2.12088 63.6139 16.3505
0.841463  18.6769 3.01143 64.0788 21.885
0.865854  18.5353 3.95509 64.6284 27.0169
0.890244  18.2858 4.90378 65.2224 31.6161
0.914634  17.8978 5.78544 65.8168 35.5467
0.939024  17.3483 6.5149 66.3676 38.6767
0.963415  16.6279 7.00895 66.8348 40.8888
0.987805  15.7449 7.2028 67.1873 42.0912
