0.012195  12.3218 6.90082 63.5161 79.5825
0.036585  12.202 6.68937 65.0624 79.6091
0.060976  12.0777 6.29049 66.7254 77.7707
0.085366  11.9578 5.72573 68.4868 73.9773
0.109756  11.8518 5.02613 70.3129 68.1672
0.134146  11.7677 4.22802 72.1465 60.3197
0.158537  11.7101 3.36776 73.8995 50.4783
0.182927  11.678 2.47622 75.4514 38.7859
0.207317  11.6652 1.57481 76.6597 25.5266
0.231707  11.6625 0.674044 77.3866 11.1526
0.256098  11.6624 -0.224602 77.5372 -3.73209
0.280488  11.6632 -1.12409 77.0907 -18.4441
0.304878  11.6698 -2.02585 76.1076 -32.3278
0.329268  11.6912 -2.92431 74.7093 -44.8495
0.353659  11.7355 -3.80355 73.0399 -55.6422
0.378049  11.8066 -4.63705 71.2335 -64.4972
0.402439  11.9025 -5.39058 69.3947 -71.3267
0.426829  12.0166 -6.02709 67.5955 -76.123
0.451220  12.1399 -6.51227 65.8802 -78.9293
0.475610  12.2629 -6.81942 64.274 -79.8224
0.500000  12.3777 -6.93269 62.7899 -78.9041
0.524390  12.4781 -6.84832 61.4345 -76.2961
0.548780  12.5609 -6.57403 60.2111 -72.1373
0.573171  12.625 -6.12698 59.1217 -66.5802
0.597561  12.6713 -5.53078 58.1679 -59.7873
0.621951  12.702 -4.81233 57.3511 -51.9277
0.646341  12.7204 -3.99883 56.6732 -43.174
0.670732  12.7299 -3.11545 56.1357 -33.6994
0.695122  12.7339 -2.18398 55.7401 -23.6764
0.719512  12.7349 -1.22235 55.4878 -13.2756
0.743902  12.7351 -0.245218 55.3795 -2.66557
0.768293  12.735 0.734911 55.4156 7.9862
0.792683  12.7346 1.70595 55.596 18.5127
0.817073  12.7324 2.65452 55.9201 28.7458
0.841463  12.7261 3.56442 56.3868 38.516
0.865854  12.7125 4.41582 56.9947 47.6517
0.890244  12.6884 5.18512 57.7423 55.9801
0.914634  12.6503 5.84588 58.6277 63.3278
0.939024  12.5953 6.37074 59.6496 69.5236
0.963415  12.5219 6.73403 60.8061 74.4012
0.987805  12.4299 6.91498 62.0958 77.803
