  0.0000000e+000             NaN             NaN             NaN             NaN
  2.0000000e-002  1.7627050e+001  7.3634480e+000  5.8811735e+001 -3.5494150e+001
  4.0000000e-002  1.6667800e+001  7.0859920e+000  5.9175960e+001 -3.4822832e+001
  6.0000000e-002  1.5556550e+001  6.5255440e+000  5.9725870e+001 -3.3687305e+001
  8.0000000e-002  1.4441350e+001  5.8380240e+000  6.0454321e+001 -3.2066143e+001
  1.0000000e-001  1.3347400e+001  5.0581280e+000  6.1347031e+001 -2.9937923e+001
  1.2000000e-001  1.2318650e+001  4.2271200e+000  6.2375433e+001 -2.7302643e+001
  1.4000000e-001  1.1400350e+001  3.3879200e+000  6.3518102e+001 -2.4138878e+001
  1.6000000e-001  1.0631800e+001  2.5806240e+000  6.4710762e+001 -2.0468055e+001
  1.8000000e-001  1.0040350e+001  1.8384320e+000  6.5874856e+001 -1.6297314e+001
  2.0000000e-001  9.6360000e+000  1.1839520e+000  6.6881833e+001 -1.1676647e+001
  2.2000000e-001  9.4070500e+000  6.2610400e-001  6.7603143e+001 -6.6917542e+000
  2.4000000e-001  9.3164000e+000  1.5756800e-001  6.7924518e+001 -1.4854694e+000
  2.6000000e-001  9.3038500e+000 -2.5248000e-001  6.7767402e+001  3.7850904e+000
  2.8000000e-001  9.3533000e+000 -6.9273600e-001  6.7160359e+001  8.9413834e+000
  3.0000000e-001  9.5148500e+000 -1.2175280e+000  6.6167665e+001  1.3804867e+001
  3.2000000e-001  9.8357500e+000 -1.8404320e+000  6.4925013e+001  1.8275559e+001
  3.4000000e-001  1.0335450e+001 -2.5566160e+000  6.3568094e+001  2.2282042e+001
  3.6000000e-001  1.1010750e+001 -3.3459680e+000  6.2232600e+001  2.5788606e+001
  3.8000000e-001  1.1839850e+001 -4.1764880e+000  6.0989947e+001  2.8795254e+001
  4.0000000e-001  1.2787700e+001 -5.0081360e+000  5.9882987e+001  3.1294842e+001
  4.2000000e-001  1.3811550e+001 -5.7969680e+000  5.8954568e+001  3.3308796e+001
  4.4000000e-001  1.4866100e+001 -6.4994240e+000  5.8197550e+001  3.4844257e+001
  4.6000000e-001  1.5908000e+001 -7.0762880e+000  5.7626216e+001  3.5908367e+001
  4.8000000e-001  1.6899150e+001 -7.4961120e+000  5.7226282e+001  3.6501126e+001
  5.0000000e-001  1.7808950e+001 -7.7376240e+000  5.7004890e+001  3.6636818e+001
  5.2000000e-001  1.8615550e+001 -7.7909680e+000  5.6962040e+001  3.6322584e+001
  5.4000000e-001  1.9306100e+001 -7.6576880e+000  5.7083448e+001  3.5551283e+001
  5.6000000e-001  1.9876100e+001 -7.3495520e+000  5.7354832e+001  3.4315772e+001
  5.8000000e-001  2.0328400e+001 -6.8865520e+000  5.7769050e+001  3.2616053e+001
  6.0000000e-001  2.0671900e+001 -6.2941600e+000  5.8297534e+001  3.0444982e+001
  6.2000000e-001  2.0919800e+001 -5.6004800e+000  5.8918860e+001  2.7802560e+001
  6.4000000e-001  2.1087950e+001 -4.8333600e+000  5.9590178e+001  2.4695929e+001
  6.6000000e-001  2.1193350e+001 -4.0179920e+000  6.0268638e+001  2.1146514e+001
  6.8000000e-001  2.1252750e+001 -3.1751440e+000  6.0918530e+001  1.7190024e+001
  7.0000000e-001  2.1281550e+001 -2.3201200e+000  6.1475581e+001  1.2876449e+001
  7.2000000e-001  2.1292600e+001 -1.4625840e+000  6.1896941e+001  8.2843488e+000
  7.4000000e-001  2.1295400e+001 -6.0692800e-001  6.2154041e+001  3.5065649e+000
  7.6000000e-001  2.1295450e+001  2.4705600e-001  6.2211174e+001 -1.3354942e+000
  7.8000000e-001  2.1292900e+001  1.1032640e+000  6.2068341e+001 -6.1347031e+000
  8.0000000e-001  2.1282500e+001  1.9623360e+000  6.1754107e+001 -1.0769653e+001
  8.2000000e-001  2.1254750e+001  2.8206800e+000  6.1289898e+001 -1.5147503e+001
  8.4000000e-001  2.1196550e+001  3.6699360e+000  6.0725705e+001 -1.9175411e+001
  8.6000000e-001  2.1092100e+001  4.4964320e+000  6.0104379e+001 -2.2803384e+001
  8.8000000e-001  2.0923500e+001  5.2812560e+000  5.9483053e+001 -2.5988574e+001
  9.0000000e-001  2.0671850e+001  6.0009920e+000  5.8897435e+001 -2.8702412e+001
  9.2000000e-001  2.0318400e+001  6.6292080e+000  5.8390376e+001 -3.0930616e+001
  9.4000000e-001  1.9845350e+001  7.1385680e+000  5.7976158e+001 -3.2673186e+001
  9.6000000e-001  1.9235750e+001  7.5033600e+000  5.7683349e+001 -3.3937263e+001
  9.8000000e-001  1.8463750e+001  7.7014640e+000  5.7511949e+001 -3.4708565e+001
  1.0000000e+000  1.7627050e+001  7.6253520e+000  5.7461957e+001 -3.5001374e+001
