  0.0000000e+000  1.8509800e+001             NaN  1.7573300e+001             NaN             NaN
  2.0000000e-002  1.8093100e+001  1.1211840e+000  1.7019100e+001  1.8539801e+001 -1.8579081e+001
  4.0000000e-002  1.7644500e+001  1.0505640e+000  1.6537400e+001  2.0071692e+001 -1.6679394e+001
  6.0000000e-002  1.7233500e+001  9.4343200e-001  1.6103500e+001  2.1246498e+001 -1.4911828e+001
  8.0000000e-002  1.6863700e+001  8.1864800e-001  1.5725400e+001  2.2424875e+001 -1.2926441e+001
  1.0000000e-001  1.6541700e+001  6.8550400e-001  1.5402200e+001  2.3496127e+001 -1.0926770e+001
  1.2000000e-001  1.6271600e+001  5.5219600e-001  1.5129500e+001  2.4445971e+001 -9.0377960e+000
  1.4000000e-001  1.6054900e+001  4.2522800e-001  1.4901600e+001  2.5270835e+001 -7.3237928e+000
  1.6000000e-001  1.5890500e+001  3.0938000e-001  1.4714200e+001  2.5970719e+001 -5.7776191e+000
  1.8000000e-001  1.5775000e+001  2.0786000e-001  1.4564700e+001  2.6538483e+001 -4.3599956e+000
  2.0000000e-001  1.5703000e+001  1.2236400e-001  1.4452400e+001  2.6970555e+001 -3.0316432e+000
  2.2000000e-001  1.5666700e+001  5.2928000e-002  1.4377200e+001  2.7259793e+001 -1.7604241e+000
  2.4000000e-001  1.5655800e+001 -2.4960000e-003  1.4339400e+001  2.7402626e+001 -5.2134264e-001
  2.6000000e-001  1.5655800e+001 -5.1600000e-002  1.4339400e+001  2.7399055e+001  7.1059716e-001
  2.8000000e-001  1.5666000e+001 -1.0676400e-001  1.4377200e+001  2.7249080e+001  1.9532495e+000
  3.0000000e-001  1.5701300e+001 -1.7600400e-001  1.4452400e+001  2.6952700e+001  3.2208977e+000
  3.2000000e-001  1.5772000e+001 -2.6147200e-001  1.4564800e+001  2.6509916e+001  4.5421085e+000
  3.4000000e-001  1.5886000e+001 -3.6318800e-001  1.4714300e+001  2.5931440e+001  5.9561611e+000
  3.6000000e-001  1.6048800e+001 -4.7949600e-001  1.4901900e+001  2.5220843e+001  7.5023348e+000
  3.8000000e-001  1.6263800e+001 -6.0718400e-001  1.5130000e+001  2.4381696e+001  9.2163380e+000
  4.0000000e-001  1.6532100e+001 -7.4143600e-001  1.5403000e+001  2.3421140e+001  1.1101742e+001
  4.2000000e-001  1.6852200e+001 -8.7564400e-001  1.5726700e+001  2.2335604e+001  1.3101412e+001
  4.4000000e-001  1.7219600e+001 -1.0013400e+000  1.6105900e+001  2.1128660e+001  1.5108224e+001
  4.6000000e-001  1.7626900e+001 -1.1085680e+000  1.6542400e+001  1.9803879e+001  1.6986486e+001
  4.8000000e-001  1.8062900e+001 -1.1868440e+000  1.7031800e+001  1.8364830e+001  1.8621931e+001
  5.0000000e-001  1.8513600e+001 -1.2265680e+000  1.7563300e+001  1.6818656e+001  1.9928858e+001
  5.2000000e-001  1.8962800e+001 -1.2205960e+000  1.8119300e+001  1.5168928e+001  2.0846564e+001
  5.4000000e-001  1.9393100e+001 -1.1657200e+000  1.8676800e+001  1.3429929e+001  2.1332198e+001
  5.6000000e-001  1.9787500e+001 -1.0638600e+000  1.9210300e+001  1.1623084e+001  2.1350052e+001
  5.8000000e-001  2.0131800e+001 -9.2264000e-001  1.9694400e+001  9.7876724e+000  2.0878701e+001
  6.0000000e-001  2.0415800e+001 -7.5502400e-001  2.0107800e+001  7.9736857e+000  1.9903862e+001
  6.2000000e-001  2.0634800e+001 -5.7778000e-001  2.0436500e+001  6.2346866e+000  1.8429105e+001
  6.4000000e-001  2.0790300e+001 -4.0887200e-001  2.0676300e+001  4.6313795e+000  1.6482997e+001
  6.6000000e-001  2.0889800e+001 -2.6427600e-001  2.0833200e+001  3.2208977e+000  1.4111960e+001
  6.8000000e-001  2.0944700e+001 -1.5493200e-001  2.0921900e+001  2.0460913e+000  1.1376696e+001
  7.0000000e-001  2.0969000e+001 -8.4636000e-002  2.0962400e+001  1.1355271e+000  8.3593364e+000
  7.2000000e-001  2.0976200e+001 -4.9340000e-002  2.0975300e+001  5.1777180e-001  5.1420096e+000
  7.4000000e-001  2.0977100e+001 -3.8030000e-002  2.0977000e+001  2.5531506e-001  1.6175905e+000
  7.6000000e-001  2.0977100e+001 -3.5242000e-002  2.0977000e+001  2.8031094e-001 -1.8818327e+000
  7.8000000e-001  2.0976300e+001 -2.4132000e-002  2.0975200e+001  5.7490524e-001 -5.1491513e+000
  8.0000000e-001  2.0969400e+001  1.0816000e-002  2.0962300e+001  1.2033731e+000 -8.3593364e+000
  8.2000000e-001  2.0945800e+001  8.0748000e-002  2.0921700e+001  2.1246498e+000 -1.1369555e+001
  8.4000000e-001  2.0892100e+001  1.8987200e-001  2.0832800e+001  3.3173104e+000 -1.4094105e+001
  8.6000000e-001  2.0794200e+001  3.3456000e-001  2.0675600e+001  4.7456464e+000 -1.6458002e+001
  8.8000000e-001  2.0640300e+001  5.0399200e-001  2.0435500e+001  6.3596660e+000 -1.8393397e+001
  9.0000000e-001  2.0423100e+001  6.8224800e-001  2.0106300e+001  8.1058068e+000 -1.9857441e+001
  9.2000000e-001  2.0140600e+001  8.5132800e-001  1.9692400e+001  9.9269352e+000 -2.0821568e+001
  9.4000000e-001  1.9797400e+001  9.9431200e-001  1.9208100e+001  1.1762347e+001 -2.1271494e+001
  9.6000000e-001  1.9403100e+001  1.0979240e+000  1.8675100e+001  1.3558479e+001 -2.1221502e+001
  9.8000000e-001  1.8970900e+001  1.1538000e+000  1.8120300e+001  1.5247487e+001 -2.0682305e+001
  1.0000000e+000  1.8509800e+001             NaN  1.7573300e+001             NaN             NaN
