  0.0000000e+000  1.5237000e+001             NaN  1.5015100e+001             NaN             NaN
  2.0000000e-002  1.5249100e+001  1.1470800e-001  1.4917000e+001  1.5954513e+001 -1.1055321e+001
  4.0000000e-002  1.5225500e+001  1.1984000e-001  1.4836600e+001  1.7886338e+001 -9.7805308e+000
  6.0000000e-002  1.5210400e+001  1.2398000e-001  1.4746200e+001  1.9103994e+001 -9.5805637e+000
  8.0000000e-002  1.5196300e+001  1.2435200e-001  1.4650800e+001  2.0471626e+001 -9.0235127e+000
  1.0000000e-001  1.5183200e+001  1.1979200e-001  1.4554200e+001  2.1767841e+001 -8.2807780e+000
  1.2000000e-001  1.5171500e+001  1.1033600e-001  1.4459800e+001  2.2939076e+001 -7.4023513e+000
  1.4000000e-001  1.5161700e+001  9.6352000e-002  1.4371000e+001  2.3960336e+001 -6.4167995e+000
  1.6000000e-001  1.5154100e+001  7.8432000e-002  1.4291400e+001  2.4824480e+001 -5.3384058e+000
  1.8000000e-001  1.5148800e+001  5.7320000e-002  1.4223900e+001  2.5524364e+001 -4.1885953e+000
  2.0000000e-001  1.5145700e+001  3.3844000e-002  1.4171000e+001  2.6049278e+001 -2.9852222e+000
  2.2000000e-001  1.5144500e+001  8.8280000e-003  1.4134900e+001  2.6399220e+001 -1.7461408e+000
  2.4000000e-001  1.5144200e+001 -1.7092000e-002  1.4116900e+001  2.6574191e+001 -4.8563424e-001
  2.6000000e-001  1.5144500e+001 -4.3656000e-002  1.4117700e+001  2.6570620e+001  7.8558480e-001
  2.8000000e-001  1.5146000e+001 -7.0580000e-002  1.4137300e+001  2.6392078e+001  2.0496622e+000
  3.0000000e-001  1.5149500e+001 -9.7176000e-002  1.4175200e+001  2.6038565e+001  3.2923145e+000
  3.2000000e-001  1.5155600e+001 -1.2255200e-001  1.4229900e+001  2.5510081e+001  4.5028292e+000
  3.4000000e-001  1.5164300e+001 -1.4575600e-001  1.4299500e+001  2.4806625e+001  5.6633522e+000
  3.6000000e-001  1.5175900e+001 -1.6585600e-001  1.4381500e+001  2.3935341e+001  6.7560293e+000
  3.8000000e-001  1.5190000e+001 -1.8198400e-001  1.4472900e+001  2.2906939e+001  7.7665770e+000
  4.0000000e-001  1.5206100e+001 -1.9340400e-001  1.4570600e+001  2.1728561e+001  8.6807120e+000
  4.2000000e-001  1.5223800e+001 -1.9958400e-001  1.4671100e+001  2.0414492e+001  9.4841510e+000
  4.4000000e-001  1.5242300e+001 -2.0024000e-001  1.4771200e+001  1.8975444e+001  1.0159040e+001
  4.6000000e-001  1.5260700e+001 -1.9537600e-001  1.4867900e+001  1.7432841e+001  1.0694666e+001
  4.8000000e-001  1.5278300e+001 -1.8531200e-001  1.4958500e+001  1.5815250e+001  1.1080317e+001
  5.0000000e-001  1.5294400e+001 -1.7068000e-001  1.5041000e+001  1.4144097e+001  1.1305279e+001
  5.2000000e-001  1.5308400e+001 -1.5241200e-001  1.5113900e+001  1.2444377e+001  1.1351700e+001
  5.4000000e-001  1.5320000e+001 -1.3171600e-001  1.5176200e+001  1.0748228e+001  1.1205296e+001
  5.6000000e-001  1.5329000e+001 -1.1000800e-001  1.5227500e+001  9.0877878e+000  1.0855354e+001
  5.8000000e-001  1.5335400e+001 -8.8796000e-002  1.5267800e+001  7.4951932e+000  1.0284019e+001
  6.0000000e-001  1.5339600e+001 -6.9536000e-002  1.5297800e+001  6.0025820e+000  9.4877219e+000
  6.2000000e-001  1.5342000e+001 -5.3456000e-002  1.5318600e+001  4.6313795e+000  8.4736033e+000
  6.4000000e-001  1.5343000e+001 -4.1344000e-002  1.5331600e+001  3.4101522e+000  7.2595177e+000
  6.6000000e-001  1.5343300e+001 -3.3388000e-002  1.5338900e+001  2.3638961e+000  5.8740318e+000
  6.8000000e-001  1.5343400e+001 -2.9084000e-002  1.5342100e+001  1.5033236e+000  4.3528540e+000
  7.0000000e-001  1.5343400e+001 -2.7320000e-002  1.5343200e+001  8.6057244e-001  2.7566885e+000
  7.2000000e-001  1.5343400e+001 -2.6844000e-002  1.5343400e+001  4.5349668e-001  1.2890732e+000
  7.4000000e-001  1.5343400e+001 -2.6776000e-002  1.5343400e+001  2.9995056e-001  1.5711696e-001
  7.6000000e-001  1.5343400e+001 -2.6752000e-002  1.5343400e+001  2.9280888e-001 -7.6415976e-001
  7.8000000e-001  1.5343400e+001 -2.6504000e-002  1.5343300e+001  4.5349668e-001 -2.0139538e+000
  8.0000000e-001  1.5343400e+001 -2.5200000e-002  1.5342800e+001  8.9271000e-001 -3.6493985e+000
  8.2000000e-001  1.5343300e+001 -2.1384000e-002  1.5340800e+001  1.5533154e+000 -5.2848432e+000
  8.4000000e-001  1.5342900e+001 -1.3624000e-002  1.5335600e+001  2.4174587e+000 -6.8131627e+000
  8.6000000e-001  1.5341500e+001 -1.0960000e-003  1.5325300e+001  3.4708565e+000 -8.1772236e+000
  8.8000000e-001  1.5338500e+001  1.6244000e-002  1.5308000e+001  4.6920838e+000 -9.3377466e+000
  9.0000000e-001  1.5333000e+001  3.7688000e-002  1.5282100e+001  6.0561446e+000 -1.0259023e+001
  9.2000000e-001  1.5324400e+001  6.1916000e-002  1.5246600e+001  7.5416141e+000 -1.0919629e+001
  9.4000000e-001  1.5311800e+001  8.7216000e-002  1.5201300e+001  9.1199254e+000 -1.1312421e+001
  9.6000000e-001  1.5294500e+001  1.1174400e-001  1.5146300e+001  1.0737516e+001 -1.1448113e+001
  9.8000000e-001  1.5270800e+001  1.3294000e-001  1.5082900e+001  1.2269406e+001 -1.1308850e+001
  1.0000000e+000  1.5237000e+001             NaN  1.5015100e+001             NaN             NaN
