  0.0000000e+000             NaN             NaN             NaN             NaN
  2.0000000e-002  2.3097200e+001  1.9548800e+000  7.6151734e+001 -1.8925452e+000
  4.0000000e-002  1.6481400e+001  1.2325760e+000  6.9559963e+001 -1.6211614e+000
  6.0000000e-002  1.1958750e+001  7.9326400e-001  6.4146570e+001 -1.3712026e+000
  8.0000000e-002  8.8045000e+000  5.2816800e-001  5.9447344e+001 -1.1355271e+000
  1.0000000e-001  6.5351000e+000  3.5311200e-001  5.5226611e+001 -8.9271000e-001
  1.2000000e-001  4.8945500e+000  2.3344800e-001  5.1427238e+001 -6.6417624e-001
  1.4000000e-001  3.7190500e+000  1.5128000e-001  4.8063506e+001 -4.3564248e-001
  1.6000000e-001  2.8909500e+000  9.5064000e-002  4.5178268e+001 -2.2139208e-001
  1.8000000e-001  2.3227500e+000  5.6464000e-002  4.2821513e+001 -7.1416800e-003
  2.0000000e-001  1.9510500e+000  2.9200000e-002  4.1036093e+001  1.9282536e-001
  2.2000000e-001  1.7329500e+000  8.5920000e-003  3.9879141e+001  3.8565072e-001
  2.4000000e-001  1.6385000e+000 -7.8240000e-003  3.9343515e+001  5.8561776e-001
  2.6000000e-001  1.6378000e+000 -2.0632000e-002  3.9336373e+001  7.8558480e-001
  2.8000000e-001  1.7305000e+000 -3.8624000e-002  3.9864858e+001  1.0069769e+000
  3.0000000e-001  1.9462500e+000 -6.2944000e-002  4.1007527e+001  1.2426523e+000
  3.2000000e-001  2.3146500e+000 -9.6504000e-002  4.2778663e+001  1.5068945e+000
  3.4000000e-001  2.8777000e+000 -1.4463200e-001  4.5121134e+001  1.7925617e+000
  3.6000000e-001  3.6968500e+000 -2.1444000e-001  4.7984948e+001  2.1067956e+000
  3.8000000e-001  4.8544000e+000 -3.1488800e-001  5.1312971e+001  2.4495962e+000
  4.0000000e-001  6.4533000e+000 -4.5672000e-001  5.5033786e+001  2.8138219e+000
  4.2000000e-001  8.6143500e+000 -6.5163200e-001  5.9097402e+001  3.1851893e+000
  4.4000000e-001  1.1469350e+001 -9.1084800e-001  6.3425260e+001  3.5565566e+000
  4.6000000e-001  1.5149700e+001 -1.2427200e+000  6.7938802e+001  3.9207823e+000
  4.8000000e-001  1.9770700e+001 -1.6497840e+000  7.2566610e+001  4.2564413e+000
  5.0000000e-001  2.5412050e+001 -2.1255680e+000  7.7222986e+001  4.5563918e+000
  5.2000000e-001  3.2096950e+001 -2.6519200e+000  8.1836511e+001  4.7992090e+000
  5.4000000e-001  3.9772850e+001 -3.1976480e+000  8.6314344e+001  4.9777510e+000
  5.6000000e-001  4.8297450e+001 -3.7191680e+000  9.0599352e+001  5.0705928e+000
  5.8000000e-001  5.7432500e+001 -4.1636320e+000  9.4612977e+001  5.0848762e+000
  6.0000000e-001  6.6847950e+001 -4.4744240e+000  9.8290942e+001  5.0063177e+000
  6.2000000e-001  7.6138200e+001 -4.5987040e+000  1.0157611e+002  4.8349174e+000
  6.4000000e-001  8.4850150e+001 -4.4961680e+000  1.0440422e+002  4.5706752e+000
  6.6000000e-001  9.2523900e+001 -4.1484800e+000  1.0674669e+002  4.2207329e+000
  6.8000000e-001  9.8747050e+001 -3.5687360e+000  1.0856068e+002  3.7922321e+000
  7.0000000e-001  1.0322565e+002 -2.8108960e+000  1.0983904e+002  3.3065978e+000
  7.2000000e-001  1.0587755e+002 -1.9783840e+000  1.1061034e+002  2.7709718e+000
  7.4000000e-001  1.0693805e+002 -1.2196800e+000  1.1093172e+002  2.2139208e+000
  7.6000000e-001  1.0695780e+002 -6.5902400e-001  1.1094600e+002  1.6568698e+000
  7.8000000e-001  1.0594830e+002  1.1230400e-001  1.1064605e+002  1.0926770e+000
  8.0000000e-001  1.0336350e+002  9.8944000e-001  1.0990331e+002  5.2848432e-001
  8.2000000e-001  9.8953450e+001  1.8280720e+000  1.0864638e+002 -2.5567214e-003
  8.4000000e-001  9.2786900e+001  2.5220000e+000  1.0685382e+002 -4.9277592e-001
  8.6000000e-001  8.5148200e+001  3.0112160e+000  1.0453277e+002 -9.2841840e-001
  8.8000000e-001  7.6442600e+001  3.2752560e+000  1.0171181e+002 -1.2926441e+000
  9.0000000e-001  6.7121650e+001  3.3254400e+000  9.8419492e+001 -1.5783113e+000
  9.2000000e-001  5.7623100e+001  3.1972720e+000  9.4705818e+001 -1.7854200e+000
  9.4000000e-001  4.8318350e+001  2.9436000e+000  9.0577927e+001 -1.9211119e+000
  9.6000000e-001  3.9458300e+001  2.6297840e+000  8.6014394e+001 -1.9711037e+000
  9.8000000e-001  3.1095050e+001  2.3313040e+000  8.0829534e+001 -1.9639620e+000
  1.0000000e+000  2.3097200e+001  2.0779440e+000  7.4530572e+001 -1.8996869e+000
