  0.0000000e+000  2.1354600e+001             NaN  1.9585800e+001             NaN             NaN
  2.0000000e-002  1.9451200e+001  2.1500240e+000  1.7754500e+001  1.9557491e+001 -2.2896226e+001
  4.0000000e-002  1.7784400e+001  1.7987520e+000  1.6258800e+001  1.9900291e+001 -2.0632314e+001
  6.0000000e-002  1.6406700e+001  1.4646840e+000  1.5040400e+001  2.0093117e+001 -1.8379113e+001
  8.0000000e-002  1.5286600e+001  1.1644840e+000  1.4074000e+001  2.0335934e+001 -1.5965226e+001
  1.0000000e-001  1.4396200e+001  9.0036800e-001  1.3327900e+001  2.0600176e+001 -1.3433500e+001
  1.2000000e-001  1.3707100e+001  6.7316000e-001  1.2768200e+001  2.0889414e+001 -1.0844641e+001
  1.4000000e-001  1.3190800e+001  4.8232800e-001  1.2360600e+001  2.1189365e+001 -8.3236280e+000
  1.6000000e-001  1.2820100e+001  3.2612000e-001  1.2072300e+001  2.1478603e+001 -6.0347196e+000
  1.8000000e-001  1.2570000e+001  2.0198800e-001  1.1874300e+001  2.1739274e+001 -4.1136077e+000
  2.0000000e-001  1.2417400e+001  1.0726400e-001  1.1744000e+001  2.1960666e+001 -2.5852882e+000
  2.2000000e-001  1.2340500e+001  3.9420000e-002  1.1665600e+001  2.2128495e+001 -1.3783442e+000
  2.4000000e-001  1.2316800e+001 -4.7760000e-003  1.1629100e+001  2.2221337e+001 -3.8207988e-001
  2.6000000e-001  1.2316800e+001 -3.8004000e-002  1.1629100e+001  2.2217766e+001  5.3919684e-001
  2.8000000e-001  1.2339700e+001 -8.2020000e-002  1.1665700e+001  2.2121354e+001  1.5318904e+000
  3.0000000e-001  1.2415400e+001 -1.4988800e-001  1.1744100e+001  2.1946383e+001  2.7352634e+000
  3.2000000e-001  1.2566500e+001 -2.4490400e-001  1.1874400e+001  2.1710707e+001  4.2635830e+000
  3.4000000e-001  1.2814700e+001 -3.6966400e-001  1.2072400e+001  2.1435753e+001  6.1846949e+000
  3.6000000e-001  1.3183000e+001 -5.2689200e-001  1.2360800e+001  2.1132231e+001  8.4700325e+000
  3.8000000e-001  1.3696500e+001 -7.1920800e-001  1.2768300e+001  2.0814426e+001  1.0987475e+001
  4.0000000e-001  1.4382300e+001 -9.4844800e-001  1.3328000e+001  2.0503763e+001  1.3576334e+001
  4.2000000e-001  1.5268600e+001 -1.2151640e+000  1.4074100e+001  2.0221667e+001  1.6108059e+001
  4.4000000e-001  1.6383700e+001 -1.5183360e+000  1.5040400e+001  1.9957425e+001  1.8529089e+001
  4.6000000e-001  1.7753600e+001 -1.8545080e+000  1.6259800e+001  1.9682470e+001  2.0832281e+001
  4.8000000e-001  1.9399400e+001 -2.2157600e+000  1.7762400e+001  1.9357524e+001  2.3017635e+001
  5.0000000e-001  2.1332100e+001 -2.5866160e+000  1.9573000e+001  1.8921881e+001  2.5078009e+001
  5.2000000e-001  2.3544500e+001 -2.9405120e+000  2.1703800e+001  1.8304126e+001  2.6984838e+001
  5.4000000e-001  2.6001800e+001 -3.2372480e+000  2.4144100e+001  1.7429270e+001  2.8659562e+001
  5.6000000e-001  2.8631700e+001 -3.4239480e+000  2.6845100e+001  1.6236609e+001  2.9980773e+001
  5.8000000e-001  3.1318300e+001 -3.4427120e+000  2.9706500e+001  1.4686865e+001  3.0787782e+001
  6.0000000e-001  3.3906200e+001 -3.2472480e+000  3.2568400e+001  1.2780036e+001  3.0873483e+001
  6.2000000e-001  3.6221100e+001 -2.8262400e+000  3.5224000e+001  1.0583970e+001  3.0030764e+001
  6.4000000e-001  3.8106400e+001 -2.2235680e+000  3.7459700e+001  8.2379279e+000  2.8095369e+001
  6.6000000e-001  3.9467000e+001 -1.5400800e+000  3.9117800e+001  5.9240236e+000  2.4992309e+001
  6.8000000e-001  4.0302200e+001 -9.0661200e-001  4.0156200e+001  3.8350822e+000  2.0760864e+001
  7.0000000e-001  4.0707800e+001 -4.3532000e-001  4.0667000e+001  2.1460748e+000  1.5561721e+001
  7.2000000e-001  4.0840500e+001 -1.7332800e-001  4.0835600e+001  9.7126848e-001  9.6412680e+000
  7.4000000e-001  4.0858100e+001 -8.3308000e-002  4.0858100e+001  3.5351316e-001  2.8852387e+000
  7.6000000e-001  4.0858100e+001 -5.9600000e-002  4.0858100e+001  4.0707576e-001 -3.6493985e+000
  7.8000000e-001  4.0841600e+001  2.9456000e-002  4.0835400e+001  1.0819645e+000 -9.6341263e+000
  8.0000000e-001  4.0712300e+001  2.9025600e-001  4.0666900e+001  2.2710542e+000 -1.5543867e+001
  8.2000000e-001  4.0313000e+001  7.6135600e-001  4.0156300e+001  3.9814866e+000 -2.0732297e+001
  8.4000000e-001  3.9486300e+001  1.3968240e+000  3.9118200e+001  6.0918530e+000 -2.4949459e+001
  8.6000000e-001  3.8135000e+001  2.0852040e+000  3.7460400e+001  8.4271824e+000 -2.8038236e+001
  8.8000000e-001  3.6258200e+001  2.6956120e+000  3.5224800e+001  1.0787508e+001 -2.9955777e+001
  9.0000000e-001  3.3949300e+001  3.1264920e+000  3.2568900e+001  1.2987145e+001 -3.0780641e+001
  9.2000000e-001  3.1364400e+001  3.3329240e+000  2.9706700e+001  1.4893974e+001 -3.0684228e+001
  9.4000000e-001  2.8677800e+001  3.3251800e+000  2.6844800e+001  1.6440147e+001 -2.9870077e+001
  9.6000000e-001  2.6045100e+001  3.1485920e+000  2.4143700e+001  1.7622095e+001 -2.8534582e+001
  9.8000000e-001  2.3582500e+001  2.8598160e+000  2.1705800e+001  1.8471955e+001 -2.6831292e+001
  1.0000000e+000  2.1354600e+001             NaN  1.9585800e+001             NaN             NaN
