  0.0000000e+000  1.7650800e+001             NaN  1.6931100e+001             NaN             NaN
  2.0000000e-002  1.5569600e+001  5.4346800e-001  1.4940400e+001  1.6479427e+001 -1.2683624e+001
  4.0000000e-002  1.3936900e+001  4.2014400e-001  1.3399500e+001  1.6347306e+001 -1.0980333e+001
  6.0000000e-002  1.2668200e+001  3.2516800e-001  1.2198100e+001  1.6233039e+001 -9.4413010e+000
  8.0000000e-002  1.1671600e+001  2.5244000e-001  1.1255200e+001  1.6165193e+001 -8.0236775e+000
  1.0000000e-001  1.0887200e+001  1.9485200e-001  1.0514600e+001  1.6129484e+001 -6.7024667e+000
  1.2000000e-001  1.0273500e+001  1.4789600e-001  9.9369000e+000  1.6118772e+001 -5.4562435e+000
  1.4000000e-001  9.8006000e+000  1.0853200e-001  9.4938000e+000  1.6133055e+001 -4.2778663e+000
  1.6000000e-001  9.4473000e+000  7.4744000e-002  9.1646000e+000  1.6179476e+001 -3.1709059e+000
  1.8000000e-001  9.1975000e+000  4.5424000e-002  8.9331000e+000  1.6247322e+001 -2.1532165e+000
  2.0000000e-001  9.0379000e+000  2.0424000e-002  8.7854000e+000  1.6325880e+001 -1.2640774e+000
  2.2000000e-001  8.9543000e+000  6.5600000e-004  8.7070000e+000  1.6404439e+001 -5.5348020e-001
  2.4000000e-001  8.9281000e+000 -1.1660000e-002  8.6800000e+000  1.6454431e+001 -9.6412680e-002
  2.6000000e-001  8.9281000e+000 -1.9512000e-002  8.6801000e+000  1.6454431e+001  2.1067956e-001
  2.8000000e-001  8.9540000e+000 -3.1920000e-002  8.7070000e+000  1.6404439e+001  6.6774708e-001
  3.0000000e-001  9.0373000e+000 -5.1984000e-002  8.7854000e+000  1.6322310e+001  1.3783442e+000
  3.2000000e-001  9.1966000e+000 -7.7548000e-002  8.9331000e+000  1.6233039e+001  2.2674834e+000
  3.4000000e-001  9.4459000e+000 -1.0774000e-001  9.1645000e+000  1.6158051e+001  3.2851728e+000
  3.6000000e-001  9.7988000e+000 -1.4275600e-001  9.4938000e+000  1.6104488e+001  4.3921332e+000
  3.8000000e-001  1.0271000e+001 -1.8375600e-001  9.9368000e+000  1.6079493e+001  5.5669396e+000
  4.0000000e-001  1.0884000e+001 -2.3281600e-001  1.0514400e+001  1.6083063e+001  6.8095919e+000
  4.2000000e-001  1.1667100e+001 -2.9305600e-001  1.1254800e+001  1.6108059e+001  8.1308027e+000
  4.4000000e-001  1.2661900e+001 -3.6903200e-001  1.2197200e+001  1.6161622e+001  9.5519970e+000
  4.6000000e-001  1.3927100e+001 -4.6750800e-001  1.3397300e+001  1.6247322e+001  1.1101742e+001
  4.8000000e-001  1.5547300e+001 -5.9876800e-001  1.4935300e+001  1.6365160e+001  1.2815745e+001
  5.0000000e-001  1.7647600e+001 -7.7891600e-001  1.6929200e+001  1.6522277e+001  1.4747569e+001
  5.2000000e-001  2.0416100e+001 -1.0338800e+000  1.9556700e+001  1.6732956e+001  1.6965061e+001
  5.4000000e-001  2.4144300e+001 -1.4064360e+000  2.3093400e+001  1.7007911e+001  1.9557491e+001
  5.6000000e-001  2.9295600e+001 -1.9681960e+000  2.7978200e+001  1.7354282e+001  2.2639126e+001
  5.8000000e-001  3.6620900e+001 -2.8383400e+000  3.4925700e+001  1.7768500e+001  2.6352799e+001
  6.0000000e-001  4.7344800e+001 -4.2048220e+000  4.5113000e+001  1.8197001e+001  3.0844916e+001
  6.2000000e-001  6.3407500e+001 -6.3143560e+000  6.0441200e+001  1.8475526e+001  3.6194034e+001
  6.4000000e-001  8.7555400e+001 -9.3041320e+000  8.3713400e+001  1.8218426e+001  4.2200187e+001
  6.6000000e-001  1.2244310e+002 -1.2609004e+001  1.1795380e+002  1.6772235e+001  4.7888535e+001
  6.8000000e-001  1.6692170e+002 -1.4076082e+001  1.6286460e+002  1.3608471e+001  5.0805912e+001
  7.0000000e-001  2.0988800e+002 -1.1040092e+001  2.0776670e+002  9.1592046e+000  4.7052959e+001
  7.2000000e-001  2.3407290e+002 -4.9811760e+000  2.3373250e+002  4.8384882e+000  3.3749794e+001
  7.4000000e-001  2.3852040e+002 -1.1263680e+000  2.3852460e+002  1.9121848e+000  1.1121381e+001
  7.6000000e-001  2.3852490e+002  2.9417200e-001  2.3851990e+002  2.0675164e+000 -1.3406719e+001
  7.8000000e-001  2.3412590e+002  4.1700180e+000  2.3372300e+002  5.1402242e+000 -3.3710515e+001
  8.0000000e-001  2.1003200e+002  1.0311236e+001  2.0776490e+002  9.4662968e+000 -4.6988684e+001
  8.2000000e-001  1.6711770e+002  1.3491212e+001  1.6287050e+002  1.3933418e+001 -5.0713070e+001
  8.4000000e-001  1.2262200e+002  1.2178338e+001  1.1795940e+002  1.7093611e+001 -4.7774268e+001
  8.6000000e-001  8.7686900e+001  8.9965200e+000  8.3715400e+001  1.8518376e+001 -4.2075208e+001
  8.8000000e-001  6.3495300e+001  6.0919060e+000  6.0440700e+001  1.8743339e+001 -3.6065484e+001
  9.0000000e-001  4.7402000e+001  4.0388380e+000  4.5111300e+001  1.8425534e+001 -3.0716366e+001
  9.2000000e-001  3.6658400e+001  2.7100480e+000  3.4923600e+001  1.7961325e+001 -2.6227820e+001
  9.4000000e-001  2.9320500e+001  1.8657240e+000  2.7975700e+001  1.7518541e+001 -2.2517717e+001
  9.6000000e-001  2.4160600e+001  1.3221680e+000  2.3090300e+001  1.7143603e+001 -1.9439653e+001
  9.8000000e-001  2.0425900e+001  9.6239200e-001  1.9553100e+001  1.6836511e+001 -1.6847223e+001
  1.0000000e+000  1.7650800e+001             NaN  1.6931100e+001             NaN             NaN
