  0.0000000e+000  1.9927200e+001             NaN  1.8599300e+001             NaN             NaN
  2.0000000e-002  1.7457900e+001  1.3113320e+000  1.6307800e+001  1.8068450e+001 -1.8671922e+001
  4.0000000e-002  1.5512400e+001  1.0141320e+000  1.4550300e+001  1.7864913e+001 -1.6454431e+001
  6.0000000e-002  1.4010900e+001  7.8065600e-001  1.3190600e+001  1.7672087e+001 -1.4411910e+001
  8.0000000e-002  1.2847600e+001  5.9827600e-001  1.2142800e+001  1.7568533e+001 -1.2419382e+001
  1.0000000e-001  1.1951400e+001  4.5287600e-001  1.1342200e+001  1.7532824e+001 -1.0455420e+001
  1.2000000e-001  1.1269600e+001  3.3530800e-001  1.0740100e+001  1.7557820e+001 -8.5057409e+000
  1.4000000e-001  1.0762200e+001  2.3948400e-001  1.0298200e+001  1.7629237e+001 -6.5917706e+000
  1.6000000e-001  1.0397700e+001  1.6134800e-001  9.9852000e+000  1.7736362e+001 -4.7849256e+000
  1.8000000e-001  1.0150100e+001  9.8264000e-002  9.7745000e+000  1.7861342e+001 -3.1851893e+000
  2.0000000e-001  9.9973000e+000  4.8804000e-002  9.6435000e+000  1.7986321e+001 -1.8711202e+000
  2.2000000e-001  9.9191000e+000  1.2648000e-002  9.5725000e+000  1.8093446e+001 -8.7842664e-001
  2.4000000e-001  9.8942000e+000 -9.6760000e-003  9.5445000e+000  1.8154151e+001 -1.9996704e-001
  2.6000000e-001  9.8942000e+000 -2.4832000e-002  9.5445000e+000  1.8150580e+001  3.2851728e-001
  2.8000000e-001  9.9187000e+000 -4.7176000e-002  9.5726000e+000  1.8082734e+001  1.0034060e+000
  3.0000000e-001  9.9963000e+000 -8.3564000e-002  9.6435000e+000  1.7968467e+001  1.9925287e+000
  3.2000000e-001  1.0148300e+001 -1.3352000e-001  9.7746000e+000  1.7836346e+001  3.3101687e+000
  3.4000000e-001  1.0395000e+001 -1.9742800e-001  9.9853000e+000  1.7704225e+001  4.9134758e+000
  3.6000000e-001  1.0758500e+001 -2.7678400e-001  1.0298300e+001  1.7586387e+001  6.7167500e+000
  3.8000000e-001  1.1264400e+001 -3.7429600e-001  1.0740200e+001  1.7497116e+001  8.6271494e+000
  4.0000000e-001  1.1944400e+001 -4.9412000e-001  1.1342300e+001  1.7457837e+001  1.0576828e+001
  4.2000000e-001  1.2838400e+001 -6.4244000e-001  1.2142700e+001  1.7479262e+001  1.2540790e+001
  4.4000000e-001  1.3998500e+001 -8.2842800e-001  1.3190300e+001  1.7561391e+001  1.4536890e+001
  4.6000000e-001  1.5494800e+001 -1.0653800e+000  1.4549800e+001  1.7707796e+001  1.6607977e+001
  4.8000000e-001  1.7422600e+001 -1.3718880e+000  1.6309700e+001  1.7907763e+001  1.8800473e+001
  5.0000000e-001  1.9911700e+001 -1.7727860e+000  1.8591800e+001  1.8143438e+001  2.1171510e+001
  5.2000000e-001  2.3136300e+001 -2.2989180e+000  2.1562500e+001  1.8393397e+001  2.3763940e+001
  5.4000000e-001  2.7322500e+001 -2.9833560e+000  2.5444300e+001  1.8607647e+001  2.6599187e+001
  5.6000000e-001  3.2743300e+001 -3.8491080e+000  3.0519000e+001  1.8696918e+001  2.9670110e+001
  5.8000000e-001  3.9683800e+001 -4.8803680e+000  3.7107200e+001  1.8521947e+001  3.2883866e+001
  6.0000000e-001  4.8340400e+001 -5.9707180e+000  4.5488900e+001  1.7882767e+001  3.6015492e+001
  6.2000000e-001  5.8623100e+001 -6.8612320e+000  5.5713600e+001  1.6557985e+001  3.8632918e+001
  6.4000000e-001  6.9879700e+001 -7.1354020e+000  6.7281900e+001  1.4383344e+001  4.0029116e+001
  6.6000000e-001  8.0728800e+001 -6.3941820e+000  7.8844200e+001  1.1405263e+001  3.9282811e+001
  6.8000000e-001  8.9373000e+001 -4.6351680e+000  8.8374800e+001  7.9915399e+000  3.5537000e+001
  7.0000000e-001  9.4562800e+001 -2.5000160e+000  9.4241000e+001  4.7349338e+000  2.8425672e+001
  7.2000000e-001  9.6541300e+001 -9.0852200e-001  9.6503000e+001  2.2282042e+000  1.8343405e+001
  7.4000000e-001  9.6830300e+001 -2.6301000e-001  9.6830800e+001  8.0522442e-001  5.6222876e+000
  7.6000000e-001  9.6830800e+001 -7.5872000e-002  9.6830300e+001  8.9806626e-001 -7.0309840e+000
  7.8000000e-001  9.6549700e+001  5.6831000e-001  9.6501600e+001  2.4174587e+000 -1.8321980e+001
  8.0000000e-001  9.4593000e+001  2.1640860e+000  9.4240100e+001  4.9456134e+000 -2.8384607e+001
  8.2000000e-001  8.9433500e+001  4.3168020e+000  8.8375400e+001  8.2343570e+000 -3.5476295e+001
  8.4000000e-001  8.0815400e+001  6.1080620e+000  7.8846100e+001  1.1665934e+001 -3.9200682e+001
  8.6000000e-001  6.9978100e+001  6.8904720e+000  6.7284000e+001  1.4647586e+001 -3.9929133e+001
  8.8000000e-001  5.8718500e+001  6.6583900e+000  5.5715000e+001  1.6822227e+001 -3.8518651e+001
  9.0000000e-001  4.8423600e+001  5.8052240e+000  4.5489100e+001  1.8136296e+001 -3.5890513e+001
  9.2000000e-001  3.9751300e+001  4.7453960e+000  3.7106300e+001  1.8754052e+001 -3.2755315e+001
  9.4000000e-001  3.2795800e+001  3.7380440e+000  3.0517100e+001  1.8907598e+001 -2.9541559e+001
  9.6000000e-001  2.7362000e+001  2.8905880e+000  2.5441800e+001  1.8793331e+001 -2.6470637e+001
  9.8000000e-001  2.3165300e+001  2.2193520e+000  2.1560900e+001  1.8546943e+001 -2.3624677e+001
  1.0000000e+000  1.9927200e+001             NaN  1.8599300e+001             NaN             NaN
