  1.0000000e-002  0.0000000e+000             NaN  0.0000000e+000             NaN             NaN
  3.0000000e-002  1.2642000e+000  0.0000000e+000  1.0957000e+000  6.7253201e+001  6.1339890e+001
  5.0000000e-002  1.8568000e+000  0.0000000e+000  4.7520000e-001  7.4102072e+001  6.7624568e+001
  7.0000000e-002  4.9666000e+000  0.0000000e+000  2.5870000e-001  8.3000605e+001  8.2947042e+001
  9.0000000e-002  1.0595600e+001 -5.1186200e+000  3.0220000e-001  9.4973631e+001  8.9670934e+001
  1.1000000e-001  1.6324900e+001 -1.0163188e+001  6.0140000e-001  1.0805005e+002  8.3325551e+001
  1.3000000e-001  2.0785400e+001 -9.4433820e+000  1.0349000e+000  1.2210130e+002  6.7731693e+001
  1.5000000e-001  2.4143600e+001 -8.1219960e+000  1.2662000e+000  1.3335659e+002  5.5801517e+001
  1.7000000e-001  2.6462500e+001 -6.8244800e+000  1.3173000e+000  1.3885926e+002  5.0698786e+001
  1.9000000e-001  2.7951700e+001 -5.2744960e+000  1.3548000e+000  1.4089106e+002  4.2239466e+001
  2.1000000e-001  2.9020500e+001 -5.0042700e+000  1.3865000e+000  1.4276575e+002  3.1623359e+001
  2.3000000e-001  3.1396000e+001 -7.8408940e+000  1.4629000e+000  1.4722573e+002  3.1509092e+001
  2.5000000e-001  3.5951600e+001 -1.0884780e+001  1.5627000e+000  1.5408889e+002  4.0029116e+001
  2.7000000e-001  4.1071000e+001 -1.2838990e+001  1.5788000e+000  1.6033429e+002  4.7502885e+001
  2.9000000e-001  4.6883900e+001 -1.5608568e+001  1.5963000e+000  1.6532989e+002  5.3994672e+001
  3.1000000e-001  5.3790800e+001 -1.9744072e+001  1.6133000e+000  1.6794375e+002  6.5660606e+001
  3.3000000e-001  6.1884700e+001 -2.5133004e+001  1.3411000e+000  1.6677965e+002  7.9179806e+001
  3.5000000e-001  7.1028300e+001 -2.9296760e+001  1.3812000e+000  1.6961847e+002  7.7605066e+001
  3.7000000e-001  8.0859600e+001 -3.0969272e+001  1.7481000e+000  1.8183074e+002  6.4246553e+001
  3.9000000e-001  9.0797400e+001 -3.2973868e+001  1.9535000e+000  1.9752459e+002  6.0995303e+001
  4.1000000e-001  9.9757400e+001 -3.3218042e+001  2.1635000e+000  2.1331127e+002  6.9906335e+001
  4.3000000e-001  1.0559310e+002 -3.9320350e+001  5.6369000e+000  1.7140389e+002  1.3558658e+002
  4.5000000e-001  1.0827740e+002 -2.9964784e+001  1.0345090e+002  3.7054607e+001  1.2876985e+002
  4.7000000e-001  1.0978410e+002 -8.2639680e+000  1.0727510e+002 -3.3048124e+001  3.3121326e+001
  4.9000000e-001  1.1064950e+002  9.6410900e+000  1.0728090e+002  7.2386283e+001 -7.9956464e+001
  5.1000000e-001  1.1098110e+002  1.2191324e+001  6.9145000e+000  2.0924944e+002 -7.7346180e+001
  5.3000000e-001  1.1106730e+002 -1.2153580e+000  2.5052000e+000  2.4631654e+002  2.1394688e+001
  5.5000000e-001  1.1102680e+002 -4.3050780e+000  2.2799000e+000  2.3388288e+002  2.8425672e+001
  5.7000000e-001  1.1071830e+002 -4.4027580e+000  2.3087000e+000  2.3164396e+002  2.0639455e+001
  5.9000000e-001  1.1019010e+002 -6.0025420e+000  2.4236000e+000  2.3383289e+002  2.9902214e+001
  6.1000000e-001  1.0957670e+002 -6.6571820e+000  2.3030000e+000  2.3024776e+002  5.2191397e+001
  6.3000000e-001  1.0630260e+002 -1.0110180e+000  2.0829000e+000  2.1754629e+002  6.3535956e+001
  6.5000000e-001  9.2674500e+001  6.9416040e+000  1.7745000e+000  1.9709608e+002  6.0393617e+001
  6.7000000e-001  7.0864300e+001  1.1110382e+001  1.5675000e+000  1.7524254e+002  4.4292699e+001
  6.9000000e-001  4.9081400e+001  1.0043052e+001  1.5241000e+000  1.5927732e+002  2.3342581e+001
  7.1000000e-001  3.5930700e+001  6.3909580e+000  1.4971000e+000  1.4886118e+002  1.4736857e+001
  7.3000000e-001  2.7990500e+001  4.2604440e+000  1.4131000e+000  1.3946273e+002  1.6108059e+001
  7.5000000e-001  2.1297600e+001  3.5391540e+000  1.2822000e+000  1.2908230e+002  1.4183376e+001
  7.7000000e-001  1.5687700e+001  2.6262180e+000  1.1787000e+000  1.1954815e+002  9.7912433e+000
  7.9000000e-001  1.2118200e+001  1.5377740e+000  1.1236000e+000  1.1236719e+002  8.6414328e+000
  8.1000000e-001  9.8463000e+000  9.0432400e-001  1.0789000e+000  1.0698594e+002  9.3734550e+000
  8.3000000e-001  8.1244000e+000  3.5986000e-001  1.0265000e+000  1.0235456e+002  9.5091469e+000
  8.5000000e-001  6.8297000e+000  0.0000000e+000  9.8400000e-001  9.8412350e+001  9.2841840e+000
  8.7000000e-001  5.8959000e+000  0.0000000e+000  9.5040000e-001  9.5534253e+001  8.9770918e+000
  8.9000000e-001  5.3018000e+000  0.0000000e+000  9.2870000e-001  9.4323739e+001  8.8128331e+000
  9.1000000e-001  5.0899000e+000  0.0000000e+000  9.3770000e-001  9.5802066e+001  9.7555349e+000
  9.3000000e-001  5.0884000e+000  0.0000000e+000  1.0004000e+000  1.0064055e+002  1.0998187e+001
  9.5000000e-001  5.0573000e+000  0.0000000e+000  1.0238000e+000  1.0695737e+002  1.1451684e+001
  9.7000000e-001  5.9956000e+000             NaN  1.0409000e+000             NaN             NaN
