  0.0000000e+000             NaN             NaN             NaN             NaN
  2.0000000e-002  2.9147850e+001  7.4314000e+000  7.8737022e+001 -1.1576663e+001
  4.0000000e-002  2.2854900e+001  5.9045200e+000  7.3959238e+001 -1.0576828e+001
  6.0000000e-002  1.7477200e+001  4.4247120e+000  6.9302863e+001 -9.4770094e+000
  8.0000000e-002  1.3183700e+001  3.2176800e+000  6.4767896e+001 -8.2986322e+000
  1.0000000e-001  9.8434500e+000  2.2696640e+000  6.0404329e+001 -7.0774049e+000
  1.2000000e-001  7.3229000e+000  1.5538160e+000  5.6312147e+001 -5.8561776e+000
  1.4000000e-001  5.4805000e+000  1.0321120e+000  5.2598473e+001 -4.6706587e+000
  1.6000000e-001  4.1805000e+000  6.6218400e-001  4.9399001e+001 -3.5494150e+000
  1.8000000e-001  3.3039000e+000  4.0354400e-001  4.6835137e+001 -2.4995880e+000
  2.0000000e-001  2.7543500e+000  2.2224000e-001  4.4999726e+001 -1.5140362e+000
  2.2000000e-001  2.4562000e+000  9.4320000e-002  4.3907049e+001 -5.7847608e-001
  2.4000000e-001  2.3414500e+000  8.3040000e-003  4.3457123e+001  3.1423392e-001
  2.6000000e-001  2.3368500e+000 -4.5720000e-002  4.3428556e+001  1.1998022e+000
  2.8000000e-001  2.4381500e+000 -1.3016000e-001  4.3814207e+001  2.1067956e+000
  3.0000000e-001  2.7139500e+000 -2.5851200e-001  4.4821184e+001  3.0637807e+000
  3.2000000e-001  3.2288500e+000 -4.4094400e-001  4.6556612e+001  4.0993243e+000
  3.4000000e-001  4.0499000e+000 -6.9908800e-001  4.8991925e+001  5.2205681e+000
  3.6000000e-001  5.2585000e+000 -1.0624400e+000  5.2027139e+001  6.4203703e+000
  3.8000000e-001  6.9495500e+000 -1.5632800e+000  5.5519420e+001  7.6915894e+000
  4.0000000e-001  9.2215000e+000 -2.2297840e+000  5.9340219e+001  8.9985168e+000
  4.2000000e-001  1.2160400e+001 -3.0772400e+000  6.3346702e+001  1.0291161e+001
  4.4000000e-001  1.5820950e+001 -4.0989200e+000  6.7417459e+001  1.1519530e+001
  4.6000000e-001  2.0208200e+001 -5.2589840e+000  7.1445367e+001  1.2640774e+001
  4.8000000e-001  2.5264750e+001 -6.4901520e+000  7.5330441e+001  1.3583475e+001
  5.0000000e-001  3.0866800e+001 -7.6979920e+000  7.9015548e+001  1.4319068e+001
  5.2000000e-001  3.6830000e+001 -8.7716960e+000  8.2436412e+001  1.4790419e+001
  5.4000000e-001  4.2925500e+001 -9.5995680e+000  8.5543043e+001  1.4983245e+001
  5.6000000e-001  4.8902800e+001 -1.0086152e+001  8.8328298e+001  1.4876119e+001
  5.8000000e-001  5.4515600e+001 -1.0167416e+001  9.0763611e+001  1.4469044e+001
  6.0000000e-001  5.9547200e+001 -9.8211840e+000  9.2848982e+001  1.3754876e+001
  6.2000000e-001  6.3831700e+001 -9.0707760e+000  9.4598693e+001  1.2762182e+001
  6.4000000e-001  6.7269050e+001 -7.9818000e+000  9.6019888e+001  1.1512388e+001
  6.6000000e-001  6.9832350e+001 -6.6526000e+000  9.7141131e+001  1.0041202e+001
  6.8000000e-001  7.1568300e+001 -5.2003440e+000  9.7976708e+001  8.3843323e+000
  7.0000000e-001  7.2591550e+001 -3.7444000e+000  9.8569467e+001  6.5846290e+000
  7.2000000e-001  7.3073950e+001 -2.3875280e+000  9.8955118e+001  4.6849421e+000
  7.4000000e-001  7.3224900e+001 -1.1909280e+000  9.9147943e+001  2.7209801e+000
  7.6000000e-001  7.3230100e+001 -1.1252800e-001  9.9183652e+001  7.4273472e-001
  7.8000000e-001  7.3098650e+001  1.0775280e+000  9.9047960e+001 -1.2283690e+000
  8.0000000e-001  7.2653850e+001  2.4378720e+000  9.8726584e+001 -3.1423392e+000
  8.2000000e-001  7.1682400e+001  3.9159760e+000  9.8183817e+001 -4.9706093e+000
  8.4000000e-001  7.0002800e+001  5.4154720e+000  9.7391090e+001 -6.6703291e+000
  8.6000000e-001  6.7486950e+001  6.8215520e+000  9.6291271e+001 -8.1915070e+000
  8.8000000e-001  6.4071200e+001  8.0195920e+000  9.4870077e+001 -9.4984344e+000
  9.0000000e-001  5.9762200e+001  8.9118080e+000  9.3077515e+001 -1.0555403e+001
  9.2000000e-001  5.4636050e+001  9.4318080e+000  9.0885020e+001 -1.1348130e+001
  9.4000000e-001  4.8829000e+001  9.5549520e+000  8.8256881e+001 -1.1833764e+001
  9.6000000e-001  4.2516550e+001  9.3025440e+000  8.5135967e+001 -1.2019447e+001
  9.8000000e-001  3.5860700e+001  8.7364800e+000  8.1450860e+001 -1.1905181e+001
  1.0000000e+000  2.9147850e+001  7.8440480e+000  7.7037302e+001 -1.1483821e+001
