  0.0000000e+000             NaN             NaN             NaN             NaN
  2.0000000e-002  1.1045000e-001  0.0000000e+000  7.1795309e+001  5.7004890e+001
  4.0000000e-002  7.1800000e-001  0.0000000e+000  6.7110367e+001  6.2311158e+001
  6.0000000e-002  2.8342000e+000  0.0000000e+000  7.4980498e+001  7.6423118e+001
  8.0000000e-002  7.1749500e+000  0.0000000e+000  8.7728397e+001  8.7799814e+001
  1.0000000e-001  1.2557300e+001 -9.4287920e+000  1.0057628e+002  8.8064056e+001
  1.2000000e-001  1.7218800e+001 -9.0950720e+000  1.1480965e+002  7.4087788e+001
  1.4000000e-001  2.0678550e+001 -7.8536320e+000  1.2860737e+002  5.7519091e+001
  1.6000000e-001  2.3090500e+001 -6.5372800e+000  1.3624897e+002  5.1805747e+001
  1.8000000e-001  2.4599800e+001 -5.3020640e+000  1.3837719e+002  4.7884964e+001
  2.0000000e-001  2.5504750e+001 -3.5355760e+000  1.3916278e+002  3.4851398e+001
  2.2000000e-001  2.6694450e+001 -4.4900800e+000  1.4088392e+002  2.6488491e+001
  2.4000000e-001  2.9213700e+001 -7.9276560e+000  1.4648300e+002  3.3958688e+001
  2.6000000e-001  3.2650650e+001 -8.9204640e+000  1.5231061e+002  4.2764380e+001
  2.8000000e-001  3.6258050e+001 -1.0058888e+001  1.5588859e+002  4.7870681e+001
  3.0000000e-001  4.0134250e+001 -1.1830224e+001  1.5854530e+002  5.4019668e+001
  3.2000000e-001  4.4322350e+001 -1.4381456e+001  1.5650278e+002  6.8845795e+001
  3.4000000e-001  4.8669900e+001 -1.7020080e+001  1.5143218e+002  7.6858760e+001
  3.6000000e-001  5.2916900e+001 -1.6696528e+001  1.5666703e+002  6.2046916e+001
  3.8000000e-001  5.6748600e+001 -1.5020840e+001  1.6663682e+002  4.9206175e+001
  4.0000000e-001  5.9843800e+001 -1.4472672e+001  1.7276438e+002  5.1491513e+001
  4.2000000e-001  6.1722350e+001 -1.0076120e+001  1.7444982e+002  5.0927320e+001
  4.4000000e-001  6.2444850e+001 -5.4974160e+000  1.7060045e+002  3.9107840e+001
  4.6000000e-001  6.3057000e+001 -5.6232720e+000  1.6781520e+002  2.2367742e+001
  4.8000000e-001  6.4392150e+001 -6.6820160e+000  1.7357139e+002  8.1272318e+000
  5.0000000e-001  6.6284150e+001 -6.7639360e+000  1.8520519e+002  2.7281218e+000
  5.2000000e-001  6.8101100e+001 -7.3933440e+000  1.9538208e+002  1.6682964e+001
  5.4000000e-001  6.9393100e+001 -7.1990720e+000  1.9789595e+002  3.0323573e+001
  5.6000000e-001  7.0143300e+001 -5.6582480e+000  2.0024557e+002  2.1382190e+001
  5.8000000e-001  7.0604700e+001 -4.9501520e+000  2.0759435e+002  1.6325880e+001
  6.0000000e-001  7.0959850e+001 -7.1263200e+000  2.1211504e+002  3.8715047e+001
  6.2000000e-001  7.1081600e+001 -6.6710080e+000  2.0745152e+002  5.8183267e+001
  6.4000000e-001  6.8434750e+001 -6.9473600e-001  1.9472505e+002  6.1268473e+001
  6.6000000e-001  5.9730000e+001  5.2254480e+000  1.7478548e+002  5.3841126e+001
  6.8000000e-001  4.6344350e+001  8.0899920e+000  1.5797396e+002  3.1351975e+001
  7.0000000e-001  3.4304750e+001  5.8452960e+000  1.4763281e+002  1.3997693e+001
  7.2000000e-001  2.6529850e+001  3.5294320e+000  1.4038400e+002  1.5340329e+001
  7.4000000e-001  2.0823550e+001  3.0542640e+000  1.3126408e+002  1.7368566e+001
  7.6000000e-001  1.5776950e+001  2.7530320e+000  1.2143713e+002  1.1905181e+001
  7.8000000e-001  1.1882950e+001  1.7092320e+000  1.1357414e+002  8.5271659e+000
  8.0000000e-001  9.3535000e+000  9.5444000e-001  1.0816789e+002  9.4127342e+000
  8.2000000e-001  7.5953000e+000  6.4960000e-001  1.0360435e+002  1.0069769e+001
  8.4000000e-001  6.2481000e+000  0.0000000e+000  9.9405044e+001  9.7341098e+000
  8.6000000e-001  5.2430000e+000  0.0000000e+000  9.6027029e+001  9.5055761e+000
  8.8000000e-001  4.5511000e+000  0.0000000e+000  9.3827392e+001  8.9485250e+000
  9.0000000e-001  4.1890500e+000  0.0000000e+000  9.3770258e+001  8.7414163e+000
  9.2000000e-001  4.0980500e+000  0.0000000e+000  9.7319673e+001  1.0019777e+001
  9.4000000e-001  4.0934000e+000  0.0000000e+000  1.0435423e+002  1.1212438e+001
  9.6000000e-001  4.4138500e+000  0.0000000e+000  1.1123881e+002  1.1605230e+001
  9.8000000e-001  2.3705000e+000  0.0000000e+000  1.0259023e+002  9.3841675e+000
