  0.0000000e+000             NaN             NaN             NaN             NaN
  2.0000000e-002  2.7843400e+001  9.8732880e+000  7.4944790e+001 -2.2681976e+001
  4.0000000e-002  2.4021800e+001  8.8723680e+000  7.2602319e+001 -2.1460748e+001
  6.0000000e-002  2.0194800e+001  7.5420960e+000  7.0138439e+001 -1.9903862e+001
  8.0000000e-002  1.6680600e+001  6.1826880e+000  6.7531726e+001 -1.8047025e+001
  1.0000000e-001  1.3555000e+001  4.8757040e+000  6.4817888e+001 -1.5954513e+001
  1.2000000e-001  1.0890100e+001  3.6896960e+000  6.2096908e+001 -1.3704884e+001
  1.4000000e-001  8.7238000e+000  2.6685360e+000  5.9497336e+001 -1.1362413e+001
  1.6000000e-001  7.0584000e+000  1.8294720e+000  5.7190573e+001 -9.0199418e+000
  1.8000000e-001  5.8659000e+000  1.1677840e+000  5.5319453e+001 -6.7131792e+000
  2.0000000e-001  5.0949500e+000  6.6577600e-001  5.3998242e+001 -4.4706917e+000
  2.2000000e-001  4.6754000e+000  3.0210400e-001  5.3212658e+001 -2.2924793e+000
  2.4000000e-001  4.5156500e+000  5.5584000e-002  5.2841290e+001 -1.4997528e-001
  2.6000000e-001  4.5022000e+000 -1.1229600e-001  5.2769874e+001  1.9782454e+000
  2.8000000e-001  4.6201500e+000 -3.4048800e-001  5.2976982e+001  4.1136077e+000
  3.0000000e-001  4.9699500e+000 -6.8445600e-001  5.3584025e+001  6.2846784e+000
  3.2000000e-001  5.6434000e+000 -1.1638560e+000  5.4690985e+001  8.5200242e+000
  3.4000000e-001  6.7059500e+000 -1.7966720e+000  5.6333572e+001  1.0819645e+001
  3.6000000e-001  8.2025500e+000 -2.5968560e+000  5.8411801e+001  1.3169258e+001
  3.8000000e-001  1.0154850e+001 -3.5659200e+000  6.0782838e+001  1.5504587e+001
  4.0000000e-001  1.2555500e+001 -4.6842400e+000  6.3282426e+001  1.7761358e+001
  4.2000000e-001  1.5363700e+001 -5.9065600e+000  6.5767731e+001  1.9846729e+001
  4.4000000e-001  1.8504950e+001 -7.1633440e+000  6.8153052e+001  2.1682140e+001
  4.6000000e-001  2.1875900e+001 -8.3679520e+000  7.0366973e+001  2.3203318e+001
  4.8000000e-001  2.5353750e+001 -9.4276960e+000  7.2395210e+001  2.4353129e+001
  5.0000000e-001  2.8808450e+001 -1.0256416e+001  7.4223480e+001  2.5088722e+001
  5.2000000e-001  3.2114700e+001 -1.0785856e+001  7.5858925e+001  2.5395814e+001
  5.4000000e-001  3.5163000e+001 -1.0973904e+001  7.7322969e+001  2.5252980e+001
  5.6000000e-001  3.7867950e+001 -1.0808536e+001  7.8637038e+001  2.4660221e+001
  5.8000000e-001  4.0172950e+001 -1.0307240e+001  7.9808274e+001  2.3624677e+001
  6.0000000e-001  4.2051950e+001 -9.5125680e+000  8.0850959e+001  2.2174916e+001
  6.2000000e-001  4.3508150e+001 -8.4849680e+000  8.1779378e+001  2.0325221e+001
  6.4000000e-001  4.4570350e+001 -7.2942240e+000  8.2593529e+001  1.8111300e+001
  6.6000000e-001  4.5287950e+001 -6.0107520e+000  8.3293414e+001  1.5576004e+001
  6.8000000e-001  4.5725150e+001 -4.6978480e+000  8.3871890e+001  1.2755040e+001
  7.0000000e-001  4.5954250e+001 -3.4050720e+000  8.4328957e+001  9.7055431e+000
  7.2000000e-001  4.6048600e+001 -2.1629120e+000  8.4650333e+001  6.4917871e+000
  7.4000000e-001  4.6074000e+001 -9.7756800e-001  8.4836017e+001  3.1637642e+000
  7.6000000e-001  4.6074600e+001  1.7775200e-001  8.4886008e+001 -1.9996704e-001
  7.8000000e-001  4.6051800e+001  1.3658160e+000  8.4786025e+001 -3.5351316e+000
  8.0000000e-001  4.5963300e+001  2.6157840e+000  8.4543208e+001 -6.7774543e+000
  8.2000000e-001  4.5743350e+001  3.9243440e+000  8.4157557e+001 -9.8626601e+000
  8.4000000e-001  4.5316600e+001  5.2646720e+000  8.3629073e+001 -1.2719332e+001
  8.6000000e-001  4.4606600e+001  6.5912720e+000  8.2964897e+001 -1.5311762e+001
  8.8000000e-001  4.3542550e+001  7.8448080e+000  8.2165028e+001 -1.7568533e+001
  9.0000000e-001  4.2065300e+001  8.9580880e+000  8.1208043e+001 -1.9468220e+001
  9.2000000e-001  4.0132850e+001  9.8634240e+000  8.0101083e+001 -2.0960831e+001
  9.4000000e-001  3.7724600e+001  1.0500872e+001  7.8801297e+001 -2.2024941e+001
  9.6000000e-001  3.4841300e+001  1.0826640e+001  7.7280119e+001 -2.2631984e+001
  9.8000000e-001  3.1481750e+001  1.0819376e+001  7.5480416e+001 -2.2774818e+001
  1.0000000e+000  2.7843400e+001  1.0359456e+001  7.3295062e+001 -2.2439159e+001
