  0.0000000e+000             NaN             NaN             NaN             NaN
  2.0000000e-002  7.5973500e+000  3.3070400e+000  3.1937593e+001 -3.8093721e+001
  4.0000000e-002  7.5634500e+000  3.2327920e+000  3.3265945e+001 -3.8629347e+001
  6.0000000e-002  7.4810500e+000  3.0176960e+000  3.5037082e+001 -3.8886448e+001
  8.0000000e-002  7.4078000e+000  2.7593440e+000  3.7329561e+001 -3.8829314e+001
  1.0000000e-001  7.3398500e+000  2.4682240e+000  4.0229083e+001 -3.8357963e+001
  1.2000000e-001  7.2780500e+000  2.1545680e+000  4.3799923e+001 -3.7322420e+001
  1.4000000e-001  7.2241000e+000  1.8269360e+000  4.8034940e+001 -3.5451300e+001
  1.6000000e-001  7.1796500e+000  1.4916000e+000  5.2819865e+001 -3.2408944e+001
  1.8000000e-001  7.1456500e+000  1.1527200e+000  5.7847608e+001 -2.7831127e+001
  2.0000000e-001  7.1221500e+000  8.1284000e-001  6.2575400e+001 -2.1453607e+001
  2.2000000e-001  7.1083000e+000  4.7360000e-001  6.6281932e+001 -1.3297808e+001
  2.4000000e-001  7.1020500e+000  1.3623200e-001  6.8245894e+001 -3.8422238e+000
  2.6000000e-001  7.1004500e+000 -1.9876000e-001  6.8010219e+001  6.0418613e+000
  2.8000000e-001  7.1016500e+000 -5.3266400e-001  6.5632039e+001  1.5318904e+001
  3.0000000e-001  7.1071000e+000 -8.6730400e-001  6.1625557e+001  2.3167610e+001
  3.2000000e-001  7.1197500e+000 -1.2029920e+000  5.6726364e+001  2.9202330e+001
  3.4000000e-001  7.1416500e+000 -1.5390320e+000  5.1655771e+001  3.3458771e+001
  3.6000000e-001  7.1736000e+000 -1.8736080e+000  4.6906554e+001  3.6251168e+001
  3.8000000e-001  7.2152500e+000 -2.2030080e+000  4.2750096e+001  3.7936604e+001
  4.0000000e-001  7.2654500e+000 -2.5210800e+000  3.9286382e+001  3.8857881e+001
  4.2000000e-001  7.3221500e+000 -2.8190320e+000  3.6486843e+001  3.9264957e+001
  4.4000000e-001  7.3828000e+000 -3.0858880e+000  3.4287206e+001  3.9300665e+001
  4.6000000e-001  7.4447500e+000 -3.3093680e+000  3.2601769e+001  3.9057848e+001
  4.8000000e-001  7.5053500e+000 -3.4771840e+000  3.1351975e+001  3.8565072e+001
  5.0000000e-001  7.5623500e+000 -3.5785040e+000  3.0466407e+001  3.7836621e+001
  5.2000000e-001  7.6139500e+000 -3.6053280e+000  2.9887931e+001  3.6851069e+001
  5.4000000e-001  7.6589500e+000 -3.5535760e+000  2.9566555e+001  3.5594133e+001
  5.6000000e-001  7.6967500e+000 -3.4237600e+000  2.9473713e+001  3.4037247e+001
  5.8000000e-001  7.7273000e+000 -3.2210240e+000  2.9580839e+001  3.2151843e+001
  6.0000000e-001  7.7509500e+000 -2.9545360e+000  2.9873647e+001  2.9916498e+001
  6.2000000e-001  7.7684000e+000 -2.6362800e+000  3.0330715e+001  2.7295501e+001
  6.4000000e-001  7.7805500e+000 -2.2794640e+000  3.0923474e+001  2.4274570e+001
  6.6000000e-001  7.7884500e+000 -1.8968160e+000  3.1623359e+001  2.0832281e+001
  6.8000000e-001  7.7932000e+000 -1.4991920e+000  3.2366094e+001  1.6954348e+001
  7.0000000e-001  7.7957000e+000 -1.0946880e+000  3.3080262e+001  1.2655057e+001
  7.2000000e-001  7.7968000e+000 -6.8841600e-001  3.3651596e+001  7.9986816e+000
  7.4000000e-001  7.7972000e+000 -2.8284800e-001  3.3994397e+001  3.0780641e+000
  7.6000000e-001  7.7973000e+000  1.2139200e-001  3.4044389e+001 -1.9353953e+000
  7.8000000e-001  7.7971000e+000  5.2463200e-001  3.3787288e+001 -6.8774378e+000
  8.0000000e-001  7.7964000e+000  9.2660800e-001  3.3280229e+001 -1.1590947e+001
  8.2000000e-001  7.7947000e+000  1.3252960e+000  3.2623194e+001 -1.5947371e+001
  8.4000000e-001  7.7912000e+000  1.7162320e+000  3.1916168e+001 -1.9896720e+001
  8.6000000e-001  7.7849500e+000  2.0920960e+000  3.1251992e+001 -2.3417569e+001
  8.8000000e-001  7.7748500e+000  2.4428800e+000  3.0680657e+001 -2.6502774e+001
  9.0000000e-001  7.7597500e+000  2.7565840e+000  3.0245015e+001 -2.9188046e+001
  9.2000000e-001  7.7384500e+000  3.0205600e+000  2.9980773e+001 -3.1487667e+001
  9.4000000e-001  7.7096500e+000  3.2230160e+000  2.9909356e+001 -3.3437346e+001
  9.6000000e-001  7.6713500e+000  3.3545200e+000  3.0059331e+001 -3.5058507e+001
  9.8000000e-001  7.6181500e+000  3.4093040e+000  3.0452124e+001 -3.6386860e+001
  1.0000000e+000  7.5973500e+000  3.3346880e+000  3.1159150e+001 -3.7458112e+001
