  0.0000000e+000  3.9666000e+000             NaN  3.9538000e+000             NaN             NaN
  2.0000000e-002  3.9701000e+000 -2.3760000e-002  3.9495000e+000  4.7206505e+000 -8.8913916e-001
  4.0000000e-002  3.9718000e+000 -3.8792000e-002  3.9522000e+000  5.4848102e+000  4.0600451e+000
  6.0000000e-002  3.9739000e+000 -3.2708000e-002  3.9540000e+000  5.4062518e+000  3.5815525e+000
  8.0000000e-002  3.9758000e+000 -2.7980000e-002  3.9555000e+000  5.6919190e+000  3.2280394e+000
  1.0000000e-001  3.9773000e+000 -2.4120000e-002  3.9569000e+000  6.0240071e+000  2.9352305e+000
  1.2000000e-001  3.9783000e+000 -2.0932000e-002  3.9581000e+000  6.3275285e+000  2.6852717e+000
  1.4000000e-001  3.9791000e+000 -1.8292000e-002  3.9594000e+000  6.5881998e+000  2.4817338e+000
  1.6000000e-001  3.9796000e+000 -1.6116000e-002  3.9605000e+000  6.7988794e+000  2.3281877e+000
  1.8000000e-001  3.9799000e+000 -1.4348000e-002  3.9617000e+000  6.9595672e+000  2.2246333e+000
  2.0000000e-001  3.9801000e+000 -1.2940000e-002  3.9628000e+000  7.0702632e+000  2.1674999e+000
  2.2000000e-001  3.9801000e+000 -1.1840000e-002  3.9640000e+000  7.1309675e+000  2.1532165e+000
  2.4000000e-001  3.9802000e+000 -1.1004000e-002  3.9652000e+000  7.1381092e+000  2.1746416e+000
  2.6000000e-001  3.9802000e+000 -1.0376000e-002  3.9665000e+000  7.0916882e+000  2.2246333e+000
  2.8000000e-001  3.9802000e+000 -9.9000000e-003  3.9677000e+000  6.9952756e+000  2.2924793e+000
  3.0000000e-001  3.9802000e+000 -9.5280000e-003  3.9691000e+000  6.8488711e+000  2.3710378e+000
  3.2000000e-001  3.9802000e+000 -9.2120000e-003  3.9704000e+000  6.6524749e+000  2.4531671e+000
  3.4000000e-001  3.9802000e+000 -8.9280000e-003  3.9717000e+000  6.4096578e+000  2.5281547e+000
  3.6000000e-001  3.9802000e+000 -8.6640000e-003  3.9730000e+000  6.1239906e+000  2.5924298e+000
  3.8000000e-001  3.9802000e+000 -8.4160000e-003  3.9743000e+000  5.7954733e+000  2.6352799e+000
  4.0000000e-001  3.9802000e+000 -8.1800000e-003  3.9754000e+000  5.4312476e+000  2.6531341e+000
  4.2000000e-001  3.9802000e+000 -7.9600000e-003  3.9765000e+000  5.0384552e+000  2.6424216e+000
  4.4000000e-001  3.9802000e+000 -7.7640000e-003  3.9774000e+000  4.6170961e+000  2.5924298e+000
  4.6000000e-001  3.9802000e+000 -7.5840000e-003  3.9781000e+000  4.1778828e+000  2.5067297e+000
  4.8000000e-001  3.9802000e+000 -7.4160000e-003  3.9788000e+000  3.7279570e+000  2.3817503e+000
  5.0000000e-001  3.9802000e+000 -7.2680000e-003  3.9792000e+000  3.2744603e+000  2.2139208e+000
  5.2000000e-001  3.9802000e+000 -7.1480000e-003  3.9796000e+000  2.8245344e+000  2.0068121e+000
  5.4000000e-001  3.9802000e+000 -7.0640000e-003  3.9798000e+000  2.3853211e+000  1.7568533e+000
  5.6000000e-001  3.9802000e+000 -7.0040000e-003  3.9800000e+000  1.9711037e+000  1.4640444e+000
  5.8000000e-001  3.9802000e+000 -6.9600000e-003  3.9801000e+000  1.5925946e+000  1.1283854e+000
  6.0000000e-001  3.9802000e+000 -6.9320000e-003  3.9801000e+000  1.2819316e+000  7.4987640e-001
  6.2000000e-001  3.9802000e+000 -6.9120000e-003  3.9801000e+000  1.0783937e+000  3.4280064e-001
  6.4000000e-001  3.9802000e+000 -6.8960000e-003  3.9801000e+000  9.5341428e-001 -8.2129320e-002
  6.6000000e-001  3.9802000e+000 -6.8840000e-003  3.9801000e+000  7.9986816e-001 -4.9634676e-001
  6.8000000e-001  3.9802000e+000 -6.8720000e-003  3.9801000e+000  5.9275944e-001 -8.2843488e-001
  7.0000000e-001  3.9802000e+000 -6.8680000e-003  3.9801000e+000  4.1778828e-001 -1.0212602e+000
  7.2000000e-001  3.9802000e+000 -6.8760000e-003  3.9801000e+000  3.2137560e-001 -1.0141186e+000
  7.4000000e-001  3.9802000e+000 -6.8880000e-003  3.9801000e+000  2.1425040e-001 -8.8913916e-001
  7.6000000e-001  3.9802000e+000 -6.8840000e-003  3.9801000e+000  1.2497940e-001 -1.0498270e+000
  7.8000000e-001  3.9802000e+000 -6.7760000e-003  3.9801000e+000  1.5711696e-001 -1.6354447e+000
  8.0000000e-001  3.9802000e+000 -6.4080000e-003  3.9800000e+000  2.7138384e-001 -2.3960336e+000
  8.2000000e-001  3.9801000e+000 -5.5600000e-003  3.9798000e+000  4.4278416e-001 -3.1923310e+000
  8.4000000e-001  3.9801000e+000 -3.9920000e-003  3.9793000e+000  6.6417624e-001 -3.9814866e+000
  8.6000000e-001  3.9799000e+000 -1.4920000e-003  3.9783000e+000  9.2841840e-001 -4.7420755e+000
  8.8000000e-001  3.9795000e+000  2.1080000e-003  3.9768000e+000  1.2355106e+000 -5.4526727e+000
  9.0000000e-001  3.9788000e+000  6.9400000e-003  3.9746000e+000  1.5783113e+000 -6.0918530e+000
  9.2000000e-001  3.9778000e+000  1.3088000e-002  3.9716000e+000  1.9389661e+000 -6.6417624e+000
  9.4000000e-001  3.9762000e+000  2.0584000e-002  3.9676000e+000  2.2853376e+000 -7.0738340e+000
  9.6000000e-001  3.9740000e+000  2.9396000e-002  3.9628000e+000  2.5067297e+000 -7.3416470e+000
  9.8000000e-001  3.9710000e+000  3.9400000e-002  3.9577000e+000  2.0318080e+000 -7.3130803e+000
  1.0000000e+000  3.9666000e+000             NaN  3.9538000e+000             NaN             NaN
