  0.0000000e+000             NaN             NaN             NaN             NaN
  2.0000000e-002  2.5631400e+001  4.0024160e+000  7.7451520e+001 -5.1348679e+000
  4.0000000e-002  1.8861050e+001  2.8122480e+000  7.1402517e+001 -4.5563918e+000
  6.0000000e-002  1.3785250e+001  1.9095680e+000  6.6024832e+001 -3.9779158e+000
  8.0000000e-002  1.0107900e+001  1.2956880e+000  6.1168489e+001 -3.4065814e+000
  1.0000000e-001  7.4381500e+000  8.7157600e-001  5.6740648e+001 -2.8352470e+000
  1.2000000e-001  5.5139000e+000  5.7845600e-001  5.2748448e+001 -2.2853376e+000
  1.4000000e-001  4.1450500e+000  3.7730400e-001  4.9213317e+001 -1.7568533e+000
  1.6000000e-001  3.1896000e+000  2.4018400e-001  4.6199528e+001 -1.2569357e+000
  1.8000000e-001  2.5421000e+000  1.4639200e-001  4.3757073e+001 -7.8558480e-001
  2.0000000e-001  2.1268500e+000  8.0600000e-002  4.1943087e+001 -3.4280064e-001
  2.2000000e-001  1.8917500e+000  3.2176000e-002  4.0821843e+001  8.5700160e-002
  2.4000000e-001  1.7960500e+000 -3.4000000e-003  4.0336209e+001  4.9991760e-001
  2.6000000e-001  1.7944500e+000 -2.7368000e-002  4.0321925e+001  9.0699336e-001
  2.8000000e-001  1.8860000e+000 -6.4168000e-002  4.0786134e+001  1.3426358e+000
  3.0000000e-001  2.1149500e+000 -1.1612800e-001  4.1878812e+001  1.8068450e+000
  3.2000000e-001  2.5209000e+000 -1.8800000e-001  4.3657090e+001  2.3067626e+000
  3.4000000e-001  3.1528000e+000 -2.9061600e-001  4.6056694e+001  2.8566720e+000
  3.6000000e-001  4.0798500e+000 -4.3894400e-001  4.9006208e+001  3.4565731e+000
  3.8000000e-001  5.3935500e+000 -6.5152000e-001  5.2441356e+001  4.0993243e+000
  4.0000000e-001  7.2053000e+000 -9.4930400e-001  5.6262155e+001  4.7706422e+000
  4.2000000e-001  9.6395500e+000 -1.3530880e+000  6.0404329e+001  5.4562435e+000
  4.4000000e-001  1.2821850e+001 -1.8792640e+000  6.4767896e+001  6.1275614e+000
  4.6000000e-001  1.6861500e+001 -2.5341200e+000  6.9260013e+001  6.7774543e+000
  4.8000000e-001  2.1830900e+001 -3.3077440e+000  7.3794979e+001  7.3559304e+000
  5.0000000e-001  2.7743950e+001 -4.1690400e+000  7.8272813e+001  7.8415646e+000
  5.2000000e-001  3.4537850e+001 -5.0636400e+000  8.2622096e+001  8.2200737e+000
  5.4000000e-001  4.2062600e+001 -5.9161040e+000  8.6764270e+001  8.4486074e+000
  5.6000000e-001  5.0080750e+001 -6.6371120e+000  9.0620778e+001  8.5200242e+000
  5.8000000e-001  5.8279950e+001 -7.1350400e+000  9.4134484e+001  8.4271824e+000
  6.0000000e-001  6.6297800e+001 -7.3304320e+000  9.7255398e+001  8.1557986e+000
  6.2000000e-001  7.3756750e+001 -7.1709920e+000  9.9954953e+001  7.7058727e+000
  6.4000000e-001  8.0305900e+001 -6.6442720e+000  1.0219744e+002  7.0988299e+000
  6.6000000e-001  8.5665000e+001 -5.7856000e+000  1.0397572e+002  6.3489535e+000
  6.8000000e-001  8.9665950e+001 -4.6792080e+000  1.0530407e+002  5.4705269e+000
  7.0000000e-001  9.2287700e+001 -3.4513840e+000  1.0621106e+002  4.5064001e+000
  7.2000000e-001  9.3681700e+001 -2.2548960e+000  1.0674669e+002  3.4708565e+000
  7.4000000e-001  9.4179850e+001 -1.2381600e+000  1.0698951e+002  2.4067462e+000
  7.6000000e-001  9.4194400e+001 -4.2857600e-001  1.0701093e+002  1.3283525e+000
  7.8000000e-001  9.3741350e+001  5.8338400e-001  1.0681097e+002  2.5710048e-001
  8.0000000e-001  9.2419550e+001  1.7973920e+000  1.0631819e+002 -7.9272648e-001
  8.2000000e-001  8.9883700e+001  3.0734560e+000  1.0545405e+002 -1.7997034e+000
  8.4000000e-001  8.5965000e+001  4.2615440e+000  1.0415426e+002 -2.7209801e+000
  8.6000000e-001  8.0667000e+001  5.2344480e+000  1.0239741e+002 -3.5422733e+000
  8.8000000e-001  7.4140600e+001  5.9044880e+000  1.0016206e+002 -4.2278746e+000
  9.0000000e-001  6.6648200e+001  6.2318480e+000  9.7441082e+001 -4.7706422e+000
  9.2000000e-001  5.8519200e+001  6.2254800e+000  9.4248751e+001 -5.1562930e+000
  9.4000000e-001  5.0099050e+001  5.9376480e+000  9.0563644e+001 -5.3776850e+000
  9.6000000e-001  4.1693000e+001  5.4538800e+000  8.6364336e+001 -5.4419602e+000
  9.8000000e-001  3.3491050e+001  4.8779120e+000  8.1529419e+001 -5.3491183e+000
  1.0000000e+000  2.5631400e+001  4.2392160e+000  7.5794650e+001 -5.1063012e+000
