  0.000000E+00   3.251167E+01   7.512548E+00   8.165286E+01  -1.151080E+01
  2.564103E-02   2.495999E+01   5.878318E+00   7.665049E+01  -1.049513E+01
  5.128205E-02   1.846067E+01   4.400171E+00   7.124046E+01  -9.325259E+00
  7.692308E-02   1.318266E+01   3.094277E+00   6.566271E+01  -7.947318E+00
  1.025641E-01   9.163473E+00   2.045821E+00   6.013854E+01  -6.469696E+00
  1.282051E-01   6.292716E+00   1.275301E+00   5.494836E+01  -4.994204E+00
  1.538462E-01   4.369963E+00   7.484737E-01   5.041039E+01  -3.598907E+00
  1.794872E-01   3.175070E+00   4.047966E-01   4.685827E+01  -2.323902E+00
  2.051282E-01   2.518253E+00   1.852748E-01   4.455784E+01  -1.161166E+00
  2.307692E-01   2.247970E+00   4.982796E-02   4.350445E+01  -6.083126E-02
  2.564103E-01   2.206375E+00  -3.770176E-02   4.332270E+01   1.028973E+00
  2.820513E-01   2.318919E+00  -1.442207E-01   4.379357E+01   2.134410E+00
  3.076923E-01   2.751013E+00  -3.258851E-01   4.539517E+01   3.309954E+00
  3.333333E-01   3.634791E+00  -6.132419E-01   4.830947E+01   4.621005E+00
  3.589744E-01   5.131380E+00  -1.060161E+00   5.235351E+01   6.092319E+00
  3.846154E-01   7.445540E+00  -1.733485E+00   5.720856E+01   7.695783E+00
  4.102564E-01   1.079464E+01  -2.689265E+00   6.255116E+01   9.360301E+00
  4.358974E-01   1.534728E+01  -3.942059E+00   6.808641E+01   1.098503E+01
  4.615385E-01   2.115328E+01  -5.436546E+00   7.355866E+01   1.245421E+01
  4.871795E-01   2.809151E+01  -7.035378E+00   7.876043E+01   1.365291E+01
  5.128205E-01   3.585709E+01  -8.533735E+00   8.353752E+01   1.448104E+01
  5.384615E-01   4.399578E+01  -9.699998E+00   8.778810E+01   1.486340E+01
  5.641026E-01   5.197581E+01  -1.033018E+01   9.145682E+01   1.475559E+01
  5.897436E-01   5.927686E+01  -1.029804E+01   9.452626E+01   1.414513E+01
  6.153846E-01   6.547331E+01  -9.585208E+00   9.700850E+01   1.304967E+01
  6.410256E-01   7.029482E+01  -8.283863E+00   9.893733E+01   1.151328E+01
  6.666667E-01   7.365607E+01  -6.573161E+00   1.003624E+02   9.600122E+00
  6.923077E-01   7.565662E+01  -4.676772E+00   1.013434E+02   7.389311E+00
  7.179487E-01   7.655795E+01  -2.807656E+00   1.019420E+02   4.968409E+00
  7.435897E-01   7.674669E+01  -1.087275E+00   1.022097E+02   2.427611E+00
  7.692308E-01   7.669649E+01   5.658824E-01   1.021722E+02  -1.428322E-01
  7.948718E-01   7.625545E+01   2.340545E+00   1.018204E+02  -2.653391E+00
  8.205128E-01   7.494832E+01   4.252626E+00   1.011121E+02  -5.014558E+00
  8.461538E-01   7.241667E+01   6.128333E+00   9.998599E+01  -7.138223E+00
  8.717949E-01   6.845744E+01   7.742040E+00   9.837792E+01  -8.941491E+00
  8.974359E-01   6.304411E+01   8.883612E+00   9.623059E+01  -1.035242E+01
  9.230769E-01   5.634000E+01   9.405955E+00   9.350021E+01  -1.131656E+01
  9.487179E-01   4.868775E+01   9.260016E+00   9.016145E+01  -1.180198E+01
  9.743590E-01   4.056650E+01   8.510350E+00   8.621162E+01  -1.180426E+01
  1.000000E+00   3.251167E+01   7.325000E+00   8.166799E+01  -1.134757E+01
