  0.000000E+00   2.828047E+01   3.722339E+00   7.990845E+01  -4.935094E+00
  2.564103E-02   2.061225E+01   2.732054E+00   7.388495E+01  -4.413450E+00
  5.128205E-02   1.457607E+01   1.901703E+00   6.780585E+01  -3.846105E+00
  7.692308E-02   1.007121E+01   1.253060E+00   6.189112E+01  -3.205301E+00
  1.025641E-01   6.874434E+00   7.859389E-01   5.634056E+01  -2.538879E+00
  1.282051E-01   4.707371E+00   4.719515E-01   5.134835E+01  -1.885391E+00
  1.538462E-01   3.298847E+00   2.716669E-01   4.709006E+01  -1.269981E+00
  1.794872E-01   2.424356E+00   1.470576E-01   4.372357E+01  -7.026505E-01
  2.051282E-01   1.923037E+00   6.793728E-02   4.139920E+01  -1.781414E-01
  2.307692E-01   1.693933E+00   1.574809E-02   4.021644E+01   3.228479E-01
  2.564103E-01   1.650988E+00  -2.275274E-02   3.999708E+01   8.240410E-01
  2.820513E-01   1.762366E+00  -6.907436E-02   4.057635E+01   1.342908E+00
  3.076923E-01   2.118756E+00  -1.403875E-01   4.234417E+01   1.913280E+00
  3.333333E-01   2.786867E+00  -2.498650E-01   4.521181E+01   2.556907E+00
  3.589744E-01   3.892460E+00  -4.257409E-01   4.902798E+01   3.280525E+00
  3.846154E-01   5.627779E+00  -7.060204E-01   5.364899E+01   4.076663E+00
  4.102564E-01   8.241833E+00  -1.134672E+00   5.891552E+01   4.922274E+00
  4.358974E-01   1.201384E+01  -1.752392E+00   6.464542E+01   5.779079E+00
  4.615385E-01   1.720343E+01  -2.580332E+00   7.064041E+01   6.596535E+00
  4.871795E-01   2.398080E+01  -3.600224E+00   7.669763E+01   7.316991E+00
  5.128205E-01   3.235208E+01  -4.738495E+00   8.262162E+01   7.882163E+00
  5.384615E-01   4.210279E+01  -5.863364E+00   8.823463E+01   8.239517E+00
  5.641026E-01   5.278124E+01  -6.800939E+00   9.338409E+01   8.348213E+00
  5.897436E-01   6.373430E+01  -7.369665E+00   9.794715E+01   8.183288E+00
  6.153846E-01   7.419335E+01  -7.425013E+00   1.018334E+02   7.738056E+00
  6.410256E-01   8.339490E+01  -6.901417E+00   1.049859E+02   7.024774E+00
  6.666667E-01   9.071134E+01  -5.838009E+00   1.073829E+02   6.072946E+00
  6.923077E-01   9.576503E+01  -4.378926E+00   1.090398E+02   4.926827E+00
  7.179487E-01   9.850252E+01  -2.748965E+00   1.100124E+02   3.640938E+00
  7.435897E-01   9.923806E+01  -1.204850E+00   1.103947E+02   2.274406E+00
  7.692308E-01   9.897712E+01   2.530737E-01   1.102787E+02   8.853071E-01
  7.948718E-01   9.737026E+01   1.832848E+00   1.096475E+02  -4.717991E-01
  8.205128E-01   9.363660E+01   3.460056E+00   1.083888E+02  -1.741830E+00
  8.461538E-01   8.756649E+01   4.861551E+00   1.064126E+02  -2.869866E+00
  8.717949E-01   7.935332E+01   5.828234E+00   1.036770E+02  -3.806784E+00
  8.974359E-01   6.949974E+01   6.250903E+00   1.001833E+02  -4.514539E+00
  9.230769E-01   5.871463E+01   6.128333E+00   9.597011E+01  -4.970227E+00
  9.487179E-01   4.778603E+01   5.554279E+00   9.111132E+01  -5.168042E+00
  9.743590E-01   3.745001E+01   4.684679E+00   8.571403E+01  -5.120051E+00
  1.000000E+00   2.828047E+01   3.694342E+00   7.991174E+01  -4.854394E+00
