  0.000000E+00   1.118562E+01   5.178797E+00   3.776828E+01  -4.720868E+01
  2.564103E-02   1.111229E+01   5.070089E+00   3.986173E+01  -4.853370E+01
  5.128205E-02   1.102959E+01   4.864854E+00   4.232728E+01  -4.949596E+01
  7.692308E-02   1.094083E+01   4.496380E+00   4.559149E+01  -4.971458E+01
  1.025641E-01   1.085147E+01   3.999141E+00   4.982543E+01  -4.896918E+01
  1.282051E-01   1.076832E+01   3.401612E+00   5.516476E+01  -4.685080E+01
  1.538462E-01   1.069828E+01   2.731630E+00   6.158782E+01  -4.269967E+01
  1.794872E-01   1.064671E+01   2.013803E+00   6.868216E+01  -3.564126E+01
  2.051282E-01   1.061558E+01   1.267680E+00   7.536645E+01  -2.492022E+01
  2.307692E-01   1.060226E+01   5.074498E-01   7.989531E+01  -1.065503E+01
  2.564103E-01   1.059982E+01  -2.571096E-01   8.062490E+01   5.469168E+00
  2.820513E-01   1.060299E+01  -1.019960E+00   7.724041E+01   2.067939E+01
  3.076923E-01   1.061805E+01  -1.774943E+00   7.103731E+01   3.275801E+01
  3.333333E-01   1.065147E+01  -2.511614E+00   6.386497E+01   4.106884E+01
  3.589744E-01   1.070529E+01  -3.214323E+00   5.707975E+01   4.616466E+01
  3.846154E-01   1.077704E+01  -3.861302E+00   5.130602E+01   4.894577E+01
  4.102564E-01   1.086113E+01  -4.425587E+00   4.666917E+01   5.016759E+01
  4.358974E-01   1.095065E+01  -4.877727E+00   4.306504E+01   5.032320E+01
  4.615385E-01   1.103892E+01  -5.189776E+00   4.032346E+01   4.969075E+01
  4.871795E-01   1.112057E+01  -5.339802E+00   3.828115E+01   4.841042E+01
  5.128205E-01   1.119194E+01  -5.316008E+00   3.680519E+01   4.654406E+01
  5.384615E-01   1.125114E+01  -5.119539E+00   3.579664E+01   4.411233E+01
  5.641026E-01   1.129778E+01  -4.765110E+00   3.518623E+01   4.111647E+01
  5.897436E-01   1.133260E+01  -4.278947E+00   3.492861E+01   3.754694E+01
  6.153846E-01   1.135710E+01  -3.694256E+00   3.499483E+01   3.338479E+01
  6.410256E-01   1.137313E+01  -3.045327E+00   3.535968E+01   2.859818E+01
  6.666667E-01   1.138269E+01  -2.361915E+00   3.597977E+01   2.313717E+01
  6.923077E-01   1.138767E+01  -1.665501E+00   3.675446E+01   1.694871E+01
  7.179487E-01   1.138978E+01  -9.681935E-01   3.748822E+01   1.003652E+01
  7.435897E-01   1.139045E+01  -2.740907E-01   3.791597E+01   2.571990E+00
  7.692308E-01   1.139042E+01   4.176500E-01   3.784995E+01  -5.047641E+00
  7.948718E-01   1.138965E+01   1.109067E+00   3.733631E+01  -1.234535E+01
  8.205128E-01   1.138734E+01   1.799659E+00   3.661379E+01  -1.899995E+01
  8.461538E-01   1.138203E+01   2.482864E+00   3.593415E+01  -2.491363E+01
  8.717949E-01   1.137198E+01   3.143597E+00   3.545834E+01  -3.011441E+01
  8.974359E-01   1.135528E+01   3.757815E+00   3.526387E+01  -3.465770E+01
  9.230769E-01   1.132992E+01   4.294633E+00   3.538648E+01  -3.858665E+01
  9.487179E-01   1.129404E+01   4.720751E+00   3.585300E+01  -4.192517E+01
  9.743590E-01   1.124620E+01   5.005414E+00   3.669668E+01  -4.468009E+01
  1.000000E+00   1.118562E+01   5.116028E+00   3.796805E+01  -4.684333E+01
