  0.000000E+00   3.161024E+01   1.059187E+01   7.856352E+01  -2.352181E+01
  2.564103E-02   2.681139E+01   9.285005E+00   7.618066E+01  -2.219124E+01
  5.128205E-02   2.202146E+01   7.868667E+00   7.321738E+01  -2.044599E+01
  7.692308E-02   1.747769E+01   6.284507E+00   6.985323E+01  -1.812821E+01
  1.025641E-01   1.344323E+01   4.702134E+00   6.618114E+01  -1.539463E+01
  1.282051E-01   1.012133E+01   3.275224E+00   6.243574E+01  -1.243919E+01
  1.538462E-01   7.616704E+00   2.099747E+00   5.899231E+01  -9.452813E+00
  1.794872E-01   5.930661E+00   1.206543E+00   5.627492E+01  -6.564036E+00
  2.051282E-01   4.976618E+00   5.795776E-01   5.453761E+01  -3.794357E+00
  2.307692E-01   4.592744E+00   1.754516E-01   5.369845E+01  -1.087409E+00
  2.564103E-01   4.536379E+00  -9.534265E-02   5.349941E+01   1.607602E+00
  2.820513E-01   4.674558E+00  -4.088448E-01   5.385494E+01   4.309591E+00
  3.076923E-01   5.265432E+00  -9.177563E-01   5.498026E+01   7.058080E+00
  3.333333E-01   6.499006E+00  -1.680792E+00   5.709569E+01   9.926353E+00
  3.589744E-01   8.500266E+00  -2.732849E+00   6.011564E+01   1.294193E+01
  3.846154E-01   1.132086E+01  -4.074960E+00   6.367243E+01   1.601931E+01
  4.102564E-01   1.492157E+01  -5.649999E+00   6.734837E+01   1.898085E+01
  4.358974E-01   1.916195E+01  -7.331290E+00   7.083398E+01   2.162031E+01
  4.615385E-01   2.381283E+01  -8.937722E+00   7.395889E+01   2.375310E+01
  4.871795E-01   2.859165E+01  -1.027091E+01   7.666243E+01   2.524040E+01
  5.128205E-01   3.320895E+01  -1.115928E+01   7.895349E+01   2.599479E+01
  5.384615E-01   3.741191E+01  -1.149323E+01   8.087710E+01   2.597499E+01
  5.641026E-01   4.101509E+01  -1.124196E+01   8.249040E+01   2.517813E+01
  5.897436E-01   4.391483E+01  -1.045037E+01   8.384721E+01   2.363073E+01
  6.153846E-01   4.608886E+01  -9.220746E+00   8.498943E+01   2.138234E+01
  6.410256E-01   4.758516E+01  -7.686650E+00   8.594324E+01   1.850230E+01
  6.666667E-01   4.850480E+01  -5.985918E+00   8.671969E+01   1.507670E+01
  6.923077E-01   4.898272E+01  -4.237239E+00   8.731780E+01   1.120932E+01
  7.179487E-01   4.916786E+01  -2.521070E+00   8.772945E+01   7.020230E+00
  7.435897E-01   4.920170E+01  -8.618805E-01   8.794521E+01   2.642641E+00
  7.692308E-01   4.919536E+01   7.742115E-01   8.795873E+01  -1.781127E+00
  7.948718E-01   4.912252E+01   2.445497E+00   8.776929E+01  -6.106362E+00
  8.205128E-01   4.885559E+01   4.171540E+00   8.738137E+01  -1.019232E+01
  8.461538E-01   4.824482E+01   5.906150E+00   8.680125E+01  -1.390885E+01
  8.717949E-01   4.714245E+01   7.554524E+00   8.603206E+01  -1.714036E+01
  8.974359E-01   4.542171E+01   8.991408E+00   8.506813E+01  -1.978790E+01
  9.230769E-01   4.299633E+01   1.008126E+01   8.389005E+01  -2.177102E+01
  9.487179E-01   3.984014E+01   1.070319E+01   8.246211E+01  -2.302759E+01
  9.743590E-01   3.600281E+01   1.077998E+01   8.073137E+01  -2.351684E+01
  1.000000E+00   3.161024E+01   1.030666E+01   7.862150E+01  -2.322076E+01
