  0.000000E+00   2.102096E+01   8.595220E+00   6.340501E+01  -3.907340E+01
  2.564103E-02   1.975173E+01   8.225827E+00   6.416370E+01  -3.850135E+01
  5.128205E-02   1.831614E+01   7.649654E+00   6.485953E+01  -3.735615E+01
  7.692308E-02   1.677036E+01   6.784218E+00   6.574491E+01  -3.527155E+01
  1.025641E-01   1.520754E+01   5.704546E+00   6.678533E+01  -3.223599E+01
  1.282051E-01   1.374423E+01   4.508165E+00   6.794780E+01  -2.826067E+01
  1.538462E-01   1.250112E+01   3.304268E+00   6.918197E+01  -2.337865E+01
  1.794872E-01   1.157628E+01   2.191551E+00   7.038626E+01  -1.764853E+01
  2.051282E-01   1.101385E+01   1.234629E+00   7.138608E+01  -1.117907E+01
  2.307692E-01   1.077731E+01   4.444260E-01   7.196608E+01  -4.170747E+00
  2.564103E-01   1.074161E+01  -2.360948E-01   7.196158E+01   3.068744E+00
  2.820513E-01   1.081024E+01  -9.428122E-01   7.134922E+01   1.017374E+01
  3.076923E-01   1.113521E+01  -1.797947E+00   7.026495E+01   1.681411E+01
  3.333333E-01   1.180533E+01  -2.831331E+00   6.893303E+01   2.276552E+01
  3.589744E-01   1.282829E+01  -4.010329E+00   6.756236E+01   2.791097E+01
  3.846154E-01   1.414108E+01  -5.253204E+00   6.628400E+01   3.219581E+01
  4.102564E-01   1.563819E+01  -6.451241E+00   6.515509E+01   3.558822E+01
  4.358974E-01   1.720057E+01  -7.492714E+00   6.419630E+01   3.806819E+01
  4.615385E-01   1.871847E+01  -8.283114E+00   6.342158E+01   3.963080E+01
  4.871795E-01   2.010547E+01  -8.758424E+00   6.284764E+01   4.028709E+01
  5.128205E-01   2.130445E+01  -8.890469E+00   6.249044E+01   4.005823E+01
  5.384615E-01   2.228730E+01  -8.685231E+00   6.235922E+01   3.896695E+01
  5.641026E-01   2.305079E+01  -8.176127E+00   6.245137E+01   3.703343E+01
  5.897436E-01   2.361050E+01  -7.414651E+00   6.274963E+01   3.427435E+01
  6.153846E-01   2.399438E+01  -6.460512E+00   6.322023E+01   3.070751E+01
  6.410256E-01   2.423691E+01  -5.372839E+00   6.381079E+01   2.636129E+01
  6.666667E-01   2.437426E+01  -4.203394E+00   6.445044E+01   2.128522E+01
  6.923077E-01   2.444051E+01  -2.992267E+00   6.505249E+01   1.556664E+01
  7.179487E-01   2.446483E+01  -1.766092E+00   6.552503E+01   9.343156E+00
  7.435897E-01   2.446956E+01  -5.383416E-01   6.579005E+01   2.805538E+00
  7.692308E-01   2.446902E+01   6.864676E-01   6.580533E+01  -3.813600E+00
  7.948718E-01   2.446113E+01   1.906701E+00   6.557859E+01  -1.026957E+01
  8.205128E-01   2.442929E+01   3.116414E+00   6.516489E+01  -1.633929E+01
  8.461538E-01   2.434918E+01   4.298780E+00   6.464875E+01  -2.184674E+01
  8.717949E-01   2.419009E+01   5.423978E+00   6.412215E+01  -2.666957E+01
  8.974359E-01   2.391689E+01   6.449618E+00   6.366786E+01  -3.073110E+01
  9.230769E-01   2.349303E+01   7.323318E+00   6.335087E+01  -3.398714E+01
  9.487179E-01   2.288452E+01   7.987765E+00   6.321642E+01  -3.640979E+01
  9.743590E-01   2.206506E+01   8.388051E+00   6.328777E+01  -3.797575E+01
  1.000000E+00   2.102096E+01   8.474247E+00   6.355765E+01  -3.865268E+01
