  0.000000E+00   2.521447E+01   1.650451E+00   7.825121E+01  -1.733485E+00
  2.564103E-02   1.811397E+01   1.186261E+00   7.205798E+01  -1.523318E+00
  5.128205E-02   1.269810E+01   8.051956E-01   6.595879E+01  -1.295054E+00
  7.692308E-02   8.755728E+00   5.194976E-01   6.014025E+01  -1.032477E+00
  1.025641E-01   6.003141E+00   3.202869E-01   5.476782E+01  -7.560511E-01
  1.282051E-01   4.152242E+00   1.892882E-01   4.999421E+01  -4.815419E-01
  1.538462E-01   2.950751E+00   1.068253E-01   4.595377E+01  -2.186368E-01
  1.794872E-01   2.200741E+00   5.592286E-02   4.275889E+01   2.957795E-02
  2.051282E-01   1.762163E+00   2.356446E-02   4.050280E+01   2.663211E-01
  2.307692E-01   1.549866E+00   1.167178E-03   3.927251E+01   5.003599E-01
  2.564103E-01   1.507020E+00  -1.764218E-02   3.901963E+01   7.424714E-01
  2.820513E-01   1.626027E+00  -3.994285E-02   3.972401E+01   1.004017E+00
  3.076923E-01   1.945914E+00  -7.214704E-02   4.149209E+01   1.299485E+00
  3.333333E-01   2.524019E+00  -1.222331E-01   4.422346E+01   1.636439E+00
  3.589744E-01   3.474062E+00  -2.034216E-01   4.784360E+01   2.018164E+00
  3.846154E-01   4.964341E+00  -3.335188E-01   5.225462E+01   2.441373E+00
  4.102564E-01   7.219733E+00  -5.349927E-01   5.733335E+01   2.895385E+00
  4.358974E-01   1.051234E+01  -8.322261E-01   6.293603E+01   3.362367E+00
  4.615385E-01   1.513323E+01  -1.245366E+00   6.890300E+01   3.818453E+00
  4.871795E-01   2.134285E+01  -1.781093E+00   7.506433E+01   4.235664E+00
  5.128205E-01   2.930455E+01  -2.422351E+00   8.124638E+01   4.584508E+00
  5.384615E-01   3.901381E+01  -3.120770E+00   8.727862E+01   4.836790E+00
  5.641026E-01   5.024204E+01  -3.796105E+00   9.300030E+01   4.968555E+00
  5.897436E-01   6.251420E+01  -4.345664E+00   9.826608E+01   4.962521E+00
  6.153846E-01   7.513459E+01  -4.663636E+00   1.029512E+02   4.809940E+00
  6.410256E-01   8.726379E+01  -4.665936E+00   1.069558E+02   4.511679E+00
  6.666667E-01   9.803370E+01  -4.310950E+00   1.102073E+02   4.078105E+00
  6.923077E-01   1.066594E+02  -3.599675E+00   1.126576E+02   3.528293E+00
  7.179487E-01   1.124533E+02  -2.543640E+00   1.142572E+02   2.887831E+00
  7.435897E-01   1.146359E+02  -1.269080E+00   1.149115E+02   2.186548E+00
  7.692308E-01   1.136525E+02  -1.422066E-02   1.146309E+02   1.460490E+00
  7.948718E-01   1.097235E+02   1.150600E+00   1.135227E+02   7.464569E-01
  8.205128E-01   1.026729E+02   2.164817E+00   1.115493E+02   7.716559E-02
  8.461538E-01   9.302286E+01   2.891709E+00   1.087333E+02  -5.173267E-01
  8.717949E-01   8.152689E+01   3.280723E+00   1.051211E+02  -1.012529E+00
  8.974359E-01   6.905777E+01   3.336831E+00   1.007790E+02  -1.391207E+00
  9.230769E-01   5.650305E+01   3.112971E+00   9.579677E+01  -1.644620E+00
  9.487179E-01   4.465204E+01   2.695180E+00   9.028830E+01  -1.772748E+00
  9.743590E-01   3.410317E+01   2.180725E+00   8.438890E+01  -1.783998E+00
  1.000000E+00   2.521447E+01   1.656044E+00   7.825179E+01  -1.693886E+00
