0.00000000 -0.00000044 0.00000002 
0.00015263 0.04312693 0.02137612 
0.00030527 0.08625335 0.04275222 
0.00045790 0.12937783 0.06412831 
0.00057695 0.16301629 0.08080102 
0.00069600 0.19665084 0.09747372 
0.00081505 0.23028271 0.11414643 
0.00090791 0.25652157 0.12715068 
0.00100076 0.28275179 0.14015492 
0.00109362 0.30897966 0.15315917 
0.00116604 0.32944783 0.16330215 
0.00123847 0.34990318 0.17344513 
0.00131089 0.37035677 0.18358811 
0.00136738 0.38632348 0.19149936 
0.00142387 0.40227576 0.19941061 
0.00148036 0.41822681 0.20732186 
0.00152442 0.43068090 0.21349240 
0.00156848 0.44312225 0.21966294 
0.00161254 0.45556277 0.22583348 
0.00164690 0.46527551 0.23064627 
0.00168127 0.47497931 0.23545907 
0.00171563 0.48468258 0.24027187 
0.00174243 0.49225618 0.24402560 
0.00176924 0.49982482 0.24777934 
0.00179604 0.50739312 0.25153307 
0.00181831 0.51368348 0.25465193 
0.00184058 0.51997090 0.25777079 
0.00186285 0.52625808 0.26088965 
0.00188560 0.53268544 0.26407541 
0.00190834 0.53910751 0.26726118 
0.00193109 0.54552931 0.27044694 
0.00195467 0.55219275 0.27374957 
0.00197825 0.55885008 0.27705220 
0.00200183 0.56550711 0.28035482 
0.00202628 0.57241513 0.28377866 
0.00205073 0.57931629 0.28720249 
0.00207518 0.58621713 0.29062633 
0.00210052 0.59337868 0.29417580 
0.00212586 0.60053258 0.29772526 
0.00215121 0.60768612 0.30127473 
0.00217748 0.61511052 0.30495445 
0.00220376 0.62252637 0.30863416 
0.00223003 0.62994182 0.31231388 
0.00225727 0.63763871 0.31612863 
0.00228451 0.64532607 0.31994337 
0.00231174 0.65301297 0.32375812 
0.00233998 0.66099237 0.32771285 
0.00236822 0.66896112 0.33166758 
0.00239646 0.67692936 0.33562231 
0.00242573 0.68520163 0.33972216 
0.00245500 0.69346203 0.34382201 
0.00248428 0.70172186 0.34792186 
0.00251463 0.71029776 0.35217216 
0.00254497 0.71886042 0.35642246 
0.00257532 0.72742245 0.36067276 
0.00260678 0.73631311 0.36507903 
0.00263824 0.74518903 0.36948530 
0.00266971 0.75406425 0.37389156 
0.00270232 0.76328125 0.37845953 
0.00273494 0.77248182 0.38302749 
0.00276755 0.78168160 0.38759545 
0.00280137 0.79123691 0.39233104 
0.00283518 0.80077393 0.39706663 
0.00286899 0.81031008 0.40180222 
0.00290404 0.82021611 0.40671159 
0.00293910 0.83010180 0.41162097 
0.00297415 0.83998651 0.41653034 
0.00301049 0.85025614 0.42161987 
0.00304683 0.86050315 0.42670940 
0.00308317 0.87074906 0.43179893 
0.00312084 0.88139565 0.43707523 
0.00315852 0.89201707 0.44235153 
0.00319619 0.90263728 0.44762783 
0.00323524 0.91367466 0.45309776 
0.00327430 0.92468405 0.45856769 
0.00331336 0.93569210 0.46403762 
0.00335384 0.94713461 0.46970827 
0.00339433 0.95854603 0.47537891 
0.00343482 0.96995594 0.48104956 
0.00347679 0.98181838 0.48692832 
0.00351877 0.99364630 0.49280707 
0.00356074 1.00547255 0.49868583 
0.00360425 1.01776700 0.50477873 
0.00364775 1.03002314 0.51087162 
0.00369125 1.04227742 0.51696451 
0.00373633 1.05501860 0.52327863 
0.00378141 1.06771704 0.52959275 
0.00382650 1.08041341 0.53590687 
0.00387323 1.09362256 0.54245271 
0.00391997 1.10678389 0.54899855 
0.00396671 1.11994291 0.55554439 
0.00401516 1.13363710 0.56233046 
0.00406361 1.14727795 0.56911653 
0.00411206 1.16091623 0.57590260 
0.00416229 1.17511331 0.58293771 
0.00421252 1.18925090 0.58997283 
0.00426275 1.20338562 0.59700795 
0.00431482 1.21810407 0.60430127 
0.00436689 1.23275619 0.61159458 
0.00441896 1.24740513 0.61888789 
0.00447294 1.26266411 0.62644887 
0.00452693 1.27784918 0.63400986 
0.00458091 1.29303071 0.64157084 
0.00463687 1.30885007 0.64940932 
0.00469284 1.32458714 0.65724781 
0.00474880 1.34032025 0.66508629 
0.00480682 1.35672060 0.67321246 
0.00486484 1.37302932 0.68133864 
0.00492285 1.38933365 0.68946481 
0.00498300 1.40633631 0.69788923 
0.00504314 1.42323704 0.70631365 
0.00510329 1.44013287 0.71473807 
0.00516564 1.45775993 0.72347163 
0.00522800 1.47527363 0.73220520 
0.00529035 1.49278189 0.74093876 
0.00535499 1.51105485 0.74999247 
0.00541962 1.52920187 0.75904619 
0.00548426 1.54734283 0.76809990 
0.00555124 1.56628051 0.77748253 
0.00561823 1.58507801 0.78686515 
0.00568521 1.60386875 0.79624778 
0.00575466 1.62350269 0.80597480 
0.00582410 1.64297998 0.81570182 
0.00589354 1.66244976 0.82542884 
0.00596553 1.68280527 0.83551291 
0.00603752 1.70298618 0.84559698 
0.00610951 1.72315873 0.85568104 
0.00618415 1.74426236 0.86613527 
0.00625878 1.76517148 0.87658950 
0.00633341 1.78607130 0.88704373 
0.00641078 1.80795059 0.89788173 
0.00648815 1.82961327 0.90871972 
0.00656553 1.85126561 0.91955772 
0.00664574 1.87394908 0.93079355 
0.00672595 1.89639149 0.94202939 
0.00680616 1.91882239 0.95326522 
0.00688931 1.94233951 0.96491344 
0.00697246 1.96558852 0.97656165 
0.00705561 1.98882472 0.98820987 
0.00714181 2.01320452 1.00028540 
0.00722801 2.03728634 1.01236094 
0.00731421 2.06135392 1.02443647 
0.00740355 2.08662382 1.03695193 
0.00749289 2.11156212 1.04946739 
0.00758223 2.13648459 1.06198285 
0.00767485 2.16268463 1.07495780 
0.00776747 2.18851471 1.08793275 
0.00786009 2.21432719 1.10090770 
0.00795610 2.24149111 1.11435904 
0.00805212 2.26824309 1.12781039 
0.00814814 2.29497551 1.14126174 
0.00824768 2.32313880 1.15520702 
0.00834722 2.35084369 1.16915230 
0.00844676 2.37852682 1.18309758 
0.00854995 2.40772635 1.19755463 
0.00865314 2.43641601 1.21201168 
0.00875633 2.46508149 1.22646873 
0.00886331 2.49535428 1.24145725 
0.00897029 2.52506059 1.25644576 
0.00907727 2.55474003 1.27143428 
0.00918815 2.58611981 1.28696927 
0.00929902 2.61686988 1.30250426 
0.00940990 2.64759011 1.31803924 
0.00952485 2.68012619 1.33414458 
0.00963979 2.71196045 1.35024992 
0.00975474 2.74376156 1.36635525 
0.00987390 2.77749600 1.38305213 
0.00999306 2.81044972 1.39974901 
0.01011223 2.84336663 1.41644589 
0.01023576 2.87834366 1.43375566 
0.01035930 2.91245273 1.45106543 
0.01048283 2.94652092 1.46837520 
0.01061090 2.98278484 1.48632153 
0.01073897 3.01808483 1.50426786 
0.01086704 3.05333944 1.52221419 
0.01099978 3.09093281 1.54081607 
0.01113252 3.12745543 1.55941794 
0.01126527 3.16392772 1.57801982 
0.01140288 3.20290763 1.59730463 
0.01154049 3.24069593 1.61658944 
0.01167810 3.27842837 1.63587426 
0.01182076 3.31884587 1.65586727 
0.01196342 3.35793913 1.67586029 
0.01210608 3.39697044 1.69585331 
0.01225398 3.43887712 1.71658146 
0.01240187 3.47931370 1.73730961 
0.01254977 3.51968159 1.75803777 
0.01270307 3.56312894 1.77952552 
0.01285638 3.60494471 1.80101327 
0.01300968 3.64668437 1.82250102 
0.01316860 3.69173407 1.84477710 
0.01332752 3.73497103 1.86705319 
0.01348644 3.77812366 1.88932927 
0.01365119 3.82483919 1.91242432 
0.01381594 3.86954130 1.93551937 
0.01398070 3.91415001 1.95861442 
0.01415149 3.96259296 1.98256245 
0.01432229 4.00880183 2.00651048 
0.01449308 4.05490730 2.03045851 
0.01467012 4.10514772 2.05529148 
0.01484716 4.15290688 2.08012446 
0.01502420 4.20055158 2.10495743 
0.01520773 4.25269338 2.13072192 
0.01539127 4.30206895 2.15648642 
0.01557480 4.35131776 2.18225091 
0.01576507 4.40550468 2.20902352 
0.01595533 4.45658972 2.23579613 
0.01614560 4.50753413 2.26256874 
0.01634283 4.56404460 2.29053004 
0.01654006 4.61702449 2.31849135 
0.01673729 4.66984750 2.34645266 
0.01694175 4.72938362 2.37571269 
0.01714621 4.78474068 2.40497272 
0.01735067 4.83991984 2.43423275 
0.01756263 4.90419202 2.46618139 
0.01777459 4.96297209 2.49813003 
0.01798655 5.02154245 2.53007867 
0.01820547 5.09443359 2.56740875 
0.01842438 5.15952519 2.60473884 
0.01864330 5.22434387 2.64206893 
0.01886703 5.32065417 2.68486488 
0.01909076 5.40189094 2.72766084 
0.01931449 5.48269137 2.77045679 
0.01954299 5.58150815 2.80287943 
0.01977150 5.66329091 2.83530207 
0.02000000 5.74443945 2.86772471 
0.02023753 5.68349496 3.10119813 
0.02047499 5.83949379 3.34827285 
0.02071239 5.99275041 3.60915704 
0.02097103 6.29124547 3.81826102 
0.02122959 6.55450760 4.04382516 
0.02148808 6.81074244 4.28673601 
0.02177337 7.25747763 4.58161739 
0.02205856 7.59528017 4.89695100 
0.02234366 7.91980896 5.23502244 
0.02267501 8.72487935 5.55999918 
0.02300624 9.22975974 5.91453081 
0.02333734 9.70180433 6.29937974 
0.02372487 10.64987555 6.75368045 
0.02411223 11.25815040 7.25147402 
0.02449940 11.81088305 7.78992013 
0.02495318 13.00842048 8.26751581 
0.02540670 13.71132914 8.80582129 
0.02585997 14.33709731 9.40080399 
0.02639380 15.76323305 10.21066006 
0.02692727 16.48782515 11.10470610 
0.02746037 17.13335237 12.07990155 
0.02804985 18.85115746 12.79312432 
0.02863887 19.71625697 13.61033478 
0.02922742 20.48890887 14.53062802 
0.02983033 22.88587245 15.24873476 
0.03043274 23.98676866 16.07889721 
0.03103463 24.98041012 17.02151156 
0.03163610 27.33766060 18.14042186 
0.03223704 28.42841041 19.37520813 
0.03283745 29.42681206 20.72639866 
0.03343739 31.49837277 21.62581751 
0.03403679 32.65310850 22.64481328 
0.03463563 33.71597449 23.78388208 
0.03523398 35.07840406 25.29291396 
0.03583175 36.03196702 26.92509610 
0.03642895 36.92572816 28.68073615 
0.03702558 39.07260366 29.94773932 
0.03762162 40.09335422 31.34131706 
0.03821707 41.04874837 32.86144632 
0.03881199 42.92711101 33.80567420 
0.03940630 43.96827514 34.87979411 
0.04000000 44.94352533 36.08333679 
0.04060600 46.43641922 37.29937715 
0.04121139 47.35247381 38.64474593 
0.04181617 48.21963265 40.11895617 
0.04242853 49.49822789 41.27511388 
0.04304032 50.37497268 42.54946065 
0.04365154 51.20818914 43.93994114 
0.04426216 52.21941300 44.94469772 
0.04487228 53.00732784 46.05392560 
0.04548189 53.76029105 47.26320485 
0.04609095 54.58958597 48.34228162 
0.04669957 55.29368263 49.51258854 
0.04730774 55.97113056 50.76722343 
0.04791543 57.14222733 51.78947813 
0.04852274 57.83441643 52.89002920 
0.04912966 58.50213052 54.05966241 
0.04973617 59.18875794 54.83252436 
0.05034235 59.84737253 55.66887681 
0.05094822 60.48516767 56.56063943 
0.05155373 61.15543410 57.31365164 
0.05215899 61.75128975 58.11534686 
0.05276399 62.33170281 58.95940045 
0.05336872 62.97192557 59.84333250 
0.05397325 63.56211770 60.76093919 
0.05457758 64.13819720 61.70852573 
0.05518174 64.83138080 62.49858968 
0.05578576 65.42586319 63.30760191 
0.05638965 66.00728208 64.13363532 
0.05699338 66.74313088 64.85493531 
0.05759704 67.34866137 65.58054392 
0.05820061 67.94228891 66.30976679 
0.05880042 68.63124204 67.00608796 
0.05940022 69.23565366 67.69229215 
0.06000000 69.82960445 68.36838121 
0.06060073 70.48549291 69.05050290 
0.06120148 71.07811002 69.71469444 
0.06180226 71.66149462 70.36095570 
0.06240800 72.34405227 71.08138014 
0.06301377 72.91744360 71.78194820 
0.06361959 73.48273321 72.46306894 
0.06422549 74.25465333 73.12015310 
0.06483144 74.83657835 73.75572270 
0.06543744 75.41063569 74.37060925 
0.06604354 75.94233365 75.00341013 
0.06664971 76.49083435 75.61302048 
0.06725595 77.03271160 76.20070409 
0.06786229 77.60749859 76.88565401 
0.06846872 78.13321773 77.54640678 
0.06907524 78.65318785 78.18363542 
0.06968184 79.30666817 78.89826083 
0.07028855 79.82139110 79.58788776 
0.07089536 80.33105883 80.25227356 
0.07150236 80.91644786 80.90747608 
0.07210947 81.44089286 81.53687294 
0.07271670 81.96038958 82.13928250 
0.07332405 82.36306415 82.85189135 
0.07393153 82.83260090 83.53767844 
0.07453914 83.29827421 84.19514895 
0.07514690 83.86293944 84.92324162 
0.07575479 84.32583819 85.62322646 
0.07636284 84.78549112 86.29408311 
0.07697108 85.26371236 86.93957428 
0.07757948 85.71671951 87.55565594 
0.07818804 86.16673965 88.14179437 
0.07879185 86.58376584 88.77094290 
0.07939584 87.00794504 89.36987107 
0.08000000 87.42964847 89.93854188 
0.08060079 87.80726866 90.53450207 
0.08120177 88.20951530 91.10014206 
0.08180295 88.60972108 91.63541545 
0.08240559 89.00277535 92.16420484 
0.08300846 89.40135144 92.66231138 
0.08361157 89.79838418 93.13027774 
0.08421493 90.17763255 93.53903683 
0.08481858 90.57773423 93.91672315 
0.08542249 90.97633133 94.26461754 
0.08602666 91.32604751 94.62169448 
0.08663114 91.71334698 94.94720675 
0.08723594 92.09924839 95.24326681 
0.08784106 92.43660271 95.54711588 
0.08844655 92.82257298 95.81923262 
0.08905238 93.20759524 96.06201337 
0.08965852 93.56799683 96.21994239 
0.09026506 93.95131390 96.34613613 
0.09087199 94.33346966 96.44299043 
0.09147928 94.67209569 96.57176044 
0.09208700 95.05399347 96.66886691 
0.09269514 95.43505258 96.73655221 
0.09330367 95.77320468 96.73457587 
0.09391266 96.15589630 96.70115768 
0.09452211 96.53754601 96.63801263 
0.09513196 96.88313160 96.57233670 
0.09574231 97.26144174 96.47552600 
0.09635316 97.63873171 96.34858407 
0.09696441 97.96499976 96.19679542 
0.09757621 98.33548390 96.01417916 
0.09818855 98.70486570 95.80110627 
0.09879180 99.03490713 95.51554625 
0.09939562 99.40359312 95.20041438 
0.10000000 99.77082783 94.85549778 
0.10059575 100.02873822 94.55503844 
0.10119208 100.39940834 94.22317780 
0.10178899 100.76874661 93.85967304 
0.10238641 101.06138594 93.42796435 
0.10298444 101.44985853 92.95961282 
0.10358309 101.83687296 92.45376080 
0.10418238 102.18465509 91.89248778 
0.10478231 102.60526407 91.28917296 
0.10538289 103.02404580 90.64239306 
0.10598414 103.45431401 89.92738533 
0.10658608 103.91390485 89.16471780 
0.10718870 104.37084614 88.35251116 
0.10779218 104.74685014 87.62642601 
0.10839637 105.22610471 86.84559781 
0.10900129 105.70283698 86.00961763 
0.10960707 106.19326365 85.08241758 
0.11021360 106.71549852 84.09338041 
0.11082089 107.23408698 83.04334557 
0.11142911 107.77229687 82.03568349 
0.11203813 108.32696732 80.95906070 
0.11264793 108.87720959 79.81534334 
0.11325872 109.46683575 78.72637234 
0.11387033 110.06062500 77.56172457 
0.11448277 110.64900981 76.32277173 
0.11509622 111.28394555 75.14886627 
0.11571053 111.92119039 73.89260779 
0.11632570 112.55185276 72.55446506 
0.11694188 113.21276950 71.32933252 
0.11755895 113.90573481 70.01504815 
0.11817693 114.59192935 68.61129161 
0.11878372 115.34567186 67.35396587 
0.11939141 116.07821750 66.00437889 
0.12000000 116.80222321 64.56151520 
0.12059678 117.65180612 63.34888843 
0.12119440 118.39814519 62.04620767 
0.12179287 119.13534480 60.65256997 
0.12239207 119.99917813 59.52996847 
0.12299205 120.75463454 58.32135740 
0.12359280 121.50279181 57.02516655 
0.12419417 122.30211705 56.03996075 
0.12479625 123.02790014 54.97315254 
0.12539902 123.74677780 53.82226977 
0.12600232 124.53845528 52.92793196 
0.12660625 125.23735340 51.95671683 
0.12721082 125.93041339 50.90504541 
0.12781582 126.68067480 50.13154496 
0.12842139 127.34665735 49.28531007 
0.12902752 128.00688402 48.36276058 
0.12963402 128.73327719 47.68589846 
0.13024103 129.36780291 46.94028585 
0.13084852 129.99680191 46.12278309 
0.13145634 130.69482386 45.54146869 
0.13206459 131.29633114 44.89525739 
0.13267326 131.89265764 44.18182277 
0.13328223 132.55421763 43.69894512 
0.13389156 133.11896932 43.15497872 
0.13450124 133.67904526 42.54849816 
0.13511119 134.30204019 42.13994192 
0.13572144 134.82581344 41.67417067 
0.13633197 135.34575360 41.15039733 
0.13694276 135.97848930 40.81133387 
0.13755376 136.47371552 40.41897201 
0.13816499 136.96567278 39.97296807 
0.13877651 137.48311141 39.73274878 
0.13938818 137.92271043 39.44318951 
0.14000000 138.36000437 39.10420595 
0.14064050 138.95240217 38.84952843 
0.14128112 139.39493588 38.54638081 
0.14192186 139.83536293 38.19469481 
0.14259084 140.33216963 37.98165437 
0.14325994 140.74857558 37.72324164 
0.14392915 141.16303115 37.41946809 
0.14459862 141.61853770 37.25351654 
0.14526820 142.00180470 37.04986434 
0.14593787 142.38343117 36.80852282 
0.14660773 142.83011987 36.67514258 
0.14727766 143.18695373 36.51177692 
0.14794768 143.54252044 36.31843446 
0.14861785 143.96306921 36.23173150 
0.14928807 144.29457018 36.12278799 
0.14995836 144.62500367 35.99160852 
0.15062876 144.96413405 35.96787142 
0.15129920 145.25694698 35.92965958 
0.15196968 145.54877710 35.87697345 
0.15264024 145.82765599 35.94083997 
0.15331083 146.07119775 35.99801055 
0.15398143 146.31396358 36.04848233 
0.15465206 146.50889694 36.24144609 
0.15532268 146.70588287 36.43549816 
0.15599332 146.90237940 36.63063376 
0.15666401 147.23605557 36.84606057 
0.15733470 147.40789042 37.07035979 
0.15800537 147.57927706 37.30352625 
0.15867028 147.71911735 37.63884931 
0.15933515 147.82123620 37.99050849 
0.16000000 147.92310937 38.35849979 
0.16066235 147.96366293 38.74302234 
0.16132467 148.01325904 39.14441969 
0.16198696 148.06275210 39.56268821 
0.16265465 148.02950873 39.98021632 
0.16332231 148.04284173 40.40857567 
0.16398996 148.05614812 40.84776144 
0.16465760 148.00180933 41.26512540 
0.16532522 147.99056796 41.68698005 
0.16599285 147.97932225 42.11332370 
0.16666047 147.92310032 42.47952691 
0.16732810 147.88775115 42.84388295 
0.16799574 147.85238653 43.20639224 
0.16866330 147.74609660 43.55069235 
0.16933087 147.68962324 43.88680945 
0.16999848 147.63309513 44.21474530 
0.17066610 147.51793425 44.47647716 
0.17133376 147.43619096 44.72368642 
0.17200146 147.35431423 44.95637537 
0.17266912 147.13725259 45.18600631 
0.17333683 147.04171047 45.39477333 
0.17400459 146.94594768 45.58267800 
0.17467237 146.79499961 45.66696384 
0.17534020 146.66914468 45.72403552 
0.17600810 146.54289351 45.75389233 
0.17667601 146.30389489 45.74408288 
0.17734399 146.15535551 45.70070171 
0.17801205 146.00616765 45.62373785 
0.17867462 145.76605626 45.45046238 
0.17933727 145.59517722 45.23791991 
0.18000000 145.42346054 44.98610175 
0.18066112 145.15235721 44.64475379 
0.18132233 144.95279169 44.26333489 
0.18198364 144.75197352 43.84182715 
0.18264912 144.47692414 43.24498191 
0.18331473 144.26576370 42.61182481 
0.18398044 144.05311591 41.94233313 
0.18464628 143.71445867 41.20119300 
0.18531225 143.51782863 40.42802175 
0.18597835 143.31947295 39.62277938 
0.18664465 142.96449655 38.70013294 
0.18731109 142.76890627 37.74974174 
0.18797768 142.57116939 36.77154757 
0.18864448 142.22045844 35.75631094 
0.18931144 142.02870870 34.71762577 
0.18997856 141.83416016 33.65541928 
0.19064593 141.56602262 32.47989999 
0.19131348 141.37845277 31.28523443 
0.19198121 141.18797955 30.07134224 
0.19264921 140.90431679 28.82204975 
0.19331741 140.73601320 27.55791923 
0.19398579 140.56417340 26.27887234 
0.19465447 140.31406341 24.97788529 
0.19532336 140.17658254 23.66637502 
0.19599245 140.03517595 22.34427517 
0.19666184 139.84750596 20.98493157 
0.19733145 139.76069866 19.61938646 
0.19800129 139.66966413 18.24759412 
0.19866729 139.51674987 16.92585160 
0.19933352 139.48487750 15.60225286 
0.20000000 139.44863281 14.27677868 
0.20066356 139.42631167 13.07584026 
0.20132735 139.45086468 11.87637668 
0.20199137 139.47153536 10.67838290 
0.20265699 139.51853200 9.66277964 
0.20332281 139.57351474 8.65107369 
0.20398885 139.62553760 7.64326384 
0.20465502 139.69507542 6.77889444 
0.20532136 139.77889610 5.92084276 
0.20598789 139.86043474 5.06911484 
0.20665451 139.96184946 4.35613905 
0.20732127 140.06878858 3.65190438 
0.20798820 140.17415897 2.95642173 
0.20865517 140.31744008 2.39001504 
0.20932228 140.44851446 1.83477423 
0.20998951 140.57841068 1.29071176 
0.21065677 140.75509382 0.84492170 
0.21132414 140.91641924 0.41272124 
0.21199161 141.07695133 -0.00587707 
0.21265910 141.28798281 -0.30452123 
0.21332667 141.47046074 -0.58715348 
0.21399431 141.65212897 -0.85376224 
0.21466196 141.93505398 -1.03471302 
0.21532967 142.15236495 -1.19723084 
0.21599743 142.36899408 -1.34130586 
0.21666522 142.67179567 -1.36996990 
0.21733304 142.91681225 -1.37777892 
0.21800088 143.16100251 -1.36472551 
0.21866726 143.50155874 -1.22978668 
0.21933363 143.76781379 -1.07168040 
0.22000000 144.03308921 -0.89040274 
0.22066626 144.44967249 -0.62979376 
0.22133251 144.74386863 -0.34715024 
0.22199873 145.03677875 -0.04247178 
0.22266628 145.44120795 0.37598625 
0.22333379 145.75471691 0.81189941 
0.22400126 146.06663503 1.26526537 
0.22466875 146.50770909 1.81092327 
0.22533618 146.85517327 2.36937048 
0.22600357 147.20065256 2.94060285 
0.22667096 147.63234579 3.64968998 
0.22733829 147.98530112 4.36690016 
0.22800556 148.33622878 5.09222787 
0.22867282 148.85310914 5.89107935 
0.22934000 149.22138610 6.69338665 
0.23000712 149.58689478 7.49914350 
0.23067421 150.03017664 8.45056525 
0.23134121 150.38525535 9.40077445 
0.23200813 150.73775080 10.34976511 
0.23267500 151.23930006 11.34193628 
0.23334178 151.57635236 12.32822590 
0.23400846 151.91015896 13.30862988 
0.23467508 152.34823434 14.36684103 
0.23534159 152.67133323 15.41450259 
0.23600798 152.99147230 16.45161477 
0.23667425 153.36680459 17.50061264 
0.23734040 153.63436046 18.53439820 
0.23800642 153.89879933 19.55297960 
0.23867109 154.11303623 20.62691112 
0.23933561 154.31178993 21.68104864 
0.24000000 154.50801992 22.71541778 
0.24066598 154.73275778 23.62963577 
0.24133182 154.86520935 24.52361997 
0.24199753 154.99512201 25.39740289 
0.24266580 155.05798280 26.10358712 
0.24333395 155.14042541 26.79338014 
0.24400198 155.22097958 27.46681360 
0.24466989 155.25500750 27.97623612 
0.24533769 155.30359147 28.47327459 
0.24600538 155.35090789 28.95795175 
0.24667290 155.37959070 29.30197676 
0.24734032 155.41037965 29.63761641 
0.24800766 155.44012929 29.96488373 
0.24867487 155.39495298 30.12786420 
0.24934201 155.41351396 30.28644384 
0.25000907 155.43144791 30.44062616 
0.25067602 155.41271672 30.45982639 
0.25134291 155.42860367 30.47859733 
0.25200973 155.44410917 30.49693720 
0.25267647 155.41530335 30.37660755 
0.25334317 155.43390655 30.25981061 
0.25400981 155.45230569 30.14654252 
0.25467643 155.41725462 29.97133969 
0.25534301 155.44999538 29.80362562 
0.25600956 155.48259166 29.64339767 
0.25667603 155.50684019 29.33636533 
0.25734249 155.55858416 29.04077270 
0.25800893 155.61026642 28.75662130 
0.25867262 155.66262774 28.40242567 
0.25933631 155.74514805 28.06349297 
0.26000000 155.82758379 27.73982769 
0.26066428 155.94652607 27.43603812 
0.26132856 156.07490731 27.14993625 
0.26199285 156.20311158 26.88152890 
0.26266048 156.36197128 26.65075534 
0.26332811 156.50613787 26.43873339 
0.26399573 156.65004499 26.24546860 
0.26466334 156.82077327 26.07809766 
0.26533094 156.97046102 25.93036247 
0.26599852 157.11983138 25.80226915 
0.26666608 157.26688542 25.71840297 
0.26733361 157.40650219 25.65505481 
0.26800112 157.54582980 25.61222918 
0.26866866 157.71312204 25.59906308 
0.26933616 157.85173391 25.60729903 
0.27000363 157.98996477 25.63693903 
0.27067106 158.17869125 25.67316694 
0.27133844 158.31594730 25.73167413 
0.27200578 158.45272503 25.81245940 
0.27267311 158.60933760 25.89395290 
0.27334039 158.73495747 25.99860430 
0.27400761 158.86015263 26.12640870 
0.27467476 158.98865925 26.25476338 
0.27534185 159.09242605 26.40714870 
0.27600887 159.19577103 26.58355571 
0.27667590 159.27944976 26.77534548 
0.27734284 159.36265852 26.99204192 
0.27800970 159.44540937 27.23363176 
0.27867322 159.55262133 27.44934687 
0.27933666 159.61729111 27.69058135 
0.28000000 159.68137364 27.95731769 
0.28066412 159.71511258 28.14239138 
0.28132816 159.75171906 28.35164925 
0.28199212 159.78792160 28.58507425 
0.28266000 159.79139967 28.73661717 
0.28332781 159.82008540 28.90893044 
0.28399555 159.84848972 29.10200125 
0.28466324 159.84872568 29.19467189 
0.28533087 159.87943478 29.30440275 
0.28599845 159.90996340 29.43118523 
0.28666595 159.90664608 29.46244553 
0.28733341 159.94672589 29.50706054 
0.28800084 159.98666787 29.56502502 
0.28866824 160.00080709 29.58926831 
0.28933563 160.06069976 29.62316837 
0.29000300 160.12042257 29.66672251 
0.29067024 160.18166911 29.58123898 
0.29133748 160.26056437 29.50171623 
0.29200473 160.33935050 29.42815330 
0.29267194 160.42196053 29.30413818 
0.29333918 160.53118159 29.18239399 
0.29400643 160.64024413 29.06292064 
0.29467363 160.76438453 28.89489906 
0.29534086 160.91736571 28.72546108 
0.29600813 161.07007560 28.55460663 
0.29667535 161.25217280 28.34031357 
0.29734262 161.45289989 28.12091913 
0.29800994 161.65321032 27.89642242 
0.29867322 161.92382716 27.63822886 
0.29933658 162.18581183 27.37136594 
0.30000000 162.44703834 27.09583120 
0.30066678 162.87566922 26.88082462 
0.30133361 163.20258368 26.66198379 
0.30200048 163.52829070 26.43930820 
0.30267239 163.99015405 26.38972317 
0.30334426 164.32723312 26.35000686 
0.30401611 164.66259038 26.32015591 
0.30468789 165.12557099 26.42915212 
0.30535958 165.44943733 26.56182249 
0.30603117 165.77111667 26.71814844 
0.30670271 166.20411584 27.00523936 
0.30737408 166.49625680 27.32979476 
0.30804527 166.78577543 27.69176757 
0.30871638 167.15859334 28.16555607 
0.30938725 167.40183600 28.69056702 
0.31005787 167.64205984 29.26671005 
0.31072838 167.90968226 29.92515121 
0.31139858 168.07806687 30.64852677 
0.31206846 168.24308955 31.43668606 
0.31273818 168.41970423 32.35692655 
0.31340751 168.45822688 33.35574311 
0.31407646 168.49216648 34.43290483 
0.31474518 168.59421885 35.49774659 
0.31541344 168.53840991 36.65470428 
0.31608124 168.47684708 37.90344325 
0.31674869 168.25595142 39.21582722 
0.31741561 168.03629914 40.63371501 
0.31808200 167.80996768 42.15664065 
0.31872189 167.40176978 43.57274180 
0.31936122 166.98971418 45.09818820 
0.32000000 166.57032253 46.73242523 
0.32061177 165.86821476 48.16298701 
0.32122303 165.34610434 49.69348054 
0.32183378 164.81690141 51.32339060 
0.32244405 163.96240427 52.65720011 
0.32305387 163.35743885 54.07938358 
0.32366324 162.74724799 55.58952017 
0.32427206 161.95802279 56.67960117 
0.32488049 161.33829139 57.84660683 
0.32548853 160.71411556 59.09021576 
0.32609606 159.90825616 60.05281662 
0.32670327 159.28952743 61.08103201 
0.32731015 158.66657257 62.17464192 
0.32791656 157.77597867 63.07377561 
0.32852270 157.17135434 64.02734377 
0.32912857 156.56388863 65.03522796 
0.32973404 155.81484845 65.71010895 
0.33033929 155.24875905 66.42837498 
0.33094434 154.68031152 67.18999051 
0.33154904 154.02393565 67.68118210 
0.33215360 153.49671697 68.20482941 
0.33275800 152.96702169 68.76095158 
0.33336214 152.31910377 69.11499640 
0.33396620 151.85131303 69.49066879 
0.33457017 151.38166077 69.88800900 
0.33517395 150.82007244 70.12778866 
0.33577771 150.41855249 70.37844388 
0.33638144 150.01537022 70.64000559 
0.33698507 149.54412002 70.69377845 
0.33758874 149.20127620 70.74771708 
0.33819244 148.85681470 70.80183614 
0.33879487 148.44290544 70.72832024 
0.33939738 148.17682067 70.64433075 
0.34000000 147.90909451 70.54985914 
0.34060132 147.62690623 70.32094325 
0.34120278 147.42507707 70.07154194 
0.34180438 147.22163168 69.80162538 
0.34240615 147.04509747 69.45643538 
0.34300809 146.90947426 69.08122258 
0.34361021 146.77237290 68.67589898 
0.34421262 146.68015698 68.14690451 
0.34481524 146.62614626 67.57832163 
0.34541807 146.57053570 66.96995896 
0.34602124 146.44628362 66.40129503 
0.34662466 146.46155824 65.78343477 
0.34722833 146.47445703 65.11604021 
0.34783243 146.46684360 64.39602683 
0.34843680 146.54470461 63.61712581 
0.34904147 146.61976074 62.77883729 
0.34964661 146.71323945 61.92627267 
0.35025208 146.85538856 61.00498409 
0.35085787 146.99427958 60.01436732 
0.35146420 147.16384825 58.99886860 
0.35207088 147.40122094 57.90465405 
0.35267792 147.63438442 56.73107294 
0.35328553 147.86564062 55.62954731 
0.35389353 148.16166470 54.43914805 
0.35450192 148.45283037 53.15925463 
0.35511090 148.80750207 51.91629484 
0.35572031 149.18557477 50.57416396 
0.35633015 149.55756080 49.13227115 
0.35694057 150.05200728 47.75964656 
0.35755145 150.51927411 46.27743248 
0.35816279 150.97911209 44.68504201 
0.35877470 151.57928190 43.19353138 
0.35938710 152.15443336 41.58190264 
0.36000000 152.72026367 39.84955178 
0.36063956 153.51743472 38.31979393 
0.36127964 154.24478603 36.66221211 
0.36192025 154.96255318 34.87619798 
0.36258702 155.89279108 33.44467964 
0.36325429 156.67513856 31.89382799 
0.36392205 157.44761055 30.22318676 
0.36459010 158.41230988 28.99387243 
0.36525857 159.22521693 27.66485272 
0.36592747 160.02990426 26.23582440 
0.36659652 161.02496820 25.18660241 
0.36726592 161.82615019 24.05752741 
0.36793566 162.62014069 22.84840759 
0.36860549 163.52545178 22.11434542 
0.36927558 164.29078971 21.32042392 
0.36994595 165.04818685 20.46652981 
0.37061636 166.09041650 19.88613698 
0.37128696 166.84824423 19.26596546 
0.37195775 167.59958848 18.60595480 
0.37262856 168.49521671 18.41739293 
0.37329948 169.19047079 18.20918142 
0.37397053 169.88028229 17.98129234 
0.37464158 170.89414944 17.96124862 
0.37531267 171.55340529 17.94170574 
0.37598380 172.20800720 17.92265149 
0.37665494 173.01739047 18.28722254 
0.37732604 173.60455185 18.67244647 
0.37799710 174.18750094 19.07831154 
0.37866484 174.85156676 19.74624682 
0.37933248 175.33434292 20.45452175 
0.38000000 175.81364886 21.20310992 
0.38066537 176.25086626 22.11882719 
0.38133060 176.61078676 23.07890621 
0.38199570 176.96838245 24.08331293 
0.38266399 177.28356629 25.08481079 
0.38333216 177.55698051 26.11985720 
0.38400021 177.82851326 27.18842681 
0.38466824 178.05947681 28.23762363 
0.38533617 178.28243965 29.30912880 
0.38600399 178.50412766 30.40292545 
0.38667179 178.70646741 31.46431672 
0.38733950 178.89325634 32.53679262 
0.38800712 179.07912295 33.62034293 
0.38867472 179.21842078 34.68984848 
0.38934225 179.37089732 35.75922393 
0.39000970 179.52278002 36.82846451 
0.39067713 179.68080253 37.84008891 
0.39134450 179.80663372 38.84037037 
0.39201182 179.93200241 39.82930816 
0.39267909 179.99285914 40.81886306 
0.39334632 180.10637159 41.78585871 
0.39401351 180.21961696 42.73029707 
0.39468073 180.33512302 43.60211466 
0.39534794 180.44304801 44.44013736 
0.39601511 180.55078425 45.24436641 
0.39668228 180.63389988 45.99230359 
0.39734943 180.72899440 46.69519520 
0.39801658 180.82397028 47.35303692 
0.39867771 180.90763928 47.95033790 
0.39933885 181.00115112 48.49235333 
0.40000000 181.09456940 48.97911501 
0.40065755 181.19395942 49.43629845 
0.40131512 181.28220065 49.83637264 
0.40197270 181.37036085 50.17937302 
0.40263030 181.48100645 50.51876355 
0.40328790 181.55403809 50.80704438 
0.40394550 181.62701096 51.04435114 
0.40460305 181.69559080 51.24523002 
0.40526059 181.74449735 51.40099256 
0.40591814 181.79337214 51.51191945 
0.40657569 181.79842855 51.66338288 
0.40723323 181.79981294 51.77573117 
0.40789076 181.80118902 51.84938636 
0.40854829 181.78531445 51.89629418 
0.40920581 181.76921043 51.91011068 
0.40986332 181.75309440 51.89138807 
0.41052077 181.71420225 51.80679132 
0.41117821 181.65193417 51.69515591 
0.41183562 181.58963280 51.55714725 
0.41249302 181.47289329 51.40225404 
0.41315040 181.36415974 51.22639639 
0.41380775 181.25532019 51.03033231 
0.41445994 181.07932189 50.78395599 
0.41511211 180.92114223 50.52292900 
0.41576424 180.76273599 50.24807705 
0.41634808 180.52767807 49.96528506 
0.41693189 180.33806682 49.67525745 
0.41751568 180.14813128 49.37893578 
0.41798151 179.96958693 49.08261913 
0.41844732 179.78995863 48.78308754 
0.41891312 179.61001610 48.48240314 
0.41927542 179.41297237 48.21155547 
0.41963772 179.24133199 47.94037614 
0.42000000 179.06937799 47.66886547 
0.42031717 178.84620904 47.41432204 
0.42063434 178.67123385 47.16112453 
0.42095149 178.49597452 46.90927268 
0.42126864 178.27228414 46.60215889 
0.42158578 178.08949329 46.29550020 
0.42190292 177.90637184 45.98929658 
0.42222005 177.67452118 45.64437624 
0.42253717 177.48303622 45.30175184 
0.42285430 177.29117252 44.96153542 
0.42317142 177.06230459 44.56435107 
0.42348854 176.86292763 44.16868389 
0.42380565 176.66310754 43.77453392 
0.42412273 176.42582317 43.33744667 
0.42443981 176.22561340 42.90362262 
0.42475689 176.02493131 42.47327404 
0.42507401 175.77560840 42.00796821 
0.42539114 175.57402796 41.54524955 
0.42570826 175.37193629 41.08511880 
0.42602540 175.11336366 40.59801237 
0.42634253 174.91384015 40.11513506 
0.42665968 174.71376845 39.63680167 
0.42697683 174.47017535 39.11293808 
0.42729400 174.26789074 38.59273289 
0.42761117 174.06498336 38.07618803 
0.42792835 173.83009878 37.52460666 
0.42824555 173.62781677 36.97783144 
0.42856276 173.42485598 36.43684223 
0.42888002 173.19235175 35.86876199 
0.42919731 172.99173393 35.30541443 
0.42951460 172.79039804 34.74680320 
0.42983191 172.56307340 34.15527322 
0.43014924 172.36511953 33.56883518 
0.43046659 172.16644243 32.98952283 
0.43078395 171.94393566 32.38662668 
0.43110134 171.75229425 31.78953832 
0.43141874 171.55993524 31.19826348 
0.43173617 171.33926953 30.58542491 
0.43205362 171.15395882 29.97800384 
0.43237109 170.96790675 29.37893448 
0.43268858 170.75077082 28.76700571 
0.43300610 170.57186514 28.16196211 
0.43332365 170.39218161 27.56381168 
0.43364122 170.18380552 26.94440900 
0.43395882 170.01017850 26.33103284 
0.43427644 169.83574300 25.72669682 
0.43459410 169.63803813 25.10846198 
0.43491179 169.47295073 24.49819180 
0.43522950 169.30703387 23.89589663 
0.43554725 169.12075947 23.28701311 
0.43586503 168.96509368 22.68524584 
0.43618285 168.80858285 22.09235489 
0.43650076 168.63246246 21.50011456 
0.43681870 168.48674476 20.91692336 
0.43713668 168.34017590 20.34279390 
0.43745470 168.17966385 19.75384899 
0.43777276 168.04628926 19.17311440 
0.43809085 167.91206734 18.60129970 
0.43840892 167.73855706 18.05606656 
0.43872704 167.61597155 17.52095363 
0.43904519 167.49233249 16.99597531 
0.43936342 167.36606325 16.46160054 
0.43968169 167.25881166 15.93651824 
0.44000000 167.15057829 15.42073983 
0.44032553 167.05022333 14.91667294 
0.44065110 166.95650919 14.42191395 
0.44097672 166.86191998 13.93647503 
0.44130952 166.77201395 13.48135239 
0.44164236 166.69052221 13.03621104 
0.44197525 166.60802942 12.60106131 
0.44230819 166.52764068 12.20145524 
0.44264117 166.45296589 11.80899074 
0.44297420 166.37741654 11.42359501 
0.44330727 166.31083209 11.07793904 
0.44364038 166.24407048 10.73958844 
0.44397354 166.17652502 10.40854818 
0.44430674 166.11919131 10.10331875 
0.44463998 166.06085311 9.80253977 
0.44497326 166.00185356 9.50615872 
0.44530659 165.94988916 9.24032000 
0.44563995 165.89726889 8.97910484 
0.44597335 165.84391093 8.72251449 
0.44630675 165.78964888 8.50624286 
0.44664018 165.74409323 8.29173161 
0.44697364 165.69782624 8.07894238 
0.44730715 165.64357887 7.89542436 
0.44764069 165.60136477 7.71384584 
0.44797427 165.55846594 7.53420562 
0.44830789 165.51929578 7.38935447 
0.44864154 165.48372636 7.24357661 
0.44897523 165.44752888 7.09684353 
0.44930895 165.41696692 6.96857617 
0.44964270 165.38735811 6.83956526 
0.44997649 165.35717470 6.70980801 
0.45031031 165.33067254 6.61129373 
0.45064417 165.30772164 6.50916608 
0.45097805 165.28416677 6.40340418 
0.45131197 165.26156212 6.32974793 
0.45164592 165.24284881 6.25266491 
0.45197990 165.22358470 6.17215139 
0.45231387 165.21266689 6.11750114 
0.45264787 165.19960482 6.05655217 
0.45298190 165.18603981 5.98928950 
0.45331596 165.18378739 5.94047890 
0.45365005 165.17672275 5.88555900 
0.45398417 165.16917377 5.82452556 
0.45431831 165.16191256 5.79209706 
0.45465247 165.16090382 5.75068307 
0.45498667 165.15938640 5.70027299 
0.45532088 165.16130051 5.67823750 
0.45565513 165.16562537 5.64740813 
0.45598939 165.16948187 5.60778037 
0.45632368 165.17948758 5.59131787 
0.45665799 165.18896456 5.56318110 
0.45699233 165.19799797 5.52336270 
0.45732668 165.21643927 5.50390270 
0.45766106 165.23261651 5.47296166 
0.45799546 165.24836066 5.43053499 
0.45832987 165.26988010 5.41535595 
0.45866431 165.29030090 5.38581278 
0.45899877 165.31030526 5.34190023 
0.45933249 165.33881727 5.31663993 
0.45966624 165.36457300 5.27727279 
0.46000000 165.38992788 5.22379427 
0.46033282 165.42197424 5.19038624 
0.46066566 165.45168881 5.14124774 
0.46099852 165.48100981 5.07637423 
0.46133154 165.51959723 5.03370086 
0.46166458 165.55456666 4.97530417 
0.46199763 165.58914595 4.90117981 
0.46233070 165.63565234 4.84402432 
0.46266378 165.67821220 4.77059126 
0.46299688 165.72037882 4.68087675 
0.46332999 165.77588192 4.60511439 
0.46366312 165.82307142 4.51309655 
0.46399626 165.86987339 4.40481925 
0.46432941 165.92082253 4.32358088 
0.46466258 165.97369863 4.22553121 
0.46499576 166.02619877 4.11066755 
0.46532895 166.08434003 4.01932048 
0.46566215 166.14413182 3.91118553 
0.46599537 166.20354834 3.78625911 
0.46632864 166.26978838 3.68329388 
0.46666193 166.33550045 3.56297896 
0.46699523 166.40082274 3.42531291 
0.46732853 166.47541358 3.31083654 
0.46766185 166.54738208 3.17903541 
0.46799518 166.61894250 3.02990637 
0.46832848 166.70125054 2.90522726 
0.46866180 166.77888202 2.76266911 
0.46899512 166.85607975 2.60223177 
0.46932845 166.94745634 2.46548500 
0.46966179 167.03131620 2.31088573 
0.46999514 167.11470980 2.13843127 
0.47032855 167.21269426 1.98709246 
0.47066198 167.30461553 1.81733503 
0.47099541 167.39614596 1.62916023 
0.47132886 167.49599554 1.47327035 
0.47166231 167.59371643 1.29899022 
0.47199576 167.69099140 1.10631766 
0.47232919 167.80143881 0.93869589 
0.47266263 167.90518854 0.75212751 
0.47299607 168.00843598 0.54661494 
0.47332952 168.12881648 0.36463407 
0.47366297 168.23887393 0.16373666 
0.47399643 168.34841702 -0.05607894 
0.47432995 168.47730152 -0.24772218 
0.47466349 168.59401839 -0.45885022 
0.47499702 168.71020640 -0.68945963 
0.47533057 168.84685629 -0.89403664 
0.47566411 168.97062078 -1.11806671 
0.47599766 169.09384504 -1.36155089 
0.47633122 169.23858649 -1.57899633 
0.47666477 169.36982342 -1.81645590 
0.47699833 169.50050561 -2.07392565 
0.47733186 169.65326015 -2.30502986 
0.47766539 169.79211218 -2.55611072 
0.47799892 169.93039194 -2.82716864 
0.47833249 170.09256792 -3.06955922 
0.47866607 170.24049242 -3.33249132 
0.47899964 170.38782061 -3.61596104 
0.47933310 170.55849364 -3.87486805 
0.47966655 170.71642541 -4.15426710 
0.48000000 170.87373819 -4.45415788 
0.48033330 171.05858070 -4.71862975 
0.48066661 171.22871039 -5.00331261 
0.48099991 171.39820905 -5.30820593 
0.48133326 171.59406172 -5.57212161 
0.48166660 171.77484786 -5.85566269 
0.48199994 171.95492799 -6.15882975 
0.48233329 172.16154780 -6.42092640 
0.48266663 172.34821733 -6.70156712 
0.48299998 172.53411475 -7.00075117 
0.48333333 172.76059913 -7.26368158 
0.48366668 172.95574939 -7.54456607 
0.48400003 173.15020320 -7.84340371 
0.48433338 173.38733663 -8.10855157 
0.48466673 173.59120549 -8.39057212 
0.48500009 173.79442864 -8.68946335 
0.48533341 174.02598253 -8.94251239 
0.48566673 174.23501992 -9.21183933 
0.48600005 174.44337010 -9.49744321 
0.48633337 174.68693122 -9.75059835 
0.48666670 174.90234669 -10.01895196 
0.48700002 175.11708653 -10.30249985 
0.48733339 175.37106210 -10.54834072 
0.48766675 175.59383395 -10.80879038 
0.48800012 175.81594350 -11.08384790 
0.48833349 176.07324975 -11.32416559 
0.48866686 176.30198196 -11.57801325 
0.48900024 176.53005430 -11.84538539 
0.48933355 176.79283063 -12.07871366 
0.48966686 177.02708597 -12.32497283 
0.49000018 177.26069200 -12.58416209 
0.49033349 177.52544302 -12.80780762 
0.49066681 177.76835721 -13.04330623 
0.49100014 178.01056251 -13.29065168 
0.49133347 178.27813838 -13.49781109 
0.49166680 178.52617503 -13.71622970 
0.49200013 178.77344692 -13.94590683 
0.49233347 179.05175064 -14.14800630 
0.49266681 179.30530409 -14.36028720 
0.49300015 179.55806057 -14.58274298 
0.49333350 179.83756456 -14.75810562 
0.49366685 180.09462295 -14.94305579 
0.49400020 180.35084072 -15.13759299 
0.49433353 180.66310275 -15.31302255 
0.49466685 180.92868407 -15.49695937 
0.49500018 181.19345985 -15.68939733 
0.49533351 181.48811971 -15.84283981 
0.49566685 181.75579287 -16.00419656 
0.49600020 182.02264083 -16.17346723 
0.49633350 182.33219834 -16.30223219 
0.49666681 182.60767037 -16.43783072 
0.49700013 182.88227023 -16.58025744 
0.49733345 183.22581458 -16.71048638 
0.49766678 183.50904074 -16.84695711 
0.49800011 183.79140776 -16.98966941 
0.49833344 184.11596015 -17.08292964 
0.49866678 184.41078480 -17.18135215 
0.49900012 184.70466879 -17.28493256 
0.49933341 185.03514142 -17.35699000 
0.49966670 185.33548425 -17.43361748 
0.50000000 185.63484961 -17.51481486 
0.50033345 185.99375991 -17.55609996 
0.50066691 186.30516151 -17.60099215 
0.50100038 186.61552642 -17.64949133 
0.50133384 186.98709701 -17.65667845 
0.50166732 187.30861292 -17.66619193 
0.50200079 187.62903847 -17.67803490 
0.50233427 188.00695539 -17.62707214 
0.50266774 188.33335083 -17.57758627 
0.50300123 188.65863883 -17.52957698 
0.50333471 189.07426736 -17.45827818 
0.50366819 189.40966181 -17.38717490 
0.50400167 189.74379213 -17.31626842 
0.50433516 190.13414256 -17.18675187 
0.50466864 190.47175896 -17.05658218 
0.50500212 190.80806187 -16.92575880 
0.50533560 191.19859894 -16.74711180 
0.50566908 191.53232430 -16.56652951 
0.50600255 191.86473964 -16.38401124 
0.50633608 192.27004135 -16.16878039 
0.50666960 192.60299023 -15.95076466 
0.50700312 192.93455397 -15.72996317 
0.50733663 193.34943033 -15.47214821 
0.50767014 193.68081287 -15.21026466 
0.50800365 194.01067385 -14.94431155 
0.50833714 194.40675099 -14.66968730 
0.50867064 194.74590942 -14.39014676 
0.50900412 195.08352806 -14.10568745 
0.50933760 195.43487955 -13.71660621 
0.50967108 195.75524441 -13.32132267 
0.51000454 196.07431313 -12.91983571 
0.51033808 196.51080838 -12.54196692 
0.51067162 196.83446356 -12.15704590 
0.51100514 197.15632665 -11.76506864 
0.51133866 197.51594718 -11.32543584 
0.51167216 197.83329227 -10.87746153 
0.51200566 198.14910496 -10.42114467 
0.51233914 198.48185264 -9.93092233 
0.51267262 198.78255777 -9.43151262 
0.51300608 199.08194811 -8.92291117 
0.51333960 199.41729578 -8.38236066 
0.51367311 199.69744012 -7.83132750 
0.51400661 199.97598110 -7.26981112 
0.51434010 200.29142697 -6.68484425 
0.51467357 200.54858083 -6.08854899 
0.51500702 200.80402918 -5.48092184 
0.51534050 201.14988587 -4.87788641 
0.51567396 201.39769752 -4.26222862 
0.51600741 201.64362554 -3.63394898 
0.51634084 201.91022063 -2.97007185 
0.51667425 202.13052170 -2.29272685 
0.51700765 202.34918412 -1.60191306 
0.51734108 202.59392587 -0.89776486 
0.51767450 202.77848222 -0.17885404 
0.51800790 202.96108130 0.55481699 
0.51834127 203.15497267 1.26723548 
0.51867463 203.30768864 1.99526197 
0.51900796 203.45861589 2.73889306 
0.51933866 203.56852862 3.52447733 
0.51966934 203.67528087 4.32668715 
0.52000000 203.78033287 5.14551729 
0.52037224 203.84102530 6.01060320 
0.52074446 203.89602635 6.89701714 
0.52111665 203.94876551 7.80474971 
0.52159001 203.95637257 8.79962525 
0.52206334 203.96074000 9.82585988 
0.52253662 203.96210183 10.88382506 
0.52312332 203.80567388 12.01604938 
0.52370995 203.72711722 13.19362693 
0.52429652 203.64462880 14.41629053 
0.52494736 203.34402161 15.51629452 
0.52559812 203.17075393 16.66720544 
0.52624883 202.99382857 17.86879105 
0.52690440 202.63178864 18.81818784 
0.52755990 202.41683800 19.81378337 
0.52821535 202.19886497 20.85540179 
0.52887063 201.79898330 21.63746973 
0.52952586 201.53763958 22.46021968 
0.53018103 201.27376006 23.32353064 
0.53083604 200.78749231 23.98650983 
0.53149101 200.48708707 24.68467390 
0.53214593 200.18488451 25.41794982 
0.53280071 199.76845703 25.83476525 
0.53345545 199.43822425 26.28128903 
0.53411015 199.10658092 26.75748582 
0.53476473 198.64860031 27.04207869 
0.53541928 198.31013056 27.35092263 
0.53607380 197.97027995 27.68400701 
0.53672824 197.51372925 27.78320876 
0.53738265 197.17042353 27.90122040 
0.53803704 196.82575450 28.03804172 
0.53869138 196.31044932 28.01325473 
0.53934570 195.99106520 28.00183989 
0.54000000 195.67063909 28.00379501 
0.54066044 195.15686884 27.88015302 
0.54132087 194.83919055 27.76219820 
0.54198129 194.52049371 27.64993057 
0.54264804 194.10293855 27.31870590 
0.54331478 193.79493315 26.98270432 
0.54398153 193.48580322 26.64192104 
0.54464833 193.09816066 26.18102795 
0.54531513 192.81464530 25.70472771 
0.54598195 192.52997240 25.21301157 
0.54664887 192.17765225 24.60739930 
0.54731581 191.92963231 23.97573517 
0.54798277 191.68037916 23.31800372 
0.54864986 191.38081080 22.52827667 
0.54931699 191.17999597 21.70183173 
0.54998415 190.97775795 20.83864436 
0.55065146 190.65524893 19.94845091 
0.55131881 190.51320524 19.01084675 
0.55198621 190.36900452 18.02579663 
0.55265378 190.16919356 16.97655026 
0.55332140 190.07727675 15.86917038 
0.55398908 189.98282204 14.70361016 
0.55465693 189.86990568 13.49585701 
0.55532485 189.84099584 12.21921719 
0.55599283 189.80906405 10.87363241 
0.55666098 189.75002512 9.55306835 
0.55732921 189.80382728 8.15283727 
0.55799751 189.85383454 6.67287072 
0.55866492 189.95568603 5.20581057 
0.55933241 190.10699176 3.64857424 
0.56000000 190.25354417 2.00108616 
0.56066606 190.57408406 0.55383833 
0.56133221 190.83561891 -0.98179684 
0.56199845 191.09173006 -2.60588576 
0.56266482 191.64017163 -3.96182284 
0.56333126 191.99631295 -5.39272662 
0.56399779 192.34812734 -6.89863675 
0.56466433 192.90647679 -8.08448270 
0.56533093 193.32799246 -9.33181241 
0.56599761 193.74538042 -10.64064797 
0.56666425 194.36794035 -11.61535530 
0.56733095 194.83078814 -12.63804258 
0.56799772 195.28973083 -13.70872099 
0.56866443 196.07651509 -14.60220192 
0.56933120 196.58897463 -15.53015345 
0.56999802 197.09849459 -16.49258033 
0.57066478 197.81080539 -17.11449252 
0.57133159 198.37031347 -17.75736810 
0.57199844 198.92661933 -18.42120843 
0.57266522 199.65319671 -18.81910223 
0.57333205 200.24145720 -19.22445835 
0.57399891 200.82615248 -19.63727702 
0.57466572 201.58132925 -19.78299304 
0.57533255 202.17032668 -19.92267821 
0.57599941 202.75590370 -20.05633328 
0.57666622 203.63287277 -19.96611640 
0.57733304 204.23349903 -19.85638382 
0.57799989 204.83048098 -19.72713825 
0.57866658 205.69524950 -19.32397015 
0.57933328 206.30867574 -18.88782552 
0.58000000 206.91799014 -18.41871073 
0.58066707 207.73868898 -17.82163429 
0.58133413 208.32917472 -17.18463785 
0.58200119 208.91511906 -16.50772379 
0.58266867 209.60302843 -15.47538132 
0.58333612 210.14615698 -14.40273091 
0.58400354 210.68516957 -13.28978287 
0.58467096 211.54516564 -12.14616723 
0.58533833 212.07818304 -10.96192304 
0.58600565 212.60575695 -9.73706348 
0.58667298 213.33964162 -8.35678340 
0.58734024 213.84046301 -6.93554922 
0.58800742 214.33577936 -5.47337380 
0.58867463 214.96685238 -3.90101102 
0.58934173 215.41352584 -2.28736602 
0.59000874 215.85474735 -0.63245358 
0.59067576 216.37742487 1.12525236 
0.59134265 216.74996366 2.92456301 
0.59200943 217.11698007 4.76546704 
0.59267620 217.59907359 6.67441455 
0.59334282 217.86569382 8.62528301 
0.59400929 218.12554757 10.61806584 
0.59467573 218.50882428 12.61806934 
0.59534200 218.67523012 14.66029786 
0.59600810 218.83407831 16.74475080 
0.59667411 218.97831675 18.80421768 
0.59733993 219.02318762 20.90619655 
0.59800555 219.06000225 23.05069153 
0.59867059 219.02444212 25.02477181 
0.59933541 218.87070687 27.04158922 
0.60000000 218.70817789 29.10115187 
0.60066721 218.23136175 30.99267183 
0.60133419 217.93531198 32.92408450 
0.60200094 217.63026240 34.89531889 
0.60267017 216.96885908 36.53004846 
0.60333920 216.54088128 38.19808602 
0.60400802 216.10558074 39.89936808 
0.60467657 215.57163917 40.98624972 
0.60534493 215.06755250 42.09943934 
0.60601311 214.55781546 43.23899402 
0.60668099 213.88039215 44.03694201 
0.60734872 213.33342340 44.85423147 
0.60801628 212.78105655 45.69103753 
0.60868356 212.04924400 46.13213267 
0.60935070 211.49120275 46.58565022 
0.61001770 210.92859816 47.05187190 
0.61068446 210.11089065 47.30722451 
0.61135110 209.58835776 47.56813103 
0.61201763 209.06305742 47.83496328 
0.61268396 208.47045820 47.62794544 
0.61335020 207.95439683 47.41966388 
0.61401634 207.43546793 47.21055790 
0.61468234 206.77162000 46.84324316 
0.61534827 206.30897475 46.46789399 
0.61601414 205.84442605 46.08499009 
0.61667994 205.29390078 45.49254745 
0.61734570 204.90255260 44.88533762 
0.61801141 204.50990232 44.26385086 
0.61867430 204.08737074 43.45647393 
0.61933716 203.78408165 42.62773482 
0.62000000 203.47992667 41.77807747 
0.62066408 203.22745875 40.87639517 
0.62132814 202.98043135 39.95473606 
0.62199219 202.73277054 39.01276133 
0.62266006 202.51729524 38.21641486 
0.62332791 202.28053234 37.40892395 
0.62399573 202.04322811 36.59036174 
0.62466359 201.87478801 35.78541534 
0.62533140 201.66456642 34.97840329 
0.62599918 201.45398198 34.17063880 
0.62666698 201.21607453 33.51323406 
0.62733473 200.96114242 32.86288393 
0.62800243 200.70561861 32.22285764 
0.62867014 200.49178313 31.57607001 
0.62933779 200.22652557 30.94608320 
0.63000537 199.96074546 30.33705580 
0.63067295 199.64174520 29.83445532 
0.63134045 199.30791390 29.35920488 
0.63200789 198.97297494 28.91470703 
0.63267530 198.58941301 28.48080611 
0.63334262 198.21717740 28.08557007 
0.63400986 197.84357269 27.73004771 
0.63467706 197.35339243 27.42499902 
0.63534417 196.91545350 27.16920363 
0.63601118 196.47554193 26.96199682 
0.63667809 195.91130680 26.76316189 
0.63734490 195.42585769 26.62305014 
0.63801161 194.93814688 26.54051078 
0.63867452 194.31060761 26.41268517 
0.63933732 193.75217823 26.35152630 
0.64000000 193.19119965 26.35614347 
0.64066378 192.48515046 26.26197370 
0.64132744 191.85682555 26.23541740 
0.64199100 191.22512824 26.27698180 
0.64265929 190.42816259 26.19652688 
0.64332749 189.74807493 26.17887688 
0.64399560 189.06355985 26.22450255 
0.64466363 188.18223098 26.14381567 
0.64533159 187.47709933 26.12011435 
0.64599947 186.76755503 26.15381474 
0.64666718 185.93120193 25.97038441 
0.64733485 185.19719431 25.83813239 
0.64800246 184.45783693 25.75741312 
0.64867002 183.48740992 25.65151359 
0.64933755 182.76178316 25.59102871 
0.65000505 182.03091935 25.57625037 
0.65067242 181.17637869 25.31117580 
0.65133978 180.43104275 25.08576240 
0.65200712 179.67986837 24.90023810 
0.65267441 178.80730633 24.62837512 
0.65334170 178.04760712 24.39044855 
0.65400899 177.28156669 24.18662450 
0.65467622 176.36256645 23.87022869 
0.65534347 175.60552168 23.58206046 
0.65601074 174.84196116 23.32222653 
0.65667796 173.96327513 22.91918911 
0.65734522 173.19752218 22.53868632 
0.65801252 172.42477608 22.18076974 
0.65867495 171.52615596 21.73851690 
0.65933745 170.76728314 21.31289780 
0.66000000 170.00119106 20.90392638 
0.66066123 169.07483746 20.35591362 
0.66132254 168.31812210 19.81849900 
0.66198393 167.55335716 19.29169514 
0.66264908 166.69961212 18.58058377 
0.66331434 165.95802565 17.87368914 
0.66397970 165.20811179 17.17101804 
0.66464518 164.31704722 16.37109836 
0.66531079 163.62212529 15.56887903 
0.66597653 162.91768139 14.76434761 
0.66664251 162.12714327 13.88171971 
0.66730864 161.49002407 12.99025817 
0.66797492 160.84373367 12.08992381 
0.66864147 160.09277965 11.12202290 
0.66930818 159.49171074 10.13872600 
0.66997507 158.87990602 9.13996250 
0.67064229 158.19309926 8.13775089 
0.67130970 157.64645572 7.11354150 
0.67197731 157.08851193 6.06723113 
0.67264528 156.51361415 5.01886954 
0.67331348 156.01393790 3.94186456 
0.67398189 155.50427074 2.83608132 
0.67465068 154.98890657 1.78045150 
0.67531972 154.54667702 0.68948541 
0.67598900 154.09456402 -0.43697702 
0.67665866 153.65098975 -1.48202639 
0.67732858 153.27440905 -2.56914602 
0.67799877 152.88743884 -3.69851299 
0.67866556 152.49573738 -4.67604007 
0.67933264 152.20706399 -5.70184269 
0.68000000 151.90680638 -6.77609932 
0.68066401 151.72177458 -7.61927193 
0.68132829 151.49692902 -8.51171499 
0.68199284 151.26311707 -9.45355431 
0.68265825 151.13564097 -10.09729549 
0.68332390 150.96188556 -10.78678222 
0.68398979 150.77925547 -11.52210395 
0.68465578 150.65760127 -11.89488649 
0.68532199 150.49003649 -12.30975825 
0.68598841 150.31650437 -12.76678023 
0.68665487 150.21148215 -12.97691283 
0.68732151 150.04557213 -13.22545675 
0.68798834 149.87520275 -13.51245221 
0.68865517 149.77534410 -13.55846734 
0.68932215 149.60439562 -13.63920654 
0.68998928 149.43029175 -13.75469690 
0.69065639 149.35539937 -13.67365694 
0.69132363 149.18379115 -13.62365400 
0.69199098 149.00985797 -13.60470651 
0.69265832 148.94204200 -13.43046096 
0.69332574 148.78047801 -13.28356993 
0.69399325 148.61702868 -13.16404626 
0.69466075 148.52489506 -12.90450455 
0.69532831 148.36709670 -12.66864095 
0.69599592 148.20785511 -12.45646452 
0.69666357 148.10266356 -12.12975755 
0.69733125 147.94101700 -11.82305809 
0.69799894 147.77836635 -11.53637227 
0.69866597 147.67444685 -11.16862945 
0.69933299 147.51194322 -10.81718434 
0.70000000 147.34880692 -10.48203982 
0.70066664 147.23184247 -10.12245245 
0.70133325 147.06654958 -9.77531046 
0.70199983 146.90075811 -9.44061445 
0.70266676 146.74125748 -9.05310165 
0.70333366 146.56548693 -8.67404494 
0.70400053 146.38929633 -8.30344368 
0.70466746 146.25312521 -7.94393403 
0.70533435 146.08272635 -7.58887786 
0.70600122 145.91192212 -7.23827344 
0.70666813 145.76289228 -6.89084107 
0.70733500 145.59153780 -6.54385559 
0.70800184 145.41970509 -6.19731487 
0.70866872 145.25743304 -5.81767321 
0.70933556 145.07513939 -5.43446938 
0.71000236 144.89207247 -5.04770081 
0.71066919 144.76403763 -4.68342195 
0.71133597 144.58012087 -4.31157001 
0.71200271 144.39547479 -3.93214239 
0.71266946 144.22523904 -3.55975443 
0.71333616 144.02607812 -3.17578215 
0.71400281 143.82599732 -2.78022372 
0.71466947 143.62806975 -2.38920557 
0.71533606 143.40621071 -1.98259377 
0.71600261 143.18304436 -1.56038817 
0.71666909 142.94004204 -1.16393585 
0.71733552 142.68986089 -0.74788675 
0.71800189 142.43796655 -0.31224392 
0.71866799 142.15482803 0.09858759 
0.71933403 141.86093065 0.53299897 
0.72000000 141.56476832 0.99098221 
0.72066662 141.26969414 1.28771499 
0.72133318 140.92630600 1.60835422 
0.72199967 140.58082021 1.95287811 
0.72266699 140.15961511 2.15203072 
0.72333425 139.77597185 2.37168950 
0.72400147 139.38941883 2.61183671 
0.72466858 138.92273671 2.72694671 
0.72533565 138.51820806 2.85910533 
0.72600268 138.11135882 3.00829945 
0.72666962 137.65638599 3.01070366 
0.72733652 137.23575726 3.02670670 
0.72800339 136.81222991 3.05629996 
0.72867018 136.32008766 3.00353144 
0.72933694 135.89549250 2.96091943 
0.73000368 135.46814256 2.92845917 
0.73067036 134.97134174 2.80084431 
0.73133702 134.55695810 2.67995030 
0.73200366 134.13997381 2.56577493 
0.73267026 133.65478960 2.38451212 
0.73333686 133.24383428 2.20653952 
0.73400344 132.83034480 2.03185684 
0.73467003 132.34692619 1.79783134 
0.73533661 131.94887133 1.56366905 
0.73600320 131.54842455 1.32937040 
0.73666974 131.11412479 1.04806879 
0.73733630 130.71226161 0.76320551 
0.73800287 130.30789009 0.47478016 
0.73866856 129.84895298 0.17804933 
0.73933427 129.47753244 -0.12565145 
0.74000000 129.10376798 -0.43632482 
0.74066553 128.68794465 -0.75205651 
0.74133109 128.33355287 -1.07624244 
0.74199667 127.97679466 -1.40888307 
0.74266308 127.59301104 -1.69650497 
0.74332952 127.24376610 -1.99215484 
0.74399599 126.89221804 -2.29583298 
0.74466248 126.51128266 -2.57631982 
0.74532900 126.16665906 -2.86438574 
0.74599555 125.81957979 -3.16003096 
0.74666213 125.43750360 -3.40642424 
0.74732874 125.09382079 -3.65994818 
0.74799538 124.74762152 -3.92060303 
0.74866210 124.36679609 -4.15026622 
0.74932885 124.03271389 -4.38661316 
0.74999563 123.69609825 -4.62964417 
0.75066245 123.33373071 -4.85130822 
0.75132930 123.00611167 -5.07920850 
0.75199618 122.67591625 -5.31334561 
0.75266313 122.32155655 -5.51142455 
0.75333012 121.98996492 -5.71529335 
0.75399715 121.65605947 -5.92495252 
0.75466421 121.29645460 -6.09106984 
0.75533131 120.97391269 -6.26253012 
0.75599844 120.64924818 -6.43933352 
0.75666562 120.29419147 -6.58544819 
0.75733283 119.98293592 -6.73645855 
0.75800008 119.66931026 -6.89236519 
0.75866668 119.34058057 -7.00888635 
0.75933332 119.04720776 -7.12984944 
0.76000000 118.75157435 -7.25525579 
0.76066615 118.45328203 -7.32058960 
0.76133233 118.17963091 -7.38987642 
0.76199856 117.90388009 -7.46310964 
0.76266506 117.62850050 -7.45204215 
0.76333161 117.36493409 -7.44440005 
0.76399818 117.09969805 -7.44017799 
0.76466479 116.83196450 -7.36904459 
0.76533143 116.57605573 -7.30080731 
0.76599810 116.31872541 -7.23546211 
0.76666479 116.06654757 -7.13937382 
0.76733151 115.82346904 -7.04565109 
0.76799826 115.57897425 -6.95429113 
0.76866496 115.34282961 -6.81532829 
0.76933169 115.10220376 -6.67819917 
0.76999843 114.86039765 -6.54290208 
0.77066520 114.62982257 -6.38851479 
0.77133197 114.40103370 -6.23542913 
0.77199877 114.17110284 -6.08364425 
0.77266557 113.93673546 -5.90787862 
0.77333239 113.71582520 -5.73288196 
0.77399921 113.49397787 -5.55865399 
0.77466605 113.27794709 -5.37248703 
0.77533288 113.05902017 -5.18655602 
0.77599973 112.83923496 -5.00086088 
0.77666658 112.63472449 -4.82411530 
0.77733342 112.42728396 -4.64707242 
0.77800027 112.21907002 -4.46973233 
0.77866685 112.00539535 -4.27327719 
0.77933343 111.79790323 -4.07598960 
0.78000000 111.58962318 -3.87786950 
0.78066655 111.38012261 -3.71178304 
0.78133309 111.18112901 -3.54465790 
0.78199963 110.98143315 -3.37649442 
0.78266646 110.78655549 -3.23656002 
0.78333328 110.58850528 -3.09571281 
0.78400009 110.38971507 -2.95395297 
0.78466689 110.18882441 -2.82770821 
0.78533368 109.99949811 -2.70067840 
0.78600047 109.80950412 -2.57286347 
0.78666725 109.61469343 -2.45287862 
0.78733401 109.43082984 -2.33223659 
0.78800077 109.24629754 -2.21093713 
0.78866752 109.06936736 -2.11517131 
0.78933426 108.89828410 -2.01887645 
0.79000098 108.72667815 -1.92205205 
0.79066770 108.56153414 -1.83405629 
0.79133441 108.39533220 -1.74565989 
0.79200110 108.22860638 -1.65686201 
0.79266782 108.06599606 -1.57124532 
0.79333453 107.90444510 -1.48535658 
0.79400123 107.74237749 -1.39919452 
0.79466792 107.58521944 -1.31992440 
0.79533459 107.42796603 -1.24051106 
0.79600125 107.27020649 -1.16095279 
0.79666790 107.11341028 -1.10130532 
0.79733454 106.95745884 -1.04164370 
0.79800116 106.80100226 -0.98196571 
0.79866745 106.64945734 -0.90013500 
0.79933373 106.47978124 -0.81841841 
0.80000000 106.30952633 -0.73681326 
0.80066646 106.15217254 -0.69426910 
0.80133292 105.99730422 -0.65188695 
0.80199935 105.84198321 -0.60966726 
0.80266619 105.68015211 -0.59304090 
0.80333301 105.51808843 -0.57654638 
0.80399982 105.35548372 -0.56018374 
0.80466662 105.18891936 -0.55319927 
0.80533340 105.02364117 -0.54631420 
0.80600018 104.85778287 -0.53952834 
0.80666695 104.66466047 -0.54065342 
0.80733372 104.50132757 -0.54184520 
0.80800047 104.33746102 -0.54310337 
0.80866722 104.16367849 -0.56810938 
0.80933396 104.00202033 -0.59314919 
0.81000070 103.83987077 -0.61822260 
0.81066743 103.66876385 -0.63124344 
0.81133415 103.49755978 -0.64426519 
0.81200087 103.32579090 -0.65728757 
0.81266759 103.14255260 -0.68458257 
0.81333431 102.98488783 -0.71184535 
0.81400102 102.82675491 -0.73907565 
0.81466769 102.66584536 -0.78111433 
0.81533436 102.50553207 -0.82308750 
0.81600103 102.34471955 -0.86499500 
0.81666770 102.18416613 -0.89519857 
0.81733438 102.01874875 -0.92530322 
0.81800105 101.85279029 -0.95530897 
0.81866736 101.66655842 -0.97731299 
0.81933368 101.51037315 -0.99918653 
0.82000000 101.35370186 -1.02092981 
0.82066629 101.20087448 -1.04202449 
0.82133259 101.05134559 -1.06300112 
0.82199889 100.90135597 -1.08385913 
0.82266562 100.75014945 -1.08952235 
0.82333235 100.60255281 -1.09512175 
0.82399908 100.45450209 -1.10065696 
0.82466582 100.29466500 -1.09190332 
0.82533256 100.14414913 -1.08314070 
0.82599930 99.99317778 -1.07436887 
0.82666605 99.82840646 -1.03991976 
0.82733279 99.67580605 -1.00551648 
0.82799954 99.52273355 -0.97115892 
0.82866629 99.36154347 -0.94984681 
0.82933304 99.22267104 -0.92863532 
0.82999980 99.08340052 -0.90752443 
0.83066655 98.93716326 -0.88042019 
0.83133331 98.79363174 -0.85347136 
0.83200007 98.64968036 -0.82667795 
0.83266683 98.51524426 -0.79849983 
0.83333359 98.37818378 -0.77053188 
0.83400035 98.24073515 -0.74277413 
0.83466712 98.08716868 -0.71724819 
0.83533388 97.94961795 -0.69198720 
0.83600064 97.81167942 -0.66699117 
0.83666741 97.65664602 -0.63122265 
0.83733417 97.51672787 -0.59577387 
0.83800094 97.37640695 -0.56064485 
0.83866729 97.23279937 -0.52457995 
0.83933365 97.10166887 -0.48888870 
0.84000000 96.97018400 -0.45357107 
0.84066635 96.84953303 -0.43799632 
0.84133270 96.71684720 -0.42272927 
0.84199905 96.58379956 -0.40777002 
0.84266581 96.42887098 -0.37696065 
0.84333257 96.30042899 -0.34627342 
0.84399933 96.17164564 -0.31570841 
0.84466609 96.03338815 -0.29733253 
0.84533285 95.90683027 -0.27889274 
0.84599961 95.77993906 -0.26038910 
0.84666637 95.64298486 -0.22599899 
0.84733313 95.51691129 -0.19135894 
0.84799988 95.39050385 -0.15646895 
0.84866664 95.27817926 -0.14291456 
0.84933339 95.16276289 -0.12892416 
0.85000015 95.04707145 -0.11449778 
0.85066690 94.91974236 -0.08939592 
0.85133365 94.79862042 -0.06367202 
0.85200040 94.67718836 -0.03732610 
0.85266715 94.54776701 -0.01215554 
0.85333389 94.43239467 0.01382307 
0.85400064 94.31674594 0.04060975 
0.85466738 94.19311115 0.07065676 
0.85533412 94.08023496 0.10169783 
0.85600086 93.96709244 0.13373299 
0.85666760 93.85386051 0.15404896 
0.85733434 93.74098955 0.17554500 
0.85800107 93.62785176 0.19822115 
0.85866739 93.50222511 0.23114315 
0.85933369 93.39061699 0.26542939 
0.86000000 93.27874485 0.30107992 
0.86066631 93.15527086 0.33365558 
0.86133262 93.04281009 0.36734405 
0.86199892 92.93007735 0.40214531 
0.86266565 92.81204686 0.42816448 
0.86333237 92.70462307 0.45460845 
0.86399909 92.59695129 0.48147724 
0.86466581 92.48045163 0.49945906 
0.86533253 92.37165599 0.51717635 
0.86599925 92.26260193 0.53462913 
0.86666597 92.13213257 0.55562391 
0.86733270 92.02675034 0.57566482 
0.86799942 91.92112456 0.59475188 
0.86866615 91.80491867 0.61654523 
0.86933288 91.69527322 0.63669536 
0.86999961 91.58536161 0.65520224 
0.87066635 91.46280552 0.67553547 
0.87133309 91.36383176 0.69353611 
0.87199983 91.26463274 0.70920406 
0.87266658 91.17118631 0.72275899 
0.87333334 91.08183272 0.73329192 
0.87400009 90.99228539 0.74080267 
0.87466686 90.88690802 0.74455331 
0.87533363 90.79587940 0.74459251 
0.87600040 90.70463671 0.74091994 
0.87666718 90.60435324 0.73863420 
0.87733397 90.51326568 0.73194749 
0.87800076 90.42197419 0.72085934 
0.87866717 90.31363160 0.72092969 
0.87933358 90.22130494 0.71591549 
0.88000000 90.12875741 0.70581608 
0.88066632 90.02592470 0.71219397 
0.88133265 89.94288672 0.71441267 
0.88199898 89.85966427 0.71247251 
0.88266566 89.78234519 0.70878230 
0.88333235 89.71365974 0.70347040 
0.88399904 89.64484166 0.69653767 
0.88466575 89.56013422 0.66388965 
0.88533245 89.48398883 0.63216390 
0.88599917 89.40767929 0.60136176 
0.88666589 89.30220934 0.60521245 
0.88733261 89.22198607 0.61252923 
0.88799934 89.14160624 0.62331384 
0.88866608 89.05210087 0.61487776 
0.88933282 88.98965581 0.61245122 
0.88999956 88.92710356 0.61603627 
0.89066631 88.83980907 0.58280393 
0.89133306 88.77040882 0.55812399 
0.89199982 88.70088928 0.54199865 
0.89266658 88.62105362 0.51851090 
0.89333334 88.56447500 0.50611756 
0.89400011 88.50781534 0.50482079 
0.89466688 88.43713793 0.45586248 
0.89533365 88.38633490 0.42053945 
0.89600042 88.33546769 0.39885378 
0.89666719 88.27242080 0.34406856 
0.89733397 88.23052472 0.30545837 
0.89800074 88.18858763 0.28302546 
0.89866716 88.14717826 0.24091722 
0.89933358 88.13008294 0.21750063 
0.90000000 88.11297919 0.21277730 
0.90066644 88.10971548 0.17017487 
0.90133287 88.10981870 0.14281915 
0.90199931 88.10992071 0.13071209 
0.90266608 88.14524040 0.10492282 
0.90333285 88.17636139 0.08495865 
0.90399962 88.20745701 0.07081969 
0.90466639 88.28654159 0.05728019 
0.90533316 88.35307588 0.04011893 
0.90599992 88.41950439 0.01933614 
0.90666668 88.55047062 0.02287077 
0.90733344 88.64894064 0.01333309 
0.90800020 88.74718478 -0.00927394 
0.90866695 88.94704513 0.01337582 
0.90933370 89.08385448 0.01349412 
0.91000044 89.22022314 -0.00891005 
0.91066718 89.50483069 0.03076434 
0.91133392 89.68909068 0.03843564 
0.91200065 89.87254640 0.01412286 
0.91266738 90.16645849 0.09448118 
0.91333410 90.38961208 0.13334944 
0.91400081 90.61163081 0.13076117 
0.91466752 90.91753064 0.27171291 
0.91533423 91.15560102 0.36167054 
0.91600092 91.39241512 0.40068743 
0.91666761 91.83659416 0.52753354 
0.91733429 92.11626193 0.59386607 
0.91800097 92.39416373 0.59976306 
0.91866732 92.77071323 0.80428002 
0.91933366 93.05798966 0.93883113 
0.92000000 93.34349213 1.00352247 
0.92066641 93.82971701 1.14264827 
0.92133280 94.14589737 1.20660328 
0.92199919 94.45982995 1.19548436 
0.92266599 94.83447060 1.41673660 
0.92333278 95.13076445 1.56173205 
0.92399956 95.42517210 1.63062251 
0.92466634 95.92507158 1.77508979 
0.92533311 96.25143026 1.84220215 
0.92599988 96.57551119 1.83225044 
0.92666664 96.95022375 2.02598409 
0.92733339 97.24984223 2.14122894 
0.92800014 97.54761445 2.17843000 
0.92866689 97.99371170 2.38882675 
0.92933363 98.28081170 2.51956958 
0.93000037 98.56620022 2.57126819 
0.93066711 99.09079242 2.68516096 
0.93133384 99.39682378 2.71820879 
0.93200058 99.70094048 2.67119117 
0.93266731 100.03980650 2.83320565 
0.93333403 100.30070712 2.91316714 
0.93400076 100.56026060 2.91202113 
0.93466748 100.88346100 3.07485071 
0.93533421 101.12419183 3.15440916 
0.93600093 101.36377729 3.15179715 
0.93666766 101.65438345 3.30798800 
0.93733438 101.87358418 3.37969147 
0.93800111 102.09184724 3.36814050 
0.93866741 102.54947652 3.35960432 
0.93933370 102.75770829 3.26552027 
0.94000000 102.96508451 3.08719643 
0.94066631 103.13727266 3.12033841 
0.94133263 103.29601162 3.07156840 
0.94199895 103.45426876 2.93875438 
0.94266568 103.66896257 2.94389356 
0.94333242 103.79754572 2.87307041 
0.94399917 103.92581341 2.72226554 
0.94466591 104.19448921 2.57834205 
0.94533265 104.30207921 2.36453761 
0.94599940 104.40943567 2.07547287 
0.94666615 104.54646396 1.95611896 
0.94733290 104.60671744 1.77258615 
0.94799965 104.66689607 1.51999900 
0.94866640 104.80627724 1.29904400 
0.94933315 104.83572841 1.01807254 
0.94999990 104.86514762 0.67816837 
0.95066666 104.86375168 0.46660541 
0.95133341 104.84078480 0.19994461 
0.95200017 104.81779794 -0.11610148 
0.95266692 104.79358371 -0.32183406 
0.95333368 104.73098353 -0.57687447 
0.95400044 104.66830412 -0.87246111 
0.95466719 104.65922583 -1.20062966 
0.95533395 104.55623071 -1.56961505 
0.95600071 104.45302669 -1.97199829 
0.95666746 104.41975018 -2.30906948 
0.95733422 104.25692110 -2.67734846 
0.95800098 104.09357129 -3.07283909 
0.95866732 103.75421290 -3.33958942 
0.95933366 103.55238510 -3.62883056 
0.96000000 103.34976608 -3.93906768 
0.96066634 103.08030650 -4.22598246 
0.96133268 102.82341565 -4.53235519 
0.96199902 102.56523427 -4.85937884 
0.96266577 102.28979971 -5.16504174 
0.96333252 101.97348147 -5.49329117 
0.96399927 101.65517674 -5.84705152 
0.96466603 101.18986309 -6.19885500 
0.96533278 100.81923772 -6.57636123 
0.96599953 100.44585828 -6.98481893 
0.96666628 99.92182813 -7.13754245 
0.96733303 99.44121068 -7.31949613 
0.96799978 98.95588167 -7.53767766 
0.96866653 98.41896655 -7.83403302 
0.96933328 97.96468965 -8.16479709 
0.97000003 97.50615268 -8.53447833 
0.97066677 96.84671330 -8.81246029 
0.97133352 96.28066950 -9.13072437 
0.97200027 95.70788674 -9.48998186 
0.97266702 95.10088588 -9.89218957 
0.97333377 94.46153521 -10.34131508 
0.97400052 93.81337332 -10.83283879 
0.97466726 92.87691795 -10.92024359 
0.97533401 92.06716984 -11.05905513 
0.97600076 91.24291249 -11.24242496 
0.97666751 89.98201636 -11.30533044 
0.97733426 89.17373773 -11.42139299 
0.97800100 88.35052115 -11.58518955 
0.97866734 87.27797310 -11.88290353 
0.97933367 86.37950065 -12.23466281 
0.98000000 85.46186484 -12.63727465 
0.98063160 84.36366108 -12.90565562 
0.98126320 83.36991931 -13.22079016 
0.98189480 82.35185586 -13.58374794 
0.98252682 81.01743903 -13.72223231 
0.98315883 79.87499638 -13.90665078 
0.98379085 78.69889324 -14.13907332 
0.98442286 77.10657890 -14.36648349 
0.98505487 75.78002306 -14.63893846 
0.98568689 74.40519849 -14.95957523 
0.98631890 72.42262003 -14.97290486 
0.98695092 70.95196559 -15.03038391 
0.98758293 69.41762469 -15.13628735 
0.98821495 67.12762521 -15.15532605 
0.98884696 65.45652163 -15.21761304 
0.98947897 63.69535384 -15.32862152 
0.99011099 61.17720609 -15.32216878 
0.99074300 59.25466106 -15.35805785 
0.99137502 57.19824222 -15.44301808 
0.99199256 54.51290348 -14.85695917 
0.99261011 52.36355159 -14.31045678 
0.99322765 50.02023464 -13.81049925 
0.99377743 47.40956021 -14.42913963 
0.99432722 45.05102436 -15.07846144 
0.99487700 42.41182881 -15.76311305 
0.99531847 39.43580875 -14.73562228 
0.99575994 37.36350949 -13.72752802 
0.99620142 35.02254540 -12.74057116 
0.99654791 32.50716893 -12.08368685 
0.99689440 30.65593111 -11.43855724 
0.99724089 28.53087968 -10.80541858 
0.99751815 26.25762286 -10.28020455 
0.99779540 24.46843151 -9.76241990 
0.99807266 22.32602199 -9.25205947 
0.99835956 19.37886580 -8.00718576 
0.99864646 17.04297876 -6.77046095 
0.99893336 13.91749500 -5.54160942 
0.99928891 9.97597793 -3.52805047 
0.99964445 4.53814815 -1.52642136 
1.00000000 -1.98829809 0.46328859 
