0.00000000 17.05973206 0.47414290 
0.00033479 17.05875941 0.47432933 
0.00066958 17.05778674 0.47451308 
0.00100437 17.05681403 0.47469416 
0.00134218 17.05583252 0.47487416 
0.00168000 17.05485100 0.47505144 
0.00201782 17.05386945 0.47522598 
0.00235868 17.05287903 0.47539933 
0.00269955 17.05188861 0.47556990 
0.00304042 17.05089818 0.47573767 
0.00338437 17.04989880 0.47590413 
0.00372832 17.04889943 0.47606774 
0.00407227 17.04790007 0.47622851 
0.00441933 17.04689170 0.47638783 
0.00476639 17.04588334 0.47654425 
0.00511345 17.04487501 0.47669775 
0.00546365 17.04385760 0.47684969 
0.00581385 17.04284021 0.47699865 
0.00616404 17.04182287 0.47714464 
0.00651741 17.04079637 0.47728894 
0.00687077 17.03976992 0.47743020 
0.00722413 17.03874352 0.47756842 
0.00758069 17.03770790 0.47770482 
0.00793724 17.03667234 0.47783811 
0.00829380 17.03563685 0.47796830 
0.00865358 17.03459207 0.47809652 
0.00901336 17.03354737 0.47822158 
0.00937314 17.03250275 0.47834347 
0.00973617 17.03144877 0.47846326 
0.01009920 17.03039489 0.47857981 
0.01046223 17.02934111 0.47869312 
0.01082855 17.02827791 0.47880419 
0.01119486 17.02721482 0.47891195 
0.01156117 17.02615183 0.47901641 
0.01193080 17.02507937 0.47911847 
0.01230042 17.02400703 0.47921716 
0.01267005 17.02293482 0.47931248 
0.01304301 17.02185307 0.47940525 
0.01341598 17.02077146 0.47949458 
0.01378894 17.01968999 0.47958048 
0.01416528 17.01859892 0.47966366 
0.01454162 17.01750801 0.47974333 
0.01491796 17.01641726 0.47981949 
0.01529769 17.01531684 0.47989280 
0.01567743 17.01421660 0.47996251 
0.01605717 17.01311655 0.48002864 
0.01644034 17.01200676 0.48009175 
0.01682351 17.01089717 0.48015120 
0.01720669 17.00978779 0.48020699 
0.01759332 17.00866861 0.48025959 
0.01797996 17.00754966 0.48030846 
0.01836659 17.00643093 0.48035361 
0.01875672 17.00530234 0.48039538 
0.01914685 17.00417400 0.48043336 
0.01953698 17.00304591 0.48046752 
0.01993064 17.00190789 0.48049815 
0.02032429 17.00077015 0.48052490 
0.02071795 16.99963268 0.48054777 
0.02111516 16.99848523 0.48056693 
0.02151238 16.99733807 0.48058212 
0.02190959 16.99619122 0.48059336 
0.02231040 16.99503432 0.48060070 
0.02271120 16.99387774 0.48060401 
0.02311201 16.99272149 0.48060328 
0.02351644 16.99155514 0.48059846 
0.02392087 16.99038913 0.48058954 
0.02432529 16.98922348 0.48057650 
0.02473338 16.98804767 0.48055918 
0.02514146 16.98687224 0.48053767 
0.02554955 16.98569719 0.48051196 
0.02596132 16.98451191 0.48048178 
0.02637309 16.98332705 0.48044733 
0.02678487 16.98214260 0.48040862 
0.02720036 16.98094788 0.48036522 
0.02761586 16.97975359 0.48031748 
0.02803135 16.97855974 0.48026538 
0.02845060 16.97735557 0.48020840 
0.02886985 16.97615187 0.48014699 
0.02928910 16.97494864 0.48008114 
0.02971214 16.97373503 0.48001021 
0.03013518 16.97252193 0.47993476 
0.03055822 16.97130933 0.47985479 
0.03098509 16.97008630 0.47976953 
0.03141195 16.96886381 0.47967967 
0.03183882 16.96764186 0.47958520 
0.03226954 16.96640943 0.47948522 
0.03270026 16.96517758 0.47938055 
0.03313099 16.96394630 0.47927120 
0.03356560 16.96270449 0.47915611 
0.03400022 16.96146329 0.47903626 
0.03443484 16.96022271 0.47891163 
0.03487338 16.95897155 0.47878104 
0.03531193 16.95772105 0.47864559 
0.03575047 16.95647120 0.47850529 
0.03619298 16.95521072 0.47835880 
0.03663549 16.95395094 0.47820736 
0.03707800 16.95269185 0.47805098 
0.03752451 16.95142210 0.47788818 
0.03797102 16.95015309 0.47772035 
0.03841753 16.94888480 0.47754748 
0.03886807 16.94760582 0.47736796 
0.03931862 16.94632761 0.47718331 
0.03976917 16.94505018 0.47699354 
0.04022378 16.94376201 0.47679688 
0.04067840 16.94247467 0.47659500 
0.04113302 16.94118814 0.47638791 
0.04159175 16.93989085 0.47617368 
0.04205048 16.93859442 0.47595415 
0.04250920 16.93729886 0.47572931 
0.04297208 16.93599249 0.47549709 
0.04343495 16.93468704 0.47525947 
0.04389782 16.93338251 0.47501645 
0.04436488 16.93206714 0.47476579 
0.04483194 16.93075274 0.47450965 
0.04529900 16.92943931 0.47424802 
0.04577028 16.92811500 0.47397849 
0.04624156 16.92679173 0.47370338 
0.04671284 16.92546947 0.47342270 
0.04718838 16.92413632 0.47313384 
0.04766392 16.92280424 0.47283932 
0.04813946 16.92147324 0.47253913 
0.04861930 16.92013132 0.47223051 
0.04909914 16.91879054 0.47191613 
0.04957898 16.91745090 0.47159599 
0.05006315 16.91610031 0.47126713 
0.05054733 16.91475091 0.47093243 
0.05103150 16.91340271 0.47059188 
0.05152006 16.91204355 0.47024234 
0.05200861 16.91068564 0.46988685 
0.05249716 16.90932899 0.46952542 
0.05299013 16.90796137 0.46915472 
0.05348310 16.90659507 0.46877799 
0.05397607 16.90523009 0.46839522 
0.05447349 16.90385412 0.46800289 
0.05497092 16.90247953 0.46760443 
0.05546834 16.90110634 0.46719985 
0.05597027 16.89972214 0.46678542 
0.05647219 16.89833940 0.46636477 
0.05697411 16.89695812 0.46593789 
0.05748057 16.89556584 0.46550088 
0.05798702 16.89417508 0.46505755 
0.05849348 16.89278585 0.46460791 
0.05900452 16.89138562 0.46414783 
0.05951556 16.88998699 0.46368134 
0.06002659 16.88858995 0.46320844 
0.06054225 16.88718192 0.46272480 
0.06105790 16.88577557 0.46223467 
0.06157356 16.88437089 0.46173803 
0.06209388 16.88295522 0.46123035 
0.06261419 16.88154131 0.46071607 
0.06313451 16.88012915 0.46019519 
0.06365953 16.87870601 0.45966296 
0.06418455 16.87728471 0.45912405 
0.06470957 16.87586525 0.45857844 
0.06523934 16.87443482 0.45802117 
0.06576910 16.87300631 0.45745711 
0.06629887 16.87157972 0.45688628 
0.06683343 16.87014219 0.45630346 
0.06736798 16.86870667 0.45571377 
0.06790254 16.86727316 0.45511721 
0.06844192 16.86582873 0.45450833 
0.06898131 16.86438640 0.45389249 
0.06952070 16.86294616 0.45326969 
0.07006496 16.86149504 0.45263425 
0.07060922 16.86004611 0.45199175 
0.07115348 16.85859937 0.45134221 
0.07170267 16.85714179 0.45067969 
0.07225185 16.85568649 0.45001004 
0.07280103 16.85423347 0.44933324 
0.07335518 16.85276965 0.44864314 
0.07390932 16.85130821 0.44794580 
0.07446347 16.84984916 0.44724124 
0.07502263 16.84837935 0.44652304 
0.07558178 16.84691203 0.44579751 
0.07614094 16.84544718 0.44506467 
0.07670515 16.84397164 0.44431784 
0.07726936 16.84249870 0.44356361 
0.07783357 16.84102835 0.44280197 
0.07840288 16.83954734 0.44202600 
0.07897219 16.83806904 0.44124254 
0.07954150 16.83659344 0.44045159 
0.08011595 16.83510726 0.43964595 
0.08069041 16.83362389 0.43883275 
0.08126487 16.83214333 0.43801197 
0.08184452 16.83065226 0.43717616 
0.08242416 16.82916412 0.43633269 
0.08300381 16.82767891 0.43548156 
0.08358870 16.82618328 0.43461505 
0.08417359 16.82469070 0.43374080 
0.08475848 16.82320117 0.43285881 
0.08534865 16.82170127 0.43196105 
0.08593883 16.82020455 0.43105549 
0.08652901 16.81871101 0.43014212 
0.08712452 16.81720721 0.42921262 
0.08772003 16.81570671 0.42827523 
0.08831554 16.81420951 0.42732995 
0.08891643 16.81270214 0.42636818 
0.08951732 16.81119821 0.42539845 
0.09011822 16.80969772 0.42442075 
0.09072454 16.80818716 0.42342621 
0.09133087 16.80668016 0.42242361 
0.09193719 16.80517675 0.42141295 
0.09254900 16.80366338 0.42038510 
0.09316080 16.80215373 0.41934914 
0.09377261 16.80064781 0.41830504 
0.09438995 16.79913202 0.41724334 
0.09500728 16.79762009 0.41617346 
0.09562462 16.79611200 0.41509540 
0.09624754 16.79459422 0.41399938 
0.09687045 16.79308044 0.41289509 
0.09749337 16.79157066 0.41178254 
0.09812192 16.79005132 0.41065167 
0.09875046 16.78853614 0.40951247 
0.09937901 16.78702511 0.40836495 
0.10001324 16.78550462 0.40719869 
0.10064747 16.78398846 0.40602405 
0.10128170 16.78247662 0.40484105 
0.10192166 16.78095549 0.40363892 
0.10256162 16.77943883 0.40242836 
0.10320158 16.77792665 0.40120936 
0.10384733 16.77640534 0.39997087 
0.10449307 16.77488868 0.39872387 
0.10513882 16.77337665 0.39746837 
0.10579040 16.77185567 0.39619301 
0.10644199 16.77033949 0.39490909 
0.10709357 16.76882811 0.39361662 
0.10775105 16.76730798 0.39230387 
0.10840852 16.76579283 0.39098254 
0.10906599 16.76428265 0.38965260 
0.10972941 16.76276387 0.38830200 
0.11039283 16.76125026 0.38694276 
0.11105624 16.75974182 0.38557487 
0.11172273 16.75823160 0.38419203 
0.11238922 16.75672668 0.38280056 
0.11305571 16.75522706 0.38140048 
0.11372228 16.75373254 0.37999169 
0.11438885 16.75224342 0.37857440 
0.11505542 16.75075969 0.37714860 
0.11572199 16.74928134 0.37571441 
0.11638856 16.74780848 0.37427181 
0.11705513 16.74634110 0.37282081 
0.11772170 16.74487917 0.37136152 
0.11838827 16.74342282 0.36989397 
0.11905484 16.74197205 0.36841814 
0.11972141 16.74052681 0.36693410 
0.12038799 16.73908723 0.36544191 
0.12105456 16.73765329 0.36394158 
0.12172113 16.73622499 0.36243316 
0.12238770 16.73480241 0.36091671 
0.12305427 16.73338556 0.35939221 
0.12372084 16.73197444 0.35785978 
0.12438741 16.73056913 0.35631942 
0.12505398 16.72916963 0.35477111 
0.12572055 16.72777593 0.35321502 
0.12638712 16.72638813 0.35165112 
0.12705369 16.72500623 0.35007939 
0.12772026 16.72363018 0.34849997 
0.12838683 16.72226011 0.34691286 
0.12905340 16.72089602 0.34531808 
0.12971998 16.71953788 0.34371571 
0.13038655 16.71818580 0.34210578 
0.13105312 16.71683976 0.34048829 
0.13171969 16.71549976 0.33886333 
0.13238626 16.71416588 0.33723093 
0.13305283 16.71283812 0.33559109 
0.13371940 16.71151648 0.33394392 
0.13438597 16.71020103 0.33228942 
0.13505254 16.70889177 0.33062760 
0.13571911 16.70758871 0.32895859 
0.13638568 16.70629194 0.32728237 
0.13705225 16.70500144 0.32559894 
0.13771882 16.70371716 0.32390842 
0.13838539 16.70243924 0.32221083 
0.13905197 16.70116768 0.32050619 
0.13971854 16.69990242 0.31879457 
0.14038511 16.69864359 0.31707600 
0.14105168 16.69739118 0.31535048 
0.14171825 16.69614516 0.31361811 
0.14238482 16.69490562 0.31187893 
0.14305139 16.69367258 0.31013295 
0.14371796 16.69244599 0.30838022 
0.14438453 16.69122595 0.30662080 
0.14505110 16.69001247 0.30485467 
0.14571767 16.68880550 0.30308198 
0.14638424 16.68760517 0.30130270 
0.14705081 16.68641146 0.29951684 
0.14771738 16.68522435 0.29772452 
0.14838396 16.68404392 0.29592576 
0.14905053 16.68287017 0.29412055 
0.14971710 16.68170306 0.29230899 
0.15038367 16.68054270 0.29049111 
0.15105024 16.67938910 0.28866691 
0.15171681 16.67824220 0.28683652 
0.15238338 16.67710213 0.28499992 
0.15304995 16.67596888 0.28315712 
0.15371652 16.67484238 0.28130823 
0.15438309 16.67372276 0.27945329 
0.15504966 16.67261002 0.27759228 
0.15571623 16.67150411 0.27572529 
0.15638280 16.67040512 0.27385237 
0.15704937 16.66931307 0.27197350 
0.15771594 16.66822789 0.27008880 
0.15838252 16.66714971 0.26819828 
0.15904909 16.66607852 0.26630197 
0.15971566 16.66501428 0.26439994 
0.16038223 16.66395707 0.26249222 
0.16104880 16.66290691 0.26057881 
0.16171537 16.66186375 0.25865983 
0.16238194 16.66082768 0.25673528 
0.16304851 16.65979870 0.25480517 
0.16371508 16.65877679 0.25286961 
0.16438165 16.65776204 0.25092863 
0.16504822 16.65675445 0.24898222 
0.16571479 16.65575393 0.24703045 
0.16638136 16.65476061 0.24507339 
0.16704793 16.65377451 0.24311104 
0.16771451 16.65279556 0.24114347 
0.16838108 16.65182385 0.23917073 
0.16904765 16.65085940 0.23719281 
0.16971422 16.64990215 0.23520982 
0.17038079 16.64895219 0.23322178 
0.17104736 16.64800954 0.23122869 
0.17171393 16.64707414 0.22923066 
0.17238050 16.64614608 0.22722771 
0.17304707 16.64522538 0.22521982 
0.17371364 16.64431196 0.22320711 
0.17438021 16.64340593 0.22118962 
0.17504678 16.64250729 0.21916733 
0.17571335 16.64161600 0.21714034 
0.17637992 16.64073213 0.21510868 
0.17704650 16.63985570 0.21307236 
0.17771307 16.63898666 0.21103148 
0.17837964 16.63812509 0.20898605 
0.17904621 16.63727100 0.20693608 
0.17971278 16.63642433 0.20488168 
0.18037935 16.63558518 0.20282286 
0.18104592 16.63475355 0.20075962 
0.18171249 16.63392938 0.19869208 
0.18237906 16.63311276 0.19662024 
0.18304563 16.63230370 0.19454412 
0.18371220 16.63150214 0.19246382 
0.18437877 16.63070819 0.19037936 
0.18504534 16.62992184 0.18829072 
0.18571191 16.62914300 0.18619805 
0.18637849 16.62837181 0.18410134 
0.18704506 16.62760826 0.18200059 
0.18771163 16.62685226 0.17989591 
0.18837820 16.62610394 0.17778733 
0.18904477 16.62536330 0.17567484 
0.18971134 16.62463026 0.17355853 
0.19037791 16.62390492 0.17143845 
0.19104448 16.62318729 0.16931461 
0.19171105 16.62247729 0.16718706 
0.19237762 16.62177502 0.16505587 
0.19304419 16.62108048 0.16292104 
0.19371076 16.62039364 0.16078264 
0.19437733 16.61971456 0.15864072 
0.19504390 16.61904324 0.15649529 
0.19571047 16.61837963 0.15434640 
0.19637705 16.61772380 0.15219412 
0.19704362 16.61707577 0.15003844 
0.19771019 16.61643548 0.14787947 
0.19837676 16.61580302 0.14571721 
0.19904333 16.61517837 0.14355169 
0.19970990 16.61456150 0.14138298 
0.20037647 16.61395246 0.13921114 
0.20104304 16.61335128 0.13703614 
0.20170961 16.61275788 0.13485811 
0.20237618 16.61217237 0.13267704 
0.20304275 16.61159475 0.13049293 
0.20370932 16.61102495 0.12830593 
0.20437589 16.61046304 0.12611602 
0.20504246 16.60990903 0.12392322 
0.20570904 16.60936286 0.12172761 
0.20637561 16.60882462 0.11952924 
0.20704218 16.60829431 0.11732808 
0.20770875 16.60777185 0.11512426 
0.20837532 16.60725735 0.11291779 
0.20904189 16.60675081 0.11070868 
0.20970846 16.60625214 0.10849702 
0.21037503 16.60576144 0.10628283 
0.21104160 16.60527873 0.10406613 
0.21170817 16.60480390 0.10184701 
0.21237474 16.60433708 0.09962548 
0.21304131 16.60387825 0.09740156 
0.21370788 16.60342733 0.09517536 
0.21437445 16.60298443 0.09294688 
0.21504103 16.60254955 0.09071612 
0.21570760 16.60212260 0.08848321 
0.21637417 16.60170369 0.08624814 
0.21704074 16.60129281 0.08401092 
0.21770731 16.60088988 0.08177166 
0.21837388 16.60049500 0.07953038 
0.21904045 16.60010819 0.07728708 
0.21970702 16.59972933 0.07504186 
0.22037359 16.59935854 0.07279474 
0.22104016 16.59899582 0.07054572 
0.22170673 16.59864108 0.06829491 
0.22237330 16.59829442 0.06604232 
0.22303987 16.59795585 0.06378796 
0.22370644 16.59762527 0.06153193 
0.22437302 16.59730279 0.05927426 
0.22503959 16.59698841 0.05701494 
0.22570616 16.59668204 0.05475405 
0.22637273 16.59638378 0.05249165 
0.22703930 16.59609362 0.05022775 
0.22770587 16.59581148 0.04796239 
0.22837244 16.59553747 0.04569565 
0.22903901 16.59527158 0.04342752 
0.22970558 16.59501372 0.04115807 
0.23037215 16.59476399 0.03888736 
0.23103872 16.59452239 0.03661538 
0.23170529 16.59428884 0.03434222 
0.23237186 16.59406343 0.03206790 
0.23303843 16.59384616 0.02979243 
0.23370500 16.59363694 0.02751591 
0.23437158 16.59343587 0.02523837 
0.23503815 16.59324295 0.02295981 
0.23570472 16.59305811 0.02068031 
0.23637129 16.59288141 0.01839992 
0.23703786 16.59271285 0.01611863 
0.23770443 16.59255239 0.01383651 
0.23837100 16.59240009 0.01155362 
0.23903757 16.59225593 0.00926998 
0.23970414 16.59211987 0.00698563 
0.24037071 16.59199197 0.00470064 
0.24103728 16.59187222 0.00241498 
0.24170385 16.59176056 0.00012879 
0.24237042 16.59165708 -0.00215793 
0.24303699 16.59156179 -0.00444519 
0.24370357 16.59147456 -0.00673291 
0.24437014 16.59139551 -0.00902101 
0.24503671 16.59132465 -0.01130949 
0.24570328 16.59126189 -0.01359833 
0.24636985 16.59120728 -0.01588743 
0.24703642 16.59116085 -0.01817679 
0.24770299 16.59112254 -0.02046637 
0.24836956 16.59109240 -0.02275610 
0.24903613 16.59107041 -0.02504599 
0.24970270 16.59105654 -0.02733592 
0.25036927 16.59105085 -0.02962590 
0.25103584 16.59105334 -0.03191592 
0.25170241 16.59106391 -0.03420587 
0.25236898 16.59108268 -0.03649572 
0.25303556 16.59110963 -0.03878547 
0.25370213 16.59114468 -0.04107508 
0.25436870 16.59118790 -0.04336445 
0.25503527 16.59123929 -0.04565359 
0.25570184 16.59129879 -0.04794245 
0.25636841 16.59136646 -0.05023096 
0.25703498 16.59144229 -0.05251913 
0.25770155 16.59152624 -0.05480688 
0.25836812 16.59161835 -0.05709416 
0.25903469 16.59171863 -0.05938096 
0.25970126 16.59182701 -0.06166723 
0.26036783 16.59194355 -0.06395291 
0.26103440 16.59206826 -0.06623800 
0.26170097 16.59220106 -0.06852242 
0.26236755 16.59234202 -0.07080612 
0.26303412 16.59249114 -0.07308911 
0.26370069 16.59264834 -0.07537130 
0.26436726 16.59281370 -0.07765265 
0.26503383 16.59298722 -0.07993316 
0.26570040 16.59316879 -0.08221279 
0.26636697 16.59335853 -0.08449142 
0.26703354 16.59355643 -0.08676905 
0.26770011 16.59376239 -0.08904571 
0.26836668 16.59397649 -0.09132127 
0.26903325 16.59419873 -0.09359571 
0.26969982 16.59442903 -0.09586901 
0.27036639 16.59466746 -0.09814110 
0.27103296 16.59491402 -0.10041197 
0.27169953 16.59516863 -0.10268155 
0.27236611 16.59543136 -0.10494979 
0.27303268 16.59570221 -0.10721671 
0.27369925 16.59598110 -0.10948220 
0.27436582 16.59626810 -0.11174623 
0.27503239 16.59656323 -0.11400881 
0.27569896 16.59686636 -0.11626985 
0.27636553 16.59717760 -0.11852930 
0.27703210 16.59749696 -0.12078717 
0.27769867 16.59782431 -0.12304338 
0.27836524 16.59815975 -0.12529788 
0.27903181 16.59850328 -0.12755066 
0.27969838 16.59885480 -0.12980167 
0.28036495 16.59921440 -0.13205083 
0.28103152 16.59958208 -0.13429817 
0.28169810 16.59995772 -0.13654360 
0.28236467 16.60034143 -0.13878706 
0.28303124 16.60073321 -0.14102855 
0.28369781 16.60113294 -0.14326805 
0.28436438 16.60154071 -0.14550544 
0.28503095 16.60195654 -0.14774072 
0.28569752 16.60238031 -0.14997389 
0.28636409 16.60281210 -0.15220483 
0.28703066 16.60325192 -0.15443354 
0.28769723 16.60369967 -0.15665999 
0.28836380 16.60415542 -0.15888411 
0.28903037 16.60461918 -0.16110587 
0.28969694 16.60509085 -0.16332524 
0.29036351 16.60557050 -0.16554215 
0.29103009 16.60605813 -0.16775659 
0.29169666 16.60655368 -0.16996852 
0.29236323 16.60705718 -0.17217785 
0.29302980 16.60756862 -0.17438458 
0.29369637 16.60808798 -0.17658867 
0.29436294 16.60861526 -0.17879004 
0.29502951 16.60915045 -0.18098871 
0.29569608 16.60969353 -0.18318459 
0.29636265 16.61024452 -0.18537763 
0.29702922 16.61080342 -0.18756783 
0.29769579 16.61137015 -0.18975514 
0.29836236 16.61194477 -0.19193947 
0.29902893 16.61252728 -0.19412083 
0.29969550 16.61311760 -0.19629918 
0.30036208 16.61371578 -0.19847443 
0.30102865 16.61432184 -0.20064658 
0.30169522 16.61493566 -0.20281560 
0.30236179 16.61555733 -0.20498138 
0.30302836 16.61618684 -0.20714393 
0.30369493 16.61682410 -0.20930324 
0.30436150 16.61746916 -0.21145919 
0.30502807 16.61812205 -0.21361177 
0.30569464 16.61878264 -0.21576098 
0.30636121 16.61945102 -0.21790671 
0.30702778 16.62012719 -0.22004895 
0.30769435 16.62081105 -0.22218769 
0.30836092 16.62150265 -0.22432282 
0.30902749 16.62220201 -0.22645433 
0.30969406 16.62290903 -0.22858221 
0.31036064 16.62362377 -0.23070636 
0.31102721 16.62434623 -0.23282678 
0.31169378 16.62507630 -0.23494342 
0.31236035 16.62581407 -0.23705621 
0.31302692 16.62655954 -0.23916515 
0.31369349 16.62731258 -0.24127018 
0.31436006 16.62807327 -0.24337123 
0.31502663 16.62884161 -0.24546829 
0.31569320 16.62961754 -0.24756134 
0.31635977 16.63040107 -0.24965027 
0.31702634 16.63119220 -0.25173508 
0.31769291 16.63199086 -0.25381577 
0.31835948 16.63279710 -0.25589220 
0.31902605 16.63361092 -0.25796438 
0.31969263 16.63443221 -0.26003231 
0.32035920 16.63526105 -0.26209586 
0.32102577 16.63609743 -0.26415504 
0.32169234 16.63694124 -0.26620983 
0.32235891 16.63779256 -0.26826012 
0.32302548 16.63865139 -0.27030590 
0.32369205 16.63951759 -0.27234719 
0.32435862 16.64039126 -0.27438384 
0.32502519 16.64127239 -0.27641584 
0.32569176 16.64216090 -0.27844322 
0.32635833 16.64305682 -0.28046584 
0.32702490 16.64396015 -0.28248371 
0.32769147 16.64487077 -0.28449680 
0.32835804 16.64578876 -0.28650502 
0.32902462 16.64671414 -0.28850834 
0.32969119 16.64764680 -0.29050678 
0.33035776 16.64858678 -0.29250021 
0.33102433 16.64953407 -0.29448862 
0.33169090 16.65048860 -0.29647199 
0.33235747 16.65145040 -0.29845025 
0.33302404 16.65241947 -0.30042338 
0.33369061 16.65339572 -0.30239133 
0.33435718 16.65437920 -0.30435402 
0.33502375 16.65536990 -0.30631146 
0.33569032 16.65636774 -0.30826361 
0.33635689 16.65737276 -0.31021037 
0.33702346 16.65838494 -0.31215176 
0.33769003 16.65940420 -0.31408770 
0.33835660 16.66043058 -0.31601814 
0.33902318 16.66146409 -0.31794307 
0.33968975 16.66250463 -0.31986247 
0.34035632 16.66355224 -0.32177621 
0.34102289 16.66460692 -0.32368430 
0.34168946 16.66566858 -0.32558672 
0.34235603 16.66673725 -0.32748338 
0.34302260 16.66781293 -0.32937428 
0.34368917 16.66889553 -0.33125936 
0.34435574 16.66998509 -0.33313856 
0.34502231 16.67108162 -0.33501186 
0.34568888 16.67218499 -0.33687924 
0.34635545 16.67329527 -0.33874058 
0.34702202 16.67441246 -0.34059590 
0.34768859 16.67553645 -0.34244519 
0.34835517 16.67666727 -0.34428832 
0.34902174 16.67780494 -0.34612529 
0.34968831 16.67894935 -0.34795608 
0.35035488 16.68010055 -0.34978061 
0.35102145 16.68125853 -0.35159887 
0.35168802 16.68242317 -0.35341080 
0.35235459 16.68359453 -0.35521633 
0.35302116 16.68477261 -0.35701546 
0.35368773 16.68595732 -0.35880818 
0.35435430 16.68714869 -0.36059435 
0.35502087 16.68834670 -0.36237397 
0.35568744 16.68955128 -0.36414707 
0.35635401 16.69076243 -0.36591350 
0.35702058 16.69198017 -0.36767327 
0.35768716 16.69320441 -0.36942636 
0.35835373 16.69443517 -0.37117268 
0.35902030 16.69567245 -0.37291222 
0.35968687 16.69691615 -0.37464495 
0.36035344 16.69816630 -0.37637077 
0.36102001 16.69942290 -0.37808969 
0.36168658 16.70068586 -0.37980166 
0.36235315 16.70195520 -0.38150661 
0.36301972 16.70323094 -0.38320455 
0.36368629 16.70451293 -0.38489541 
0.36435286 16.70580125 -0.38657912 
0.36501943 16.70709589 -0.38825568 
0.36568600 16.70839672 -0.38992506 
0.36635257 16.70970380 -0.39158716 
0.36701915 16.71101713 -0.39324198 
0.36768572 16.71233658 -0.39488951 
0.36835229 16.71366220 -0.39652962 
0.36901886 16.71499397 -0.39816233 
0.36968543 16.71633183 -0.39978763 
0.37035200 16.71767577 -0.40140540 
0.37101857 16.71902580 -0.40301563 
0.37168514 16.72038182 -0.40461833 
0.37235171 16.72174385 -0.40621339 
0.37301828 16.72311188 -0.40780079 
0.37368485 16.72448584 -0.40938053 
0.37435142 16.72586573 -0.41095251 
0.37501799 16.72725155 -0.41251673 
0.37568456 16.72864318 -0.41407314 
0.37635113 16.73004068 -0.41562167 
0.37701771 16.73144403 -0.41716231 
0.37768428 16.73285316 -0.41869506 
0.37835085 16.73426805 -0.42021980 
0.37901742 16.73568870 -0.42173653 
0.37968399 16.73711501 -0.42324522 
0.38035056 16.73854702 -0.42474579 
0.38101713 16.73998473 -0.42623823 
0.38168370 16.74142802 -0.42772256 
0.38235027 16.74287692 -0.42919862 
0.38301684 16.74433144 -0.43066642 
0.38368341 16.74579146 -0.43212600 
0.38434998 16.74725699 -0.43357721 
0.38501655 16.74872804 -0.43502005 
0.38568312 16.75020452 -0.43645453 
0.38634970 16.75168644 -0.43788053 
0.38701627 16.75317378 -0.43929805 
0.38768284 16.75466647 -0.44070708 
0.38834941 16.75616450 -0.44210752 
0.38901598 16.75766788 -0.44349939 
0.38968255 16.75917652 -0.44488264 
0.39034912 16.76069041 -0.44625720 
0.39101569 16.76220954 -0.44762305 
0.39168226 16.76373386 -0.44898019 
0.39234883 16.76526335 -0.45032852 
0.39301540 16.76679801 -0.45166803 
0.39368197 16.76833772 -0.45299873 
0.39434854 16.76988252 -0.45432050 
0.39501511 16.77143240 -0.45563333 
0.39568169 16.77298725 -0.45693726 
0.39634826 16.77454710 -0.45823215 
0.39701483 16.77611194 -0.45951798 
0.39768140 16.77768170 -0.46079480 
0.39834797 16.77925632 -0.46206247 
0.39901454 16.78083580 -0.46332099 
0.39968111 16.78242014 -0.46457040 
0.40034768 16.78400927 -0.46581054 
0.40101425 16.78560319 -0.46704142 
0.40168082 16.78720183 -0.46826308 
0.40234739 16.78880516 -0.46947538 
0.40301396 16.79041320 -0.47067833 
0.40368053 16.79202587 -0.47187193 
0.40434710 16.79364314 -0.47305609 
0.40501368 16.79526503 -0.47423079 
0.40568025 16.79689143 -0.47539604 
0.40634682 16.79852235 -0.47655175 
0.40701339 16.80015778 -0.47769790 
0.40767996 16.80179765 -0.47883449 
0.40834653 16.80344193 -0.47996144 
0.40901310 16.80509064 -0.48107877 
0.40967967 16.80674367 -0.48218642 
0.41034624 16.80840102 -0.48328433 
0.41101281 16.81006268 -0.48437250 
0.41167938 16.81172859 -0.48545095 
0.41234595 16.81339872 -0.48651954 
0.41301252 16.81507307 -0.48757829 
0.41367909 16.81675157 -0.48862721 
0.41434566 16.81843420 -0.48966620 
0.41501224 16.82012094 -0.49069528 
0.41567881 16.82181172 -0.49171441 
0.41634538 16.82350653 -0.49272354 
0.41701195 16.82520536 -0.49372266 
0.41767852 16.82690812 -0.49471174 
0.41834509 16.82861481 -0.49569073 
0.41901166 16.83032545 -0.49665961 
0.41967823 16.83203992 -0.49761841 
0.42034480 16.83375821 -0.49856701 
0.42101137 16.83548033 -0.49950541 
0.42167794 16.83720622 -0.50043365 
0.42234451 16.83893581 -0.50135162 
0.42301108 16.84066911 -0.50225932 
0.42367765 16.84240609 -0.50315674 
0.42434423 16.84414668 -0.50404383 
0.42501080 16.84589090 -0.50492060 
0.42567737 16.84763864 -0.50578697 
0.42634394 16.84938992 -0.50664294 
0.42701051 16.85114474 -0.50748851 
0.42767708 16.85290297 -0.50832364 
0.42834365 16.85466465 -0.50914827 
0.42901022 16.85642975 -0.50996241 
0.42967679 16.85819819 -0.51076607 
0.43034336 16.85996996 -0.51155916 
0.43100993 16.86174505 -0.51234168 
0.43167650 16.86352338 -0.51311366 
0.43234307 16.86530493 -0.51387499 
0.43300964 16.86708970 -0.51462566 
0.43367622 16.86887761 -0.51536577 
0.43434279 16.87066864 -0.51609517 
0.43500936 16.87246278 -0.51681385 
0.43567593 16.87426001 -0.51752184 
0.43634250 16.87606023 -0.51821908 
0.43700907 16.87786344 -0.51890557 
0.43767564 16.87966962 -0.51958131 
0.43834221 16.88147871 -0.52024624 
0.43900878 16.88329072 -0.52090035 
0.43967535 16.88510558 -0.52154367 
0.44034192 16.88692324 -0.52217611 
0.44100849 16.88874370 -0.52279768 
0.44167506 16.89056693 -0.52340841 
0.44234163 16.89239285 -0.52400821 
0.44300821 16.89422149 -0.52459709 
0.44367478 16.89605278 -0.52517507 
0.44434135 16.89788667 -0.52574208 
0.44500792 16.89972317 -0.52629812 
0.44567449 16.90156222 -0.52684323 
0.44634106 16.90340378 -0.52737731 
0.44700763 16.90524785 -0.52790039 
0.44767420 16.90709436 -0.52841249 
0.44834077 16.90894328 -0.52891353 
0.44900734 16.91079460 -0.52940352 
0.44967391 16.91264827 -0.52988249 
0.45034048 16.91450425 -0.53035037 
0.45100705 16.91636252 -0.53080716 
0.45167362 16.91822306 -0.53125289 
0.45234019 16.92008579 -0.53168750 
0.45300677 16.92195073 -0.53211100 
0.45367334 16.92381781 -0.53252341 
0.45433991 16.92568700 -0.53292466 
0.45500648 16.92755828 -0.53331476 
0.45567305 16.92943164 -0.53369377 
0.45633962 16.93130699 -0.53406160 
0.45700619 16.93318434 -0.53441825 
0.45767276 16.93506365 -0.53476376 
0.45833933 16.93694487 -0.53509809 
0.45900590 16.93882798 -0.53542123 
0.45967247 16.94071295 -0.53573321 
0.46033904 16.94259973 -0.53603398 
0.46100561 16.94448832 -0.53632355 
0.46167218 16.94637865 -0.53660195 
0.46233876 16.94827068 -0.53686913 
0.46300533 16.95016443 -0.53712509 
0.46367190 16.95205984 -0.53736986 
0.46433847 16.95395685 -0.53760341 
0.46500504 16.95585548 -0.53782574 
0.46567161 16.95775566 -0.53803689 
0.46633818 16.95965736 -0.53823680 
0.46700475 16.96156057 -0.53842546 
0.46767132 16.96346525 -0.53860297 
0.46833789 16.96537134 -0.53876925 
0.46900446 16.96727882 -0.53892428 
0.46967103 16.96918771 -0.53906813 
0.47033760 16.97109790 -0.53920077 
0.47100417 16.97300939 -0.53932219 
0.47167075 16.97492217 -0.53943242 
0.47233732 16.97683617 -0.53953145 
0.47300389 16.97875138 -0.53961926 
0.47367046 16.98066778 -0.53969590 
0.47433703 16.98258530 -0.53976135 
0.47500360 16.98450394 -0.53981561 
0.47567017 16.98642367 -0.53985870 
0.47633674 16.98834443 -0.53989063 
0.47700331 16.99026621 -0.53991138 
0.47766988 16.99218899 -0.53992100 
0.47833645 16.99411270 -0.53991946 
0.47900302 16.99603734 -0.53990676 
0.47966959 16.99796288 -0.53988297 
0.48033616 16.99988926 -0.53984805 
0.48100274 17.00181647 -0.53980199 
0.48166931 17.00374450 -0.53974488 
0.48233588 17.00567327 -0.53967667 
0.48300245 17.00760278 -0.53959736 
0.48366902 17.00953301 -0.53950701 
0.48433559 17.01146388 -0.53940561 
0.48500216 17.01339540 -0.53929314 
0.48566873 17.01532755 -0.53916968 
0.48633530 17.01726026 -0.53903520 
0.48700187 17.01919352 -0.53888971 
0.48766844 17.02112733 -0.53873327 
0.48833501 17.02306159 -0.53856586 
0.48900158 17.02499631 -0.53838747 
0.48966815 17.02693150 -0.53819819 
0.49033472 17.02886703 -0.53799798 
0.49100130 17.03080291 -0.53778684 
0.49166787 17.03273919 -0.53756486 
0.49233444 17.03467574 -0.53733203 
0.49300101 17.03661254 -0.53708833 
0.49366758 17.03854964 -0.53683382 
0.49433415 17.04048693 -0.53656851 
0.49500072 17.04242440 -0.53629240 
0.49566729 17.04436204 -0.53600557 
0.49633386 17.04629978 -0.53570799 
0.49700043 17.04823761 -0.53539966 
0.49766700 17.05017554 -0.53508069 
0.49833357 17.05211346 -0.53475104 
0.49900014 17.05405138 -0.53441071 
0.49966671 17.05598933 -0.53405979 
0.50033329 17.05792718 -0.53369828 
0.50099986 17.05986495 -0.53332618 
0.50166643 17.06180263 -0.53294355 
0.50233300 17.06374014 -0.53255041 
0.50299957 17.06567746 -0.53214674 
0.50366614 17.06761463 -0.53173264 
0.50433271 17.06955152 -0.53130810 
0.50499928 17.07148814 -0.53087314 
0.50566585 17.07342452 -0.53042780 
0.50633242 17.07536054 -0.52997212 
0.50699899 17.07729620 -0.52950612 
0.50766556 17.07923151 -0.52902982 
0.50833213 17.08116639 -0.52854327 
0.50899870 17.08310082 -0.52804647 
0.50966528 17.08503483 -0.52753950 
0.51033185 17.08696829 -0.52702236 
0.51099842 17.08890122 -0.52649505 
0.51166499 17.09083365 -0.52595767 
0.51233156 17.09276545 -0.52541024 
0.51299813 17.09469662 -0.52485276 
0.51366470 17.09662721 -0.52428527 
0.51433127 17.09855708 -0.52370784 
0.51499784 17.10048623 -0.52312046 
0.51566441 17.10241471 -0.52252319 
0.51633098 17.10434238 -0.52191608 
0.51699755 17.10626926 -0.52129913 
0.51766412 17.10819536 -0.52067241 
0.51833069 17.11012058 -0.52003595 
0.51899726 17.11204492 -0.51938975 
0.51966384 17.11396840 -0.51873392 
0.52033041 17.11589090 -0.51806845 
0.52099698 17.11781243 -0.51739335 
0.52166355 17.11973303 -0.51670875 
0.52233012 17.12165256 -0.51601463 
0.52299669 17.12357103 -0.51531100 
0.52366326 17.12548848 -0.51459800 
0.52432983 17.12740476 -0.51387559 
0.52499640 17.12931987 -0.51314378 
0.52566297 17.13123393 -0.51240269 
0.52632954 17.13314674 -0.51165237 
0.52699611 17.13505828 -0.51089282 
0.52766268 17.13696865 -0.51012407 
0.52832925 17.13887769 -0.50934620 
0.52899583 17.14078543 -0.50855923 
0.52966240 17.14269185 -0.50776323 
0.53032897 17.14459687 -0.50695824 
0.53099554 17.14650049 -0.50614424 
0.53166211 17.14840273 -0.50532138 
0.53232868 17.15030346 -0.50448966 
0.53299525 17.15220269 -0.50364907 
0.53366182 17.15410050 -0.50279975 
0.53432839 17.15599671 -0.50194171 
0.53499496 17.15789132 -0.50107495 
0.53566153 17.15978441 -0.50019959 
0.53632810 17.16167581 -0.49931566 
0.53699467 17.16356553 -0.49842316 
0.53766124 17.16545364 -0.49752219 
0.53832782 17.16733999 -0.49661279 
0.53899439 17.16922458 -0.49569497 
0.53966096 17.17110745 -0.49476886 
0.54032753 17.17298846 -0.49383444 
0.54099410 17.17486760 -0.49289173 
0.54166067 17.17674499 -0.49194088 
0.54232724 17.17862043 -0.49098191 
0.54299381 17.18049391 -0.49001480 
0.54366038 17.18236553 -0.48903968 
0.54432695 17.18423511 -0.48805658 
0.54499352 17.18610266 -0.48706551 
0.54566009 17.18796825 -0.48606658 
0.54632666 17.18983173 -0.48505984 
0.54699323 17.19169308 -0.48404528 
0.54765981 17.19355239 -0.48302301 
0.54832638 17.19540947 -0.48199309 
0.54899295 17.19726433 -0.48095552 
0.54965952 17.19911709 -0.47991038 
0.55032609 17.20096754 -0.47885775 
0.55099266 17.20281567 -0.47779764 
0.55165923 17.20466161 -0.47673011 
0.55232580 17.20650515 -0.47565526 
0.55299237 17.20834628 -0.47457309 
0.55365894 17.21018513 -0.47348367 
0.55432551 17.21202148 -0.47238709 
0.55499208 17.21385534 -0.47128335 
0.55565865 17.21568683 -0.47017251 
0.55632522 17.21751574 -0.46905468 
0.55699179 17.21934208 -0.46792988 
0.55765837 17.22116592 -0.46679813 
0.55832494 17.22298712 -0.46565955 
0.55899151 17.22480568 -0.46451414 
0.55965808 17.22662161 -0.46336199 
0.56032465 17.22843482 -0.46220316 
0.56099122 17.23024532 -0.46103767 
0.56165779 17.23205309 -0.45986564 
0.56232436 17.23385803 -0.45868706 
0.56299093 17.23566015 -0.45750195 
0.56365750 17.23745951 -0.45631051 
0.56432407 17.23925593 -0.45511271 
0.56499064 17.24104941 -0.45390855 
0.56565721 17.24284007 -0.45269820 
0.56632378 17.24462769 -0.45148167 
0.56699036 17.24641227 -0.45025895 
0.56765693 17.24819394 -0.44903020 
0.56832350 17.24997249 -0.44779544 
0.56899007 17.25174790 -0.44655468 
0.56965664 17.25352031 -0.44530803 
0.57032321 17.25528951 -0.44405556 
0.57098978 17.25705549 -0.44279727 
0.57165635 17.25881835 -0.44153326 
0.57232292 17.26057792 -0.44026359 
0.57298949 17.26233420 -0.43898825 
0.57365606 17.26408725 -0.43770738 
0.57432263 17.26583691 -0.43642102 
0.57498920 17.26758320 -0.43512917 
0.57565577 17.26932616 -0.43383195 
0.57632235 17.27106563 -0.43252941 
0.57698892 17.27280162 -0.43122155 
0.57765549 17.27453422 -0.42990847 
0.57832206 17.27626326 -0.42859026 
0.57898863 17.27798873 -0.42726691 
0.57965520 17.27971067 -0.42593852 
0.58032177 17.28142896 -0.42460514 
0.58098834 17.28314359 -0.42326677 
0.58165491 17.28485462 -0.42192357 
0.58232148 17.28656189 -0.42057554 
0.58298805 17.28826541 -0.41922269 
0.58365462 17.28996524 -0.41786518 
0.58432119 17.29166121 -0.41650300 
0.58498776 17.29335331 -0.41513616 
0.58565434 17.29504168 -0.41376478 
0.58632091 17.29672609 -0.41238896 
0.58698748 17.29840654 -0.41100869 
0.58765405 17.30008312 -0.40962399 
0.58832062 17.30175567 -0.40823500 
0.58898719 17.30342418 -0.40684170 
0.58965376 17.30508872 -0.40544421 
0.59032033 17.30674913 -0.40404255 
0.59098690 17.30840542 -0.40263675 
0.59165347 17.31005764 -0.40122694 
0.59232004 17.31170564 -0.39981312 
0.59298661 17.31334941 -0.39839531 
0.59365318 17.31498903 -0.39697364 
0.59431975 17.31662431 -0.39554814 
0.59498632 17.31825526 -0.39411881 
0.59565290 17.31988201 -0.39268574 
0.59631947 17.32150434 -0.39124903 
0.59698604 17.32312227 -0.38980866 
0.59765261 17.32473582 -0.38836472 
0.59831918 17.32634489 -0.38691727 
0.59898575 17.32794947 -0.38546631 
0.59965232 17.32954957 -0.38401194 
0.60031889 17.33114511 -0.38255422 
0.60098546 17.33273609 -0.38109315 
0.60165203 17.33432247 -0.37962885 
0.60231860 17.33590417 -0.37816132 
0.60298517 17.33748118 -0.37669057 
0.60365174 17.33905361 -0.37521675 
0.60431831 17.34062124 -0.37373988 
0.60498489 17.34218408 -0.37225995 
0.60565146 17.34374222 -0.37077706 
0.60631803 17.34529547 -0.36929128 
0.60698460 17.34684386 -0.36780259 
0.60765117 17.34838744 -0.36631108 
0.60831774 17.34992606 -0.36481682 
0.60898431 17.35145972 -0.36331981 
0.60965088 17.35298847 -0.36182013 
0.61031745 17.35451217 -0.36031783 
0.61098402 17.35603085 -0.35881291 
0.61165059 17.35754449 -0.35730550 
0.61231716 17.35905299 -0.35579559 
0.61298373 17.36055635 -0.35428319 
0.61365030 17.36205464 -0.35276842 
0.61431688 17.36354771 -0.35125131 
0.61498345 17.36503553 -0.34973185 
0.61565002 17.36651817 -0.34821014 
0.61631659 17.36799550 -0.34668623 
0.61698316 17.36946750 -0.34516014 
0.61764973 17.37093424 -0.34363189 
0.61831630 17.37239556 -0.34210158 
0.61898287 17.37385148 -0.34056919 
0.61964944 17.37530204 -0.33903480 
0.62031601 17.37674711 -0.33749847 
0.62098258 17.37818669 -0.33596022 
0.62164915 17.37962080 -0.33442006 
0.62231572 17.38104934 -0.33287809 
0.62298229 17.38247232 -0.33133430 
0.62364887 17.38388973 -0.32978876 
0.62431544 17.38530149 -0.32824152 
0.62498201 17.38670759 -0.32669258 
0.62564858 17.38810805 -0.32514201 
0.62631515 17.38950277 -0.32358985 
0.62698172 17.39089175 -0.32203610 
0.62764829 17.39227500 -0.32048086 
0.62831486 17.39365242 -0.31892414 
0.62898143 17.39502401 -0.31736593 
0.62964800 17.39638979 -0.31580634 
0.63031457 17.39774967 -0.31424539 
0.63098114 17.39910364 -0.31268306 
0.63164771 17.40045171 -0.31111946 
0.63231428 17.40179378 -0.30955459 
0.63298085 17.40312986 -0.30798847 
0.63364743 17.40445997 -0.30642116 
0.63431400 17.40578401 -0.30485271 
0.63498057 17.40710198 -0.30328310 
0.63564714 17.40841388 -0.30171241 
0.63631371 17.40971963 -0.30014066 
0.63698028 17.41101923 -0.29856784 
0.63764685 17.41231267 -0.29699406 
0.63831342 17.41359991 -0.29541933 
0.63897999 17.41488092 -0.29384363 
0.63964656 17.41615570 -0.29226703 
0.64031313 17.41742417 -0.29068958 
0.64097970 17.41868633 -0.28911127 
0.64164627 17.41994220 -0.28753215 
0.64231284 17.42119169 -0.28595226 
0.64297942 17.42243479 -0.28437159 
0.64364599 17.42367152 -0.28279021 
0.64431256 17.42490179 -0.28120814 
0.64497913 17.42612560 -0.27962537 
0.64564570 17.42734296 -0.27804198 
0.64631227 17.42855380 -0.27645798 
0.64697884 17.42975810 -0.27487337 
0.64764541 17.43095587 -0.27328820 
0.64831198 17.43214705 -0.27170251 
0.64897855 17.43333163 -0.27011628 
0.64964512 17.43450961 -0.26852960 
0.65031169 17.43568091 -0.26694245 
0.65097826 17.43684553 -0.26535483 
0.65164483 17.43800350 -0.26376681 
0.65231141 17.43915472 -0.26217842 
0.65297798 17.44029920 -0.26058965 
0.65364455 17.44143694 -0.25900052 
0.65431112 17.44256787 -0.25741108 
0.65497769 17.44369200 -0.25582132 
0.65564426 17.44480933 -0.25423131 
0.65631083 17.44591977 -0.25264104 
0.65697740 17.44702334 -0.25105051 
0.65764397 17.44812004 -0.24945976 
0.65831054 17.44920980 -0.24786884 
0.65897711 17.45029263 -0.24627773 
0.65964368 17.45136850 -0.24468646 
0.66031025 17.45243738 -0.24309505 
0.66097682 17.45349927 -0.24150349 
0.66164340 17.45455415 -0.23991186 
0.66230997 17.45560196 -0.23832014 
0.66297654 17.45664270 -0.23672833 
0.66364311 17.45767640 -0.23513648 
0.66430968 17.45870297 -0.23354460 
0.66497625 17.45972242 -0.23195269 
0.66564282 17.46073475 -0.23036078 
0.66630939 17.46173988 -0.22876889 
0.66697596 17.46273783 -0.22717702 
0.66764253 17.46372862 -0.22558518 
0.66830910 17.46471216 -0.22399341 
0.66897567 17.46568846 -0.22240170 
0.66964224 17.46665752 -0.22081007 
0.67030881 17.46761930 -0.21921854 
0.67097538 17.46857379 -0.21762712 
0.67164196 17.46952097 -0.21603583 
0.67230853 17.47046081 -0.21444467 
0.67297510 17.47139330 -0.21285363 
0.67364167 17.47231846 -0.21126278 
0.67430824 17.47323621 -0.20967209 
0.67497481 17.47414657 -0.20808157 
0.67564138 17.47504952 -0.20649126 
0.67630795 17.47594502 -0.20490114 
0.67697452 17.47683307 -0.20331121 
0.67764109 17.47771368 -0.20172151 
0.67830766 17.47858681 -0.20013205 
0.67897423 17.47945244 -0.19854283 
0.67964080 17.48031055 -0.19695385 
0.68030737 17.48116112 -0.19536513 
0.68097395 17.48200416 -0.19377664 
0.68164052 17.48283964 -0.19218847 
0.68230709 17.48366754 -0.19060057 
0.68297366 17.48448784 -0.18901293 
0.68364023 17.48530056 -0.18742559 
0.68430680 17.48610565 -0.18583856 
0.68497337 17.48690311 -0.18425182 
0.68563994 17.48769293 -0.18266540 
0.68630651 17.48847507 -0.18107930 
0.68697308 17.48924954 -0.17949351 
0.68763965 17.49001633 -0.17790805 
0.68830622 17.49077541 -0.17632292 
0.68897279 17.49152677 -0.17473813 
0.68963936 17.49227042 -0.17315368 
0.69030594 17.49300630 -0.17156958 
0.69097251 17.49373443 -0.16998582 
0.69163908 17.49445481 -0.16840241 
0.69230565 17.49516740 -0.16681936 
0.69297222 17.49587220 -0.16523667 
0.69363879 17.49656920 -0.16365434 
0.69430536 17.49725836 -0.16207238 
0.69497193 17.49793971 -0.16049077 
0.69563850 17.49861321 -0.15890953 
0.69630507 17.49927887 -0.15732866 
0.69697164 17.49993667 -0.15574818 
0.69763821 17.50058658 -0.15416805 
0.69830478 17.50122860 -0.15258829 
0.69897135 17.50186273 -0.15100891 
0.69963792 17.50248896 -0.14942991 
0.70030450 17.50310726 -0.14785128 
0.70097107 17.50371764 -0.14627302 
0.70163764 17.50432008 -0.14469514 
0.70230421 17.50491457 -0.14311764 
0.70297078 17.50550111 -0.14154050 
0.70363735 17.50607967 -0.13996375 
0.70430392 17.50665026 -0.13838736 
0.70497049 17.50721287 -0.13681133 
0.70563706 17.50776747 -0.13523570 
0.70630363 17.50831406 -0.13366042 
0.70697020 17.50885264 -0.13208550 
0.70763677 17.50938321 -0.13051096 
0.70830334 17.50990574 -0.12893678 
0.70896991 17.51042023 -0.12736296 
0.70963649 17.51092667 -0.12578949 
0.71030306 17.51142505 -0.12421638 
0.71096963 17.51191538 -0.12264363 
0.71163620 17.51239762 -0.12107123 
0.71230277 17.51287178 -0.11949917 
0.71296934 17.51333787 -0.11792746 
0.71363591 17.51379584 -0.11635608 
0.71430248 17.51424572 -0.11478504 
0.71496905 17.51468750 -0.11321433 
0.71563562 17.51512114 -0.11164397 
0.71630219 17.51554666 -0.11007392 
0.71696876 17.51596406 -0.10850418 
0.71763533 17.51637333 -0.10693477 
0.71830190 17.51677444 -0.10536567 
0.71896848 17.51716741 -0.10379688 
0.71963505 17.51755222 -0.10222839 
0.72030162 17.51792887 -0.10066019 
0.72096819 17.51829736 -0.09909229 
0.72163476 17.51865766 -0.09752469 
0.72230133 17.51900979 -0.09595736 
0.72296790 17.51935374 -0.09439030 
0.72363447 17.51968949 -0.09282353 
0.72430104 17.52001705 -0.09125702 
0.72496761 17.52033642 -0.08969076 
0.72563418 17.52064757 -0.08812477 
0.72630075 17.52095052 -0.08655902 
0.72696732 17.52124525 -0.08499352 
0.72763389 17.52153176 -0.08342825 
0.72830047 17.52181005 -0.08186321 
0.72896704 17.52208012 -0.08029840 
0.72963361 17.52234195 -0.07873381 
0.73030018 17.52259554 -0.07716943 
0.73096675 17.52284091 -0.07560525 
0.73163332 17.52307802 -0.07404128 
0.73229989 17.52330689 -0.07247749 
0.73296646 17.52352751 -0.07091389 
0.73363303 17.52373987 -0.06935047 
0.73429960 17.52394398 -0.06778722 
0.73496617 17.52413984 -0.06622413 
0.73563274 17.52432742 -0.06466120 
0.73629931 17.52450675 -0.06309842 
0.73696588 17.52467781 -0.06153579 
0.73763245 17.52484059 -0.05997329 
0.73829903 17.52499511 -0.05841092 
0.73896560 17.52514135 -0.05684867 
0.73963217 17.52527931 -0.05528654 
0.74029874 17.52540899 -0.05372451 
0.74096531 17.52553040 -0.05216258 
0.74163188 17.52564352 -0.05060074 
0.74229845 17.52574836 -0.04903899 
0.74296502 17.52584491 -0.04747731 
0.74363159 17.52593317 -0.04591571 
0.74429816 17.52601315 -0.04435416 
0.74496473 17.52608484 -0.04279267 
0.74563130 17.52614823 -0.04123122 
0.74629787 17.52620333 -0.03966981 
0.74696444 17.52625015 -0.03810844 
0.74763102 17.52628867 -0.03654708 
0.74829759 17.52631889 -0.03498574 
0.74896416 17.52634083 -0.03342441 
0.74963073 17.52635446 -0.03186308 
0.75029730 17.52635981 -0.03030174 
0.75096387 17.52635686 -0.02874038 
0.75163044 17.52634561 -0.02717900 
0.75229701 17.52632608 -0.02561759 
0.75296358 17.52629825 -0.02405614 
0.75363015 17.52626212 -0.02249464 
0.75429672 17.52621771 -0.02093309 
0.75496329 17.52616500 -0.01937148 
0.75562986 17.52610400 -0.01780979 
0.75629643 17.52603471 -0.01624803 
0.75696301 17.52595714 -0.01468618 
0.75762958 17.52587127 -0.01312424 
0.75829615 17.52577712 -0.01156219 
0.75896272 17.52567469 -0.01000005 
0.75962929 17.52556396 -0.00843778 
0.76029586 17.52544496 -0.00687539 
0.76096243 17.52531768 -0.00531287 
0.76162900 17.52518212 -0.00375021 
0.76229557 17.52503829 -0.00218740 
0.76296214 17.52488619 -0.00062445 
0.76362871 17.52472580 0.00093866 
0.76429528 17.52455716 0.00250195 
0.76496185 17.52438025 0.00406541 
0.76562842 17.52419507 0.00562905 
0.76629500 17.52400163 0.00719288 
0.76696157 17.52379994 0.00875691 
0.76762814 17.52358999 0.01032114 
0.76829471 17.52337179 0.01188558 
0.76896128 17.52314535 0.01345023 
0.76962785 17.52291065 0.01501511 
0.77029442 17.52266772 0.01658022 
0.77096099 17.52241656 0.01814556 
0.77162756 17.52215715 0.01971115 
0.77229413 17.52188952 0.02127699 
0.77296070 17.52161367 0.02284308 
0.77362727 17.52132959 0.02440944 
0.77429384 17.52103730 0.02597606 
0.77496041 17.52073680 0.02754296 
0.77562698 17.52042809 0.02911013 
0.77629356 17.52011117 0.03067759 
0.77696013 17.51978606 0.03224535 
0.77762670 17.51945276 0.03381341 
0.77829327 17.51911128 0.03538176 
0.77895984 17.51876161 0.03695041 
0.77962641 17.51840376 0.03851939 
0.78029298 17.51803775 0.04008869 
0.78095955 17.51766357 0.04165830 
0.78162612 17.51728123 0.04322825 
0.78229269 17.51689074 0.04479853 
0.78295926 17.51649210 0.04636914 
0.78362583 17.51608532 0.04794010 
0.78429240 17.51567041 0.04951141 
0.78495897 17.51524737 0.05108306 
0.78562555 17.51481621 0.05265507 
0.78629212 17.51437695 0.05422744 
0.78695869 17.51392957 0.05580017 
0.78762526 17.51347409 0.05737327 
0.78829183 17.51301052 0.05894674 
0.78895840 17.51253887 0.06052058 
0.78962497 17.51205914 0.06209480 
0.79029154 17.51157135 0.06366940 
0.79095811 17.51107549 0.06524437 
0.79162468 17.51057158 0.06681974 
0.79229125 17.51005963 0.06839549 
0.79295782 17.50953964 0.06997163 
0.79362439 17.50901162 0.07154816 
0.79429096 17.50847558 0.07312509 
0.79495754 17.50793153 0.07470241 
0.79562411 17.50737949 0.07628013 
0.79629068 17.50681945 0.07785824 
0.79695725 17.50625142 0.07943675 
0.79762382 17.50567543 0.08101568 
0.79829039 17.50509148 0.08259500 
0.79895696 17.50449957 0.08417471 
0.79962353 17.50389971 0.08575484 
0.80029010 17.50329193 0.08733537 
0.80095667 17.50267623 0.08891629 
0.80162324 17.50205260 0.09049762 
0.80228981 17.50142107 0.09207935 
0.80295638 17.50078165 0.09366148 
0.80362295 17.50013435 0.09524401 
0.80428953 17.49947919 0.09682694 
0.80495610 17.49881616 0.09841027 
0.80562267 17.49814530 0.09999399 
0.80628924 17.49746659 0.10157811 
0.80695581 17.49678004 0.10316261 
0.80762238 17.49608571 0.10474753 
0.80828895 17.49538359 0.10633282 
0.80895552 17.49467368 0.10791847 
0.80962209 17.49395596 0.10950452 
0.81028866 17.49323049 0.11109095 
0.81095523 17.49249728 0.11267776 
0.81162180 17.49175633 0.11426493 
0.81228837 17.49100766 0.11585247 
0.81295494 17.49025128 0.11744037 
0.81362151 17.48948720 0.11902862 
0.81428809 17.48871544 0.12061722 
0.81495466 17.48793600 0.12220617 
0.81562123 17.48714892 0.12379548 
0.81628780 17.48635420 0.12538511 
0.81695437 17.48555184 0.12697506 
0.81762094 17.48474187 0.12856535 
0.81828751 17.48392431 0.13015594 
0.81895408 17.48309916 0.13174685 
0.81962065 17.48226645 0.13333806 
0.82028722 17.48142619 0.13492956 
0.82095379 17.48057837 0.13652134 
0.82162036 17.47972305 0.13811342 
0.82228693 17.47886022 0.13970575 
0.82295350 17.47798989 0.14129834 
0.82362008 17.47711210 0.14289120 
0.82428665 17.47622685 0.14448429 
0.82495322 17.47533415 0.14607761 
0.82561979 17.47443403 0.14767116 
0.82628636 17.47352651 0.14926492 
0.82695293 17.47261157 0.15085887 
0.82761950 17.47168929 0.15245304 
0.82828607 17.47075965 0.15404736 
0.82895264 17.46982265 0.15564184 
0.82961921 17.46887834 0.15723650 
0.83028578 17.46792673 0.15883130 
0.83095235 17.46696782 0.16042622 
0.83161892 17.46600166 0.16202126 
0.83228549 17.46502824 0.16361639 
0.83295207 17.46404758 0.16521163 
0.83361864 17.46305974 0.16680695 
0.83428521 17.46206470 0.16840231 
0.83495178 17.46106246 0.16999771 
0.83561835 17.46005308 0.17159317 
0.83628492 17.45903658 0.17318862 
0.83695149 17.45801294 0.17478407 
0.83761806 17.45698221 0.17637951 
0.83828463 17.45594441 0.17797492 
0.83895120 17.45489954 0.17957028 
0.83961777 17.45384766 0.18116556 
0.84028434 17.45278876 0.18276076 
0.84095091 17.45172284 0.18435587 
0.84161748 17.45064998 0.18595084 
0.84228406 17.44957017 0.18754566 
0.84295063 17.44848340 0.18914033 
0.84361720 17.44738974 0.19073481 
0.84428377 17.44628918 0.19232909 
0.84495034 17.44518174 0.19392316 
0.84561691 17.44406749 0.19551699 
0.84628348 17.44294641 0.19711054 
0.84695005 17.44181850 0.19870382 
0.84761662 17.44068384 0.20029678 
0.84828319 17.43954243 0.20188940 
0.84894976 17.43839425 0.20348168 
0.84961633 17.43723940 0.20507360 
0.85028290 17.43607785 0.20666510 
0.85094947 17.43490962 0.20825618 
0.85161604 17.43373478 0.20984682 
0.85228262 17.43255331 0.21143697 
0.85294919 17.43136521 0.21302663 
0.85361576 17.43017060 0.21461579 
0.85428233 17.42896943 0.21620437 
0.85494890 17.42776171 0.21779237 
0.85561547 17.42654752 0.21937979 
0.85628204 17.42532685 0.22096657 
0.85694861 17.42409971 0.22255269 
0.85761518 17.42286618 0.22413813 
0.85828175 17.42162624 0.22572283 
0.85894832 17.42037989 0.22730681 
0.85961489 17.41912726 0.22889005 
0.86028146 17.41786829 0.23047244 
0.86094803 17.41660299 0.23205399 
0.86161461 17.41533144 0.23363472 
0.86228118 17.41405363 0.23521453 
0.86294775 17.41276958 0.23679342 
0.86361432 17.41147940 0.23837137 
0.86428089 17.41018303 0.23994831 
0.86494746 17.40888047 0.24152423 
0.86561403 17.40757185 0.24309911 
0.86628060 17.40625713 0.24467289 
0.86694717 17.40493631 0.24624555 
0.86761374 17.40360950 0.24781706 
0.86828031 17.40227667 0.24938738 
0.86894688 17.40093783 0.25095648 
0.86961345 17.39959308 0.25252433 
0.87028002 17.39824239 0.25409086 
0.87094660 17.39688577 0.25565608 
0.87161317 17.39552332 0.25721993 
0.87227974 17.39415502 0.25878236 
0.87294631 17.39278085 0.26034336 
0.87361288 17.39140097 0.26190290 
0.87427945 17.39001530 0.26346089 
0.87494602 17.38862385 0.26501734 
0.87561259 17.38722677 0.26657221 
0.87627916 17.38582399 0.26812542 
0.87694573 17.38441550 0.26967696 
0.87761230 17.38300149 0.27122683 
0.87827887 17.38158186 0.27277490 
0.87894544 17.38015662 0.27432117 
0.87961201 17.37872590 0.27586566 
0.88027859 17.37728966 0.27740823 
0.88094516 17.37584791 0.27894889 
0.88161173 17.37440077 0.28048761 
0.88227830 17.37294820 0.28202431 
0.88294487 17.37149019 0.28355896 
0.88361144 17.37002689 0.28509156 
0.88427801 17.36855825 0.28662199 
0.88494458 17.36708426 0.28815027 
0.88561115 17.36560506 0.28967631 
0.88627772 17.36412061 0.29120007 
0.88694429 17.36263090 0.29272155 
0.88761078 17.36113626 0.29424051 
0.88827727 17.35963646 0.29575703 
0.88894376 17.35813149 0.29727111 
0.88960717 17.35662845 0.29877577 
0.89027059 17.35512038 0.30027788 
0.89093401 17.35360730 0.30177745 
0.89159148 17.35210294 0.30326102 
0.89224895 17.35059372 0.30474196 
0.89290643 17.34907966 0.30622027 
0.89355801 17.34757451 0.30768268 
0.89420960 17.34606467 0.30914236 
0.89486118 17.34455014 0.31059932 
0.89550693 17.34304471 0.31204052 
0.89615267 17.34153477 0.31347889 
0.89679842 17.34002031 0.31491443 
0.89743838 17.33851507 0.31633431 
0.89807834 17.33700549 0.31775130 
0.89871830 17.33549156 0.31916541 
0.89935253 17.33398705 0.32056392 
0.89998676 17.33247833 0.32195947 
0.90062099 17.33096540 0.32335206 
0.90124954 17.32946203 0.32472918 
0.90187808 17.32795461 0.32610326 
0.90250663 17.32644313 0.32747429 
0.90312955 17.32494135 0.32882997 
0.90375246 17.32343566 0.33018254 
0.90437538 17.32192606 0.33153199 
0.90499272 17.32042630 0.33286623 
0.90561005 17.31892278 0.33419726 
0.90622739 17.31741549 0.33552508 
0.90683920 17.31591813 0.33683785 
0.90745100 17.31441715 0.33814735 
0.90806281 17.31291256 0.33945356 
0.90866913 17.31141801 0.34074485 
0.90927546 17.30991998 0.34203280 
0.90988178 17.30841847 0.34331741 
0.91048268 17.30692708 0.34458720 
0.91108357 17.30543236 0.34585361 
0.91168446 17.30393429 0.34711663 
0.91227997 17.30244645 0.34836495 
0.91287548 17.30095538 0.34960983 
0.91347099 17.29946108 0.35085126 
0.91406117 17.29797713 0.35207816 
0.91465135 17.29649007 0.35330154 
0.91524152 17.29499990 0.35452140 
0.91582641 17.29352013 0.35572688 
0.91641130 17.29203738 0.35692880 
0.91699619 17.29055165 0.35812716 
0.91757584 17.28907639 0.35931127 
0.91815548 17.28759826 0.36049178 
0.91873513 17.28611728 0.36166868 
0.91930959 17.28464682 0.36283146 
0.91988405 17.28317362 0.36399060 
0.92045850 17.28169767 0.36514610 
0.92102781 17.28023231 0.36628763 
0.92159712 17.27876430 0.36742548 
0.92216643 17.27729364 0.36855965 
0.92273064 17.27583366 0.36967999 
0.92329485 17.27437112 0.37079660 
0.92385906 17.27290604 0.37190950 
0.92441822 17.27145166 0.37300873 
0.92497737 17.26999484 0.37410421 
0.92553653 17.26853557 0.37519594 
0.92609068 17.26708706 0.37627414 
0.92664482 17.26563620 0.37734857 
0.92719897 17.26418300 0.37841921 
0.92774815 17.26274057 0.37947649 
0.92829733 17.26129590 0.38052996 
0.92884652 17.25984898 0.38157962 
0.92939078 17.25841288 0.38261610 
0.92993504 17.25697462 0.38364872 
0.93047930 17.25553420 0.38467751 
0.93101869 17.25410462 0.38569326 
0.93155808 17.25267297 0.38670516 
0.93209746 17.25123924 0.38771319 
0.93263202 17.24981640 0.38870836 
0.93316657 17.24839156 0.38969965 
0.93370113 17.24696473 0.39068705 
0.93423090 17.24554879 0.39166177 
0.93476066 17.24413094 0.39263258 
0.93529043 17.24271119 0.39359949 
0.93581545 17.24130234 0.39455387 
0.93634047 17.23989166 0.39550435 
0.93686549 17.23847916 0.39645092 
0.93738581 17.23707757 0.39738510 
0.93790612 17.23567423 0.39831537 
0.93842644 17.23426913 0.39924174 
0.93894210 17.23287496 0.40015591 
0.93945775 17.23147911 0.40106614 
0.93997341 17.23008158 0.40197244 
0.94048444 17.22869497 0.40286672 
0.94099548 17.22730676 0.40375707 
0.94150652 17.22591694 0.40464349 
0.94201298 17.22453804 0.40551804 
0.94251943 17.22315760 0.40638866 
0.94302589 17.22177561 0.40725535 
0.94352781 17.22040456 0.40811037 
0.94402973 17.21903203 0.40896145 
0.94453166 17.21765803 0.40980857 
0.94502908 17.21629492 0.41064420 
0.94552651 17.21493041 0.41147590 
0.94602393 17.21356449 0.41230366 
0.94651690 17.21220948 0.41312009 
0.94700987 17.21085312 0.41393258 
0.94750284 17.20949540 0.41474115 
0.94799139 17.20814857 0.41553856 
0.94847994 17.20680045 0.41633205 
0.94896850 17.20545104 0.41712160 
0.94945267 17.20411250 0.41790018 
0.94993685 17.20277272 0.41867485 
0.95042102 17.20143171 0.41944559 
0.95090086 17.20010156 0.42020554 
0.95138070 17.19877022 0.42096157 
0.95186054 17.19743770 0.42171369 
0.95233608 17.19611602 0.42245520 
0.95281162 17.19479320 0.42319280 
0.95328716 17.19346926 0.42392650 
0.95375844 17.19215612 0.42464977 
0.95422972 17.19084191 0.42536915 
0.95470100 17.18952663 0.42608464 
0.95516806 17.18822211 0.42678986 
0.95563512 17.18691657 0.42749122 
0.95610218 17.18561001 0.42818870 
0.95656505 17.18431419 0.42887610 
0.95702792 17.18301739 0.42955964 
0.95749080 17.18171962 0.43023934 
0.95794952 17.18043256 0.43090911 
0.95840825 17.17914456 0.43157506 
0.95886698 17.17785564 0.43223717 
0.95932160 17.17657739 0.43288954 
0.95977622 17.17529825 0.43353810 
0.96023083 17.17401823 0.43418284 
0.96068138 17.17274884 0.43481803 
0.96113193 17.17147862 0.43544942 
0.96158247 17.17020755 0.43607702 
0.96202898 17.16894707 0.43669523 
0.96247549 17.16768579 0.43730967 
0.96292200 17.16642371 0.43792035 
0.96336451 17.16517220 0.43852182 
0.96380702 17.16391992 0.43911953 
0.96424953 17.16266688 0.43971350 
0.96468807 17.16142435 0.44029844 
0.96512662 17.16018109 0.44087966 
0.96556516 17.15893712 0.44145715 
0.96599978 17.15770361 0.44202579 
0.96643440 17.15646942 0.44259073 
0.96686901 17.15523454 0.44315197 
0.96729974 17.15401009 0.44370454 
0.96773046 17.15278499 0.44425343 
0.96816118 17.15155923 0.44479865 
0.96858805 17.15034385 0.44533536 
0.96901491 17.14912786 0.44586844 
0.96944178 17.14791125 0.44639786 
0.96986482 17.14670496 0.44691896 
0.97028786 17.14549810 0.44743644 
0.97071090 17.14429065 0.44795030 
0.97113015 17.14309348 0.44845600 
0.97154940 17.14189576 0.44895812 
0.97196865 17.14069748 0.44945666 
0.97238414 17.13950944 0.44994719 
0.97279964 17.13832088 0.45043417 
0.97321513 17.13713179 0.45091761 
0.97362691 17.13595288 0.45139321 
0.97403868 17.13477348 0.45186530 
0.97445045 17.13359358 0.45233386 
0.97485854 17.13242381 0.45279476 
0.97526662 17.13125358 0.45325217 
0.97567471 17.13008288 0.45370611 
0.97607913 17.12892225 0.45415253 
0.97648356 17.12776118 0.45459550 
0.97688799 17.12659968 0.45503503 
0.97728880 17.12544820 0.45546721 
0.97768960 17.12429630 0.45589598 
0.97809041 17.12314400 0.45632134 
0.97848762 17.12200164 0.45673951 
0.97888484 17.12085891 0.45715430 
0.97928205 17.11971579 0.45756571 
0.97967571 17.11858257 0.45797010 
0.98006936 17.11744900 0.45837114 
0.98046302 17.11631506 0.45876884 
0.98085315 17.11519096 0.45915968 
0.98124328 17.11406653 0.45954721 
0.98163341 17.11294177 0.45993142 
0.98202004 17.11182678 0.46030893 
0.98240668 17.11071148 0.46068317 
0.98279331 17.10959587 0.46105414 
0.98317649 17.10848998 0.46141855 
0.98355966 17.10738380 0.46177973 
0.98394283 17.10627733 0.46213768 
0.98432257 17.10518052 0.46248922 
0.98470231 17.10408344 0.46283757 
0.98508204 17.10298610 0.46318271 
0.98545838 17.10189835 0.46352162 
0.98583472 17.10081035 0.46385736 
0.98621106 17.09972211 0.46418993 
0.98658402 17.09864339 0.46451641 
0.98695699 17.09756445 0.46483977 
0.98732995 17.09648529 0.46516001 
0.98769958 17.09541560 0.46547429 
0.98806920 17.09434569 0.46578549 
0.98843883 17.09327558 0.46609360 
0.98880514 17.09221488 0.46639591 
0.98917145 17.09115399 0.46669518 
0.98953777 17.09009291 0.46699139 
0.98990080 17.08904117 0.46728195 
0.99026383 17.08798926 0.46756950 
0.99062686 17.08693718 0.46785404 
0.99098664 17.08589437 0.46813306 
0.99134642 17.08485141 0.46840911 
0.99170620 17.08380830 0.46868219 
0.99206276 17.08277440 0.46894989 
0.99241931 17.08174037 0.46921466 
0.99277587 17.08070619 0.46947650 
0.99312923 17.07968117 0.46973311 
0.99348259 17.07865602 0.46998682 
0.99383596 17.07763075 0.47023763 
0.99418615 17.07661457 0.47048335 
0.99453635 17.07559828 0.47072621 
0.99488655 17.07458188 0.47096621 
0.99523361 17.07357450 0.47120125 
0.99558067 17.07256702 0.47143347 
0.99592773 17.07155946 0.47166287 
0.99627168 17.07056084 0.47188745 
0.99661563 17.06956215 0.47210924 
0.99695958 17.06856338 0.47232826 
0.99730045 17.06757350 0.47254257 
0.99764132 17.06658355 0.47275414 
0.99798218 17.06559354 0.47296298 
0.99832000 17.06461234 0.47316724 
0.99865782 17.06363110 0.47336880 
0.99899563 17.06264980 0.47356766 
0.99933042 17.06167726 0.47376207 
0.99966521 17.06070468 0.47395382 
1.00000000 17.05973206 0.47414290 
