0.00000000 32.03688756 10.12767325 
0.00016816 32.00999961 10.12345660 
0.00033631 31.98309150 10.11921847 
0.00050447 31.95616326 10.11495886 
0.00067568 31.92872531 10.11060023 
0.00084689 31.90126671 10.10621934 
0.00101810 31.87378744 10.10181620 
0.00119241 31.84578790 10.09731077 
0.00136673 31.81776703 10.09278238 
0.00154105 31.78972484 10.08823103 
0.00171854 31.76115160 10.08357381 
0.00189602 31.73255649 10.07889285 
0.00207350 31.70393951 10.07418815 
0.00225421 31.67478038 10.06937401 
0.00243492 31.64559873 10.06453543 
0.00261563 31.61639457 10.05967239 
0.00279962 31.58663710 10.05469621 
0.00298361 31.55685653 10.04969467 
0.00316760 31.52705288 10.04466777 
0.00335493 31.49668428 10.03952390 
0.00354226 31.46629190 10.03435392 
0.00372959 31.43587574 10.02915782 
0.00392032 31.40488307 10.02384108 
0.00411106 31.37386597 10.01849712 
0.00430179 31.34282444 10.01312594 
0.00449599 31.31119450 10.00763022 
0.00469018 31.27953953 10.00210643 
0.00488438 31.24785953 9.99655455 
0.00508210 31.21557855 9.99087382 
0.00527983 31.18327197 9.98516419 
0.00547755 31.15093980 9.97942566 
0.00567887 31.11799423 9.97355393 
0.00588018 31.08502241 9.96765230 
0.00608149 31.05202435 9.96172075 
0.00628646 31.01840007 9.95565150 
0.00649144 30.98474880 9.94955152 
0.00669641 30.95107054 9.94342082 
0.00690510 30.91675327 9.93714775 
0.00711379 30.88240847 9.93084282 
0.00732249 30.84803612 9.92450603 
0.00753497 30.81301115 9.91802224 
0.00774745 30.77795796 9.91150567 
0.00795993 30.74287656 9.90495632 
0.00817628 30.70712933 9.89825515 
0.00839262 30.67135315 9.89152002 
0.00860896 30.63554801 9.88475094 
0.00882923 30.59906309 9.87782498 
0.00904950 30.56254858 9.87086406 
0.00926977 30.52600445 9.86386819 
0.00949404 30.48876655 9.85671026 
0.00971831 30.45149846 9.84951623 
0.00994259 30.41420017 9.84228611 
0.01017093 30.37619364 9.83488856 
0.01039927 30.33815620 9.82745389 
0.01062762 30.30008786 9.81998208 
0.01086011 30.26129673 9.81233719 
0.01109260 30.22247405 9.80465398 
0.01132509 30.18361983 9.79693245 
0.01156180 30.14402784 9.78903231 
0.01179852 30.10440371 9.78109262 
0.01203523 30.06474745 9.77311338 
0.01227624 30.02433826 9.76494959 
0.01251725 29.98389624 9.75674517 
0.01275827 29.94342138 9.74850013 
0.01300366 29.90217825 9.74006437 
0.01324904 29.86090168 9.73158668 
0.01349443 29.81959167 9.72306704 
0.01374428 29.77749758 9.71435063 
0.01399412 29.73536944 9.70559103 
0.01424397 29.69320722 9.69678826 
0.01449835 29.65024491 9.68778245 
0.01475274 29.60724788 9.67873204 
0.01500712 29.56421612 9.66963700 
0.01526612 29.52036829 9.66033271 
0.01552512 29.47648509 9.65098226 
0.01578413 29.43256650 9.64158565 
0.01604783 29.38781463 9.63197299 
0.01631154 29.34302723 9.62231314 
0.01657525 29.29820431 9.61260611 
0.01684374 29.25253101 9.60267577 
0.01711224 29.20682164 9.59269686 
0.01738073 29.16107621 9.58266936 
0.01765410 29.11446306 9.57241154 
0.01792748 29.06781342 9.56210375 
0.01820085 29.02112730 9.55174599 
0.01847918 28.97355607 9.54115049 
0.01875752 28.92594786 9.53050353 
0.01903586 28.87830267 9.51980511 
0.01931925 28.82975459 9.50886172 
0.01960264 28.78116924 9.49786553 
0.01988603 28.73254664 9.48681655 
0.02017457 28.68300290 9.47551426 
0.02046311 28.63342145 9.46415794 
0.02075164 28.58380228 9.45274760 
0.02104542 28.53324393 9.44107614 
0.02133920 28.48264758 9.42934893 
0.02163298 28.43201323 9.41756598 
0.02193209 28.38042075 9.40551399 
0.02223120 28.32879028 9.39340486 
0.02253032 28.27712180 9.38123858 
0.02283486 28.22447641 9.36879510 
0.02313941 28.17179245 9.35629278 
0.02344395 28.11906990 9.34373163 
0.02375403 28.06535187 9.33088497 
0.02406410 28.01159561 9.31797779 
0.02437418 27.95780111 9.30501008 
0.02468989 27.90299047 9.29174806 
0.02500559 27.84814173 9.27842438 
0.02532130 27.79325489 9.26503905 
0.02564274 27.73733264 9.25135005 
0.02596418 27.68137218 9.23759774 
0.02628562 27.62537350 9.22378211 
0.02661290 27.56831903 9.20965373 
0.02694018 27.51122688 9.19546057 
0.02726746 27.45409706 9.18120263 
0.02760068 27.39589134 9.16662246 
0.02793390 27.33764823 9.15197622 
0.02826712 27.27936772 9.13726392 
0.02860640 27.21999123 9.12221890 
0.02894567 27.16057742 9.10710649 
0.02928494 27.10112628 9.09192668 
0.02963038 27.04055870 9.07640523 
0.02997581 26.97995472 9.06081440 
0.03032125 26.91931435 9.04515419 
0.03067296 26.85753655 9.02914232 
0.03102467 26.79572295 9.01306000 
0.03137637 26.73387357 8.99690721 
0.03173447 26.67086539 8.98039110 
0.03209257 26.60782249 8.96380364 
0.03245066 26.54474488 8.94714485 
0.03281526 26.48048744 8.93011236 
0.03317986 26.41619642 8.91300665 
0.03354446 26.35187182 8.89582774 
0.03391568 26.28634518 8.87826569 
0.03428690 26.22078640 8.86062894 
0.03465812 26.15519549 8.84291750 
0.03503608 26.08838222 8.82481177 
0.03541404 26.02153825 8.80662967 
0.03579201 25.95466357 8.78837120 
0.03617683 25.88654338 8.76970741 
0.03656166 25.81839457 8.75096663 
0.03694648 25.75021716 8.73214887 
0.03733830 25.68077343 8.71291368 
0.03773011 25.61130244 8.69360041 
0.03812193 25.54180418 8.67420907 
0.03852086 25.47101836 8.65438961 
0.03891979 25.40020746 8.63449050 
0.03931872 25.32937148 8.61451174 
0.03972490 25.25722718 8.59409336 
0.04013107 25.18505978 8.57359421 
0.04053725 25.11286929 8.55301430 
0.04095080 25.03934855 8.53198340 
0.04136435 24.96580798 8.51087055 
0.04177790 24.89224757 8.48967574 
0.04219896 24.81733523 8.46801854 
0.04262003 24.74240578 8.44627827 
0.04304109 24.66745922 8.42445492 
0.04346980 24.59113726 8.40215916 
0.04389851 24.51480429 8.37977876 
0.04432722 24.43846030 8.35731371 
0.04476371 24.36071717 8.33436214 
0.04520021 24.28296624 8.31132739 
0.04563670 24.20520750 8.28820947 
0.04608112 24.12602978 8.26459108 
0.04652555 24.04684827 8.24088800 
0.04696997 23.96766298 8.21710021 
0.04742246 23.88703546 8.19280161 
0.04787495 23.80641022 8.16841909 
0.04832745 23.72578726 8.14395266 
0.04878816 23.64370258 8.11896165 
0.04924887 23.56162511 8.09388510 
0.04970958 23.47955485 8.06872303 
0.05017866 23.39600116 8.04302470 
0.05064773 23.31245926 8.01724278 
0.05111681 23.22892917 7.99137727 
0.05159441 23.14389892 7.96496378 
0.05207200 23.05888765 7.93846418 
0.05254960 22.97389536 7.91187845 
0.05303587 22.88737785 7.88473238 
0.05352214 22.80088681 7.85750332 
0.05400841 22.71442223 7.83019126 
0.05450351 22.62641954 7.80230592 
0.05499861 22.53844774 7.77433685 
0.05549371 22.45050685 7.74628405 
0.05599781 22.36100850 7.71764729 
0.05650190 22.27155208 7.68892752 
0.05700599 22.18213759 7.66012474 
0.05751924 22.09114198 7.63072448 
0.05803249 22.00019805 7.60124410 
0.05854573 21.90930581 7.57168361 
0.05906830 21.81681983 7.54151312 
0.05959087 21.72439172 7.51126341 
0.06011344 21.63202149 7.48093446 
0.06064550 21.53804289 7.44998840 
0.06117755 21.44413555 7.41896198 
0.06170961 21.35029946 7.38785520 
0.06225133 21.25483372 7.35611850 
0.06279305 21.15945067 7.32430708 
0.06333478 21.06415032 7.29242093 
0.06388633 20.96720734 7.25989229 
0.06443789 20.87035953 7.22729023 
0.06498945 20.77360688 7.19461472 
0.06555103 20.67519405 7.16128532 
0.06611260 20.57689194 7.12788736 
0.06667418 20.47870054 7.09442083 
0.06724596 20.37883776 7.06028910 
0.06781773 20.27909868 7.02609188 
0.06838950 20.17948327 6.99182916 
0.06897166 20.07818450 6.95689013 
0.06955382 19.97702488 6.92189120 
0.07013598 19.87600441 6.88683240 
0.07072871 19.77329303 6.85108710 
0.07132144 19.67073684 6.81528549 
0.07191417 19.56833586 6.77942757 
0.07251767 19.46423762 6.74287161 
0.07312116 19.36030836 6.70626642 
0.07372466 19.25654806 6.66961199 
0.07433911 19.15109024 6.63226003 
0.07495357 19.04582210 6.59485777 
0.07556802 18.94074363 6.55740522 
0.07619364 18.83396012 6.51924645 
0.07681925 18.72738555 6.48104754 
0.07744487 18.62101991 6.44280850 
0.07808184 18.51294166 6.40385544 
0.07871882 18.40509965 6.36486790 
0.07935580 18.29749390 6.32584587 
0.08000434 18.18816541 6.28610097 
0.08065288 18.07909655 6.24633275 
0.08130143 17.97028732 6.20654123 
0.08196175 17.85976424 6.16602332 
0.08262207 17.74952486 6.12548543 
0.08328239 17.63956917 6.08492755 
0.08395471 17.52789778 6.04363649 
0.08462702 17.41653357 6.00234089 
0.08529934 17.30547654 5.96104074 
0.08598386 17.19272215 5.91899845 
0.08666838 17.08029887 5.87695878 
0.08735291 16.96820671 5.83492171 
0.08804986 16.85442358 5.79214868 
0.08874682 16.74100490 5.74938815 
0.08944377 16.62795069 5.70664010 
0.09015339 16.51321383 5.66314886 
0.09086300 16.39886937 5.61968284 
0.09157261 16.28491732 5.57624205 
0.09229511 16.16930631 5.53206659 
0.09301761 16.05411869 5.48792234 
0.09374011 15.93935445 5.44380930 
0.09447573 15.82294773 5.39896633 
0.09521135 15.70699951 5.35416747 
0.09594697 15.59150977 5.30941271 
0.09669595 15.47439202 5.26392742 
0.09744493 15.35777047 5.21850803 
0.09819391 15.24164513 5.17315453 
0.09895650 15.12392378 5.12706312 
0.09971908 15.00673039 5.08104970 
0.10048166 14.89006495 5.03511428 
0.10125809 14.77183893 4.98845414 
0.10203452 14.65418059 4.94188478 
0.10281096 14.53708994 4.89540619 
0.10360149 14.41846489 4.84821712 
0.10439202 14.30044647 4.80113550 
0.10518255 14.18303470 4.75416133 
0.10598744 14.06414357 4.70648148 
0.10679233 13.94589689 4.65892384 
0.10759722 13.82829466 4.61148841 
0.10841672 13.70923907 4.56335808 
0.10923623 13.59087901 4.51537326 
0.11005574 13.47321449 4.46753395 
0.11088579 13.35475491 4.41926528 
0.11171585 13.23703384 4.37115367 
0.11254591 13.12005129 4.32319913 
0.11337914 13.00335380 4.27525914 
0.11421238 12.88742011 4.22749710 
0.11504561 12.77225019 4.17991303 
0.11587885 12.65784343 4.13253524 
0.11671208 12.54421704 4.08534821 
0.11754532 12.43137103 4.03835195 
0.11837855 12.31930589 3.99156816 
0.11921179 12.20803386 3.94498761 
0.12004502 12.09755496 3.89861030 
0.12087825 11.98787768 3.85246853 
0.12171149 11.87901370 3.80653691 
0.12254472 11.77096300 3.76081545 
0.12337796 11.66372623 3.71533125 
0.12421119 11.55731031 3.67006991 
0.12504443 11.45171523 3.62503145 
0.12587766 11.34695443 3.58025854 
0.12671090 11.24303792 3.53571001 
0.12754413 11.13996571 3.49138584 
0.12837737 11.03771731 3.44731786 
0.12921060 10.93631646 3.40349923 
0.13004384 10.83576315 3.35992993 
0.13087707 10.73609477 3.31662341 
0.13171030 10.63726792 3.27356286 
0.13254354 10.53928261 3.23074829 
0.13337677 10.44219310 3.18822401 
0.13421001 10.34596009 3.14595002 
0.13504324 10.25058360 3.10392634 
0.13587648 10.15609224 3.06219762 
0.13670971 10.06248307 3.02072638 
0.13754295 9.96975610 2.97951260 
0.13837618 9.87788833 2.93858796 
0.13920942 9.78690713 2.89794259 
0.14004265 9.69681251 2.85757649 
0.14087589 9.60761723 2.81750420 
0.14170912 9.51931023 2.77769721 
0.14254235 9.43189152 2.73815552 
0.14337559 9.34534594 2.69891934 
0.14420882 9.25970113 2.65997195 
0.14504206 9.17495708 2.62131334 
0.14587529 9.09110829 2.58294645 
0.14670853 9.00815268 2.54486621 
0.14754176 8.92609025 2.50707262 
0.14837500 8.84492904 2.46958319 
0.14920823 8.76466333 2.43238414 
0.15004147 8.68529312 2.39547547 
0.15087470 8.60682500 2.35888116 
0.15170793 8.52925330 2.32257568 
0.15254117 8.45257802 2.28655902 
0.15337440 8.37680525 2.25085588 
0.15420764 8.30192580 2.21544741 
0.15504087 8.22793968 2.18033361 
0.15587411 8.15485578 2.14554103 
0.15670734 8.08266695 2.11104065 
0.15754058 8.01137319 2.07683247 
0.15837381 7.94096847 2.04294538 
0.15920705 7.87145845 2.00935503 
0.16004028 7.80284311 1.97606142 
0.16087352 7.73511083 1.94308503 
0.16170675 7.66826920 1.91041020 
0.16253998 7.60231821 1.87803692 
0.16337322 7.53725026 1.84597337 
0.16420645 7.47306246 1.81421072 
0.16503969 7.40975481 1.78274896 
0.16587292 7.34732943 1.75161467 
0.16670616 7.28577878 1.72077456 
0.16753939 7.22510287 1.69022861 
0.16837263 7.16530126 1.66000641 
0.16920586 7.10636689 1.63008061 
0.17003910 7.04829978 1.60045120 
0.17087233 6.99109571 1.57114369 
0.17170557 6.93475235 1.54213493 
0.17253880 6.87926971 1.51342492 
0.17337203 6.82463647 1.48503274 
0.17420527 6.77085432 1.45694063 
0.17503850 6.71792329 1.42914858 
0.17587174 6.66584548 1.40166551 
0.17670497 6.61460058 1.37447494 
0.17753821 6.56418859 1.34757686 
0.17837144 6.51461233 1.32102440 
0.17920468 6.46587643 1.29475385 
0.18003791 6.41798089 1.26876523 
0.18087115 6.37087924 1.24308765 
0.18170438 6.32459707 1.21770964 
0.18253761 6.27913438 1.19263120 
0.18337085 6.23449774 1.16786203 
0.18420408 6.19065534 1.14338244 
0.18503732 6.14760719 1.11919244 
0.18587055 6.10536675 1.09532144 
0.18670379 6.06391882 1.07173334 
0.18753702 6.02326341 1.04842814 
0.18837026 5.98338116 1.02543284 
0.18920349 5.94427869 1.00272472 
0.19003673 5.90595600 0.98030378 
0.19086996 5.86840242 0.95818222 
0.19170320 5.83160795 0.93634665 
0.19253643 5.79557256 0.91479705 
0.19336966 5.76029692 0.89354497 
0.19420290 5.72576665 0.87257199 
0.19503613 5.69198175 0.85187810 
0.19586937 5.65893666 0.83147895 
0.19670260 5.62661951 0.81135511 
0.19753584 5.59503029 0.79150657 
0.19836907 5.56416739 0.77195532 
0.19920231 5.53401843 0.75267344 
0.20003554 5.50458340 0.73366093 
0.20086878 5.47585480 0.71492584 
0.20170201 5.44781995 0.69645561 
0.20253525 5.42047886 0.67825025 
0.20336848 5.39382447 0.66034000 
0.20420171 5.36785607 0.64267957 
0.20503495 5.34257366 0.62526894 
0.20586818 5.31793573 0.60813839 
0.20670142 5.29396767 0.59125697 
0.20753465 5.27066948 0.57462468 
0.20836789 5.24800627 0.55825218 
0.20920112 5.22598547 0.54212723 
0.21003436 5.20460707 0.52624984 
0.21086759 5.18386140 0.51061924 
0.21170083 5.16373159 0.49521910 
0.21253406 5.14421764 0.48004942 
0.21336730 5.12530612 0.46512754 
0.21420053 5.10699354 0.45042587 
0.21503376 5.08927989 0.43594441 
0.21586700 5.07214632 0.42169795 
0.21670023 5.05558582 0.40765334 
0.21753347 5.03959839 0.39381056 
0.21836670 5.02416287 0.38019684 
0.21919994 5.00927747 0.36677485 
0.22003317 4.99494219 0.35354461 
0.22086641 4.98113963 0.34052443 
0.22169964 4.96785454 0.32767589 
0.22253288 4.95508693 0.31499899 
0.22336611 4.94282690 0.30251872 
0.22419934 4.93105765 0.29019904 
0.22503258 4.91977919 0.27803997 
0.22586581 4.90898277 0.26605229 
0.22669905 4.89864614 0.25420805 
0.22753228 4.88876930 0.24250726 
0.22836552 4.87935085 0.23096293 
0.22919875 4.87036301 0.21954275 
0.23003199 4.86180578 0.20824670 
0.23086522 4.85367779 0.19708712 
0.23169846 4.84595345 0.18603752 
0.23253169 4.83863279 0.17509791 
0.23336493 4.83171626 0.16427223 
0.23419816 4.82517777 0.15353848 
0.23503139 4.81901732 0.14289668 
0.23586463 4.81323383 0.13235297 
0.23669786 4.80780665 0.12188384 
0.23753110 4.80273579 0.11148928 
0.23836433 4.79802122 0.10117079 
0.23919757 4.79363862 0.09091580 
0.24003080 4.78958799 0.08072432 
0.24086404 4.78588887 0.07058984 
0.24169727 4.78249962 0.06049877 
0.24253051 4.77942024 0.05045110 
0.24336374 4.77668304 0.04045891 
0.24419698 4.77424620 0.03049095 
0.24503021 4.77210971 0.02054721 
0.24586344 4.77028866 0.01064062 
0.24669668 4.76876368 0.00075134 
0.24752991 4.76753478 -0.00912063 
0.24836315 4.76661720 -0.01898009 
0.24919638 4.76598751 -0.02883362 
0.25002962 4.76564571 -0.03868123 
0.25086285 4.76561925 -0.04852745 
0.25169609 4.76588021 -0.05838266 
0.25252932 4.76642858 -0.06824688 
0.25336256 4.76728762 -0.07812603 
0.25419579 4.76844017 -0.08802462 
0.25502903 4.76988623 -0.09794265 
0.25586226 4.77164653 -0.10789301 
0.25669549 4.77370808 -0.11787555 
0.25752873 4.77607087 -0.12789025 
0.25836196 4.77875788 -0.13795651 
0.25919520 4.78175557 -0.14806666 
0.26002843 4.78506396 -0.15822070 
0.26086167 4.78871293 -0.16843933 
0.26169490 4.79269283 -0.17872049 
0.26252814 4.79700367 -0.18906419 
0.26336137 4.80166103 -0.19949409 
0.26419461 4.80666518 -0.20999630 
0.26502784 4.81201610 -0.22057082 
0.26586107 4.81774560 -0.23125584 
0.26669431 4.82384303 -0.24202803 
0.26752754 4.83030840 -0.25288737 
0.26836078 4.83717741 -0.26387389 
0.26919401 4.84443881 -0.27497250 
0.27002725 4.85209259 -0.28618320 
0.27086048 4.86016598 -0.29752382 
0.27169372 4.86866641 -0.30899783 
0.27252695 4.87759388 -0.32060524 
0.27336019 4.88695623 -0.33237011 
0.27419342 4.89677465 -0.34427824 
0.27502666 4.90704914 -0.35632961 
0.27585989 4.91778877 -0.36856893 
0.27669312 4.92900967 -0.38096640 
0.27752636 4.94071185 -0.39352201 
0.27835959 4.95291340 -0.40627738 
0.27919283 4.96562491 -0.41921486 
0.28002606 4.97884638 -0.43233443 
0.28085930 4.99258698 -0.44567093 
0.28169253 5.00686438 -0.45920001 
0.28252577 5.02167859 -0.47292167 
0.28335900 5.03704388 -0.48687802 
0.28419224 5.05296594 -0.50104167 
0.28502547 5.06944479 -0.51541262 
0.28585871 5.08651232 -0.53002978 
0.28669194 5.10416105 -0.54487653 
0.28752517 5.12239099 -0.55995286 
0.28835841 5.14120773 -0.57527841 
0.28919164 5.16063629 -0.59083484 
0.29002488 5.18067669 -0.60662213 
0.29085811 5.20134410 -0.62269017 
0.29169135 5.22263651 -0.63900504 
0.29252458 5.24455392 -0.65556674 
0.29335782 5.26710408 -0.67240277 
0.29419105 5.29030738 -0.68949345 
0.29502429 5.31416385 -0.70683879 
0.29585752 5.33868133 -0.72447512 
0.29669076 5.36386045 -0.74237658 
0.29752399 5.38970122 -0.76054315 
0.29835722 5.41622922 -0.77898979 
0.29919046 5.44344638 -0.79771753 
0.30002369 5.47135270 -0.81672639 
0.30085693 5.49993344 -0.83603534 
0.30169016 5.52922576 -0.85561421 
0.30252340 5.55922965 -0.87546300 
0.30335663 5.58993692 -0.89562949 
0.30418987 5.62136609 -0.91607612 
0.30502310 5.65351716 -0.93680287 
0.30585634 5.68639540 -0.95783988 
0.30668957 5.72000970 -0.97916996 
0.30752280 5.75436006 -1.00079310 
0.30835604 5.78944806 -1.02271884 
0.30918927 5.82529304 -1.04494204 
0.31002251 5.86189501 -1.06746270 
0.31085574 5.89924338 -1.09029964 
0.31168898 5.93735741 -1.11342777 
0.31252221 5.97623712 -1.13684708 
0.31335545 6.01590308 -1.16059263 
0.31418868 6.05634522 -1.18464064 
0.31502192 6.09756355 -1.20899111 
0.31585515 6.13955949 -1.23366034 
0.31668839 6.18235416 -1.25863017 
0.31752162 6.22594758 -1.28390060 
0.31835485 6.27033388 -1.30949369 
0.31918809 6.31553126 -1.33539587 
0.32002132 6.36153970 -1.36160713 
0.32085456 6.40834723 -1.38814548 
0.32168779 6.45597792 -1.41498687 
0.32252103 6.50443177 -1.44213130 
0.32335426 6.55370183 -1.46960818 
0.32418750 6.60380345 -1.49739471 
0.32502073 6.65473664 -1.52549090 
0.32585397 6.70649955 -1.55391168 
0.32668720 6.75910455 -1.58264553 
0.32752044 6.81255162 -1.61169247 
0.32835367 6.86683759 -1.64106704 
0.32918690 6.92197785 -1.67075450 
0.33002014 6.97797239 -1.70075485 
0.33085337 7.03480596 -1.73108840 
0.33168661 7.09249996 -1.76172663 
0.33251984 7.15105437 -1.79266956 
0.33335308 7.21047485 -1.82396391 
0.33418631 7.27076314 -1.85556906 
0.33501955 7.33191925 -1.88748500 
0.33585278 7.39392155 -1.91972877 
0.33668602 7.45680816 -1.95228241 
0.33751925 7.52057907 -1.98514591 
0.33835248 7.58521572 -2.01835605 
0.33918572 7.65072537 -2.05187377 
0.34001895 7.71710802 -2.08569905 
0.34085219 7.78438347 -2.11984917 
0.34168542 7.85254345 -2.15432162 
0.34251866 7.92158795 -2.18911642 
0.34335189 7.99149830 -2.22423123 
0.34418513 8.06229759 -2.25965037 
0.34501836 8.13398583 -2.29537383 
0.34585160 8.20657647 -2.33143934 
0.34668483 8.28004460 -2.36781486 
0.34751807 8.35439023 -2.40450039 
0.34835130 8.42963435 -2.44150810 
0.34918453 8.50576794 -2.47881892 
0.35001777 8.58279101 -2.51643284 
0.35085100 8.66070471 -2.55438240 
0.35168424 8.73950516 -2.59263287 
0.35251747 8.81919235 -2.63118425 
0.35335071 8.89977642 -2.67005971 
0.35418394 8.98124266 -2.70923570 
0.35501718 9.06359107 -2.74871220 
0.35585041 9.14683497 -2.78849506 
0.35668365 9.23096748 -2.82858218 
0.35751688 9.31598859 -2.86897354 
0.35835012 9.40187505 -2.90967596 
0.35918335 9.48865077 -2.95066401 
0.36001658 9.57631574 -2.99193770 
0.36084982 9.66485709 -3.03352960 
0.36168305 9.75427447 -3.07540488 
0.36251629 9.84456787 -3.11756355 
0.36334952 9.93573870 -3.16002721 
0.36418276 10.02777950 -3.20277284 
0.36501599 10.12069027 -3.24580044 
0.36584923 10.21446686 -3.28912551 
0.36668246 10.30910630 -3.33271921 
0.36751570 10.40460859 -3.37658156 
0.36834893 10.50097549 -3.42073637 
0.36918217 10.59819559 -3.46516115 
0.37001540 10.69626890 -3.50985589 
0.37084863 10.79518461 -3.55482198 
0.37168187 10.89495167 -3.60004857 
0.37251510 10.99557007 -3.64553569 
0.37334834 11.09701656 -3.69129929 
0.37418157 11.19929646 -3.73730677 
0.37501481 11.30240976 -3.78355813 
0.37584804 11.40635608 -3.83007790 
0.37668128 11.51112629 -3.87684082 
0.37751451 11.61672039 -3.92384690 
0.37834775 11.72310540 -3.97110969 
0.37918098 11.83030387 -4.01858866 
0.38001421 11.93831580 -4.06628383 
0.38084745 12.04713718 -4.11424427 
0.38168068 12.15673983 -4.16242034 
0.38251392 12.26712376 -4.21081203 
0.38334715 12.37831628 -4.25944400 
0.38418039 12.49026608 -4.30827270 
0.38501362 12.60297317 -4.35729813 
0.38584686 12.71648650 -4.40655504 
0.38668009 12.83074802 -4.45600521 
0.38751333 12.94575774 -4.50564865 
0.38834656 13.06151572 -4.55550519 
0.38917980 13.17801382 -4.60553988 
0.39001303 13.29525203 -4.65575271 
0.39084626 13.41321542 -4.70615232 
0.39167950 13.53190696 -4.75672298 
0.39251273 13.65132667 -4.80746469 
0.39334597 13.77143155 -4.85839512 
0.39417920 13.89224313 -4.90946949 
0.39501244 14.01376140 -4.96068779 
0.39584567 14.13595694 -5.01207613 
0.39667891 14.25883723 -5.06360318 
0.39751214 14.38240226 -5.11526893 
0.39834538 14.50661676 -5.16708825 
0.39917861 14.63149057 -5.21902792 
0.40001185 14.75702371 -5.27108792 
0.40084508 14.88318289 -5.32327951 
0.40167831 15.00998340 -5.37557766 
0.40251155 15.13742525 -5.42798235 
0.40334478 15.26546423 -5.48051027 
0.40417802 15.39411464 -5.53312306 
0.40501125 15.52337648 -5.58582073 
0.40584449 15.65322373 -5.63862864 
0.40667772 15.78365261 -5.69150177 
0.40751096 15.91466310 -5.74444014 
0.40834419 16.04624141 -5.79747817 
0.40917743 16.17836645 -5.85056722 
0.41001066 16.31103823 -5.90370729 
0.41084390 16.44426303 -5.95690641 
0.41167713 16.57801219 -6.01014671 
0.41251036 16.71228573 -6.06342819 
0.41334360 16.84706166 -6.11676074 
0.41417683 16.98234005 -6.17010462 
0.41501007 17.11812089 -6.22345984 
0.41584330 17.25437895 -6.27684943 
0.41667654 17.39111197 -6.33024110 
0.41750977 17.52831993 -6.38363485 
0.41834301 17.66596641 -6.43704414 
0.41917624 17.80405578 -6.49042612 
0.42000948 17.94258804 -6.54378078 
0.42084271 18.08154779 -6.59713559 
0.42167594 18.22091699 -6.65045021 
0.42250918 18.36069567 -6.70372466 
0.42334241 18.50086757 -6.75698039 
0.42417565 18.64141651 -6.81017249 
0.42500888 18.78234247 -6.86330095 
0.42584212 18.92364102 -6.91638957 
0.42667535 19.06528904 -6.96939487 
0.42750859 19.20728652 -7.02231685 
0.42834182 19.34961380 -7.07518605 
0.42917506 19.49225910 -7.12795628 
0.43000829 19.63522242 -7.18062752 
0.43084153 19.77848604 -7.23320959 
0.43167476 19.92203848 -7.28567137 
0.43250799 20.06587972 -7.33801288 
0.43334123 20.20998994 -7.39026464 
0.43417446 20.35435543 -7.44237390 
0.43500770 20.49897620 -7.49434066 
0.43584093 20.64383472 -7.54618656 
0.43667417 20.78891888 -7.59787197 
0.43750740 20.93422868 -7.64939690 
0.43834064 21.07974485 -7.70078279 
0.43917387 21.22545156 -7.75199520 
0.44000711 21.37134879 -7.80303411 
0.44084034 21.51741802 -7.85389802 
0.44167358 21.66365339 -7.90456944 
0.44250681 21.81005491 -7.95504835 
0.44334004 21.95658735 -8.00534567 
0.44417328 22.10325171 -8.05542242 
0.44500651 22.25004799 -8.10527861 
0.44583975 22.39695639 -8.15494559 
0.44667298 22.54395741 -8.20437241 
0.44750622 22.69105104 -8.25355906 
0.44833945 22.83823480 -8.30253678 
0.44917269 22.98547966 -8.35125256 
0.45000592 23.13278562 -8.39970640 
0.45083916 23.28014832 -8.44793297 
0.45167239 23.42754075 -8.49588557 
0.45250563 23.57496289 -8.54356419 
0.45333886 23.72240471 -8.59098643 
0.45417209 23.86984909 -8.63811515 
0.45500533 24.01729605 -8.68495035 
0.45583856 24.16473474 -8.73152094 
0.45667180 24.31213921 -8.77777796 
0.45750503 24.45950946 -8.82372143 
0.45833827 24.60684285 -8.86936918 
0.45917150 24.75411684 -8.91469440 
0.46000474 24.90133145 -8.95969708 
0.46083797 25.04846865 -9.00438704 
0.46167121 25.19551785 -9.04873038 
0.46250444 25.34247905 -9.09272712 
0.46333767 25.48933963 -9.13640368 
0.46417091 25.63607652 -9.17971973 
0.46500414 25.78268974 -9.22267526 
0.46583738 25.92917446 -9.26527915 
0.46667061 26.07551288 -9.30750903 
0.46750385 26.22170503 -9.34936490 
0.46833708 26.36772691 -9.39087439 
0.46917032 26.51356936 -9.43197893 
0.47000355 26.65923238 -9.47267851 
0.47083679 26.80472053 -9.51301574 
0.47167002 26.95000050 -9.55294450 
0.47250326 27.09507228 -9.59246480 
0.47333649 27.23991820 -9.63159710 
0.47416972 27.38453671 -9.67030747 
0.47500296 27.52892782 -9.70859589 
0.47583619 27.67306779 -9.74648596 
0.47666943 27.81694259 -9.78393234 
0.47750266 27.96055221 -9.82093500 
0.47833590 28.10390723 -9.85753446 
0.47916913 28.24697137 -9.89367647 
0.48000237 28.38974464 -9.92936104 
0.48083560 28.53222813 -9.96462597 
0.48166884 28.67439491 -9.99943023 
0.48250207 28.81624499 -10.03377384 
0.48333531 28.95777689 -10.06766322 
0.48416854 29.09897471 -10.10108207 
0.48500177 29.23983845 -10.13403039 
0.48583501 29.38034450 -10.16652307 
0.48666824 29.52049310 -10.19852763 
0.48750148 29.66028425 -10.23004407 
0.48833471 29.79970826 -10.26109769 
0.48916795 29.93874315 -10.29165289 
0.49000118 30.07738890 -10.32170966 
0.49083442 30.21565170 -10.35129362 
0.49166765 30.35350601 -10.38036763 
0.49250089 30.49095183 -10.40893168 
0.49333412 30.62798528 -10.43701625 
0.49416735 30.76458612 -10.46458204 
0.49500059 30.90075435 -10.49162905 
0.49583382 31.03649649 -10.51818776 
0.49666706 31.17178528 -10.54421586 
0.49750029 31.30662073 -10.56971334 
0.49833353 31.44100780 -10.59471044 
0.49916676 31.57492385 -10.61917670 
0.50000000 31.70836888 -10.64311214 
0.50083323 31.84133470 -10.66653656 
0.50166647 31.97381256 -10.68941565 
0.50249970 32.10580247 -10.71174940 
0.50333294 32.23730400 -10.73357221 
0.50416617 32.36829627 -10.75484623 
0.50499940 32.49877928 -10.77557147 
0.50583264 32.62875130 -10.79577543 
0.50666587 32.75819911 -10.81542422 
0.50749911 32.88712273 -10.83451786 
0.50833234 33.01551811 -10.85308563 
0.50916558 33.14337197 -10.87109307 
0.50999881 33.27068430 -10.88854018 
0.51083205 33.39745137 -10.90545276 
0.51166528 33.52366445 -10.92180324 
0.51249852 33.64932355 -10.93759160 
0.51333175 33.77441672 -10.95284134 
0.51416499 33.89893855 -10.96752220 
0.51499822 34.02288902 -10.98163417 
0.51583145 34.14626807 -10.99520727 
0.51666469 34.26906287 -11.00820953 
0.51749792 34.39127343 -11.02064094 
0.51833116 34.51289494 -11.03253178 
0.51916439 34.63391657 -11.04384695 
0.51999763 34.75433833 -11.05458646 
0.52083086 34.87416248 -11.06478506 
0.52166410 34.99337572 -11.07440667 
0.52249733 35.11197806 -11.08345129 
0.52333057 35.22997191 -11.09195215 
0.52416380 35.34734145 -11.09987543 
0.52499704 35.46408668 -11.10722113 
0.52583027 35.58021437 -11.11402583 
0.52666350 35.69570675 -11.12025016 
0.52749674 35.81056380 -11.12589413 
0.52832997 35.92479560 -11.13099440 
0.52916321 36.03838367 -11.13551854 
0.52999644 36.15132801 -11.13946654 
0.53082968 36.26363164 -11.14286678 
0.53166291 36.37528536 -11.14569281 
0.53249615 36.48628920 -11.14794466 
0.53332938 36.59664179 -11.14965052 
0.53416262 36.70633458 -11.15078201 
0.53499585 36.81536757 -11.15133913 
0.53582908 36.92374849 -11.15135463 
0.53666232 37.03146207 -11.15079760 
0.53749555 37.13850834 -11.14966804 
0.53832879 37.24489385 -11.14799917 
0.53916202 37.35060513 -11.14576023 
0.53999526 37.45564218 -11.14295124 
0.54082849 37.56001440 -11.13960912 
0.54166173 37.66370694 -11.13569877 
0.54249496 37.76671979 -11.13122018 
0.54332820 37.86906101 -11.12621310 
0.54416143 37.97072052 -11.12064247 
0.54499467 38.07169833 -11.11450828 
0.54582790 38.17199622 -11.10784980 
0.54666113 38.27160375 -11.10062872 
0.54749437 38.37052090 -11.09284503 
0.54832760 38.46876791 -11.08454796 
0.54916084 38.56632271 -11.07569502 
0.54999407 38.66318532 -11.06628621 
0.55082731 38.75936473 -11.05636284 
0.55166054 38.85485000 -11.04589234 
0.55249378 38.94964111 -11.03487471 
0.55332701 39.04375029 -11.02334478 
0.55416025 39.13716312 -11.01127240 
0.55499348 39.22987961 -10.99865757 
0.55582672 39.32191054 -10.98554250 
0.55665995 39.41324446 -10.97188902 
0.55749318 39.50388138 -10.95769713 
0.55832642 39.59383336 -10.94301416 
0.55915965 39.68308810 -10.92780016 
0.55999289 39.77164559 -10.91205514 
0.56082612 39.85951682 -10.89582381 
0.56165936 39.94669064 -10.87907144 
0.56249259 40.03316707 -10.86179802 
0.56332583 40.11895910 -10.84404255 
0.56415906 40.20405356 -10.82577330 
0.56499230 40.28845046 -10.80699027 
0.56582553 40.37216366 -10.78773400 
0.56665877 40.45518321 -10.76797348 
0.56749200 40.53750912 -10.74770869 
0.56832523 40.61915292 -10.72698115 
0.56915847 40.70009925 -10.70575478 
0.56999170 40.78034811 -10.68402959 
0.57082494 40.85992490 -10.66185245 
0.57165817 40.93881129 -10.63918728 
0.57249141 41.01700729 -10.61603406 
0.57332464 41.09452487 -10.59243645 
0.57415788 41.17135348 -10.56836075 
0.57499111 41.24749313 -10.54380697 
0.57582435 41.32296195 -10.51881619 
0.57665758 41.39774625 -10.49335773 
0.57749081 41.47184602 -10.46743159 
0.57832405 41.54527701 -10.44108128 
0.57915728 41.61802663 -10.41427132 
0.57999052 41.69009489 -10.38700172 
0.58082375 41.76149901 -10.35931461 
0.58165699 41.83223026 -10.33118322 
0.58249022 41.90228863 -10.30260755 
0.58332346 41.97168317 -10.27361999 
0.58415669 42.04040665 -10.24419913 
0.58498993 42.10845907 -10.21434498 
0.58582316 42.17585724 -10.18408810 
0.58665640 42.24259189 -10.15340882 
0.58748963 42.30866300 -10.12230716 
0.58832286 42.37408364 -10.09081838 
0.58915610 42.43884578 -10.05891568 
0.58998933 42.50294942 -10.02659904 
0.59082257 42.56640955 -9.99390985 
0.59165580 42.62921656 -9.96081750 
0.59248904 42.69137044 -9.92732199 
0.59332227 42.75288796 -9.89346272 
0.59415551 42.81376204 -9.85921412 
0.59498874 42.87399269 -9.82457619 
0.59582198 42.93359099 -9.78958433 
0.59665521 42.99255153 -9.75421502 
0.59748845 43.05087430 -9.71846827 
0.59832168 43.10857314 -9.68238101 
0.59915491 43.16564116 -9.64592631 
0.59998815 43.22207834 -9.60910416 
0.60082138 43.27790236 -9.57195308 
0.60165462 43.33310449 -9.53444854 
0.60248785 43.38768473 -9.49659054 
0.60332109 43.44165436 -9.45841583 
0.60415432 43.49500990 -9.41989750 
0.60498756 43.54775134 -9.38103553 
0.60582079 43.59989606 -9.34186894 
0.60665403 43.65143474 -9.30237443 
0.60748726 43.70236738 -9.26255200 
0.60832050 43.75270971 -9.22243110 
0.60915373 43.80245484 -9.18199414 
0.60998696 43.85160277 -9.14124112 
0.61082020 43.90017324 -9.10020754 
0.61165343 43.94815222 -9.05886720 
0.61248667 43.99553970 -9.01722010 
0.61331990 44.04235916 -8.97530482 
0.61415314 44.08860224 -8.93309755 
0.61498637 44.13426895 -8.89059827 
0.61581961 44.17936997 -8.84783599 
0.61665284 44.22390293 -8.80479765 
0.61748608 44.26786783 -8.76148325 
0.61831931 44.31127853 -8.71791309 
0.61915254 44.35413260 -8.67407917 
0.61998578 44.39643002 -8.62998150 
0.62081901 44.43818259 -8.58564535 
0.62165225 44.47938670 -8.54105339 
0.62248548 44.52004236 -8.49620563 
0.62331872 44.56016641 -8.45113626 
0.62415195 44.59975337 -8.40582313 
0.62498519 44.63880324 -8.36026623 
0.62581842 44.67732854 -8.31449502 
0.62665166 44.71533183 -8.26849484 
0.62748489 44.75281311 -8.22226570 
0.62831813 44.78977733 -8.17583726 
0.62915136 44.82622452 -8.12918562 
0.62998459 44.86215467 -8.08231078 
0.63081783 44.89758959 -8.03525727 
0.63165106 44.93251934 -7.98799043 
0.63248430 44.96694394 -7.94051025 
0.63331753 45.00088176 -7.89286346 
0.63415077 45.03432559 -7.84501557 
0.63498400 45.06727543 -7.79696657 
0.63581724 45.09975296 -7.74875666 
0.63665047 45.13174845 -7.70036092 
0.63748371 45.16326189 -7.65177936 
0.63831694 45.19431068 -7.60304044 
0.63915018 45.22489199 -7.55412978 
0.63998341 45.25500582 -7.50504738 
0.64081664 45.28466382 -7.45581454 
0.64164988 45.31386586 -7.40642089 
0.64248311 45.34261195 -7.35686641 
0.64331635 45.37091765 -7.30717102 
0.64414958 45.39878030 -7.25732623 
0.64498282 45.42619989 -7.20733204 
0.64581605 45.45319039 -7.15720810 
0.64664929 45.47974850 -7.10694268 
0.64748252 45.50587423 -7.05653578 
0.64831576 45.53158757 -7.00601116 
0.64914899 45.55688277 -6.95535516 
0.64998222 45.58175982 -6.90456776 
0.65081546 45.60623094 -6.85367157 
0.65164869 45.63029973 -6.80265384 
0.65248193 45.65396619 -6.75151457 
0.65331516 45.67723660 -6.70027418 
0.65414840 45.70011811 -6.64892175 
0.65498163 45.72261071 -6.59745728 
0.65581487 45.74472332 -6.54589818 
0.65664810 45.76645921 -6.49423746 
0.65748134 45.78781837 -6.44247511 
0.65831457 45.80880877 -6.39062548 
0.65914781 45.82943665 -6.33868083 
0.65998104 45.84970199 -6.28664114 
0.66081427 45.86961471 -6.23452489 
0.66164751 45.88917729 -6.18232162 
0.66248074 45.90838974 -6.13003134 
0.66331398 45.92726503 -6.07767351 
0.66414721 45.94580048 -6.02523266 
0.66498045 45.96399608 -5.97270878 
0.66581368 45.98187067 -5.92012878 
0.66664692 45.99942214 -5.86747323 
0.66748015 46.01665051 -5.81474213 
0.66831339 46.03356615 -5.76195741 
0.66914662 46.05017193 -5.70910531 
0.66997986 46.06646785 -5.65618584 
0.67081309 46.08246464 -5.60321673 
0.67164632 46.09816515 -5.55018673 
0.67247956 46.11356938 -5.49709582 
0.67331279 46.12868845 -5.44396196 
0.67414603 46.14352178 -5.39077013 
0.67497926 46.15806939 -5.33752032 
0.67581250 46.17234677 -5.28423576 
0.67664573 46.18635412 -5.23089888 
0.67747897 46.20009145 -5.17750969 
0.67831220 46.21356665 -5.12408710 
0.67914544 46.22678397 -5.07061794 
0.67997867 46.23974342 -5.01710222 
0.68081191 46.25245341 -4.96355450 
0.68164514 46.26491848 -4.90996560 
0.68247837 46.27713863 -4.85633552 
0.68331161 46.28911985 -4.80267574 
0.68414484 46.30086708 -4.74897847 
0.68497808 46.31238032 -4.69524372 
0.68581131 46.32366793 -4.64148071 
0.68664455 46.33473348 -4.58768450 
0.68747778 46.34557696 -4.53385508 
0.68831102 46.35620466 -4.48000077 
0.68914425 46.36662009 -4.42611496 
0.68997749 46.37682324 -4.37219764 
0.69081072 46.38682113 -4.31825914 
0.69164395 46.39661839 -4.26429150 
0.69247719 46.40621501 -4.21029473 
0.69331042 46.41561503 -4.15627856 
0.69414366 46.42482387 -4.10223597 
0.69497689 46.43384155 -4.04816694 
0.69581013 46.44267277 -3.99407926 
0.69664336 46.45132119 -3.93996749 
0.69747660 46.45978680 -3.88583165 
0.69830983 46.46807740 -3.83167963 
0.69914307 46.47619193 -3.77750413 
0.69997630 46.48413040 -3.72330515 
0.70080954 46.49190266 -3.66909308 
0.70164277 46.49950841 -3.61485888 
0.70247600 46.50694764 -3.56060254 
0.70330924 46.51422690 -3.50633430 
0.70414247 46.52134637 -3.45204562 
0.70497571 46.52830604 -3.39773651 
0.70580894 46.53511344 -3.34341519 
0.70664218 46.54176908 -3.28907572 
0.70747541 46.54827296 -3.23471808 
0.70830865 46.55462824 -3.18034888 
0.70914188 46.56083777 -3.12596193 
0.70997512 46.56690155 -3.07155723 
0.71080835 46.57282545 -3.01714255 
0.71164159 46.57860897 -2.96271186 
0.71247482 46.58425211 -2.90826517 
0.71330805 46.58976098 -2.85380798 
0.71414129 46.59513456 -2.79933608 
0.71497452 46.60037285 -2.74484946 
0.71580776 46.60548071 -2.69035345 
0.71664099 46.61045913 -2.63584328 
0.71747423 46.61530810 -2.58131893 
0.71830746 46.62003099 -2.52678594 
0.71914070 46.62462847 -2.47224029 
0.71997393 46.62910053 -2.41768199 
0.72080717 46.63345110 -2.36311486 
0.72164040 46.63768017 -2.30853630 
0.72247364 46.64178772 -2.25394634 
0.72330687 46.64577735 -2.19934757 
0.72414010 46.64964908 -2.14473825 
0.72497334 46.65340293 -2.09011839 
0.72580657 46.65704147 -2.03549108 
0.72663981 46.66056572 -1.98085373 
0.72747304 46.66397567 -1.92620635 
0.72830628 46.66727348 -1.87155228 
0.72913951 46.67045958 -1.81688921 
0.72997275 46.67353397 -1.76221713 
0.73080598 46.67649865 -1.70753880 
0.73163922 46.67935401 -1.65285227 
0.73247245 46.68210005 -1.59815754 
0.73330568 46.68473923 -1.54345725 
0.73413892 46.68727068 -1.48874951 
0.73497215 46.68969442 -1.43403432 
0.73580539 46.69201412 -1.37931388 
0.73663862 46.69422810 -1.32458718 
0.73747186 46.69633633 -1.26985422 
0.73830509 46.69834085 -1.21511615 
0.73913833 46.70024156 -1.16037265 
0.73997156 46.70203847 -1.10562374 
0.74080480 46.70373269 -1.05087041 
0.74163803 46.70532415 -0.99611237 
0.74247127 46.70681285 -0.94134960 
0.74330450 46.70820026 -0.88658297 
0.74413773 46.70948577 -0.83181252 
0.74497097 46.71066940 -0.77703825 
0.74580420 46.71175241 -0.72226068 
0.74663744 46.71273404 -0.66747990 
0.74747067 46.71361429 -0.61269590 
0.74830391 46.71439471 -0.55790958 
0.74913714 46.71507387 -0.50312078 
0.74997038 46.71565179 -0.44832950 
0.75080361 46.71613071 -0.39353610 
0.75163685 46.71650845 -0.33874131 
0.75247008 46.71678501 -0.28394515 
0.75330332 46.71696128 -0.22914736 
0.75413655 46.71703657 -0.17434869 
0.75496978 46.71701086 -0.11954915 
0.75580302 46.71688456 -0.06474889 
0.75663625 46.71665674 -0.00994853 
0.75746949 46.71632742 0.04485194 
0.75830272 46.71589670 0.09965242 
0.75913596 46.71536345 0.15445240 
0.75996919 46.71472767 0.20925186 
0.76080243 46.71399083 0.26405079 
0.76163566 46.71315015 0.31884821 
0.76246890 46.71220562 0.37364410 
0.76330213 46.71115804 0.42843915 
0.76413537 46.71000556 0.48323193 
0.76496860 46.70874818 0.53802243 
0.76580183 46.70738630 0.59281157 
0.76663507 46.70591780 0.64759757 
0.76746830 46.70434267 0.70238046 
0.76830154 46.70266104 0.75716142 
0.76913477 46.70087099 0.81193854 
0.76996801 46.69897251 0.86671183 
0.77080124 46.69696499 0.92148257 
0.77163448 46.69484687 0.97624859 
0.77246771 46.69261815 1.03100989 
0.77330095 46.69027816 1.08576833 
0.77413418 46.68782452 1.14052112 
0.77496741 46.68525725 1.19526825 
0.77580065 46.68257706 1.25001231 
0.77663388 46.67978000 1.30474973 
0.77746712 46.67686608 1.35948051 
0.77830035 46.67383468 1.41420715 
0.77913359 46.67068374 1.46892686 
0.77996682 46.66741326 1.52363966 
0.78080006 46.66402164 1.57834704 
0.78163329 46.66050611 1.63304662 
0.78246653 46.65686669 1.68773840 
0.78329976 46.65310414 1.74242548 
0.78413300 46.64921327 1.79710291 
0.78496623 46.64519406 1.85177068 
0.78579946 46.64104497 1.90643341 
0.78663270 46.63676320 1.96108595 
0.78746593 46.63234876 2.01572831 
0.78829917 46.62780413 2.07036590 
0.78913240 46.62311991 2.12499147 
0.78996564 46.61829609 2.17960500 
0.79079887 46.61333365 2.23421177 
0.79163211 46.60822817 2.28880716 
0.79246534 46.60297965 2.34339118 
0.79329858 46.59758519 2.39796627 
0.79413181 46.59204190 2.45252878 
0.79496505 46.58634978 2.50707874 
0.79579828 46.58050581 2.56161910 
0.79663151 46.57450520 2.61614538 
0.79746475 46.56834794 2.67065757 
0.79829798 46.56203510 2.72516105 
0.79913122 46.55555786 2.77964811 
0.79996445 46.54891620 2.83411875 
0.80079769 46.54210915 2.88857962 
0.80163092 46.53513115 2.94302350 
0.80246416 46.52798222 2.99745042 
0.80329739 46.52065882 3.05186561 
0.80413063 46.51315664 3.10626188 
0.80496386 46.50547570 3.16063921 
0.80579709 46.49761235 3.21500473 
0.80663033 46.48956035 3.26934884 
0.80746356 46.48131970 3.32367155 
0.80829680 46.47288792 3.37798160 
0.80913003 46.46425909 3.43226832 
0.80996327 46.45543320 3.48653173 
0.81079650 46.44640373 3.54077915 
0.81162974 46.43716744 3.59500183 
0.81246297 46.42772435 3.64919980 
0.81329621 46.41806914 3.70337935 
0.81412944 46.40819475 3.75753090 
0.81496268 46.39810118 3.81165445 
0.81579591 46.38779118 3.86576070 
0.81662914 46.37724917 3.91983402 
0.81746238 46.36647512 3.97387441 
0.81829561 46.35546998 4.02789469 
0.81912885 46.34422313 4.08187978 
0.81996208 46.33273455 4.13582967 
0.82079532 46.32100283 4.18975635 
0.82162855 46.30901741 4.24364348 
0.82246179 46.29677831 4.29749106 
0.82329502 46.28428301 4.35131301 
0.82412826 46.27152206 4.40509076 
0.82496149 46.25849546 4.45882431 
0.82579473 46.24520261 4.51252785 
0.82662796 46.23162852 4.56618324 
0.82746119 46.21777318 4.61979047 
0.82829443 46.20364285 4.67336195 
0.82912766 46.18921845 4.72688070 
0.82996090 46.17449999 4.78034672 
0.83079413 46.15948939 4.83377036 
0.83162737 46.14417338 4.88713668 
0.83246060 46.12855195 4.94044568 
0.83329384 46.11262387 4.99370719 
0.83412707 46.09637776 5.04690395 
0.83496031 46.07981360 5.10003594 
0.83579354 46.06292796 5.15311696 
0.83662678 46.04571051 5.20612603 
0.83746001 46.02816125 5.25906318 
0.83829324 46.01027665 5.31194324 
0.83912648 45.99204740 5.36474398 
0.83995971 45.97347352 5.41746540 
0.84079295 45.95455365 5.47012500 
0.84162618 45.93527261 5.52269657 
0.84245942 45.91563039 5.57518011 
0.84329265 45.89562892 5.62759493 
0.84412589 45.87525327 5.67991450 
0.84495912 45.85450344 5.73213881 
0.84579236 45.83338376 5.78428839 
0.84662559 45.81187693 5.83633162 
0.84745882 45.78998294 5.88826849 
0.84829206 45.76770324 5.94012323 
0.84912529 45.74502167 5.99186517 
0.84995853 45.72193823 6.04349431 
0.85079176 45.69845322 6.09502638 
0.85162500 45.67455622 6.14644023 
0.85245823 45.65024724 6.19773587 
0.85329147 45.62552514 6.24892357 
0.85412470 45.60037644 6.29998073 
0.85495794 45.57480112 6.35090735 
0.85579117 45.54879949 6.40171905 
0.85662441 45.52235730 6.45239167 
0.85745764 45.49547452 6.50292523 
0.85829087 45.46815116 6.55333283 
0.85912411 45.44037726 6.60359063 
0.85995734 45.41215282 6.65369863 
0.86079058 45.38347792 6.70367557 
0.86162381 45.35433598 6.75348776 
0.86245705 45.32472698 6.80313520 
0.86329028 45.29465783 6.85264673 
0.86412352 45.26411007 6.90198338 
0.86495675 45.23308369 6.95114514 
0.86578999 45.20158108 7.00015488 
0.86662322 45.16958945 7.04898160 
0.86745646 45.13710881 7.09762530 
0.86828969 45.10413901 7.14610393 
0.86912292 45.07066691 7.19438804 
0.86995616 45.03669252 7.24247762 
0.87078939 45.00222731 7.29039641 
0.87162263 44.96724499 7.33810542 
0.87245586 44.93174556 7.38560464 
0.87328910 44.89573644 7.43292039 
0.87412233 44.85920244 7.48001841 
0.87495557 44.82214354 7.52689870 
0.87578880 44.78456466 7.57358162 
0.87662204 44.74644852 7.62003391 
0.87745527 44.70779511 7.66625558 
0.87828851 44.66861137 7.71227290 
0.87912174 44.62887949 7.75804558 
0.87995497 44.58859949 7.80357362 
0.88078821 44.54778372 7.84888821 
0.88162144 44.50640541 7.89394549 
0.88245468 44.46446454 7.93874547 
0.88328791 44.42197596 7.98331388 
0.88412115 44.37891697 8.02761813 
0.88495438 44.33528756 8.07165822 
0.88578762 44.29109565 8.11545242 
0.88662085 44.24632466 8.15896930 
0.88745409 44.20097460 8.20220886 
0.88828414 44.15523837 8.24502926 
0.88911420 44.10891206 8.28756013 
0.88994426 44.06199566 8.32980145 
0.89076377 44.01510890 8.37124415 
0.89158328 43.96764636 8.41239831 
0.89240278 43.91960805 8.45326394 
0.89320767 43.87186804 8.49312822 
0.89401256 43.82356097 8.53270247 
0.89481745 43.77468683 8.57198668 
0.89560798 43.72613840 8.61030088 
0.89639851 43.67703711 8.64832430 
0.89718904 43.62738296 8.68605695 
0.89796548 43.57807724 8.72284561 
0.89874191 43.52823127 8.75934422 
0.89951834 43.47784506 8.79555278 
0.90028092 43.42783442 8.83084902 
0.90104350 43.37729525 8.86585269 
0.90180609 43.32622757 8.90056378 
0.90255507 43.27556667 8.93439300 
0.90330405 43.22438613 8.96793076 
0.90405303 43.17268597 9.00117708 
0.90478865 43.12141094 9.03356783 
0.90552427 43.06963376 9.06567210 
0.90625989 43.01735443 9.09748989 
0.90698239 42.96552746 9.12847576 
0.90770489 42.91320802 9.15917541 
0.90842739 42.86039612 9.18958886 
0.90913700 42.80805423 9.21919809 
0.90984661 42.75523560 9.24852720 
0.91055623 42.70194024 9.27757619 
0.91125318 42.64913362 9.30584729 
0.91195014 42.59586271 9.33383851 
0.91264709 42.54212752 9.36154985 
0.91333162 42.48891349 9.38851693 
0.91401614 42.43524333 9.41520399 
0.91470066 42.38111702 9.44161103 
0.91537298 42.32752058 9.46729663 
0.91604529 42.27348677 9.49271246 
0.91671761 42.21901559 9.51785851 
0.91737793 42.16509586 9.54230546 
0.91803825 42.11074910 9.56648555 
0.91869857 42.05597532 9.59039878 
0.91934712 42.00176762 9.61363568 
0.91999566 41.94714693 9.63661147 
0.92064420 41.89211326 9.65932614 
0.92128118 41.83766277 9.68139258 
0.92191816 41.78281159 9.70320010 
0.92255513 41.72755972 9.72474871 
0.92318075 41.67290812 9.74568023 
0.92380636 41.61786633 9.76635352 
0.92443198 41.56243436 9.78676856 
0.92504643 41.50762458 9.80659646 
0.92566089 41.45243536 9.82617230 
0.92627534 41.39686670 9.84549607 
0.92687884 41.34192206 9.86424162 
0.92748233 41.28661518 9.88274740 
0.92808583 41.23094606 9.90101341 
0.92867856 41.17591794 9.91872561 
0.92927129 41.12053707 9.93620024 
0.92986402 41.06480345 9.95343730 
0.93044618 41.00972314 9.97014523 
0.93102834 40.95430046 9.98662041 
0.93161050 40.89853541 10.00286284 
0.93218227 40.84344031 10.01860010 
0.93275404 40.78801312 10.03410888 
0.93332582 40.73225384 10.04938916 
0.93388740 40.67717014 10.06418642 
0.93444897 40.62176824 10.07876146 
0.93501055 40.56604814 10.09311426 
0.93556211 40.51101461 10.10700481 
0.93611367 40.45567161 10.12067863 
0.93666522 40.40001914 10.13413570 
0.93720695 40.34506254 10.14714981 
0.93774867 40.28980783 10.15995296 
0.93829039 40.23425499 10.17254515 
0.93882245 40.17940701 10.18471513 
0.93935450 40.12427060 10.19667987 
0.93988656 40.06884575 10.20843937 
0.94040913 40.01413213 10.21979513 
0.94093170 39.95914123 10.23095121 
0.94145427 39.90387303 10.24190762 
0.94196751 39.84932156 10.25248012 
0.94248076 39.79450276 10.26285764 
0.94299401 39.73941662 10.27304020 
0.94349810 39.68505479 10.28285944 
0.94400219 39.63043423 10.29248847 
0.94450629 39.57555495 10.30192730 
0.94500139 39.52140669 10.31102100 
0.94549649 39.46700878 10.31992989 
0.94599159 39.41236122 10.32865396 
0.94647786 39.35844780 10.33704885 
0.94696413 39.30429445 10.34526529 
0.94745040 39.24990117 10.35330329 
0.94792800 39.19624724 10.36102871 
0.94840559 39.14236165 10.36858025 
0.94888319 39.08824438 10.37595789 
0.94935227 39.03486918 10.38304118 
0.94982134 38.98127050 10.38995432 
0.95029042 38.92744836 10.39669734 
0.95075113 38.87437612 10.40316503 
0.95121184 38.82108668 10.40946648 
0.95167255 38.76758003 10.41560168 
0.95212505 38.71482190 10.42147672 
0.95257754 38.66185779 10.42719180 
0.95303003 38.60868771 10.43274692 
0.95347445 38.55626785 10.43805587 
0.95391888 38.50364840 10.44320976 
0.95436330 38.45082936 10.44820859 
0.95479979 38.39875978 10.45297195 
0.95523629 38.34649953 10.45758687 
0.95567278 38.29404860 10.46205336 
0.95610149 38.24234843 10.46629864 
0.95653020 38.19046440 10.47039930 
0.95695891 38.13839653 10.47435536 
0.95737997 38.08708014 10.47810471 
0.95780104 38.03558653 10.48171348 
0.95822210 37.98391570 10.48518168 
0.95863565 37.93299653 10.48845719 
0.95904920 37.88190719 10.49159654 
0.95946275 37.83064768 10.49459971 
0.95986893 37.78013785 10.49742099 
0.96027510 37.72946459 10.50011153 
0.96068128 37.67862789 10.50267133 
0.96108021 37.62854033 10.50506019 
0.96147914 37.57829563 10.50732247 
0.96187807 37.52789379 10.50945815 
0.96226989 37.47823923 10.51143468 
0.96266170 37.42843393 10.51328888 
0.96305352 37.37847788 10.51502076 
0.96343834 37.32926646 10.51660507 
0.96382317 37.27991022 10.51807081 
0.96420799 37.23040918 10.51941799 
0.96458596 37.18165160 10.52062861 
0.96496392 37.13275452 10.52172414 
0.96534188 37.08371795 10.52270456 
0.96571310 37.03542146 10.52355914 
0.96608432 36.98699136 10.52430272 
0.96645554 36.93842766 10.52493530 
0.96682014 36.89060094 10.52545193 
0.96718474 36.84264592 10.52586102 
0.96754934 36.79456261 10.52616259 
0.96790743 36.74721295 10.52635772 
0.96826553 36.69973992 10.52644914 
0.96862363 36.65214353 10.52643685 
0.96897533 36.60527737 10.52632678 
0.96932704 36.55829289 10.52611657 
0.96967875 36.51119010 10.52580623 
0.97002419 36.46481352 10.52540681 
0.97036962 36.41832339 10.52491076 
0.97071506 36.37171972 10.52431807 
0.97105433 36.32583754 10.52364421 
0.97139360 36.27984653 10.52287744 
0.97173288 36.23374667 10.52201775 
0.97206610 36.18836398 10.52108441 
0.97239932 36.14287693 10.52006129 
0.97273254 36.09728552 10.51894838 
0.97305982 36.05240610 10.51776966 
0.97338710 36.00742659 10.51650417 
0.97371438 35.96234698 10.51515191 
0.97403582 35.91797487 10.51374129 
0.97435726 35.87350651 10.51224657 
0.97467870 35.82894192 10.51066775 
0.97499441 35.78507978 10.50903889 
0.97531011 35.74112519 10.50732851 
0.97562582 35.69707817 10.50553662 
0.97593590 35.65372881 10.50370099 
0.97624597 35.61029083 10.50178717 
0.97655605 35.56676424 10.49979515 
0.97686059 35.52392803 10.49776418 
0.97716514 35.48100739 10.49565832 
0.97746968 35.43800232 10.49347760 
0.97776880 35.39568273 10.49126439 
0.97806791 35.35328202 10.48897849 
0.97836702 35.31080017 10.48661989 
0.97866080 35.26899774 10.48423509 
0.97895458 35.22711729 10.48178005 
0.97924836 35.18515884 10.47925477 
0.97953689 35.14387373 10.47670856 
0.97982543 35.10251409 10.47409486 
0.98011397 35.06107991 10.47141367 
0.98039736 35.02031246 10.46871654 
0.98068075 34.97947361 10.46595436 
0.98096414 34.93856335 10.46312712 
0.98124248 34.89831412 10.46028907 
0.98152082 34.85799635 10.45738815 
0.98179915 34.81761002 10.45442436 
0.98207252 34.77787810 10.45145446 
0.98234590 34.73808045 10.44842411 
0.98261927 34.69821708 10.44533331 
0.98288776 34.65900103 10.44224010 
0.98315626 34.61972232 10.43908908 
0.98342475 34.58038093 10.43588024 
0.98368846 34.54168060 10.43267314 
0.98395217 34.50292002 10.42941004 
0.98421587 34.46409922 10.42609094 
0.98447488 34.42591246 10.42277775 
0.98473388 34.38766806 10.41941081 
0.98499288 34.34936601 10.41599011 
0.98524726 34.31169147 10.41257888 
0.98550165 34.27396167 10.40911576 
0.98575603 34.23617660 10.40560074 
0.98600588 34.19901206 10.40209906 
0.98625572 34.16179467 10.39854737 
0.98650557 34.12452441 10.39494567 
0.98675096 34.08786776 10.39136054 
0.98699634 34.05116038 10.38772729 
0.98724173 34.01440227 10.38404594 
0.98748275 33.97825089 10.38038434 
0.98772376 33.94205096 10.37667640 
0.98796477 33.90580249 10.37292212 
0.98820148 33.87015360 10.36919056 
0.98843820 33.83445823 10.36541439 
0.98867491 33.79871637 10.36159361 
0.98890740 33.76356714 10.35779856 
0.98913989 33.72837339 10.35396041 
0.98937238 33.69313514 10.35007915 
0.98960073 33.65848263 10.34622655 
0.98982907 33.62378735 10.34233238 
0.99005741 33.58904930 10.33839665 
0.99028169 33.55488971 10.33449175 
0.99050596 33.52068932 10.33054715 
0.99073023 33.48644813 10.32656285 
0.99095050 33.45277823 10.32261145 
0.99117077 33.41906930 10.31862175 
0.99139104 33.38532134 10.31459375 
0.99160738 33.35213735 10.31060090 
0.99182372 33.31891602 10.30657123 
0.99204007 33.28565735 10.30250473 
0.99225255 33.25295577 10.29847555 
0.99246503 33.22021834 10.29441078 
0.99267751 33.18744506 10.29031041 
0.99288621 33.15522172 10.28624946 
0.99309490 33.12296410 10.28215430 
0.99330359 33.09067220 10.27802493 
0.99350856 33.05892307 10.27393662 
0.99371354 33.02714113 10.26981539 
0.99391851 32.99532638 10.26566124 
0.99411982 32.96404734 10.26154981 
0.99432113 32.93273688 10.25740670 
0.99452245 32.90139498 10.25323191 
0.99472017 32.87058168 10.24910148 
0.99491790 32.83973832 10.24494054 
0.99511562 32.80886493 10.24074908 
0.99530982 32.77851319 10.23660339 
0.99550401 32.74813259 10.23242828 
0.99569821 32.71772313 10.22822374 
0.99588894 32.68782809 10.22406623 
0.99607968 32.65790556 10.21988061 
0.99627041 32.62795553 10.21566687 
0.99645774 32.59851303 10.21150120 
0.99664507 32.56904413 10.20730843 
0.99683240 32.53954882 10.20308856 
0.99701639 32.51055409 10.19891796 
0.99720038 32.48153411 10.19472126 
0.99738437 32.45248887 10.19049848 
0.99756508 32.42393721 10.18632596 
0.99774579 32.39536138 10.18212835 
0.99792650 32.36676137 10.17790564 
0.99810398 32.33864809 10.17373420 
0.99828146 32.31051166 10.16953858 
0.99845895 32.28235207 10.16531878 
0.99863327 32.25467237 10.16115114 
0.99880759 32.22697050 10.15696023 
0.99898190 32.19924644 10.15274603 
0.99915311 32.17199549 10.14858479 
0.99932432 32.14472329 10.14440114 
0.99949553 32.11742984 10.14019510 
0.99966369 32.09060277 10.13604273 
0.99983184 32.06375534 10.13186878 
1.00000000 32.03688756 10.12767325 
