0.00000000 26.83981280 -63.15668845 
0.00063602 26.89449323 -63.11091377 
0.00127210 26.94902795 -63.06291577 
0.00190822 27.00341831 -63.01269272 
0.00267923 27.07388002 -62.95897445 
0.00345031 27.13739901 -62.90227482 
0.00422145 27.20071535 -62.84259127 
0.00514261 27.27763945 -62.77578047 
0.00606386 27.35102427 -62.70520529 
0.00698519 27.42413869 -62.63086231 
0.00802370 27.50726496 -62.55594804 
0.00906231 27.58838885 -62.47697303 
0.01010101 27.66916486 -62.39393374 
0.01119780 27.75829704 -62.30930632 
0.01229471 27.84753584 -62.21921451 
0.01339174 27.93638949 -62.12365227 
0.01452687 28.04290508 -62.02369264 
0.01566219 28.14467288 -61.91490496 
0.01679772 28.24603141 -61.79727414 
0.01793222 28.37995915 -61.67910690 
0.01906699 28.49514874 -61.54909297 
0.02020202 28.60985430 -61.40720532 
0.02132363 28.73811903 -61.28778535 
0.02244555 28.85816393 -61.15432724 
0.02356778 28.97772236 -61.00679294 
0.02469035 29.10847253 -60.87611287 
0.02581327 29.23606900 -60.72940852 
0.02693655 29.36314931 -60.56663090 
0.02805832 29.49988249 -60.42894860 
0.02918048 29.63583779 -60.27329804 
0.03030303 29.77126767 -60.09961831 
0.03142433 29.91992330 -59.95243769 
0.03254606 30.06131310 -59.78515183 
0.03366824 30.20221446 -59.59768548 
0.03479087 30.36253897 -59.44062167 
0.03591399 30.51161313 -59.26105656 
0.03703759 30.66019602 -59.05889748 
0.03815921 30.83327978 -58.88943812 
0.03928136 30.98956431 -58.69516266 
0.04040404 31.14532878 -58.47596006 
0.04152500 31.31851896 -58.30406894 
0.04264653 31.48484502 -58.10501300 
0.04376863 31.65059295 -57.87866147 
0.04489133 31.83345558 -57.69638439 
0.04601465 32.00788435 -57.48444400 
0.04713858 32.18168688 -57.24268768 
0.04826008 32.37646432 -57.05073481 
0.04938224 32.55802035 -56.82675977 
0.05050505 32.73908978 -56.57058806 
0.05162569 32.94907923 -56.36838742 
0.05274704 33.13712866 -56.13170841 
0.05386908 33.32462360 -55.86035298 
0.05499183 33.53365161 -55.65588659 
0.05611533 33.73392935 -55.41420610 
0.05723957 33.93344714 -55.13508659 
0.05836096 34.14488709 -54.92168129 
0.05948312 34.35113949 -54.66853943 
0.06060606 34.55690850 -54.37541032 
0.06172641 34.79474682 -54.14746777 
0.06284757 35.00905208 -53.87716775 
0.06396955 35.22268785 -53.56423236 
0.06509236 35.45809623 -53.33881408 
0.06621603 35.68371241 -53.06805461 
0.06734056 35.90847463 -52.75164473 
0.06846184 36.14708339 -52.51881545 
0.06958401 36.37664562 -52.23796557 
0.07070707 36.60555106 -51.90875709 
0.07182714 36.85947016 -51.66622862 
0.07294814 37.09955143 -51.37288662 
0.07407006 37.33870414 -51.02836306 
0.07519292 37.60232126 -50.78123883 
0.07631675 37.84866507 -50.48003198 
0.07744155 38.09430881 -50.12433908 
0.07856273 38.37254826 -49.86824674 
0.07968491 38.62425104 -49.55521459 
0.08080808 38.87510423 -49.18480816 
0.08192790 39.14606517 -48.93598980 
0.08304874 39.40511399 -48.62725352 
0.08417061 39.66348244 -48.25813273 
0.08529352 39.95860604 -47.98970628 
0.08641749 40.22860269 -47.65778624 
0.08754253 40.49771334 -47.26186722 
0.08866363 40.79161881 -46.99893420 
0.08978582 41.06707400 -46.66946731 
0.09090909 41.34165153 -46.27292882 
0.09202869 41.63956325 -46.01001676 
0.09314940 41.91903721 -45.67740490 
0.09427122 42.19777562 -45.27452241 
0.09539414 42.50784416 -45.00271247 
0.09651819 42.80222391 -44.65731116 
0.09764339 43.09537975 -44.23770629 
0.09876447 43.39748502 -43.96767551 
0.09988670 43.69180478 -43.62082023 
0.10101010 43.98535091 -43.19649563 
0.10212952 44.32533434 -42.91132864 
0.10325012 44.63147983 -42.54599314 
0.10437190 44.93622667 -42.09981141 
0.10549483 45.26133174 -41.82567062 
0.10661898 45.57126959 -41.46714929 
0.10774434 45.87970017 -41.02352697 
0.10886537 46.20395120 -40.74987872 
0.10998763 46.52110717 -40.38843875 
0.11111111 46.83690423 -39.93845496 
0.11223038 47.16858778 -39.66556142 
0.11335089 47.48666990 -39.30136564 
0.11447264 47.80361761 -38.84508422 
0.11559559 48.14528154 -38.56993289 
0.11671980 48.46751403 -38.19895970 
0.11784528 48.78853239 -37.73133856 
0.11896629 49.13919620 -37.45275872 
0.12008857 49.46549346 -37.07478494 
0.12121212 49.79050429 -36.59656196 
0.12233129 50.14659696 -36.32750036 
0.12345174 50.47568323 -35.95539309 
0.12457347 50.80339608 -35.47935666 
0.12569642 51.14993615 -35.21328751 
0.12682067 51.48184738 -34.83937505 
0.12794621 51.81261740 -34.35669493 
0.12906722 52.18666884 -34.07668767 
0.13018953 52.53356992 -33.68513141 
0.13131313 52.87854709 -33.18107658 
0.13243222 53.23596799 -32.92400539 
0.13355260 53.57571852 -32.55163571 
0.13467428 53.91365179 -32.06299456 
0.13579725 54.27454883 -31.80270297 
0.13692154 54.61816533 -31.42207114 
0.13804713 54.95987175 -30.92008886 
0.13916817 55.31312382 -30.67223532 
0.14029050 55.65480762 -30.30024746 
0.14141414 55.99475726 -29.80309560 
0.14253322 56.35139580 -29.54997563 
0.14365360 56.69218064 -29.16891634 
0.14477527 57.03129659 -28.65887115 
0.14589823 57.40702348 -28.41371141 
0.14702249 57.74811191 -28.03540598 
0.14814805 58.08718277 -27.52287710 
0.14926913 58.46201281 -27.27958257 
0.15039150 58.80266660 -26.89930304 
0.15151515 59.14092614 -26.38094853 
0.15263428 59.50695362 -26.15009923 
0.15375469 59.85119711 -25.77846341 
0.15487636 60.19277350 -25.26494234 
0.15599930 60.54136626 -25.04892611 
0.15712350 60.87986451 -24.68684168 
0.15824897 61.21619790 -24.17756757 
0.15937012 61.56322275 -23.96799012 
0.16049252 61.89656547 -23.60851934 
0.16161616 62.22803311 -23.09803041 
0.16273540 62.58696490 -22.88279827 
0.16385587 62.92154128 -22.51394382 
0.16497756 63.25311905 -21.99034318 
0.16610046 63.59232994 -21.79563232 
0.16722456 63.91820847 -21.44205195 
0.16834988 64.24123991 -20.92846610 
0.16947113 64.58018134 -20.73250665 
0.17059356 64.90032776 -20.37393588 
0.17171717 65.21745587 -19.85162478 
0.17283659 65.55659124 -19.67193647 
0.17395715 65.87226844 -19.32605786 
0.17507886 66.18478919 -18.81287189 
0.17620171 66.50985532 -18.64150878 
0.17732569 66.81801163 -18.29887047 
0.17845079 67.12294168 -17.78384048 
0.17957216 67.44396922 -17.62123587 
0.18069463 67.74536155 -17.28377488 
0.18181818 68.04325521 -16.77035930 
0.18293783 68.34976134 -16.61808162 
0.18405853 68.64051250 -16.28760194 
0.18518028 68.92765556 -15.77784591 
0.18630307 69.22638109 -15.63486623 
0.18742688 69.50826471 -15.30890351 
0.18855170 69.78631979 -14.79889809 
0.18967322 70.07658221 -14.65664074 
0.19079572 70.34772893 -14.32806283 
0.19191919 70.61484773 -13.81213496 
0.19303913 70.89247732 -13.68740810 
0.19416000 71.15886029 -13.37333432 
0.19528180 71.42133596 -12.86892032 
0.19640452 71.66882158 -12.76969759 
0.19752813 71.91770731 -12.47679956 
0.19865263 72.16336807 -11.98926242 
0.19977431 72.39371793 -11.88467228 
0.20089683 72.63215205 -11.58339862 
0.20202020 72.86703740 -11.08451989 
0.20314048 73.09754723 -10.95780583 
0.20426156 73.31866863 -10.63178548 
0.20538343 73.53550476 -10.10558528 
0.20650606 73.77223058 -10.02067473 
0.20762944 73.98755385 -9.73273004 
0.20875356 74.19855156 -9.24092162 
0.20987542 74.39998414 -9.16589281 
0.21099797 74.59597342 -8.88523515 
0.21212121 74.78786790 -8.39817267 
0.21324189 74.96968262 -8.32399212 
0.21436320 75.15001121 -8.04204167 
0.21548514 75.32619796 -7.55160416 
0.21660769 75.48608847 -7.48715578 
0.21773081 75.64931989 -7.21194748 
0.21885451 75.80828621 -6.72531928 
0.21997656 75.95020846 -6.66753348 
0.22109913 76.09608359 -6.39688484 
0.22222222 76.23759415 -5.91277692 
0.22334334 76.39473121 -5.83506970 
0.22446491 76.53132139 -5.54290761 
0.22558693 76.66267132 -5.03576204 
0.22670938 76.77834757 -4.99603818 
0.22783223 76.89184871 -4.73972421 
0.22895547 77.00043428 -4.26635933 
0.23007772 77.10206169 -4.22072068 
0.23120031 77.19771075 -3.95694830 
0.23232323 77.28839219 -3.47465278 
0.23344481 77.36335927 -3.42783530 
0.23456666 77.43900420 -3.16189318 
0.23568878 77.50970836 -2.67651136 
0.23681114 77.57552910 -2.63934499 
0.23793369 77.63660788 -2.38186079 
0.23905645 77.69276698 -1.90381879 
0.24017891 77.72935955 -1.86562089 
0.24130151 77.77034796 -1.60617306 
0.24242424 77.80642040 -1.12531182 
0.24354645 77.83008240 -1.08992465 
0.24466874 77.85434203 -0.83287610 
0.24579109 77.87367973 -0.35408058 
0.24691349 77.86809401 -0.33002404 
0.24803589 77.87261549 -0.08410536 
0.24915829 77.87227341 0.38368280 
0.25028067 77.85752119 0.43161194 
0.25140299 77.84140967 0.70152560 
0.25252525 77.82022009 1.19335271 
0.25364798 77.78200215 1.22021028 
0.25477057 77.74756357 1.46893327 
0.25589305 77.70820594 1.93937227 
0.25701578 77.64457557 1.97223853 
0.25813832 77.59119409 2.22633328 
0.25926066 77.53293012 2.70142982 
0.26038279 77.44995203 2.74197614 
0.26150465 77.37842893 3.00287211 
0.26262626 77.30209244 3.48381487 
0.26374918 77.19949476 3.51897082 
0.26487177 77.11017816 3.77377604 
0.26599404 77.01609637 4.24785200 
0.26711725 76.89698654 4.29975574 
0.26824008 76.78789616 4.57004384 
0.26936253 76.67410611 5.05826482 
0.27048456 76.55460324 5.10726856 
0.27160614 76.43125532 5.37281141 
0.27272727 76.30334473 5.85437214 
0.27385036 76.15575305 5.89627210 
0.27497294 76.01506196 6.15339123 
0.27609500 75.86972902 6.62513844 
0.27721868 75.68766603 6.68363388 
0.27834179 75.53193151 6.95549933 
0.27946434 75.37153012 7.44007786 
0.28058628 75.17930165 7.50413408 
0.28170759 75.00817465 7.77882265 
0.28282828 74.83253942 8.26342696 
0.28395153 74.62067428 8.32430671 
0.28507408 74.43431715 8.59392324 
0.28619596 74.24349714 9.07149848 
0.28732007 74.01806689 9.16387709 
0.28844344 73.81016240 9.46261985 
0.28956607 73.59823932 9.96689229 
0.29068794 73.36933142 10.03639059 
0.29180901 73.15084298 10.30872985 
0.29292929 72.92826568 10.78302869 
0.29405267 72.66944771 10.87304231 
0.29517520 72.43962637 11.16348662 
0.29629689 72.20571330 11.65342922 
0.29742140 71.95470656 11.76306028 
0.29854501 71.70675301 12.07029965 
0.29966772 71.45521284 12.57416955 
0.30078952 71.17887676 12.67395828 
0.30191038 70.92543165 12.96717770 
0.30303030 70.66803489 13.45281756 
0.30415379 70.37231904 13.57407057 
0.30527630 70.10608223 13.88590328 
0.30639782 69.83600329 14.38726606 
0.30752266 69.53824159 14.51159735 
0.30864648 69.25703183 14.82331804 
0.30976927 68.97244367 15.32134505 
0.31089102 68.66350384 15.45216857 
0.31201170 68.37567069 15.76569503 
0.31313131 68.08442891 16.26082384 
0.31425489 67.75763579 16.39880918 
0.31537736 67.46225638 16.71628805 
0.31649873 67.16347729 17.21213278 
0.31762387 66.83544060 17.38661859 
0.31874786 66.52341364 17.73712514 
0.31987072 66.20878048 18.26250333 
0.32099242 65.88699917 18.40432739 
0.32211295 65.57676229 18.71712710 
0.32323232 65.26341234 19.19975036 
0.32435596 64.91998100 19.38478375 
0.32547840 64.59562915 19.73731105 
0.32659964 64.26861372 20.25616511 
0.32772501 63.92134849 20.41842451 
0.32884914 63.59832506 20.74450714 
0.32997205 63.27229038 21.23323604 
0.33109372 62.91033849 21.42943169 
0.33221415 62.57607493 21.78419284 
0.33333333 62.23918784 22.29635269 
0.33445704 61.87928392 22.50926926 
0.33557948 61.53981563 22.87709097 
0.33670065 61.19829050 23.39864722 
0.33782615 60.84961387 23.59700329 
0.33895036 60.50976434 23.94645964 
0.34007328 60.16770014 24.44584670 
0.34119493 59.81202645 24.65109423 
0.34231529 59.47376466 25.00211445 
0.34343434 59.13291336 25.49775916 
0.34455806 58.76184976 25.72882757 
0.34568046 58.41463554 26.10190045 
0.34680155 58.06540888 26.61583596 
0.34792716 57.69987440 26.83352378 
0.34905145 57.35601399 27.18937062 
0.35017440 57.00970905 27.68224493 
0.35129605 56.62923495 27.92795934 
0.35241637 56.28660467 28.30654313 
0.35353535 55.94174421 28.81689515 
0.35465906 55.56423305 29.05554217 
0.35578143 55.22243353 29.42325631 
0.35690245 54.87857365 29.91895147 
0.35802812 54.50655982 30.16559149 
0.35915244 54.16368475 30.53747634 
0.36027542 53.81890399 31.03353796 
0.36139707 53.44490174 31.28829952 
0.36251739 53.10334416 31.66315256 
0.36363636 52.76013695 32.15706612 
0.36476004 52.39576838 32.41458248 
0.36588237 52.05580713 32.78841843 
0.36700336 51.71423426 33.27756506 
0.36812903 51.35213200 33.53841095 
0.36925335 51.01434008 33.91183093 
0.37037634 50.67487595 34.39684022 
0.37149801 50.31410614 34.65965776 
0.37261835 49.98070515 35.03010956 
0.37373737 49.64564335 35.50725237 
0.37486100 49.28540154 35.77602486 
0.37598330 48.95538024 36.14874375 
0.37710428 48.62383149 36.62449314 
0.37822989 48.26567296 36.89400054 
0.37935419 47.93905535 37.26382860 
0.38047717 47.61102306 37.73309003 
0.38159887 47.25948220 38.00827238 
0.38271927 46.93890984 38.37910547 
0.38383838 46.61701207 38.84474581 
0.38496194 46.26948246 39.11706286 
0.38608421 45.95427101 39.48146920 
0.38720521 45.63774514 39.93715231 
0.38833071 45.29481790 40.21298853 
0.38945495 44.98338231 40.57744041 
0.39057792 44.67069787 41.02972697 
0.39169965 44.33459927 41.30613682 
0.39282014 44.02898765 41.66679907 
0.39393939 43.72223488 42.11097696 
0.39506287 43.39746284 42.38269535 
0.39618512 43.09694902 42.73526222 
0.39730614 42.79528691 43.16797386 
0.39843150 42.47613627 43.44392948 
0.39955565 42.17989209 43.79743419 
0.40067860 41.88260971 44.22781727 
0.40180038 41.57545288 44.49223560 
0.40292098 41.28856970 44.83016557 
0.40404040 41.00054533 45.24097957 
0.40516378 40.69326587 45.51592618 
0.40628601 40.40855726 45.86115845 
0.40740709 40.12300511 46.27608247 
0.40853226 39.83225337 46.54042045 
0.40965630 39.55820762 46.87193146 
0.41077922 39.28323722 47.27005473 
0.41190104 38.99152627 47.53520946 
0.41302177 38.72461570 47.86382945 
0.41414141 38.45687858 48.25539478 
0.41526468 38.17554266 48.51646501 
0.41638689 37.91524594 48.83796290 
0.41750804 37.65415128 49.21940157 
0.41863299 37.38483063 49.46869417 
0.41975690 37.13248933 49.77549232 
0.42087978 36.87923766 50.13934132 
0.42200165 36.61149782 50.40168509 
0.42312254 36.36299734 50.71814751 
0.42424242 36.11382055 51.08831144 
0.42536558 35.86764759 51.32115223 
0.42648777 35.63289156 51.60526381 
0.42760900 35.39721837 51.94026045 
0.42873369 35.14845504 52.18875605 
0.42985746 34.91822236 52.48578679 
0.43098029 34.68729931 52.83099716 
0.43210222 34.44753629 53.06179632 
0.43322327 34.22764847 53.33804530 
0.43434343 34.00708628 53.65942223 
0.43546646 33.77825169 53.88517251 
0.43658864 33.56567635 54.15370799 
0.43770997 33.35243396 54.46473562 
0.43883438 33.13158585 54.68618663 
0.43995798 32.92692011 54.94786271 
0.44108076 32.72159612 55.24949826 
0.44220276 32.49473051 55.47735888 
0.44332399 32.29319958 55.74263339 
0.44444444 32.09119158 56.04508539 
0.44556734 31.89832064 56.24306565 
0.44668951 31.71040969 56.47596504 
0.44781095 31.52197330 56.74357269 
0.44893506 31.33260319 56.94236259 
0.45005847 31.15013108 57.17367017 
0.45118120 30.96703413 57.43730853 
0.45230326 30.78846248 57.62446248 
0.45342468 30.61639347 57.84156322 
0.45454545 30.44369080 58.08844832 
0.45566822 30.25740150 58.28214266 
0.45679038 30.09035814 58.50343982 
0.45791193 29.92281285 58.75219897 
0.45903572 29.76032263 58.92255746 
0.46015894 29.60466484 59.11825420 
0.46128161 29.44850661 59.33916837 
0.46240374 29.28779103 59.50674196 
0.46352536 29.13929100 59.69728464 
0.46464646 28.99029750 59.91069510 
0.46576909 28.83875819 60.06863572 
0.46689124 28.69775548 60.24732841 
0.46801292 28.55628216 60.44668913 
0.46913637 28.41312495 60.59596973 
0.47025940 28.27933117 60.76384896 
0.47138200 28.14508294 60.95025836 
0.47250420 28.01052374 61.08918168 
0.47362603 27.88475181 61.24449416 
0.47474747 27.75851346 61.41614180 
0.47586995 27.63747058 61.54625270 
0.47699210 27.51932432 61.69063523 
0.47811392 27.40070883 61.84924796 
0.47923702 27.28432844 61.97310420 
0.48035984 27.17357107 62.10916083 
0.48148238 27.06237096 62.25738729 
0.48260465 26.94988597 62.36638798 
0.48372669 26.84689100 62.48549487 
0.48484848 26.74346231 62.61468677 
0.48597082 26.64535385 62.71624466 
0.48709296 26.55016985 62.82586052 
0.48821492 26.45457993 62.94352077 
0.48933767 26.36084413 63.03598360 
0.49046028 26.27214751 63.13448422 
0.49158274 26.18305300 63.23901497 
0.49270509 26.08629633 63.33133531 
0.49382734 26.00238094 63.42766860 
0.49494949 25.91806970 63.52801143 
0.49607179 25.84342820 63.59376470 
0.49719404 25.77096081 63.66152021 
0.49831625 25.69814155 63.73127711 
0.49943875 25.62825037 63.79800259 
0.50056125 25.56084091 63.86472806 
0.50168375 25.49307363 63.93145353 
0.50280596 25.42806425 63.98290905 
0.50392821 25.36750073 64.03236318 
0.50505051 25.30659233 64.07981506 
0.50617266 25.24868192 64.12549279 
0.50729491 25.19485770 64.16716096 
0.50841726 25.14069500 64.20481619 
0.50953972 25.09315139 64.23759808 
0.51066233 25.04596037 64.26434984 
0.51178508 24.99844838 64.28506382 
0.51290704 24.95665069 64.31031647 
0.51402918 24.91550517 64.32752474 
0.51515152 24.87404458 64.33667503 
0.51627332 24.83779788 64.35113773 
0.51739535 24.80265703 64.35551539 
0.51851763 24.76720563 64.34978683 
0.51964016 24.73653729 64.35535460 
0.52076298 24.70748557 64.34875253 
0.52188609 24.67813240 64.32995004 
0.52300790 24.65437316 64.32603548 
0.52413005 24.63121289 64.30789075 
0.52525253 24.60776069 64.27547442 
0.52637398 24.59002776 64.26215561 
0.52749580 24.57270184 64.23250156 
0.52861801 24.55509138 64.18645829 
0.52974061 24.54218147 64.16304795 
0.53086364 24.52959627 64.12110738 
0.53198709 24.51673103 64.06056810 
0.53310877 24.50630615 64.03375281 
0.53423092 24.49974521 63.98626964 
0.53535354 24.49286941 63.91803453 
0.53647464 24.49209937 63.87270110 
0.53759627 24.49279114 63.80449974 
0.53871840 24.49322355 63.71332913 
0.53984107 24.50050412 63.66246654 
0.54096430 24.50466559 63.58638631 
0.54208809 24.50857433 63.48496765 
0.54320964 24.52003524 63.42786631 
0.54433179 24.52993380 63.34330334 
0.54545455 24.53955891 63.23113791 
0.54657532 24.55011203 63.16281161 
0.54769675 24.56459230 63.06470066 
0.54881882 24.57880801 62.93664263 
0.54994155 24.60008429 62.86084628 
0.55106497 24.61846703 62.75271875 
0.55218908 24.63659651 62.61207315 
0.55331051 24.66005718 62.52654675 
0.55443267 24.68430850 62.40631281 
0.55555556 24.70831487 62.25116045 
0.55667602 24.74138642 62.15717353 
0.55779726 24.76985233 62.02600864 
0.55891926 24.79803538 61.85742937 
0.56004205 24.82652957 61.75667418 
0.56116566 24.85968779 61.61595881 
0.56229008 24.89257233 61.43501767 
0.56341139 24.93112179 61.32581532 
0.56453355 24.96690274 61.17412206 
0.56565657 25.00240694 60.97964486 
0.56677674 25.04645043 60.86267103 
0.56789779 25.08574129 60.70056847 
0.56901974 25.12474728 60.49301528 
0.57014259 25.17293908 60.36814677 
0.57126636 25.21610878 60.19509744 
0.57239107 25.25898422 59.97351179 
0.57351227 25.31009332 59.84249551 
0.57463445 25.35628762 59.66059621 
0.57575758 25.40217802 59.42742820 
0.57687748 25.45667919 59.29028576 
0.57799837 25.50582893 59.09944060 
0.57912026 25.55466096 58.85447560 
0.58024316 25.60862158 58.70929788 
0.58136709 25.66233587 58.50706744 
0.58249205 25.71572341 58.24732959 
0.58361317 25.78202702 58.09054176 
0.58473535 25.84075436 57.87381630 
0.58585859 25.89914111 57.59666639 
0.58697824 25.96076901 57.43823181 
0.58809899 26.02177359 57.21685015 
0.58922083 26.08241721 56.93200144 
0.59034374 26.14566329 56.76600191 
0.59146777 26.20923902 56.53339107 
0.59259293 26.27243410 56.23360817 
0.59371400 26.34040549 56.06060764 
0.59483623 26.40477180 55.81791623 
0.59595960 26.46873629 55.50494002 
0.59707904 26.54367481 55.32794780 
0.59819966 26.61088008 55.07806905 
0.59932145 26.67766867 54.75467616 
0.60044439 26.75466910 54.56908787 
0.60156854 26.82431418 54.30662249 
0.60269388 26.89351029 53.96660929 
0.60381490 26.96954396 53.78327384 
0.60493714 27.04020861 53.51979495 
0.60606061 27.11039657 53.17546889 
0.60717988 27.18669973 52.98079930 
0.60830039 27.26392200 52.70261064 
0.60942214 27.34066169 52.34016613 
0.61054511 27.41757278 52.13710814 
0.61166933 27.49575639 51.84621710 
0.61279483 27.57341494 51.46671204 
0.61391581 27.64955319 51.27101273 
0.61503807 27.72465142 50.98403857 
0.61616162 27.79918075 50.60497707 
0.61728076 27.88484854 50.38896385 
0.61840119 27.96502725 50.07813880 
0.61952291 28.04461937 49.67165836 
0.62064588 28.13167690 49.46308370 
0.62177017 28.21164442 49.15507769 
0.62289577 28.29098132 48.74675309 
0.62401673 28.37763176 48.52965374 
0.62513902 28.45840025 48.20952661 
0.62626263 28.53849935 47.78545583 
0.62738165 28.62735476 47.56456330 
0.62850199 28.70958447 47.23697977 
0.62962366 28.79110793 46.80176196 
0.63074667 28.87852837 46.57669117 
0.63187101 28.96185417 46.24002733 
0.63299669 29.04442501 45.79078565 
0.63411767 29.13190515 45.56472764 
0.63523998 29.21502775 45.22336274 
0.63636364 29.29735209 44.76568207 
0.63748261 29.38639144 44.53524126 
0.63860293 29.46960132 44.18573994 
0.63972458 29.55197119 43.71614714 
0.64084758 29.64201367 43.48150658 
0.64197193 29.72549652 43.12268429 
0.64309762 29.80808431 42.63861214 
0.64421862 29.89887375 42.40222127 
0.64534096 29.98311923 42.03785444 
0.64646465 30.06642810 41.54442558 
0.64758363 30.15532078 41.30470218 
0.64870395 30.23944693 40.93321055 
0.64982560 30.32258500 40.42884954 
0.65094858 30.41040704 40.18750374 
0.65207289 30.49436201 39.80912398 
0.65319853 30.57727035 39.29257864 
0.65431959 30.66508607 39.05011993 
0.65544196 30.74812516 38.66680517 
0.65656566 30.83006630 38.14149260 
0.65768471 30.91787876 37.89280328 
0.65880507 30.99946871 37.49948949 
0.65992672 31.07990956 36.96040299 
0.66104967 31.16702060 36.72251930 
0.66217391 31.24404742 36.33469663 
0.66329945 31.31988519 35.79576529 
0.66442058 31.41036162 35.53629166 
0.66554299 31.49335708 35.12309186 
0.66666667 31.57507701 34.55499541 
0.66778585 31.65869684 34.30705531 
0.66890628 31.73666574 33.90171652 
0.67002795 31.81330920 33.33781222 
0.67115086 31.89770601 33.08692218 
0.67227499 31.97437970 32.67338575 
0.67340036 32.04967481 32.09602598 
0.67452160 32.13433624 31.84327792 
0.67564404 32.20961197 31.42420320 
0.67676768 32.28345374 30.83763469 
0.67788705 32.36452511 30.58342264 
0.67900758 32.43790782 30.15938705 
0.68012928 32.50979643 29.56437580 
0.68125214 32.58882968 29.30896443 
0.68237613 32.66065170 28.87868128 
0.68350127 32.73091180 28.27237729 
0.68462264 32.80777372 28.01850467 
0.68574511 32.87745135 27.58626632 
0.68686869 32.94551084 26.97453454 
0.68798830 33.01981176 26.71664188 
0.68910898 33.08795883 26.27714686 
0.69023073 33.15443018 25.65494890 
0.69135352 33.22468711 25.39756049 
0.69247734 33.28794263 24.95386562 
0.69360219 33.34945435 24.32278123 
0.69472370 33.42055936 24.06965267 
0.69584621 33.48126791 23.62699416 
0.69696970 33.54021548 22.99375609 
0.69808962 33.60993494 22.73546042 
0.69921048 33.66850747 22.28474433 
0.70033228 33.72526503 21.64059755 
0.70145499 33.79112936 21.38065626 
0.70257860 33.84638190 20.92408431 
0.70370311 33.89975950 20.26990393 
0.70482480 33.96250479 20.02425151 
0.70594733 34.01400363 19.57910095 
0.70707071 34.06361655 18.93351982 
0.70819099 34.11971388 18.66179545 
0.70931206 34.17065506 18.18811150 
0.71043393 34.21950891 17.51158658 
0.71155656 34.27479177 17.25994943 
0.71267993 34.32066960 16.80278247 
0.71380405 34.36449454 16.13925121 
0.71492592 34.41634073 15.88053836 
0.71604847 34.45862172 15.41386693 
0.71717172 34.49881372 14.73845886 
0.71829241 34.54818675 14.47773164 
0.71941372 34.58706623 14.00708867 
0.72053566 34.62382158 13.32581335 
0.72165821 34.66933144 13.07876019 
0.72278132 34.70341781 12.61899380 
0.72390500 34.73539579 11.94585728 
0.72502706 34.77398067 11.68314668 
0.72614964 34.80215599 11.20580813 
0.72727273 34.82808524 10.51325055 
0.72839386 34.87262629 10.25402449 
0.72951544 34.90032639 9.77878056 
0.73063747 34.92571937 9.08699751 
0.73175992 34.96070159 8.82566168 
0.73288275 34.98402280 8.34639283 
0.73400597 35.00505029 7.64873950 
0.73512823 35.03423637 7.39088773 
0.73625083 35.05158023 6.91376535 
0.73737374 35.06663124 6.21699385 
0.73849535 35.09420448 5.96243382 
0.73961721 35.10848232 5.48782700 
0.74073934 35.12052379 4.79287054 
0.74186169 35.14403021 4.53654855 
0.74298422 35.15455316 4.05922465 
0.74410696 35.16283376 3.36067214 
0.74522943 35.18178837 3.10371130 
0.74635202 35.18841628 2.62503457 
0.74747475 35.19278013 1.92449255 
0.74859701 35.20705533 1.66574679 
0.74971933 35.20945384 1.18508748 
0.75084171 35.20957025 0.48244352 
0.75196411 35.21912561 0.22410109 
0.75308651 35.21700425 -0.25611080 
0.75420891 35.21260832 -0.95818484 
0.75533126 35.21775109 -1.21560233 
0.75645355 35.21139352 -1.69476669 
0.75757576 35.20278192 -2.39559233 
0.75869849 35.20413120 -2.64860779 
0.75982109 35.19376141 -3.12303679 
0.76094355 35.18115548 -3.81871585 
0.76206631 35.17973928 -4.07656031 
0.76318886 35.16618282 -4.55496244 
0.76431122 35.15037019 -5.25368226 
0.76543334 35.14256794 -5.52131658 
0.76655519 35.12305848 -6.00839059 
0.76767677 35.10129859 -6.71458925 
0.76879969 35.09252683 -6.95138660 
0.76992228 35.07011686 -7.40670723 
0.77104453 35.04565302 -8.08016173 
0.77216777 35.02958138 -8.35251731 
0.77329062 35.00214098 -8.84192366 
0.77441307 34.97239986 -9.54791997 
0.77553509 34.95532955 -9.80489083 
0.77665666 34.92344994 -10.27684518 
0.77777778 34.88935389 -10.96325439 
0.77890087 34.86764681 -11.22011416 
0.78002344 34.83258137 -11.69043335 
0.78114550 34.79535400 -12.37361554 
0.78226919 34.76964981 -12.62985283 
0.78339231 34.73128593 -13.09750988 
0.78451486 34.69081793 -13.77592670 
0.78563680 34.66141335 -14.03024895 
0.78675811 34.62022401 -14.49305825 
0.78787879 34.57697938 -15.16363745 
0.78900203 34.54459528 -15.42373206 
0.79012458 34.50034229 -15.89023162 
0.79124644 34.45407719 -16.56236018 
0.79237056 34.41549411 -16.82607560 
0.79349394 34.36283601 -17.29365459 
0.79461657 34.30811244 -17.96426758 
0.79573844 34.27402144 -18.20017908 
0.79685952 34.22501517 -18.63627044 
0.79797980 34.17413291 -19.27166808 
0.79910317 34.12949485 -19.55184332 
0.80022569 34.06831972 -20.02962375 
0.80134738 34.00509249 -20.70408784 
0.80247187 33.96342911 -20.95306400 
0.80359548 33.90510266 -21.39667914 
0.80471820 33.84494879 -22.03396943 
0.80584000 33.79561029 -22.28945069 
0.80696087 33.73563675 -22.73527216 
0.80808081 33.67391112 -23.37044055 
0.80920428 33.62026235 -23.62308686 
0.81032678 33.55804575 -24.06308326 
0.81144830 33.49412963 -24.68940035 
0.81257313 33.43817343 -24.94726006 
0.81369693 33.37331452 -25.38916236 
0.81481972 33.30679064 -26.01404756 
0.81594147 33.24753759 -26.27601413 
0.81706217 33.17821747 -26.71725703 
0.81818182 33.10730510 -27.33670194 
0.81930537 33.04858085 -27.57821765 
0.82042784 32.98156925 -27.99568806 
0.82154921 32.91306936 -28.58801498 
0.82267431 32.84522514 -28.85366486 
0.82379829 32.77228167 -29.29170631 
0.82492114 32.69780817 -29.90102283 
0.82604285 32.63905295 -30.13563349 
0.82716341 32.56816336 -30.53755151 
0.82828283 32.49590907 -31.10565984 
0.82940644 32.42120416 -31.37230917 
0.83052887 32.34217184 -31.80269894 
0.83165012 32.26172316 -32.39570014 
0.83277544 32.19695571 -32.64185893 
0.83389954 32.11882786 -33.04802309 
0.83502244 32.03936958 -33.61305667 
0.83614413 31.97159825 -33.86507391 
0.83726460 31.89256843 -34.27183733 
0.83838384 31.81227286 -34.83222307 
0.83950751 31.74280011 -35.07629876 
0.84062994 31.66314946 -35.47140047 
0.84175112 31.58230373 -36.01640330 
0.84287656 31.50942302 -36.25864528 
0.84400073 31.43122009 -36.64806919 
0.84512364 31.35186388 -37.18355360 
0.84624531 31.27575790 -37.43133023 
0.84736572 31.19565504 -37.82099211 
0.84848485 31.11446235 -38.35144051 
0.84960853 31.03910611 -38.58804657 
0.85073092 30.95888244 -38.96273373 
0.85185202 30.87761874 -39.47441195 
0.85297756 30.80182879 -39.71343167 
0.85410179 30.72117994 -40.08666880 
0.85522473 30.63953144 -40.59304565 
0.85634640 30.56455473 -40.83407234 
0.85746678 30.48155754 -41.20408494 
0.85858586 30.39762113 -41.70203685 
0.85970952 30.32349291 -41.93819925 
0.86083187 30.24204565 -42.29953030 
0.86195293 30.15970257 -42.78500028 
0.86307850 30.08638201 -43.00482096 
0.86420277 30.00898136 -43.34598749 
0.86532572 29.93071564 -43.80748973 
0.86644740 29.85073629 -44.04162538 
0.86756778 29.76741914 -44.39203250 
0.86868687 29.68330331 -44.85773812 
0.86981049 29.60880557 -45.08671578 
0.87093281 29.52835654 -45.42819541 
0.87205384 29.44714608 -45.88122739 
0.87317940 29.37770250 -46.08422962 
0.87430366 29.30282233 -46.39600190 
0.87542662 29.22719435 -46.81561983 
0.87654832 29.14664650 -47.05575884 
0.87766874 29.06432692 -47.39982142 
0.87878788 28.98134023 -47.84692415 
0.87991145 28.91540256 -48.03522682 
0.88103374 28.84420121 -48.32378114 
0.88215476 28.77231251 -48.71173182 
0.88328025 28.69107678 -48.94155358 
0.88440447 28.61102686 -49.26802522 
0.88552743 28.53038500 -49.69032062 
0.88664916 28.46442595 -49.87931173 
0.88776964 28.39433054 -50.16038425 
0.88888889 28.32362682 -50.53275484 
0.89001238 28.25163308 -50.74327619 
0.89113465 28.17501822 -51.04234304 
0.89225569 28.09788526 -51.42920332 
0.89338106 28.03400657 -51.62118357 
0.89450522 27.96265137 -51.89826635 
0.89562817 27.89078274 -52.25973117 
0.89674993 27.82478821 -52.45141012 
0.89787050 27.75744820 -52.72393218 
0.89898990 27.68960146 -53.07661968 
0.90011331 27.62616173 -53.24813389 
0.90123555 27.56482903 -53.49711857 
0.90235663 27.50296373 -53.82292888 
0.90348184 27.43665341 -54.01048227 
0.90460591 27.36956920 -54.27224039 
0.90572883 27.30206961 -54.60759105 
0.90685063 27.24431372 -54.77879569 
0.90797133 27.18277939 -55.02026873 
0.90909091 27.12083654 -55.33143934 
0.91021422 27.06769319 -55.49415486 
0.91133644 27.00882345 -55.72394611 
0.91245758 26.94956036 -56.02027533 
0.91358259 26.89678598 -56.18460499 
0.91470654 26.84018653 -56.41293118 
0.91582943 26.78322528 -56.70474855 
0.91695128 26.73307009 -56.86432715 
0.91807211 26.67813626 -57.08428868 
0.91919192 26.62286242 -57.36416660 
0.92031512 26.57852804 -57.49756430 
0.92143732 26.53371750 -57.68833901 
0.92255853 26.48847751 -57.93605626 
0.92368331 26.44192614 -58.08030571 
0.92480713 26.39540677 -58.27903963 
0.92592998 26.34855074 -58.53185460 
0.92705189 26.30609639 -58.66421446 
0.92817287 26.26397027 -58.84775483 
0.92929293 26.22151452 -59.08210770 
0.93041601 26.18509885 -59.20698885 
0.93153820 26.14649676 -59.38023032 
0.93265950 26.10757959 -59.60149412 
0.93378402 26.07298055 -59.72213749 
0.93490768 26.03718212 -59.88843027 
0.93603048 26.00109896 -60.10006328 
0.93715245 25.97226510 -60.21210620 
0.93827360 25.94073903 -60.36678384 
0.93939394 25.90894511 -60.56381828 
0.94051690 25.88352883 -60.67001318 
0.94163907 25.85546080 -60.81619636 
0.94276047 25.82711817 -61.00211711 
0.94388470 25.80887188 -61.08617165 
0.94500819 25.78998880 -61.20766466 
0.94613094 25.77074575 -61.36637121 
0.94725298 25.75302106 -61.45836618 
0.94837431 25.73385479 -61.58503718 
0.94949495 25.71442285 -61.74618616 
0.95061777 25.70359568 -61.82140655 
0.95173994 25.69095216 -61.92882418 
0.95286145 25.67801763 -62.06826453 
0.95398538 25.67180691 -62.13845560 
0.95510869 25.66349361 -62.23846230 
0.95623138 25.65489506 -62.36813201 
0.95735348 25.65033217 -62.43021916 
0.95847501 25.64688404 -62.51960168 
0.95959596 25.64313846 -62.63614880 
0.96071864 25.64860821 -62.68312929 
0.96184080 25.65206733 -62.75503718 
0.96296243 25.65519246 -62.85176139 
0.96408603 25.66522057 -62.89439488 
0.96520914 25.67120246 -62.95962222 
0.96633177 25.67690467 -63.04735074 
0.96745394 25.69545088 -63.08215897 
0.96857568 25.70753608 -63.13714757 
0.96969697 25.71934582 -63.21224132 
0.97081953 25.73675708 -63.24010443 
0.97194169 25.75448534 -63.28599681 
0.97306346 25.77192050 -63.34985756 
0.97418673 25.79732101 -63.35743837 
0.97530965 25.82250494 -63.38109240 
0.97643222 25.84734425 -63.42077066 
0.97755445 25.88097360 -63.43071739 
0.97867637 25.90957951 -63.45474026 
0.97979798 25.93788069 -63.49280123 
0.98092116 25.97768708 -63.48737393 
0.98204408 26.01450498 -63.49358916 
0.98316674 26.05098853 -63.51142066 
0.98429044 26.09654324 -63.49651589 
0.98541394 26.14185944 -63.49031751 
0.98653725 26.18683339 -63.49281071 
0.98765796 26.24272328 -63.46563108 
0.98877854 26.29550896 -63.44419133 
0.98989899 26.34795215 -63.42848499 
0.99096718 26.40396336 -63.39674180 
0.99203527 26.45614024 -63.36930853 
0.99310327 26.50801428 -63.34618132 
0.99402558 26.55017118 -63.31865353 
0.99494781 26.59353723 -63.29491903 
0.99586995 26.63667115 -63.27497437 
0.99662637 26.67233453 -63.24948513 
0.99738272 26.70830300 -63.22687598 
0.99813901 26.74409902 -63.20714448 
0.99875939 26.77421631 -63.18820803 
0.99937972 26.80572733 -63.17138989 
1.00000000 26.83711060 -63.15668845 
