0.00000000 11.14812632 4.94984556 
0.00068835 11.15164896 4.95114268 
0.00137671 11.15516889 4.95234832 
0.00206506 11.15868612 4.95346249 
0.00280459 11.16246155 4.95455671 
0.00354411 11.16623341 4.95554508 
0.00428364 11.17000170 4.95642761 
0.00507815 11.17404588 4.95725665 
0.00587265 11.17808571 4.95796326 
0.00666716 11.18212119 4.95854746 
0.00752073 11.18645112 4.95903687 
0.00837430 11.19077539 4.95938482 
0.00922787 11.19509399 4.95959132 
0.01014489 11.19972705 4.95965350 
0.01106192 11.20435315 4.95955143 
0.01197895 11.20897231 4.95928512 
0.01296415 11.21392548 4.95881494 
0.01394935 11.21887021 4.95815490 
0.01493455 11.22380651 4.95730500 
0.01599299 11.22909871 4.95617824 
0.01705143 11.23437968 4.95483207 
0.01810988 11.23964941 4.95326650 
0.01924701 11.24529812 4.95133653 
0.02038414 11.25093309 4.94915267 
0.02152126 11.25655433 4.94671491 
0.02274293 11.26257471 4.94380875 
0.02396460 11.26857816 4.94060928 
0.02518626 11.27456468 4.93711649 
0.02649875 11.28097566 4.93303285 
0.02781124 11.28736492 4.92860908 
0.02912372 11.29373246 4.92384517 
0.03053378 11.30054678 4.91834271 
0.03194384 11.30733601 4.91244767 
0.03335391 11.31410014 4.90616003 
0.03486879 11.32132697 4.89895901 
0.03638368 11.32852310 4.89130576 
0.03789857 11.33568854 4.88320031 
0.03952607 11.34334158 4.87397675 
0.04115358 11.35095424 4.86423050 
0.04278109 11.35852650 4.85396156 
0.04452959 11.36661317 4.84233313 
0.04627809 11.37464797 4.83010014 
0.04802659 11.38263092 4.81726259 
0.04990508 11.39114207 4.80278154 
0.05178356 11.39959090 4.78760619 
0.05366205 11.40797743 4.77173654 
0.05568019 11.41690963 4.75388947 
0.05769833 11.42576188 4.73524209 
0.05971646 11.43453421 4.71579441 
0.06188463 11.44386518 4.69398260 
0.06405280 11.45310020 4.67125059 
0.06622098 11.46223926 4.64759840 
0.06855033 11.47193884 4.62112992 
0.07087969 11.48151966 4.59360940 
0.07320905 11.49098171 4.56503684 
0.07571157 11.50100522 4.53311848 
0.07821410 11.51088016 4.49999388 
0.08071663 11.52060652 4.46566304 
0.08340520 11.53088755 4.42739418 
0.08609377 11.54099846 4.38774261 
0.08878234 11.55093928 4.34670832 
0.09167078 11.56138229 4.30103225 
0.09455922 11.57161031 4.25380602 
0.09744767 11.58162333 4.20502961 
0.10055084 11.59213549 4.15081791 
0.10365402 11.60238703 4.09483067 
0.10675720 11.61237797 4.03706788 
0.11002430 11.62258440 3.97431525 
0.11329140 11.63250348 3.90965878 
0.11655851 11.64213522 3.84309848 
0.11987835 11.65159031 3.77347194 
0.12319818 11.66073959 3.70195225 
0.12651802 11.66958307 3.62853940 
0.12983786 11.67805086 3.55320298 
0.13315770 11.68623055 3.47607113 
0.13647754 11.69412213 3.39714384 
0.13979737 11.70162969 3.31636697 
0.14311721 11.70883901 3.23390572 
0.14643705 11.71575007 3.14976007 
0.14975689 11.72230219 3.06388648 
0.15307673 11.72856273 2.97642837 
0.15639657 11.73453166 2.88738574 
0.15971640 11.74014031 2.79676150 
0.16303624 11.74546556 2.70468467 
0.16635608 11.75050744 2.61115528 
0.16967592 11.75519558 2.51617659 
0.17299576 11.75962148 2.41988628 
0.17631559 11.76378514 2.32228436 
0.17963543 11.76760333 2.22339108 
0.18295527 11.77117027 2.12332869 
0.18627511 11.77448597 2.02209720 
0.18959495 11.77747735 1.91976542 
0.19291479 11.78023895 1.81641097 
0.19623462 11.78277077 1.71203384 
0.19955446 11.78497680 1.60671907 
0.20287430 11.78697419 1.50055984 
0.20619414 11.78876295 1.39355614 
0.20951398 11.79025151 1.28578753 
0.21283382 11.79154756 1.17733178 
0.21615365 11.79265109 1.06818888 
0.21947349 11.79346837 0.95845900 
0.22279333 11.79411019 0.84823169 
0.22611317 11.79457656 0.73750694 
0.22943301 11.79476614 0.62633257 
0.23275284 11.79479177 0.51484283 
0.23607268 11.79465345 0.40303773 
0.23939252 11.79426337 0.29097453 
0.24271236 11.79371405 0.17875857 
0.24603220 11.79300551 0.06638982 
0.24935204 11.79204689 -0.04605406 
0.25267187 11.79093858 -0.15847080 
0.25599171 11.78968057 -0.27086040 
0.25931155 11.78817981 -0.38315376 
0.26263139 11.78652311 -0.49525215 
0.26595123 11.78471046 -0.60715556 
0.26927106 11.78266185 -0.71875714 
0.27259090 11.78046197 -0.83000598 
0.27591074 11.77811082 -0.94090205 
0.27923058 11.77548193 -1.05133072 
0.28255042 11.77269812 -1.16121308 
0.28587026 11.76975940 -1.27054912 
0.28919009 11.76656502 -1.37926086 
0.29250993 11.76319763 -1.48726915 
0.29582977 11.75965723 -1.59457398 
0.29914961 11.75583334 -1.70107628 
0.30246945 11.75182343 -1.80669986 
0.30578929 11.74762750 -1.91144475 
0.30910912 11.74315608 -2.01521080 
0.31242896 11.73848731 -2.11795498 
0.31574880 11.73362119 -2.21967730 
0.31906864 11.72844254 -2.32026109 
0.32238848 11.72305298 -2.41964900 
0.32570831 11.71745251 -2.51784103 
0.32902819 11.71155142 -2.61476342 
0.33234806 11.70541885 -2.71034697 
0.33566793 11.69905479 -2.80459170 
0.33898780 11.69238494 -2.89741168 
0.34230767 11.68546804 -2.98876316 
0.34562754 11.67830409 -3.07864615 
0.34894735 11.67082966 -3.16693222 
0.35226716 11.66310789 -3.25364661 
0.35558697 11.65513880 -3.33878932 
0.35890678 11.64683916 -3.42219629 
0.36222658 11.63830034 -3.50393208 
0.36554639 11.62952235 -3.58399670 
0.36886626 11.62041828 -3.66217090 
0.37218614 11.61104664 -3.73859805 
0.37550601 11.60140745 -3.81327814 
0.37882588 11.59144873 -3.88598246 
0.38214575 11.58125088 -3.95681621 
0.38546562 11.57081388 -4.02577940 
0.38878543 11.56006030 -4.09277714 
0.39210524 11.54905549 -4.15781223 
0.39542505 11.53779947 -4.22088465 
0.39874485 11.52628617 -4.28191379 
0.40206466 11.51450775 -4.34094673 
0.40538447 11.50246419 -4.39798348 
0.40870434 11.49017414 -4.45287842 
0.41202421 11.47765938 -4.50573830 
0.41534408 11.46491992 -4.55656311 
0.41866396 11.45190280 -4.60521924 
0.42198383 11.43868119 -4.65180218 
0.42530370 11.42525509 -4.69631192 
0.42862351 11.41156530 -4.73860915 
0.43194332 11.39770488 -4.77880698 
0.43526312 11.38367382 -4.81690540 
0.43858293 11.36937263 -4.85281159 
0.44190274 11.35490564 -4.88658556 
0.44522255 11.34027287 -4.91822732 
0.44854242 11.32544104 -4.94764839 
0.45186229 11.31046938 -4.97494291 
0.45518216 11.29535791 -5.00011087 
0.45850203 11.28002963 -5.02306314 
0.46182191 11.26458020 -5.04388057 
0.46514178 11.24900962 -5.06256315 
0.46846159 11.23328552 -5.07903415 
0.47178139 11.21745128 -5.09336731 
0.47510120 11.20150689 -5.10556263 
0.47842101 11.18544939 -5.11557389 
0.48174082 11.16930574 -5.12345825 
0.48506063 11.15307597 -5.12921569 
0.48838050 11.13674947 -5.13279814 
0.49170037 11.12036301 -5.13427185 
0.49502024 11.10391659 -5.13363682 
0.49834011 11.08741251 -5.13085477 
0.50165998 11.07086815 -5.12597802 
0.50497986 11.05428350 -5.11900656 
0.50829966 11.03767921 -5.10990841 
0.51161947 11.02107151 -5.09875800 
0.51493928 11.00446041 -5.08555532 
0.51825909 10.98782145 -5.07022881 
0.52157890 10.97121203 -5.05288807 
0.52489870 10.95463214 -5.03353310 
0.52821857 10.93806627 -5.01208812 
0.53153845 10.92155679 -4.98866106 
0.53485832 10.90510371 -4.96325190 
0.53817819 10.88869758 -4.93580753 
0.54149806 10.87236961 -4.90641891 
0.54481793 10.85611978 -4.87508606 
0.54813774 10.83995622 -4.84177702 
0.55145755 10.82390011 -4.80656171 
0.55477736 10.80795144 -4.76944013 
0.55809716 10.79212210 -4.73040746 
0.56141697 10.77643191 -4.68952473 
0.56473678 10.76088088 -4.64679191 
0.56805665 10.74546024 -4.60217851 
0.57137652 10.73020966 -4.55578656 
0.57469640 10.71512914 -4.50761606 
0.57801627 10.70021118 -4.45762075 
0.58133614 10.68548972 -4.40590507 
0.58465601 10.67096477 -4.35246901 
0.58797582 10.65663157 -4.29728805 
0.59129563 10.64251693 -4.24045540 
0.59461543 10.62862084 -4.18197105 
0.59793524 10.61494806 -4.12181695 
0.60125505 10.60151660 -4.06008310 
0.60457486 10.58832646 -3.99676953 
0.60789473 10.57538046 -3.93185860 
0.61121460 10.56270000 -3.86545080 
0.61453447 10.55028507 -3.79754614 
0.61785434 10.53813882 -3.72814071 
0.62117422 10.52626605 -3.65731392 
0.62449409 10.51466676 -3.58506577 
0.62781390 10.50337928 -3.51141250 
0.63113370 10.49237530 -3.43642989 
0.63445351 10.48165481 -3.36011795 
0.63777332 10.47125688 -3.28248126 
0.64109313 10.46116835 -3.20361708 
0.64441294 10.45138923 -3.12352540 
0.64773281 10.44192218 -3.04219418 
0.65105268 10.43276912 -2.95973723 
0.65437255 10.42393008 -2.87615454 
0.65769242 10.41542963 -2.79143217 
0.66101229 10.40725266 -2.70567857 
0.66433217 10.39939916 -2.61889375 
0.66765197 10.39188971 -2.53110854 
0.67097178 10.38469233 -2.44238477 
0.67429159 10.37780702 -2.35272244 
0.67761140 10.37129991 -2.26215141 
0.68093121 10.36510680 -2.17076957 
0.68425101 10.35922768 -2.07857692 
0.68757089 10.35370969 -1.98556785 
0.69089076 10.34850168 -1.89185129 
0.69421063 10.34360363 -1.79742724 
0.69753050 10.33907498 -1.70231195 
0.70085037 10.33485639 -1.60659640 
0.70417024 10.33094786 -1.51028059 
0.70749005 10.32739675 -1.41341079 
0.71080986 10.32414874 -1.31604036 
0.71412967 10.32120382 -1.21816931 
0.71744948 10.31862541 -1.11986433 
0.72076928 10.31633910 -1.02118000 
0.72408909 10.31434489 -0.92211632 
0.72740896 10.31271963 -0.82271117 
0.73072883 10.31138095 -0.72304497 
0.73404871 10.31032886 -0.62311770 
0.73736858 10.30964288 -0.52298349 
0.74068845 10.30923064 -0.42268924 
0.74400832 10.30909213 -0.32223495 
0.74732813 10.30934262 -0.22167738 
0.75064794 10.30986950 -0.12109694 
0.75396775 10.31067275 -0.02049361 
0.75728755 10.31182102 0.08010923 
0.76060736 10.31325890 0.18063689 
0.76392717 10.31498639 0.28108935 
0.76724704 10.31706283 0.38139885 
0.77056691 10.31942016 0.48152107 
0.77388678 10.32205839 0.58145601 
0.77720666 10.32507107 0.68114394 
0.78052653 10.32836048 0.78051945 
0.78384640 10.33192661 0.87958255 
0.78716621 10.33585227 0.97829154 
0.79048602 10.34007689 1.07657749 
0.79380582 10.34460045 1.17444038 
0.79712563 10.34946785 1.27180465 
0.80044544 10.35462883 1.36864904 
0.80376525 10.36008341 1.46497354 
0.80708512 10.36590716 1.56068798 
0.81040499 10.37202961 1.65575190 
0.81372486 10.37845077 1.75016532 
0.81704473 10.38521947 1.84386656 
0.82036461 10.39230109 1.93681390 
0.82368448 10.39969561 2.02900735 
0.82700428 10.40742196 2.12034845 
0.83032409 10.41546200 2.21083509 
0.83364390 10.42381575 2.30046729 
0.83696371 10.43251305 2.38912117 
0.84028352 10.44151396 2.47681704 
0.84360332 10.45081848 2.56355492 
0.84692320 10.46046528 2.64919545 
0.85024307 10.47041432 2.73377534 
0.85356294 10.48066559 2.81729459 
0.85688281 10.49122208 2.89961395 
0.86020268 10.50208295 2.98077026 
0.86352255 10.51324821 3.06076353 
0.86684236 10.52473997 3.13945525 
0.87016217 10.53651037 3.21687109 
0.87348198 10.54855939 3.29301107 
0.87680179 10.56088132 3.36777363 
0.88012159 10.57348455 3.44117168 
0.88344140 10.58636907 3.51320521 
0.88670854 10.59932713 3.58264966 
0.88997567 10.61252282 3.65067666 
0.89324280 10.62595613 3.71728622 
0.89634598 10.63895685 3.77915966 
0.89944916 10.65215547 3.83968388 
0.90255233 10.66555201 3.89885887 
0.90544078 10.67819851 3.95265322 
0.90832922 10.69101605 4.00522159 
0.91121766 10.70400462 4.05656397 
0.91390623 10.71621863 4.10320106 
0.91659480 10.72856783 4.14873371 
0.91928337 10.74105222 4.19316192 
0.92178590 10.75277265 4.23347902 
0.92428843 10.76459412 4.27280281 
0.92679095 10.77651664 4.31113331 
0.92912031 10.78768794 4.34588941 
0.93144967 10.79893777 4.37976687 
0.93377902 10.81026615 4.41276570 
0.93594720 10.82087707 4.44265065 
0.93811537 10.83154516 4.47175601 
0.94028354 10.84227041 4.50008179 
0.94230167 10.85228073 4.52571286 
0.94431981 10.86234302 4.55065688 
0.94633795 10.87245726 4.57491386 
0.94821644 10.88190272 4.59684542 
0.95009492 10.89137751 4.61816591 
0.95197341 10.90088161 4.63887534 
0.95372191 10.90975379 4.65758833 
0.95547041 10.91864971 4.67576382 
0.95721891 10.92756938 4.69340182 
0.95884642 10.93588362 4.70932339 
0.96047393 10.94421500 4.72477279 
0.96210143 10.95256353 4.73975003 
0.96361632 10.96034440 4.75325811 
0.96513121 10.96813624 4.76635224 
0.96664609 10.97593905 4.77903242 
0.96805616 10.98320883 4.79045421 
0.96946622 10.99048521 4.80151418 
0.97087628 10.99776819 4.81221232 
0.97218876 11.00454975 4.82183617 
0.97350125 11.01133568 4.83114480 
0.97481374 11.01812597 4.84013821 
0.97603540 11.02444748 4.84821614 
0.97725707 11.03077103 4.85601839 
0.97847874 11.03709662 4.86354496 
0.97961586 11.04298048 4.87029640 
0.98075299 11.04886591 4.87680805 
0.98189012 11.05475291 4.88307992 
0.98294857 11.06023349 4.88869695 
0.98400701 11.06571196 4.89410259 
0.98506545 11.07118832 4.89929684 
0.98605065 11.07628404 4.90394110 
0.98703585 11.08137824 4.90840201 
0.98802105 11.08647091 4.91267956 
0.98893808 11.09120877 4.91649402 
0.98985511 11.09594438 4.92014902 
0.99077213 11.10067775 4.92364455 
0.99162570 11.10508066 4.92675303 
0.99247927 11.10948143 4.92972250 
0.99333284 11.11388006 4.93255296 
0.99412735 11.11797146 4.93506201 
0.99492185 11.12206051 4.93745016 
0.99571636 11.12614720 4.93971740 
0.99645589 11.12994768 4.94171792 
0.99719541 11.13374592 4.94361363 
0.99793494 11.13754192 4.94540453 
0.99862329 11.14107246 4.94697617 
0.99931165 11.14460059 4.94845651 
1.00000000 11.14812632 4.94984556 
