0.00000000 16.47195630 -11.72517153 
0.00033479 16.50331742 -11.71663567 
0.00066958 16.53460231 -11.70809980 
0.00100437 16.56581129 -11.69956394 
0.00134218 16.59772192 -11.69078521 
0.00168000 16.62919146 -11.68200648 
0.00201782 16.66058409 -11.67322774 
0.00235868 16.69280972 -11.66424081 
0.00269955 16.72454689 -11.65525387 
0.00304042 16.75620582 -11.64626693 
0.00338437 16.78830673 -11.63692879 
0.00372832 16.82008782 -11.62759064 
0.00407227 16.85179059 -11.61825249 
0.00441933 16.88468190 -11.60871084 
0.00476639 16.91680007 -11.59916920 
0.00511345 16.94883831 -11.58962756 
0.00546365 16.98201023 -11.57981506 
0.00581385 17.01440588 -11.57000256 
0.00616404 17.04672025 -11.56019007 
0.00651741 17.07998379 -11.55010040 
0.00687077 17.11258178 -11.54001072 
0.00722413 17.14509749 -11.52992105 
0.00758069 17.17859294 -11.51957868 
0.00793724 17.21149034 -11.50923632 
0.00829380 17.24430391 -11.49889395 
0.00865358 17.27774657 -11.48824318 
0.00901336 17.31073857 -11.47759241 
0.00937314 17.34364633 -11.46694164 
0.00973617 17.37755074 -11.45604214 
0.01009920 17.41080369 -11.44514265 
0.01046223 17.44397110 -11.43424316 
0.01082855 17.47804903 -11.42300997 
0.01119486 17.51142229 -11.41177678 
0.01156117 17.54470953 -11.40054359 
0.01193080 17.57993151 -11.38911285 
0.01230042 17.61385941 -11.37768211 
0.01267005 17.64769845 -11.36625136 
0.01304301 17.68209397 -11.35447810 
0.01341598 17.71610753 -11.34270483 
0.01378894 17.75003166 -11.33093156 
0.01416528 17.78453050 -11.31881423 
0.01454162 17.81858572 -11.30669690 
0.01491796 17.85255141 -11.29457957 
0.01529769 17.88800145 -11.28224180 
0.01567743 17.92259235 -11.26990403 
0.01605717 17.95709085 -11.25756627 
0.01644034 17.99221666 -11.24489358 
0.01682351 18.02683474 -11.23222088 
0.01720669 18.06136026 -11.21954819 
0.01759332 18.09690906 -11.20657088 
0.01797996 18.13170392 -11.19359356 
0.01836659 18.16640534 -11.18061624 
0.01875672 18.20250118 -11.16737327 
0.01914685 18.23766957 -11.15413031 
0.01953698 18.27274246 -11.14088734 
0.01993064 18.30863566 -11.12729962 
0.02032429 18.34389158 -11.11371190 
0.02071795 18.37905153 -11.10012418 
0.02111516 18.41540238 -11.08624018 
0.02151238 18.45090857 -11.07235618 
0.02190959 18.48631741 -11.05847218 
0.02231040 18.52292990 -11.04426310 
0.02271120 18.55863897 -11.03005401 
0.02311201 18.59424954 -11.01584493 
0.02351644 18.63111302 -11.00135001 
0.02392087 18.66709024 -10.98685509 
0.02432529 18.70296748 -10.97236016 
0.02473338 18.73997914 -10.95751293 
0.02514146 18.77617592 -10.94266569 
0.02554955 18.81227143 -10.92781845 
0.02596132 18.84941968 -10.91267028 
0.02637309 18.88582885 -10.89752212 
0.02678487 18.92213552 -10.88237395 
0.02720036 18.95949718 -10.86691850 
0.02761586 18.99618445 -10.85146306 
0.02803135 19.03276750 -10.83600762 
0.02845060 19.06997052 -10.82019633 
0.02886985 19.10669496 -10.80438504 
0.02928910 19.14331494 -10.78857376 
0.02971214 19.18092665 -10.77247949 
0.03013518 19.21780914 -10.75638523 
0.03055822 19.25458630 -10.74029097 
0.03098509 19.29262851 -10.72377738 
0.03141195 19.32977379 -10.70726379 
0.03183882 19.36681234 -10.69075020 
0.03226954 19.40562325 -10.67399904 
0.03270026 19.44328119 -10.65724788 
0.03313099 19.48082920 -10.64049672 
0.03356560 19.51907860 -10.62332670 
0.03400022 19.55666602 -10.60615668 
0.03443484 19.59414373 -10.58898667 
0.03487338 19.63276238 -10.57150995 
0.03531193 19.67055404 -10.55403324 
0.03575047 19.70823472 -10.53655652 
0.03619298 19.74710777 -10.51881923 
0.03663549 19.78518368 -10.50108194 
0.03707800 19.82314671 -10.48334464 
0.03752451 19.86172018 -10.46513020 
0.03797102 19.89975572 -10.44691576 
0.03841753 19.93767863 -10.42870132 
0.03886807 19.97732408 -10.41025688 
0.03931862 20.01583558 -10.39181245 
0.03976917 20.05423145 -10.37336801 
0.04022378 20.09323065 -10.35448358 
0.04067840 20.13162659 -10.33559914 
0.04113302 20.16990746 -10.31671471 
0.04159175 20.20968247 -10.29753631 
0.04205048 20.24837441 -10.27835791 
0.04250920 20.28694933 -10.25917951 
0.04297208 20.32685977 -10.23967436 
0.04343495 20.36574111 -10.22016922 
0.04389782 20.40450410 -10.20066407 
0.04436488 20.44447808 -10.18077810 
0.04483194 20.48351164 -10.16089213 
0.04529900 20.52242570 -10.14100615 
0.04577028 20.56250210 -10.12077666 
0.04624156 20.60166977 -10.10054716 
0.04671284 20.64071693 -10.08031767 
0.04718838 20.68097336 -10.05972801 
0.04766392 20.72027104 -10.03913835 
0.04813946 20.75944719 -10.01854870 
0.04861930 20.79991917 -9.99765483 
0.04909914 20.83940089 -9.97676097 
0.04957898 20.87875971 -9.95586710 
0.05006315 20.91919055 -9.93453611 
0.05054733 20.95870586 -9.91320511 
0.05103150 20.99809788 -9.89187412 
0.05152006 21.03957950 -9.87026263 
0.05200861 21.07957128 -9.84865114 
0.05249716 21.11943649 -9.82703965 
0.05299013 21.16001533 -9.80505080 
0.05348310 21.19993726 -9.78306196 
0.05397607 21.23973274 -9.76107312 
0.05447349 21.28067530 -9.73878236 
0.05497092 21.32076446 -9.71649160 
0.05546834 21.36072576 -9.69420084 
0.05597027 21.40128041 -9.67138901 
0.05647219 21.44121149 -9.64857719 
0.05697411 21.48101559 -9.62576537 
0.05748057 21.52328418 -9.60282042 
0.05798702 21.56387909 -9.57987547 
0.05849348 21.60434235 -9.55693052 
0.05900452 21.64537702 -9.53345278 
0.05951556 21.68581738 -9.50997505 
0.06002659 21.72612664 -9.48649731 
0.06054225 21.76696311 -9.46273232 
0.06105790 21.80730186 -9.43896732 
0.06157356 21.84750986 -9.41520233 
0.06209388 21.88931939 -9.39090787 
0.06261419 21.93004974 -9.36661342 
0.06313451 21.97064653 -9.34231896 
0.06365953 22.01227695 -9.31797842 
0.06418455 22.05304582 -9.29363788 
0.06470957 22.09368033 -9.26929734 
0.06523934 22.13570788 -9.24432451 
0.06576910 22.17662763 -9.21935169 
0.06629887 22.21741163 -9.19437886 
0.06683343 22.25912209 -9.16918403 
0.06736798 22.30020204 -9.14398920 
0.06790254 22.34114461 -9.11879436 
0.06844192 22.38272658 -9.09320081 
0.06898131 22.42362550 -9.06760727 
0.06952070 22.46438776 -9.04201372 
0.07006496 22.50605963 -9.01599078 
0.07060922 22.54691482 -8.98996784 
0.07115348 22.58763316 -8.96394490 
0.07170267 22.63013870 -8.93769507 
0.07225185 22.67126520 -8.91144525 
0.07280103 22.71225246 -8.88519542 
0.07335518 22.75445206 -8.85859433 
0.07390932 22.79559441 -8.83199323 
0.07446347 22.83659682 -8.80539214 
0.07502263 22.87818391 -8.77820697 
0.07558178 22.91909934 -8.75102180 
0.07614094 22.95987579 -8.72383662 
0.07670515 23.00248031 -8.69648483 
0.07726936 23.04364920 -8.66913303 
0.07783357 23.08467673 -8.64178124 
0.07840288 23.12743427 -8.61403258 
0.07897219 23.16866707 -8.58628392 
0.07954150 23.20975741 -8.55853527 
0.08011595 23.25239571 -8.53050330 
0.08069041 23.29369146 -8.50247133 
0.08126487 23.33484361 -8.47443936 
0.08184452 23.37711191 -8.44591600 
0.08242416 23.41841403 -8.41739263 
0.08300381 23.45957176 -8.38886927 
0.08358870 23.50166695 -8.36008116 
0.08417359 23.54290966 -8.33129305 
0.08475848 23.58400764 -8.30250495 
0.08534865 23.62617598 -8.27334666 
0.08593883 23.66733829 -8.24418838 
0.08652901 23.70835563 -8.21503009 
0.08712452 23.75039882 -8.18545196 
0.08772003 23.79150703 -8.15587383 
0.08831554 23.83246972 -8.12629570 
0.08891643 23.87499575 -8.09644239 
0.08951732 23.91632718 -8.06658909 
0.09011822 23.95751068 -8.03673578 
0.09072454 23.99921303 -8.00639549 
0.09133087 24.04017390 -7.97605519 
0.09193719 24.08098850 -7.94571490 
0.09254900 24.12338215 -7.91515639 
0.09316080 24.16442940 -7.88459788 
0.09377261 24.20532877 -7.85403937 
0.09438995 24.24758475 -7.82308630 
0.09500728 24.28867151 -7.79213322 
0.09562462 24.32960915 -7.76118014 
0.09624754 24.37112164 -7.72990410 
0.09687045 24.41196263 -7.69862806 
0.09749337 24.45265516 -7.66735203 
0.09812192 24.49415135 -7.63562102 
0.09875046 24.53482745 -7.60389001 
0.09937901 24.57535504 -7.57215900 
0.10001324 24.61770124 -7.54027275 
0.10064747 24.65859601 -7.50838650 
0.10128170 24.69933959 -7.47650025 
0.10192166 24.74044416 -7.44414419 
0.10256162 24.78087251 -7.41178812 
0.10320158 24.82115178 -7.37943205 
0.10384733 24.86191200 -7.34646549 
0.10449307 24.90203182 -7.31349893 
0.10513882 24.94200335 -7.28053236 
0.10579040 24.98436133 -7.24761552 
0.10644199 25.02490787 -7.21469869 
0.10709357 25.06530182 -7.18178185 
0.10775105 25.10624127 -7.14834988 
0.10840852 25.14625001 -7.11491790 
0.10906599 25.18610863 -7.08148593 
0.10972941 25.22719719 -7.04771203 
0.11039283 25.26706934 -7.01393814 
0.11105624 25.30679086 -6.98016424 
0.11172273 25.34784365 -6.94629900 
0.11238922 25.38753442 -6.91243377 
0.11305571 25.42707451 -6.87856854 
0.11372228 25.46662179 -6.84444143 
0.11438885 25.50548149 -6.81031432 
0.11505542 25.54419488 -6.77618720 
0.11572199 25.58474034 -6.74239437 
0.11638856 25.62334058 -6.70860154 
0.11705513 25.66179498 -6.67480871 
0.11772170 25.69998123 -6.64057389 
0.11838827 25.73773922 -6.60633907 
0.11905484 25.77535588 -6.57210425 
0.11972141 25.81382467 -6.53806330 
0.12038799 25.85112449 -6.50402235 
0.12105456 25.88828471 -6.46998141 
0.12172113 25.92616651 -6.43588518 
0.12238770 25.96286818 -6.40178895 
0.12305427 25.99943291 -6.36769272 
0.12372084 26.03656133 -6.33346774 
0.12438741 26.07258409 -6.29924276 
0.12505398 26.10847288 -6.26501778 
0.12572055 26.14707937 -6.23115087 
0.12638712 26.18314798 -6.19728395 
0.12705369 26.21908088 -6.16341704 
0.12772026 26.25470123 -6.12918674 
0.12838683 26.28983006 -6.09495644 
0.12905340 26.32482826 -6.06072614 
0.12971998 26.35976018 -6.02661911 
0.13038655 26.39419940 -5.99251209 
0.13105312 26.42851081 -5.95840506 
0.13171969 26.46393734 -5.92424990 
0.13238626 26.49802246 -5.89009473 
0.13305283 26.53197999 -5.85593957 
0.13371940 26.56620428 -5.82175602 
0.13438597 26.59963774 -5.78757247 
0.13505254 26.63294707 -5.75338892 
0.13571911 26.66688774 -5.71923093 
0.13638568 26.69969503 -5.68507294 
0.13705225 26.73238069 -5.65091495 
0.13771882 26.76602948 -5.61687122 
0.13838539 26.79848986 -5.58282749 
0.13905197 26.83082939 -5.54878376 
0.13971854 26.86299567 -5.51466543 
0.14038511 26.89469266 -5.48054711 
0.14105168 26.92627217 -5.44642879 
0.14171825 26.95795917 -5.41227811 
0.14238482 26.98907967 -5.37812742 
0.14305139 27.02008481 -5.34397674 
0.14371796 27.05138778 -5.30989983 
0.14438453 27.08195248 -5.27582292 
0.14505110 27.11240362 -5.24174601 
0.14571767 27.14327730 -5.20760235 
0.14638424 27.17328331 -5.17345869 
0.14705081 27.20317766 -5.13931503 
0.14771738 27.23360386 -5.10529163 
0.14838396 27.26308311 -5.07126823 
0.14905053 27.29245229 -5.03724484 
0.14971710 27.32224523 -5.00316351 
0.15038367 27.35115453 -4.96908219 
0.15105024 27.37995575 -4.93500087 
0.15171681 27.40894728 -4.90099015 
0.15238338 27.43724034 -4.86697943 
0.15304995 27.46542743 -4.83296871 
0.15371652 27.49361933 -4.79891210 
0.15438309 27.52124723 -4.76485549 
0.15504966 27.54877111 -4.73079888 
0.15571623 27.57768274 -4.69697515 
0.15638280 27.60494592 -4.66315142 
0.15704937 27.63210584 -4.62932769 
0.15771594 27.65943841 -4.59527429 
0.15838252 27.68598727 -4.56122088 
0.15904909 27.71243538 -4.52716748 
0.15971566 27.73923163 -4.49325405 
0.16038223 27.76528929 -4.45934063 
0.16104880 27.79124742 -4.42542721 
0.16171537 27.81699308 -4.39140440 
0.16238194 27.84239281 -4.35738160 
0.16304851 27.86769526 -4.32335880 
0.16371508 27.89304684 -4.28955015 
0.16438165 27.91789136 -4.25574151 
0.16504822 27.94263980 -4.22193286 
0.16571479 27.96781726 -4.18818941 
0.16638136 27.99212932 -4.15444595 
0.16704793 28.01634676 -4.12070249 
0.16771451 28.04028724 -4.08685106 
0.16838108 28.06390507 -4.05299963 
0.16904765 28.08743056 -4.01914820 
0.16971422 28.11082628 -3.98522758 
0.17038079 28.13384926 -3.95130696 
0.17104736 28.15678119 -3.91738634 
0.17171393 28.18012092 -3.88360311 
0.17238050 28.20265348 -3.84981988 
0.17304707 28.22509612 -3.81603665 
0.17371364 28.24794688 -3.78236864 
0.17438021 28.26993415 -3.74870064 
0.17504678 28.29183279 -3.71503263 
0.17571335 28.31340567 -3.68119284 
0.17637992 28.33469783 -3.64735305 
0.17704650 28.35590340 -3.61351326 
0.17771307 28.37749539 -3.57989057 
0.17837964 28.39837495 -3.54626789 
0.17904621 28.41916852 -3.51264520 
0.17971278 28.43967885 -3.47899830 
0.18037935 28.45986131 -3.44535140 
0.18104592 28.47995945 -3.41170449 
0.18171249 28.49994449 -3.37815699 
0.18237906 28.51952710 -3.34460949 
0.18304563 28.53902677 -3.31106200 
0.18371220 28.55847060 -3.27754471 
0.18437877 28.57734968 -3.24402743 
0.18504534 28.59614733 -3.21051015 
0.18571191 28.61421759 -3.17659295 
0.18637849 28.63250153 -3.14267575 
0.18704506 28.65070556 -3.10875855 
0.18771163 28.67013022 -3.07536142 
0.18837820 28.68811828 -3.04196430 
0.18904477 28.70602616 -3.00856717 
0.18971134 28.72381145 -2.97505514 
0.19037791 28.74100840 -2.94154312 
0.19104448 28.75812746 -2.90803109 
0.19171105 28.77535913 -2.87456461 
0.19237762 28.79200783 -2.84109813 
0.19304419 28.80857960 -2.80763165 
0.19371076 28.82529391 -2.77422323 
0.19437733 28.84137594 -2.74081482 
0.19504390 28.85738184 -2.70740640 
0.19571047 28.87279371 -2.67385400 
0.19637705 28.88824039 -2.64030160 
0.19704362 28.90361233 -2.60674920 
0.19771019 28.91916462 -2.57336982 
0.19837676 28.93409499 -2.53999044 
0.19904333 28.94895129 -2.50661106 
0.19970990 28.96396465 -2.47323077 
0.20037647 28.97831420 -2.43985049 
0.20104304 28.99259070 -2.40647020 
0.20170961 29.00693157 -2.37321338 
0.20237618 29.02071846 -2.33995655 
0.20304275 29.03443307 -2.30669972 
0.20370932 29.04761451 -2.27334641 
0.20437589 29.06075957 -2.23999310 
0.20504246 29.07383358 -2.20663979 
0.20570904 29.08649151 -2.17332429 
0.20637561 29.09906859 -2.14000879 
0.20704218 29.11157538 -2.10669329 
0.20770875 29.12376489 -2.07337940 
0.20837532 29.13575480 -2.04006552 
0.20904189 29.14767525 -2.00675163 
0.20970846 29.15919170 -1.97351297 
0.21037503 29.17051187 -1.94027430 
0.21104160 29.18176320 -1.90703564 
0.21170817 29.19413207 -1.87385710 
0.21237474 29.20516948 -1.84067855 
0.21304131 29.21613711 -1.80750001 
0.21370788 29.22620287 -1.77418830 
0.21437445 29.23644032 -1.74087659 
0.21504103 29.24661037 -1.70756489 
0.21570760 29.25659978 -1.67437991 
0.21637417 29.26627498 -1.64119492 
0.21704074 29.27588334 -1.60800994 
0.21770731 29.28517045 -1.57486827 
0.21837388 29.29426440 -1.54172660 
0.21904045 29.30329207 -1.50858493 
0.21970702 29.31206686 -1.47543860 
0.22037359 29.32056113 -1.44229227 
0.22104016 29.32898975 -1.40914594 
0.22170673 29.33713354 -1.37603798 
0.22237330 29.34503190 -1.34293002 
0.22303987 29.35286506 -1.30982206 
0.22370644 29.36047398 -1.27658507 
0.22437302 29.36778035 -1.24334808 
0.22503959 29.37502225 -1.21011110 
0.22570616 29.38244153 -1.17706469 
0.22637273 29.38926031 -1.14401828 
0.22703930 29.39601445 -1.11097187 
0.22770587 29.40230366 -1.07775551 
0.22837244 29.40850202 -1.04453916 
0.22903901 29.41463668 -1.01132281 
0.22970558 29.42061147 -0.97849355 
0.23037215 29.42626317 -0.94566430 
0.23103872 29.43185104 -0.91283505 
0.23170529 29.43715008 -0.87967551 
0.23237186 29.44216121 -0.84651597 
0.23303843 29.44710925 -0.81335643 
0.23370500 29.45165374 -0.78028103 
0.23437158 29.45612419 -0.74720563 
0.23503815 29.46053178 -0.71413023 
0.23570472 29.46430702 -0.68110255 
0.23637129 29.46814366 -0.64807487 
0.23703786 29.47191760 -0.61504719 
0.23770443 29.47537195 -0.58211782 
0.23837100 29.47863828 -0.54918845 
0.23903757 29.48184166 -0.51625907 
0.23970414 29.48409888 -0.48306268 
0.24037071 29.48680303 -0.44986629 
0.24103728 29.48944515 -0.41666990 
0.24170385 29.49200427 -0.38365448 
0.24237042 29.49419075 -0.35063907 
0.24303699 29.49631517 -0.31762366 
0.24370357 29.49825752 -0.28463568 
0.24437014 29.49985216 -0.25164770 
0.24503671 29.50138492 -0.21865972 
0.24570328 29.50246242 -0.18568652 
0.24636985 29.50343457 -0.15271332 
0.24703642 29.50434489 -0.11974011 
0.24770299 29.50438023 -0.08674634 
0.24836956 29.50474121 -0.05375257 
0.24903613 29.50504043 -0.02075881 
0.24970270 29.50437527 0.01234927 
0.25036927 29.50411126 0.04545734 
0.25103584 29.50378543 0.07856541 
0.25170241 29.50400282 0.11162844 
0.25236898 29.50349287 0.14469148 
0.25303556 29.50291998 0.17775451 
0.25370213 29.50155696 0.21070857 
0.25436870 29.50018313 0.24366262 
0.25503527 29.49874741 0.27661668 
0.25570184 29.49665985 0.30964537 
0.25636841 29.49470981 0.34267406 
0.25703498 29.49269769 0.37570275 
0.25770155 29.49035507 0.40869302 
0.25836812 29.48786612 0.44168328 
0.25903469 29.48531470 0.47467354 
0.25970126 29.48207346 0.50772076 
0.26036783 29.47894627 0.54076798 
0.26103440 29.47575678 0.57381519 
0.26170097 29.47176354 0.60689059 
0.26236755 29.46808130 0.63996598 
0.26303412 29.46433660 0.67304138 
0.26370069 29.46027711 0.70602059 
0.26436726 29.45603098 0.73899981 
0.26503383 29.45172160 0.77197902 
0.26570040 29.44669000 0.80513890 
0.26636697 29.44185081 0.83829878 
0.26703354 29.43694872 0.87145865 
0.26770011 29.43178866 0.90445760 
0.26836668 29.42640101 0.93745655 
0.26903325 29.42094995 0.97045549 
0.26969982 29.41474550 1.00354503 
0.27036639 29.40874483 1.03663457 
0.27103296 29.40268043 1.06972410 
0.27169953 29.39615718 1.10276860 
0.27236611 29.38964304 1.13581310 
0.27303268 29.38306442 1.16885759 
0.27369925 29.37541762 1.20191833 
0.27436582 29.36807211 1.23497907 
0.27503239 29.36066119 1.26803982 
0.27569896 29.35290035 1.30115106 
0.27636553 29.34515937 1.33426231 
0.27703210 29.33735202 1.36737356 
0.27769867 29.32842939 1.40073150 
0.27836524 29.32013376 1.43408944 
0.27903181 29.31177286 1.46744738 
0.27969838 29.30352863 1.50047588 
0.28036495 29.29465849 1.53350439 
0.28103152 29.28572228 1.56653290 
0.28169810 29.27596624 1.59968234 
0.28236467 29.26623876 1.63283179 
0.28303124 29.25644365 1.66598123 
0.28369781 29.24653589 1.69924716 
0.28436438 29.23660259 1.73251309 
0.28503095 29.22660159 1.76577901 
0.28569752 29.21590733 1.79891937 
0.28636409 29.20523539 1.83205973 
0.28703066 29.19449561 1.86520009 
0.28769723 29.18287608 1.89846239 
0.28836380 29.17144220 1.93172469 
0.28903037 29.15993875 1.96498699 
0.28969694 29.14800618 1.99826311 
0.29036351 29.13633035 2.03153923 
0.29103009 29.12458489 2.06481534 
0.29169666 29.11189331 2.09804674 
0.29236323 29.09939753 2.13127813 
0.29302980 29.08683127 2.16450952 
0.29369637 29.07383777 2.19790146 
0.29436294 29.06072044 2.23129339 
0.29502951 29.04753043 2.26468532 
0.29569608 29.03414852 2.29801737 
0.29636265 29.02068889 2.33134942 
0.29702922 29.00715713 2.36468148 
0.29769579 28.99301214 2.39796488 
0.29836236 28.97883208 2.43124829 
0.29902893 28.96457939 2.46453169 
0.29969550 28.94959181 2.49783110 
0.30036208 28.93466029 2.53113050 
0.30102865 28.91965404 2.56442990 
0.30169522 28.90339913 2.59789933 
0.30236179 28.88814138 2.63136875 
0.30302836 28.87280933 2.66483818 
0.30369493 28.85655697 2.69823801 
0.30436150 28.84065166 2.73163784 
0.30502807 28.82467087 2.76503768 
0.30569464 28.80771669 2.79864022 
0.30636121 28.79131342 2.83224275 
0.30702778 28.77483400 2.86584529 
0.30769435 28.75853705 2.89930787 
0.30836092 28.74158366 2.93277045 
0.30902749 28.72455235 2.96623303 
0.30969406 28.70650461 2.99964181 
0.31036064 28.68855014 3.03305060 
0.31102721 28.67051525 3.06645938 
0.31169378 28.65153723 3.10013752 
0.31236035 28.63345740 3.13381566 
0.31302692 28.61529816 3.16749380 
0.31369349 28.59630648 3.20093065 
0.31436006 28.57734168 3.23436750 
0.31502663 28.55829491 3.26780435 
0.31569320 28.53900173 3.30148787 
0.31635977 28.51956371 3.33517139 
0.31702634 28.50004214 3.36885491 
0.31769291 28.47918239 3.40222439 
0.31835948 28.45910777 3.43559386 
0.31902605 28.43894896 3.46896334 
0.31969263 28.41724361 3.50307889 
0.32035920 28.39684230 3.53719443 
0.32102577 28.37635683 3.57130998 
0.32169234 28.35591232 3.60491603 
0.32235891 28.33494024 3.63852208 
0.32302548 28.31388222 3.67212813 
0.32369205 28.29173180 3.70573544 
0.32435862 28.26998565 3.73934274 
0.32502519 28.24815185 3.77295004 
0.32569176 28.22578907 3.80672212 
0.32635833 28.20351876 3.84049421 
0.32702490 28.18115915 3.87426629 
0.32769147 28.15792914 3.90801039 
0.32835804 28.13498592 3.94175450 
0.32902462 28.11195200 3.97549861 
0.32969119 28.08779871 4.00926472 
0.33035776 28.06432193 4.04303084 
0.33102433 28.04075300 4.07679696 
0.33169090 28.01601260 4.11062658 
0.33235747 27.99199385 4.14445620 
0.33302404 27.96788165 4.17828583 
0.33369061 27.94274671 4.21225550 
0.33435718 27.91822305 4.24622517 
0.33502375 27.89360478 4.28019484 
0.33569032 27.86820500 4.31406958 
0.33635689 27.84284301 4.34794433 
0.33702346 27.81738323 4.38181908 
0.33769003 27.79132216 4.41577462 
0.33835660 27.76568900 4.44973015 
0.33902318 27.73995769 4.48368569 
0.33968975 27.71309095 4.51738126 
0.34035632 27.68647894 4.55107682 
0.34102289 27.65976545 4.58477238 
0.34168946 27.63158987 4.61887384 
0.34235603 27.60471985 4.65297530 
0.34302260 27.57774832 4.68707676 
0.34368917 27.54951115 4.72101807 
0.34435574 27.52208728 4.75495938 
0.34502231 27.49456030 4.78890069 
0.34568888 27.46594657 4.82290989 
0.34635545 27.43793244 4.85691910 
0.34702202 27.40981346 4.89092830 
0.34768859 27.38063687 4.92504262 
0.34835517 27.35203076 4.95915693 
0.34902174 27.32331790 4.99327125 
0.34968831 27.29344604 5.02729224 
0.35035488 27.26425819 5.06131324 
0.35102145 27.23496157 5.09533424 
0.35168802 27.20464789 5.12944754 
0.35235459 27.17494153 5.16356085 
0.35302116 27.14512485 5.19767415 
0.35368773 27.11421078 5.23171134 
0.35435430 27.08370755 5.26574853 
0.35502087 27.05309061 5.29978572 
0.35568744 27.02175019 5.33398767 
0.35635401 26.99055466 5.36818961 
0.35702058 26.95924174 5.40239156 
0.35768716 26.92773818 5.43644913 
0.35835373 26.89623153 5.47050670 
0.35902030 26.86460688 5.50456427 
0.35968687 26.83191642 5.53864060 
0.36035344 26.79984595 5.57271693 
0.36102001 26.76765670 5.60679325 
0.36168658 26.73458945 5.64092467 
0.36235315 26.70180457 5.67505609 
0.36301972 26.66889793 5.70918751 
0.36368629 26.63467196 5.74319205 
0.36435286 26.60129483 5.77719660 
0.36501943 26.56779326 5.81120115 
0.36568600 26.53265876 5.84548958 
0.36635257 26.49900994 5.87977800 
0.36701915 26.46523656 5.91406643 
0.36768572 26.43031456 5.94813664 
0.36835229 26.39598672 5.98220685 
0.36901886 26.36153152 6.01627707 
0.36968543 26.32602512 6.05045400 
0.37035200 26.29113778 6.08463094 
0.37101857 26.25612092 6.11880788 
0.37168514 26.22009051 6.15292516 
0.37235171 26.18459220 6.18704244 
0.37301828 26.14896173 6.22115972 
0.37368485 26.11234422 6.25525745 
0.37435142 26.07628750 6.28935519 
0.37501799 26.04009634 6.32345292 
0.37568456 26.00297004 6.35756027 
0.37635113 25.96635681 6.39166761 
0.37701771 25.92960677 6.42577496 
0.37768428 25.89198459 6.45991537 
0.37835085 25.85482981 6.49405578 
0.37901742 25.81753601 6.52819618 
0.37968399 25.77920166 6.56218016 
0.38035056 25.74123208 6.59616414 
0.38101713 25.70311908 6.63014812 
0.38168370 25.66380416 6.66419134 
0.38235027 25.62566015 6.69823456 
0.38301684 25.58737287 6.73227778 
0.38368341 25.54757014 6.76632443 
0.38434998 25.50882116 6.80037108 
0.38501655 25.46992612 6.83441774 
0.38568312 25.42964246 6.86842105 
0.38634970 25.39034173 6.90242436 
0.38701627 25.35089244 6.93642768 
0.38768284 25.31007783 6.97038488 
0.38834941 25.27021586 7.00434208 
0.38901598 25.23020271 7.03829929 
0.38968255 25.18863113 7.07220865 
0.39034912 25.14815055 7.10611801 
0.39101569 25.10751563 7.14002737 
0.39168226 25.06625573 7.17410773 
0.39234883 25.02541976 7.20818810 
0.39301540 24.98442795 7.24226846 
0.39368197 24.94231591 7.27578462 
0.39434854 24.90035297 7.30930077 
0.39501511 24.85822757 7.34281693 
0.39568169 24.81477885 7.37673538 
0.39634826 24.77298206 7.41065384 
0.39701483 24.73102526 7.44457229 
0.39768140 24.68804350 7.47824133 
0.39834797 24.64539703 7.51191036 
0.39901454 24.60258567 7.54557940 
0.39968111 24.55877133 7.57915663 
0.40034768 24.51559337 7.61273387 
0.40101425 24.47224779 7.64631110 
0.40168082 24.42778305 7.67991594 
0.40234739 24.38412136 7.71352078 
0.40301396 24.34028965 7.74712563 
0.40368053 24.29516288 7.78058188 
0.40434710 24.25101791 7.81403813 
0.40501368 24.20670047 7.84749438 
0.40568025 24.16102413 7.88091022 
0.40634682 24.11641966 7.91432606 
0.40701339 24.07164045 7.94774190 
0.40767996 24.02544465 7.98103294 
0.40834653 23.98029015 8.01432399 
0.40901310 23.93495786 8.04761503 
0.40967967 23.88824909 8.08082667 
0.41034624 23.84258751 8.11403830 
0.41101281 23.79674540 8.14724994 
0.41167938 23.74932843 8.18021816 
0.41234595 23.70297740 8.21318639 
0.41301252 23.65644160 8.24615461 
0.41367909 23.60848948 8.27952306 
0.41434566 23.56208551 8.31289152 
0.41501224 23.51549751 8.34625997 
0.41567881 23.46815503 8.37885272 
0.41634538 23.42077219 8.41144547 
0.41701195 23.37319869 8.44403822 
0.41767852 23.32381096 8.47682943 
0.41834509 23.27631895 8.50962064 
0.41901166 23.22863653 8.54241185 
0.41967823 23.17957312 8.57491067 
0.42034480 23.13140864 8.60740949 
0.42101137 23.08304946 8.63990830 
0.42167794 23.03327591 8.67232609 
0.42234451 22.98462734 8.70474389 
0.42301108 22.93578122 8.73716168 
0.42367765 22.88538053 8.76948690 
0.42434423 22.83628057 8.80181213 
0.42501080 22.78698043 8.83413735 
0.42567737 22.73599272 8.86620599 
0.42634394 22.68646415 8.89827462 
0.42701051 22.63673292 8.93034326 
0.42767708 22.58534751 8.96224361 
0.42834365 22.53533498 8.99414395 
0.42901022 22.48511680 9.02604430 
0.42967679 22.43342234 9.05797663 
0.43034336 22.38323592 9.08990895 
0.43100993 22.33284340 9.12184127 
0.43167650 22.28156458 9.15332331 
0.43234307 22.23056525 9.18480534 
0.43300964 22.17935394 9.21628737 
0.43367622 22.12707621 9.24759067 
0.43434279 22.07561327 9.27889398 
0.43500936 22.02393542 9.31019729 
0.43567593 21.97118225 9.34137910 
0.43634250 21.91925658 9.37256090 
0.43700907 21.86711303 9.40374271 
0.43767564 21.81370670 9.43453325 
0.43834221 21.76126010 9.46532379 
0.43900878 21.70859205 9.49611433 
0.43967535 21.65440479 9.52680720 
0.44034192 21.60173943 9.55750007 
0.44100849 21.54885168 9.58819294 
0.44167506 21.49471534 9.61863878 
0.44234163 21.44161837 9.64908462 
0.44300821 21.38829601 9.67953045 
0.44367478 21.33360354 9.70957212 
0.44434135 21.27954656 9.73961378 
0.44500792 21.22525672 9.76965545 
0.44567449 21.16979789 9.79959160 
0.44634106 21.11626643 9.82952776 
0.44700763 21.06250758 9.85946392 
0.44767420 21.00751898 9.88898274 
0.44834077 20.95309119 9.91850155 
0.44900734 20.89842869 9.94802037 
0.44967391 20.84250158 9.97725232 
0.45034048 20.78765527 10.00648426 
0.45100705 20.73257145 10.03571620 
0.45167362 20.67581615 10.06466928 
0.45234019 20.62086834 10.09362235 
0.45300677 20.56568277 10.12257543 
0.45367334 20.50858405 10.15113478 
0.45433991 20.45292021 10.17969414 
0.45500648 20.39701290 10.20825350 
0.45567305 20.33935989 10.23660678 
0.45633962 20.28369003 10.26496006 
0.45700619 20.22777737 10.29331334 
0.45767276 20.17022808 10.32122674 
0.45833933 20.11404410 10.34914014 
0.45900590 20.05761305 10.37705354 
0.45967247 19.99962902 10.40452566 
0.46033904 19.94292730 10.43199779 
0.46100561 19.88597441 10.45946991 
0.46167218 19.82757142 10.48662589 
0.46233876 19.77062030 10.51378187 
0.46300533 19.71341635 10.54093784 
0.46367190 19.65473733 10.56766032 
0.46433847 19.59761231 10.59438280 
0.46500504 19.54023332 10.62110528 
0.46567161 19.48133432 10.64736946 
0.46633818 19.42345997 10.67363365 
0.46700475 19.36532523 10.69989784 
0.46767132 19.30563875 10.72582991 
0.46833789 19.24787846 10.75176198 
0.46900446 19.18985941 10.77769405 
0.46967103 19.12964399 10.80312705 
0.47033760 19.07136365 10.82856004 
0.47100417 19.01282002 10.85399304 
0.47167075 18.95257267 10.87903374 
0.47233732 18.89427469 10.90407445 
0.47300389 18.83571353 10.92911515 
0.47367046 18.77551547 10.95357529 
0.47433703 18.71669186 10.97803543 
0.47500360 18.65760017 11.00249557 
0.47567017 18.59716636 11.02644653 
0.47633674 18.53802380 11.05039749 
0.47700331 18.47861037 11.07434844 
0.47766988 18.41808569 11.09787666 
0.47833645 18.35850253 11.12140487 
0.47900302 18.29864454 11.14493308 
0.47966959 18.23771798 11.16788465 
0.48033616 18.17763768 11.19083622 
0.48100274 18.11727842 11.21378778 
0.48166931 18.05520128 11.23626599 
0.48233588 17.99530037 11.25874420 
0.48300245 17.93512252 11.28122241 
0.48366902 17.87342884 11.30303290 
0.48433559 17.81324897 11.32484338 
0.48500216 17.75278891 11.34665386 
0.48566873 17.69117524 11.36785649 
0.48633530 17.63020293 11.38905912 
0.48700187 17.56894282 11.41026175 
0.48766844 17.50655577 11.43092865 
0.48833501 17.44595576 11.45159554 
0.48900158 17.38507165 11.47226244 
0.48966815 17.32207096 11.49238335 
0.49033472 17.26106997 11.51250426 
0.49100130 17.19978092 11.53262517 
0.49166787 17.13743652 11.55225978 
0.49233444 17.07641967 11.57189440 
0.49300101 17.01511494 11.59152901 
0.49366758 16.95264514 11.61012054 
0.49433415 16.89065392 11.62871207 
0.49500072 16.82836441 11.64730360 
0.49566729 16.76513292 11.66555196 
0.49633386 16.70366517 11.68380033 
0.49700043 16.64190435 11.70204869 
0.49766700 16.57876741 11.71940363 
0.49833357 16.51672999 11.73675858 
0.49900014 16.45439269 11.75411352 
0.49966671 16.39089651 11.77095140 
0.50033329 16.32912707 11.78778927 
0.50099986 16.26706014 11.80462715 
0.50166643 16.20380640 11.82066422 
0.50233300 16.14139475 11.83670130 
0.50299957 16.07867840 11.85273837 
0.50366614 16.01500660 11.86809298 
0.50433271 15.95264144 11.88344759 
0.50499928 15.88997194 11.89880220 
0.50566585 15.82585897 11.91343452 
0.50633242 15.76345328 11.92806683 
0.50699899 15.70074209 11.94269914 
0.50766556 15.63651768 11.95659125 
0.50833213 15.57397719 11.97048336 
0.50899870 15.51112904 11.98437546 
0.50966528 15.44685526 11.99750724 
0.51033185 15.38411225 12.01063901 
0.51099842 15.32105877 12.02377079 
0.51166499 15.25659580 12.03611344 
0.51233156 15.19377296 12.04845610 
0.51299813 15.13063800 12.06079875 
0.51366470 15.06609412 12.07238463 
0.51433127 15.00313509 12.08397052 
0.51499784 14.93986160 12.09555641 
0.51566441 14.87506289 12.10627591 
0.51633098 14.81193241 12.11699541 
0.51699755 14.74848496 12.12771492 
0.51766412 14.68326707 12.13768717 
0.51833069 14.62019138 12.14765941 
0.51899726 14.55679834 12.15763166 
0.51966384 14.49178197 12.16679125 
0.52033041 14.42900995 12.17595085 
0.52099698 14.36592237 12.18511044 
0.52166355 14.30164180 12.19330652 
0.52233012 14.23814709 12.20150259 
0.52299669 14.17432737 12.20969867 
0.52366326 14.10965183 12.21707573 
0.52432983 14.04635408 12.22445280 
0.52499640 13.98273299 12.23182987 
0.52566297 13.91768186 12.23842413 
0.52632954 13.85426019 12.24501839 
0.52699611 13.79051259 12.25161265 
0.52766268 13.72581198 12.25737537 
0.52832925 13.66258154 12.26313808 
0.52899583 13.59902554 12.26890080 
0.52966240 13.53383336 12.27371272 
0.53032897 13.47045999 12.27852464 
0.53099554 13.40675823 12.28333657 
0.53166211 13.34221034 12.28719431 
0.53232868 13.27883845 12.29105206 
0.53299525 13.21513636 12.29490981 
0.53366182 13.15003391 12.29794634 
0.53432839 13.08656335 12.30098287 
0.53499496 13.02276053 12.30401940 
0.53566153 12.95740472 12.30610191 
0.53632810 12.89443302 12.30818443 
0.53699467 12.83113227 12.31026694 
0.53766124 12.76622477 12.31150542 
0.53832782 12.70291677 12.31274390 
0.53899439 12.63927402 12.31398238 
0.53966096 12.57442185 12.31423249 
0.54032753 12.51119092 12.31448260 
0.54099410 12.44762478 12.31473271 
0.54166067 12.38269362 12.31408967 
0.54232724 12.31969691 12.31344664 
0.54299381 12.25636539 12.31280360 
0.54366038 12.19143873 12.31121842 
0.54432695 12.12850805 12.30963323 
0.54499352 12.06524115 12.30804805 
0.54566009 12.00048030 12.30551658 
0.54632666 11.93754912 12.30298511 
0.54699323 11.87427977 12.30045364 
0.54765981 11.80968507 12.29698313 
0.54832638 11.74686864 12.29351263 
0.54899295 11.68371333 12.29004212 
0.54965952 11.61932372 12.28563379 
0.55032609 11.55661136 12.28122546 
0.55099266 11.49355894 12.27681713 
0.55165923 11.42901020 12.27147517 
0.55232580 11.36636036 12.26613321 
0.55299237 11.30336889 12.26079126 
0.55365894 11.23969686 12.25445187 
0.55432551 11.17706521 12.24811249 
0.55499208 11.11408978 12.24177311 
0.55565865 11.05063746 12.23450988 
0.55632522 10.98797824 12.22724665 
0.55699179 10.92497326 12.21998342 
0.55765837 10.86040067 12.21180208 
0.55832494 10.79834190 12.20362074 
0.55899151 10.73594124 12.19543939 
0.55965808 10.67214082 12.18622544 
0.56032465 10.60991339 12.17701148 
0.56099122 10.54734045 12.16779753 
0.56165779 10.48367907 12.15764150 
0.56232436 10.42225279 12.14748548 
0.56299093 10.36048680 12.13732945 
0.56365750 10.29717393 12.12622407 
0.56432407 10.23556718 12.11511869 
0.56499064 10.17361560 12.10401331 
0.56565721 10.11077555 12.09196999 
0.56632378 10.04923625 12.07992667 
0.56699036 9.98735099 12.06788335 
0.56765693 9.92480046 12.05488779 
0.56832350 9.86351379 12.04189223 
0.56899007 9.80188166 12.02889667 
0.56965664 9.73955450 12.01493811 
0.57032321 9.67850473 12.00097955 
0.57098978 9.61710965 11.98702099 
0.57165635 9.55511163 11.97215918 
0.57232292 9.49423240 11.95729736 
0.57298949 9.43300748 11.94243555 
0.57365606 9.37123763 11.92660650 
0.57432263 9.31061874 11.91077744 
0.57498920 9.24965483 11.89494839 
0.57565577 9.18748174 11.87827130 
0.57632235 9.12742042 11.86159422 
0.57698892 9.06701739 11.84491713 
0.57765549 9.00609359 11.82713378 
0.57832206 8.94586788 11.80935042 
0.57898863 8.88529647 11.79156707 
0.57965520 8.82354573 11.77300249 
0.58032177 8.76426774 11.75443791 
0.58098834 8.70465137 11.73587333 
0.58165491 8.64417109 11.71624983 
0.58232148 8.58460787 11.69662633 
0.58298805 8.52470077 11.67700283 
0.58365462 8.46450935 11.65654778 
0.58432119 8.40552435 11.63609274 
0.58498776 8.34619956 11.61563769 
0.58565434 8.28588889 11.59428250 
0.58632091 8.22730154 11.57292731 
0.58698748 8.16837634 11.55157212 
0.58765405 8.10831035 11.52930309 
0.58832062 8.05012836 11.50703406 
0.58898719 7.99161040 11.48476503 
0.58965376 7.93216322 11.46162568 
0.59032033 7.87426900 11.43848632 
0.59098690 7.81603946 11.41534697 
0.59165347 7.75713911 11.39128793 
0.59232004 7.69954918 11.36722889 
0.59298661 7.64162500 11.34316985 
0.59365318 7.58330320 11.31827193 
0.59431975 7.52599554 11.29337400 
0.59498632 7.46835441 11.26847608 
0.59565290 7.41007007 11.24272803 
0.59631947 7.35314119 11.21697998 
0.59698604 7.29588083 11.19123192 
0.59765261 7.23852089 11.16456511 
0.59831918 7.18201189 11.13789829 
0.59898575 7.12517409 11.11123147 
0.59965232 7.06793812 11.08376046 
0.60031889 7.01196861 11.05628945 
0.60098546 6.95567381 11.02881845 
0.60165203 6.89875906 11.00049840 
0.60231860 6.84322146 10.97217835 
0.60298517 6.78736119 10.94385830 
0.60365174 6.73088488 10.91471040 
0.60431831 6.67581358 10.88556249 
0.60498489 6.62042250 10.85641459 
0.60565146 6.56447410 10.82647549 
0.60631803 6.50982372 10.79653639 
0.60698460 6.45485616 10.76659729 
0.60765117 6.39942848 10.73581342 
0.60831774 6.34521237 10.70502955 
0.60898431 6.29068191 10.67424568 
0.60965088 6.23582963 10.64271138 
0.61031745 6.18207607 10.61117707 
0.61098402 6.12801129 10.57964276 
0.61165059 6.07353076 10.54727662 
0.61231716 6.02030435 10.51491048 
0.61298373 5.96677067 10.48254434 
0.61365030 5.91282728 10.44944245 
0.61431688 5.86011532 10.41634057 
0.61498345 5.80709990 10.38323868 
0.61565002 5.75339196 10.34932786 
0.61631659 5.70139567 10.31541703 
0.61698316 5.64910141 10.28150621 
0.61764973 5.59620711 10.24694171 
0.61831630 5.54438773 10.21237721 
0.61898287 5.49227088 10.17781271 
0.61964944 5.44035874 10.14239532 
0.62031601 5.38905225 10.10697793 
0.62098258 5.33745231 10.07156054 
0.62164915 5.28520245 10.03551141 
0.62231572 5.23479364 9.99946227 
0.62298229 5.18409890 9.96341314 
0.62364887 5.13318386 9.92658896 
0.62431544 5.08292466 9.88976477 
0.62498201 5.03238051 9.85294059 
0.62564858 4.98208422 9.81536672 
0.62631515 4.93264914 9.77779286 
0.62698172 4.88293613 9.74021899 
0.62764829 4.83212803 9.70210270 
0.62831486 4.78333718 9.66398641 
0.62898143 4.73427395 9.62587012 
0.62964800 4.68503995 9.58687787 
0.63031457 4.63667175 9.54788563 
0.63098114 4.58803460 9.50889339 
0.63164771 4.53900782 9.46927553 
0.63231428 4.49140651 9.42965767 
0.63298085 4.44354307 9.39003980 
0.63364743 4.39512287 9.34983650 
0.63431400 4.34840064 9.30963321 
0.63498057 4.30142337 9.26942991 
0.63564714 4.25385325 9.22853660 
0.63631371 4.20719964 9.18764329 
0.63698028 4.16029119 9.14674998 
0.63764685 4.11379980 9.10521960 
0.63831342 4.06782594 9.06368923 
0.63897999 4.02160358 9.02215886 
0.63964656 3.97550511 8.98001323 
0.64031313 3.93030096 8.93786761 
0.64097970 3.88485483 8.89572199 
0.64164627 3.83948379 8.85288859 
0.64231284 3.79476477 8.81005519 
0.64297942 3.74980821 8.76722180 
0.64364599 3.70445513 8.72388042 
0.64431256 3.66073943 8.68053903 
0.64497913 3.61679471 8.63719765 
0.64564570 3.57259557 8.59317774 
0.64631227 3.52934660 8.54915783 
0.64697884 3.48587286 8.50513791 
0.64764541 3.44249256 8.46057357 
0.64831198 3.39989249 8.41600924 
0.64897855 3.35707340 8.37144490 
0.64964512 3.31445931 8.32633928 
0.65031169 3.27244578 8.28123366 
0.65097826 3.23021858 8.23612803 
0.65164483 3.18851686 8.19038285 
0.65231141 3.14721483 8.14463766 
0.65297798 3.10570518 8.09889247 
0.65364455 3.06398834 8.05266498 
0.65431112 3.02349190 8.00643749 
0.65497769 2.98279539 7.96021000 
0.65564426 2.94237699 7.91325521 
0.65631083 2.90278111 7.86630043 
0.65697740 2.86299235 7.81934565 
0.65764397 2.82309232 7.77207320 
0.65831054 2.78371300 7.72480075 
0.65897711 2.74414384 7.67752830 
0.65964368 2.70530823 7.62958639 
0.66031025 2.66707235 7.58164448 
0.66097682 2.62865555 7.53370257 
0.66164340 2.59010322 7.48530498 
0.66230997 2.55262889 7.43690739 
0.66297654 2.51498012 7.38850980 
0.66364311 2.47727324 7.33960822 
0.66430968 2.44039672 7.29070665 
0.66497625 2.40335110 7.24180507 
0.66564282 2.36658361 7.19243599 
0.66630939 2.33047992 7.14306691 
0.66697596 2.29421355 7.09369783 
0.66764253 2.25816353 7.04377002 
0.66830910 2.22281064 6.99384220 
0.66897567 2.18730144 6.94391438 
0.66964224 2.15194119 6.89350436 
0.67030881 2.11748531 6.84309434 
0.67097538 2.08288014 6.79268431 
0.67164196 2.04806346 6.74188176 
0.67230853 2.01440168 6.69107920 
0.67297510 1.98059687 6.64027664 
0.67364167 1.94681310 6.58901733 
0.67430824 1.91369792 6.53775802 
0.67497481 1.88044452 6.48649871 
0.67564138 1.84783172 6.43475544 
0.67630795 1.81556605 6.38301218 
0.67697452 1.78316878 6.33126892 
0.67764109 1.75123339 6.27906970 
0.67830766 1.71980668 6.22687047 
0.67897423 1.68825480 6.17467125 
0.67964080 1.65701297 6.12205317 
0.68030737 1.62641023 6.06943508 
0.68097395 1.59568848 6.01681699 
0.68164052 1.56521439 5.96378855 
0.68230709 1.53541188 5.91076012 
0.68297366 1.50549630 5.85773168 
0.68364023 1.47582484 5.80431226 
0.68430680 1.44688643 5.75089284 
0.68497337 1.41784103 5.69747343 
0.68563994 1.38905099 5.64365530 
0.68630651 1.36083560 5.58983717 
0.68697308 1.33251855 5.53601904 
0.68763965 1.30466134 5.48180447 
0.68830622 1.27724377 5.42758990 
0.68897279 1.24973012 5.37337533 
0.68963936 1.22281868 5.31877351 
0.69030594 1.19625011 5.26417168 
0.69097251 1.16959116 5.20956986 
0.69163908 1.14350214 5.15460483 
0.69230565 1.11778708 5.09963979 
0.69297222 1.09198720 5.04467476 
0.69363879 1.06669683 4.98933393 
0.69430536 1.04184173 4.93399309 
0.69497193 1.01690723 4.87865226 
0.69563850 0.99236731 4.82300766 
0.69630507 0.96840005 4.76736305 
0.69697164 0.94435872 4.71171845 
0.69763821 0.92077627 4.65571723 
0.69830478 0.89752702 4.59971600 
0.69897135 0.87420829 4.54371478 
0.69963792 0.85161305 4.48739721 
0.70030450 0.82936276 4.43107963 
0.70097107 0.80704844 4.37476206 
0.70163764 0.78529285 4.31812846 
0.70230421 0.76388548 4.26149485 
0.70297078 0.74241888 4.20486125 
0.70363735 0.72153743 4.14793574 
0.70430392 0.70096422 4.09101022 
0.70497049 0.68033633 4.03408471 
0.70563706 0.66038352 3.97686386 
0.70630363 0.64065845 3.91964302 
0.70697020 0.62088313 3.86242217 
0.70763677 0.60189503 3.80491855 
0.70830334 0.58305402 3.74741494 
0.70896991 0.56416714 3.68991132 
0.70963649 0.54605544 3.63213155 
0.71030306 0.52811799 3.57435178 
0.71096963 0.51013890 3.51657202 
0.71163620 0.49285805 3.45852020 
0.71230277 0.47581906 3.40046838 
0.71296934 0.45874245 3.34241656 
0.71363591 0.44230010 3.28413985 
0.71430248 0.42618126 3.22586313 
0.71496905 0.41002866 3.16758641 
0.71563562 0.39434587 3.10910627 
0.71630219 0.37911153 3.05062612 
0.71696876 0.36384700 2.99214597 
0.71763533 0.34920938 2.93344825 
0.71830190 0.33483747 2.87475052 
0.71896848 0.32043873 2.81605280 
0.71963505 0.30691642 2.75711450 
0.72030162 0.29343744 2.69817621 
0.72096819 0.27993488 2.63923792 
0.72163476 0.26727631 2.58009841 
0.72230133 0.25472274 2.52095890 
0.72296790 0.24214868 2.46181940 
0.72363447 0.23018255 2.40253736 
0.72430104 0.21851007 2.34325532 
0.72496761 0.20681987 2.28397328 
0.72563418 0.19574047 2.22446374 
0.72630075 0.18501878 2.16495420 
0.72696732 0.17428204 2.10544466 
0.72763389 0.16441001 2.04582587 
0.72830047 0.15464248 1.98620708 
0.72896704 0.14486242 1.92658830 
0.72963361 0.13569295 1.86684402 
0.73030018 0.12680597 1.80709975 
0.73096675 0.11790865 1.74735547 
0.73163332 0.10970464 1.68747255 
0.73229989 0.10169730 1.62758963 
0.73296646 0.09368160 1.56770670 
0.73363303 0.08654274 1.50773197 
0.73429960 0.07945285 1.44775724 
0.73496617 0.07235640 1.38778251 
0.73563274 0.06623468 1.32761533 
0.73629931 0.06008563 1.26744816 
0.73696588 0.05393160 1.20728099 
0.73763245 0.04815925 1.14707083 
0.73829903 0.04294175 1.08686068 
0.73896560 0.03772064 1.02665053 
0.73963217 0.03331312 0.96635931 
0.74029874 0.02903195 0.90606810 
0.74096531 0.02474833 0.84577688 
0.74163188 0.02119913 0.78546207 
0.74229845 0.01785196 0.72514726 
0.74296502 0.01450327 0.66483245 
0.74363159 0.01175610 0.60442897 
0.74429816 0.00921818 0.54402550 
0.74496473 0.00667941 0.48362202 
0.74563130 0.00502799 0.42323675 
0.74629787 0.00349902 0.36285147 
0.74696444 0.00196972 0.30246620 
0.74763102 0.00121028 0.24199311 
0.74829759 0.00053822 0.18152002 
0.74896416 -0.00013390 0.12104693 
0.74963073 0.00019741 0.06063366 
0.75029730 0.00050751 0.00022038 
0.75096387 0.00081760 -0.06019289 
0.75163044 0.00197277 -0.12065423 
0.75229701 0.00318696 -0.18111557 
0.75296358 0.00440097 -0.24157691 
0.75363015 0.00642015 -0.30201083 
0.75429672 0.00856587 -0.36244474 
0.75496329 0.01071102 -0.42287865 
0.75562986 0.01375182 -0.48323910 
0.75629643 0.01680095 -0.54359954 
0.75696301 0.01984890 -0.60395998 
0.75762958 0.02387707 -0.66430195 
0.75829615 0.02782448 -0.72464392 
0.75896272 0.03176989 -0.78498589 
0.75962929 0.03674053 -0.84526336 
0.76029586 0.04159954 -0.90554082 
0.76096243 0.04645551 -0.96581828 
0.76162900 0.05236219 -1.02603087 
0.76229557 0.05814009 -1.08624346 
0.76296214 0.06391368 -1.14645605 
0.76362871 0.07077138 -1.20656278 
0.76429528 0.07746186 -1.26666951 
0.76496185 0.08414655 -1.32677624 
0.76562842 0.09191801 -1.38677229 
0.76629500 0.09951868 -1.44676835 
0.76696157 0.10711188 -1.50676440 
0.76762814 0.11579030 -1.56666497 
0.76829471 0.12427746 -1.62656554 
0.76896128 0.13275526 -1.68646610 
0.76962785 0.14271662 -1.74628804 
0.77029442 0.15214757 -1.80610998 
0.77096099 0.16156701 -1.86593192 
0.77162756 0.17199648 -1.92552698 
0.77229413 0.18236352 -1.98512204 
0.77296070 0.19271670 -2.04471710 
0.77362727 0.20409351 -2.10420727 
0.77429384 0.21534296 -2.16369743 
0.77496041 0.22657604 -2.22318760 
0.77562698 0.23907731 -2.28248527 
0.77629356 0.25126605 -2.34178294 
0.77696013 0.26343565 -2.40108061 
0.77762670 0.27665277 -2.46019315 
0.77829327 0.28969835 -2.51930569 
0.77895984 0.30272191 -2.57841823 
0.77962641 0.31725406 -2.63737495 
0.78029298 0.33121716 -2.69633167 
0.78095955 0.34515510 -2.75528839 
0.78162612 0.36020366 -2.81396998 
0.78229269 0.37510872 -2.87265158 
0.78295926 0.38998519 -2.93133317 
0.78362583 0.40615379 -2.98983336 
0.78429240 0.42184910 -3.04833356 
0.78495897 0.43751255 -3.10683375 
0.78562555 0.45457531 -3.16521965 
0.78629212 0.47128795 -3.22360555 
0.78695869 0.48796471 -3.28199145 
0.78762526 0.50568192 -3.33995441 
0.78829183 0.52329205 -3.39791738 
0.78895840 0.54086243 -3.45588034 
0.78962497 0.55954820 -3.51365586 
0.79029154 0.57801679 -3.57143137 
0.79095811 0.59644163 -3.62920689 
0.79162468 0.61614798 -3.68669446 
0.79229125 0.63538529 -3.74418202 
0.79295782 0.65457492 -3.80166958 
0.79362439 0.67536496 -3.85892375 
0.79429096 0.69543928 -3.91617792 
0.79495754 0.71546166 -3.97343208 
0.79562411 0.73705720 -4.03043225 
0.79629068 0.75822589 -4.08743242 
0.79695725 0.77933737 -4.14443259 
0.79762382 0.80160026 -4.20105435 
0.79829039 0.82350988 -4.25767611 
0.79895696 0.84535797 -4.31429786 
0.79962353 0.86868808 -4.37060433 
0.80029010 0.89144587 -4.42691079 
0.80095667 0.91413733 -4.48321725 
0.80162324 0.93829792 -4.53924898 
0.80228981 0.96193668 -4.59528072 
0.80295638 0.98550400 -4.65131245 
0.80362295 1.01054529 -4.70700429 
0.80428953 1.03505280 -4.76269613 
0.80495610 1.05948352 -4.81838798 
0.80562267 1.08558130 -4.87373294 
0.80628924 1.11094280 -4.92907790 
0.80695581 1.13622234 -4.98442286 
0.80762238 1.16285373 -5.03938116 
0.80828895 1.18905983 -5.09433945 
0.80895552 1.21517858 -5.14929775 
0.80962209 1.24268803 -5.20386684 
0.81028866 1.26970911 -5.25843593 
0.81095523 1.29663737 -5.31300503 
0.81162180 1.32534724 -5.36728181 
0.81228837 1.35321696 -5.42155860 
0.81295494 1.38098813 -5.47583539 
0.81362151 1.41023530 -5.52964591 
0.81428809 1.43883201 -5.58345644 
0.81495466 1.46732498 -5.63726696 
0.81562123 1.49762787 -5.69073186 
0.81628780 1.52705974 -5.74419675 
0.81695437 1.55638203 -5.79766164 
0.81762094 1.58751997 -5.85071837 
0.81828751 1.61780456 -5.90377510 
0.81895408 1.64797341 -5.95683184 
0.81962065 1.67976563 -6.00942018 
0.82028722 1.71081537 -6.06200853 
0.82095379 1.74174354 -6.11459687 
0.82162036 1.77494044 -6.16684669 
0.82228693 1.80686513 -6.21909651 
0.82295350 1.83866184 -6.27134633 
0.82362008 1.87197133 -6.32306201 
0.82428665 1.90475524 -6.37477769 
0.82495322 1.93740469 -6.42649336 
0.82561979 1.97159098 -6.47780870 
0.82628636 2.00499499 -6.52912404 
0.82695293 2.03825933 -6.58043938 
0.82761950 2.07356533 -6.63130336 
0.82828607 2.10784322 -6.68216734 
0.82895264 2.14197473 -6.73303132 
0.82961921 2.17787263 -6.78341836 
0.83028578 2.21289167 -6.83380541 
0.83095235 2.24775825 -6.88419245 
0.83161892 2.28454920 -6.93406763 
0.83228549 2.32032473 -6.98394280 
0.83295207 2.35594159 -7.03381798 
0.83361864 2.39359953 -7.08326926 
0.83428521 2.43002323 -7.13272055 
0.83495178 2.46628269 -7.18217183 
0.83561835 2.50468004 -7.23109311 
0.83628492 2.54198788 -7.28001439 
0.83695149 2.57912439 -7.32893567 
0.83761806 2.61845710 -7.37739382 
0.83828463 2.65655953 -7.42585196 
0.83895120 2.69448373 -7.47431011 
0.83961777 2.73404306 -7.52219422 
0.84028434 2.77283636 -7.57007833 
0.84095091 2.81144565 -7.61796245 
0.84161748 2.85198748 -7.66532319 
0.84228406 2.89143968 -7.71268393 
0.84295063 2.93070214 -7.76004467 
0.84361720 2.97205930 -7.80688524 
0.84428377 3.01225679 -7.85372580 
0.84495034 3.05225813 -7.90056637 
0.84561691 3.09437255 -7.94690507 
0.84628348 3.13528860 -7.99324377 
0.84695005 3.17600220 -8.03958247 
0.84761662 3.21873889 -8.08531822 
0.84828319 3.26022422 -8.13105396 
0.84894976 3.30150203 -8.17678971 
0.84961633 3.34535292 -8.22194867 
0.85028290 3.38763965 -8.26710764 
0.85094947 3.42971177 -8.31226660 
0.85161604 3.47431483 -8.35686607 
0.85228262 3.51730715 -8.40146553 
0.85294919 3.56007888 -8.44606500 
0.85361576 3.60478650 -8.49007786 
0.85428233 3.64854788 -8.53409072 
0.85494890 3.69208205 -8.57810357 
0.85561547 3.73728913 -8.62148337 
0.85628204 3.78147542 -8.66486316 
0.85694861 3.82543048 -8.70824295 
0.85761518 3.87234053 -8.75107022 
0.85828175 3.91735064 -8.79389749 
0.85894832 3.96212262 -8.83672475 
0.85961489 4.00899148 -8.87889260 
0.86028146 4.05461507 -8.92106044 
0.86094803 4.09999517 -8.96322828 
0.86161461 4.14757253 -9.00478072 
0.86228118 4.19379346 -9.04633315 
0.86294775 4.23976573 -9.08788559 
0.86361432 4.28810078 -9.12880561 
0.86428089 4.33494973 -9.16972564 
0.86494746 4.38154468 -9.21064566 
0.86561403 4.43054709 -9.25090844 
0.86628060 4.47800925 -9.29117122 
0.86694717 4.52521213 -9.33143400 
0.86761374 4.57478418 -9.37103246 
0.86828031 4.62283096 -9.41063092 
0.86894688 4.67061353 -9.45022939 
0.86961345 4.72084973 -9.48917236 
0.87028002 4.76953152 -9.52811532 
0.87094660 4.81794381 -9.56705829 
0.87161317 4.86869025 -9.60530196 
0.87227974 4.91797290 -9.64354563 
0.87294631 4.96698092 -9.68178929 
0.87361288 5.01819029 -9.71937552 
0.87427945 5.06814846 -9.75696175 
0.87494602 5.11782622 -9.79454798 
0.87561259 5.16925603 -9.83133587 
0.87627916 5.21933940 -9.86812376 
0.87694573 5.26914184 -9.90491164 
0.87761230 5.32285136 -9.94110089 
0.87827887 5.37388340 -9.97729014 
0.87894544 5.42462651 -10.01347938 
0.87961201 5.47736410 -10.04883525 
0.88027859 5.52881803 -10.08419112 
0.88094516 5.57997996 -10.11954699 
0.88161173 5.63347197 -10.15421627 
0.88227830 5.68551375 -10.18888555 
0.88294487 5.73725888 -10.22355483 
0.88361144 5.79170413 -10.25743270 
0.88427801 5.84437307 -10.29131057 
0.88494458 5.89674062 -10.32518844 
0.88561115 5.95099908 -10.35832613 
0.88627772 6.00390820 -10.39146382 
0.88694429 6.05651448 -10.42460150 
0.88761078 6.11195311 -10.45698146 
0.88827727 6.16518612 -10.48936142 
0.88894376 6.21811462 -10.52174138 
0.88960717 6.27427648 -10.55320182 
0.89027059 6.32802372 -10.58466227 
0.89093401 6.38146369 -10.61612271 
0.89159148 6.43698040 -10.64649092 
0.89224895 6.49073250 -10.67685912 
0.89290643 6.54417917 -10.70722732 
0.89355801 6.59948047 -10.73658016 
0.89420960 6.65333537 -10.76593299 
0.89486118 6.70688559 -10.79528583 
0.89550693 6.76165629 -10.82356395 
0.89615267 6.81490171 -10.85184207 
0.89679842 6.86785084 -10.88012019 
0.89743838 6.92368459 -10.90741632 
0.89807834 6.97715151 -10.93471245 
0.89871830 7.03032261 -10.96200858 
0.89935253 7.08582607 -10.98835057 
0.89998676 7.13926431 -11.01469255 
0.90062099 7.19240894 -11.04103453 
0.90124954 7.24743099 -11.06626289 
0.90187808 7.30051071 -11.09149124 
0.90250663 7.35330234 -11.11671959 
0.90312955 7.40953757 -11.14110139 
0.90375246 7.46296977 -11.16548318 
0.90437538 7.51611295 -11.18986497 
0.90499272 7.57041398 -11.21308704 
0.90561005 7.62344835 -11.23630911 
0.90622739 7.67619938 -11.25953119 
0.90683920 7.73086423 -11.28201078 
0.90745100 7.78374445 -11.30449038 
0.90806281 7.83634508 -11.32696998 
0.90866913 7.89111849 -11.34841946 
0.90927546 7.94393517 -11.36986895 
0.90988178 7.99647495 -11.39131843 
0.91048268 8.05071187 -11.41194251 
0.91108357 8.10343799 -11.43256659 
0.91168446 8.15588974 -11.45319067 
0.91227997 8.20945724 -11.47283583 
0.91287548 8.26154265 -11.49248098 
0.91347099 8.31336189 -11.51212614 
0.91406117 8.36758675 -11.53088243 
0.91465135 8.41963295 -11.54963872 
0.91524152 8.47141568 -11.56839501 
0.91582641 8.52553016 -11.58634047 
0.91641130 8.57747901 -11.60428593 
0.91699619 8.62916731 -11.62223139 
0.91757584 8.68286449 -11.63924081 
0.91815548 8.73459839 -11.65625022 
0.91873513 8.78607533 -11.67325964 
0.91930959 8.83935617 -11.68949253 
0.91988405 8.89081408 -11.70572542 
0.92045850 8.94201941 -11.72195832 
0.92102781 8.99513816 -11.73737352 
0.92159712 9.04633042 -11.75278872 
0.92216643 9.09727414 -11.76820393 
0.92273064 9.14995094 -11.78275473 
0.92329485 9.20074809 -11.79730553 
0.92385906 9.25130227 -11.81185633 
0.92441822 9.30482359 -11.82579630 
0.92497737 9.35584485 -11.83973627 
0.92553653 9.40662219 -11.85367624 
0.92609068 9.45767778 -11.86656180 
0.92664482 9.50770572 -11.87944735 
0.92719897 9.55750042 -11.89233290 
0.92774815 9.60995026 -11.90461826 
0.92829733 9.66043822 -11.91690361 
0.92884652 9.71069125 -11.92918897 
0.92939078 9.76257733 -11.94069338 
0.92993504 9.81260304 -11.95219779 
0.93047930 9.86239902 -11.96370221 
0.93101869 9.91360190 -11.97446166 
0.93155808 9.96342498 -11.98522110 
0.93209746 10.01302141 -11.99598055 
0.93263202 10.06344080 -12.00605774 
0.93316657 10.11285717 -12.01613492 
0.93370113 10.16205165 -12.02621211 
0.93423090 10.21239915 -12.03559845 
0.93476066 10.26146718 -12.04498480 
0.93529043 10.31031769 -12.05437115 
0.93581545 10.36047320 -12.06310602 
0.93634047 10.40927877 -12.07184088 
0.93686549 10.45787037 -12.08057575 
0.93738581 10.50748236 -12.08861257 
0.93790612 10.55597177 -12.09664939 
0.93842644 10.60425118 -12.10468621 
0.93894210 10.65384684 -12.11208708 
0.93945775 10.70197264 -12.11948795 
0.93997341 10.74989260 -12.12688882 
0.94048444 10.79893117 -12.13367973 
0.94099548 10.84684411 -12.14047065 
0.94150652 10.89455398 -12.14726156 
0.94201298 10.94285750 -12.15340332 
0.94251943 10.99011876 -12.15954507 
0.94302589 11.03718356 -12.16568682 
0.94352781 11.08649182 -12.17132715 
0.94402973 11.13382214 -12.17696749 
0.94453166 11.18095620 -12.18260782 
0.94502908 11.22818559 -12.18748762 
0.94552651 11.27466657 -12.19236742 
0.94602393 11.32095925 -12.19724723 
0.94651690 11.36914566 -12.20168619 
0.94700987 11.41570437 -12.20612515 
0.94750284 11.46207542 -12.21056411 
0.94799139 11.50940433 -12.21438502 
0.94847994 11.55548691 -12.21820592 
0.94896850 11.60138620 -12.22202683 
0.94945267 11.64836143 -12.22534567 
0.94993685 11.69407246 -12.22866450 
0.95042102 11.73960391 -12.23198334 
0.95090086 11.78630372 -12.23478596 
0.95138070 11.83150367 -12.23758858 
0.95186054 11.87652894 -12.24039121 
0.95233608 11.92328950 -12.24266217 
0.95281162 11.96843469 -12.24493314 
0.95328716 12.01340663 -12.24720411 
0.95375844 12.05925863 -12.24903264 
0.95422972 12.10408589 -12.25086118 
0.95470100 12.14874261 -12.25268971 
0.95516806 12.19374774 -12.25396932 
0.95563512 12.23791866 -12.25524893 
0.95610218 12.28192483 -12.25652853 
0.95656505 12.32760819 -12.25741197 
0.95702792 12.37179346 -12.25829541 
0.95749080 12.41581468 -12.25917885 
0.95794952 12.45997365 -12.25953407 
0.95840825 12.50339028 -12.25988930 
0.95886698 12.54664894 -12.26024452 
0.95932160 12.59175629 -12.26020605 
0.95977622 12.63515425 -12.26016758 
0.96023083 12.67839519 -12.26012911 
0.96068138 12.72208344 -12.25962827 
0.96113193 12.76500930 -12.25912742 
0.96158247 12.80778184 -12.25862657 
0.96202898 12.85121766 -12.25778023 
0.96247549 12.89372534 -12.25693390 
0.96292200 12.93608316 -12.25608756 
0.96336451 12.97916361 -12.25479290 
0.96380702 13.02120023 -12.25349824 
0.96424953 13.06309085 -12.25220358 
0.96468807 13.10655653 -12.25061460 
0.96512662 13.14852115 -12.24902561 
0.96556516 13.19034075 -12.24743663 
0.96599978 13.23224152 -12.24534673 
0.96643440 13.27363354 -12.24325682 
0.96686901 13.31488512 -12.24116692 
0.96729974 13.35693941 -12.23876465 
0.96773046 13.39801596 -12.23636238 
0.96816118 13.43895453 -12.23396011 
0.96858805 13.48066201 -12.23121909 
0.96901491 13.52135632 -12.22847808 
0.96944178 13.56191556 -12.22573707 
0.96986482 13.60322249 -12.22267889 
0.97028786 13.64357603 -12.21962071 
0.97071090 13.68379716 -12.21656253 
0.97113015 13.72467971 -12.21315714 
0.97154940 13.76465896 -12.20975174 
0.97196865 13.80450856 -12.20634635 
0.97238414 13.84500966 -12.20262648 
0.97279964 13.88471466 -12.19890660 
0.97321513 13.92429203 -12.19518673 
0.97362691 13.96409227 -12.19119624 
0.97403868 14.00324429 -12.18720574 
0.97445045 14.04227265 -12.18321524 
0.97485854 14.08231471 -12.17891179 
0.97526662 14.12129882 -12.17460835 
0.97567471 14.16016067 -12.17030490 
0.97607913 14.19944517 -12.16575745 
0.97648356 14.23806296 -12.16120999 
0.97688799 14.27656082 -12.15666254 
0.97728880 14.31503213 -12.15178744 
0.97768960 14.35302388 -12.14691234 
0.97809041 14.39090002 -12.14203724 
0.97848762 14.42985090 -12.13695131 
0.97888484 14.46780791 -12.13186539 
0.97928205 14.50564970 -12.12677946 
0.97967571 14.54361700 -12.12144938 
0.98006936 14.58099288 -12.11611929 
0.98046302 14.61825733 -12.11078921 
0.98085315 14.65637558 -12.10516324 
0.98124328 14.69353492 -12.09953727 
0.98163341 14.73058465 -12.09391130 
0.98202004 14.76780757 -12.08811363 
0.98240668 14.80449001 -12.08231595 
0.98279331 14.84106554 -12.07651828 
0.98317649 14.87827799 -12.07047141 
0.98355966 14.91462753 -12.06442454 
0.98394283 14.95087229 -12.05837767 
0.98432257 14.98767694 -12.05212856 
0.98470231 15.02374308 -12.04587944 
0.98508204 15.05970622 -12.03963033 
0.98545838 15.09608377 -12.03318558 
0.98583472 15.13164193 -12.02674083 
0.98621106 15.16710014 -12.02029607 
0.98658402 15.20318576 -12.01365417 
0.98695699 15.23844023 -12.00701226 
0.98732995 15.27359667 -12.00037035 
0.98769958 15.30941934 -11.99354904 
0.98806920 15.34435625 -11.98672773 
0.98843883 15.37919703 -11.97990642 
0.98880514 15.41462514 -11.97291594 
0.98917145 15.44925807 -11.96592547 
0.98953777 15.48379669 -11.95893499 
0.98990080 15.51877117 -11.95177212 
0.99026383 15.55308347 -11.94460925 
0.99062686 15.58730328 -11.93744638 
0.99098664 15.62178992 -11.93012824 
0.99134642 15.65569995 -11.92281011 
0.99170620 15.68951972 -11.91549197 
0.99206276 15.72374427 -11.90801003 
0.99241931 15.75731745 -11.90052810 
0.99277587 15.79080230 -11.89304616 
0.99312923 15.82468286 -11.88542664 
0.99348259 15.85790447 -11.87780711 
0.99383596 15.89103969 -11.87018759 
0.99418615 15.92459955 -11.86242985 
0.99453635 15.95749636 -11.85467210 
0.99488655 15.99030858 -11.84691436 
0.99523361 16.02353103 -11.83903621 
0.99558067 16.05612164 -11.83115806 
0.99592773 16.08862931 -11.82327991 
0.99627168 16.12142865 -11.81526840 
0.99661563 16.15367937 -11.80725689 
0.99695958 16.18584892 -11.79924538 
0.99730045 16.21829826 -11.79110679 
0.99764132 16.25019966 -11.78296819 
0.99798218 16.28202172 -11.77482959 
0.99832000 16.31416615 -11.76661054 
0.99865782 16.34575260 -11.75839148 
0.99899563 16.37726133 -11.75017243 
0.99933042 16.40899763 -11.74183879 
0.99966521 16.44020812 -11.73350516 
1.00000000 16.47134285 -11.72517153 
