0.00000000 16.10359462 -11.19714483 
0.00067137 16.16793718 -11.19483674 
0.00134274 16.23195418 -11.19252864 
0.00201410 16.29564837 -11.19022055 
0.00269764 16.36227138 -11.18722836 
0.00338118 16.42720501 -11.18423617 
0.00406472 16.49180715 -11.18124398 
0.00476065 16.55926787 -11.17755834 
0.00545658 16.62511439 -11.17387270 
0.00615250 16.69062103 -11.17018705 
0.00686105 16.75910698 -11.16564659 
0.00756959 16.82596734 -11.16110612 
0.00827813 16.89247856 -11.15656566 
0.00899952 16.96301014 -11.15120811 
0.00972091 17.03121228 -11.14585056 
0.01044230 17.09905188 -11.14049302 
0.01117676 17.16952072 -11.13423941 
0.01191122 17.23850421 -11.12798581 
0.01264569 17.30711736 -11.12173221 
0.01339346 17.37900395 -11.11463056 
0.01414124 17.44895614 -11.10752891 
0.01488902 17.51852836 -11.10042725 
0.01565035 17.59165300 -11.09243400 
0.01641168 17.66258760 -11.08444075 
0.01717302 17.73313211 -11.07644750 
0.01794815 17.80710713 -11.06728583 
0.01872328 17.87867323 -11.05812417 
0.01949841 17.94984386 -11.04896251 
0.02028760 18.02743238 -11.03899706 
0.02107678 18.10101065 -11.02903161 
0.02186597 18.17417167 -11.01906616 
0.02266946 18.24993409 -11.00771472 
0.02347294 18.32415876 -10.99636328 
0.02427643 18.39795873 -10.98501184 
0.02509449 18.47514008 -10.97292083 
0.02591254 18.55037724 -10.96082982 
0.02673060 18.62517851 -10.94873882 
0.02756348 18.70296943 -10.93523416 
0.02839636 18.77889886 -10.92172951 
0.02922924 18.85438597 -10.90822486 
0.03007722 18.93445086 -10.89365471 
0.03092520 19.01210478 -10.87908456 
0.03177319 19.08929571 -10.86451442 
0.03263654 19.16867594 -10.84846187 
0.03349989 19.24624572 -10.83240931 
0.03436324 19.32335402 -10.81635676 
0.03524224 19.40568975 -10.79908274 
0.03612124 19.48466510 -10.78180871 
0.03700024 19.56316214 -10.76453469 
0.03789518 19.64626964 -10.74593209 
0.03879012 19.72616845 -10.72732949 
0.03968505 19.80557771 -10.70872689 
0.04059621 19.88932707 -10.68894845 
0.04150737 19.97029541 -10.66917001 
0.04241852 20.05076020 -10.64939156 
0.04334620 20.13405495 -10.62777603 
0.04427387 20.21503640 -10.60616051 
0.04520155 20.29551477 -10.58454498 
0.04614604 20.38179871 -10.56163277 
0.04709053 20.46413599 -10.53872055 
0.04803502 20.54595247 -10.51580834 
0.04899663 20.63286232 -10.49126414 
0.04995824 20.71589580 -10.46671994 
0.05091985 20.79839901 -10.44217575 
0.05189889 20.88613263 -10.41603756 
0.05287793 20.97002347 -10.38989937 
0.05385697 21.05337217 -10.36376119 
0.05485376 21.14203730 -10.33593537 
0.05585055 21.22669484 -10.30810955 
0.05684734 21.31079902 -10.28028373 
0.05786220 21.40014793 -10.25094621 
0.05887706 21.48570641 -10.22160869 
0.05989191 21.57069791 -10.19227117 
0.06092517 21.65963201 -10.16079640 
0.06195842 21.74562933 -10.12932163 
0.06299168 21.83105242 -10.09784686 
0.06404366 21.92133128 -10.06465248 
0.06509564 22.00764041 -10.03145810 
0.06614763 22.09336885 -9.99826372 
0.06721868 22.18452754 -9.96332643 
0.06828973 22.27123067 -9.92838913 
0.06936078 22.35734535 -9.89345184 
0.07045125 22.44918428 -9.85633371 
0.07154172 22.53722361 -9.81921559 
0.07263219 22.62465302 -9.78209746 
0.07374242 22.71695460 -9.74317347 
0.07485266 22.80532519 -9.70424948 
0.07596289 22.89307750 -9.66532549 
0.07709325 22.98378623 -9.62412755 
0.07822361 23.07159346 -9.58292962 
0.07935397 23.15878638 -9.54173169 
0.08050482 23.25317316 -9.49896425 
0.08165567 23.34215498 -9.45619681 
0.08280652 23.43050114 -9.41342936 
0.08397823 23.52113614 -9.36741208 
0.08514994 23.60916371 -9.32139480 
0.08632165 23.69656390 -9.27537752 
0.08751460 23.79094408 -9.22842523 
0.08870755 23.87958645 -9.18147295 
0.08990050 23.96758665 -9.13452067 
0.09111508 24.06070597 -9.08423424 
0.09232966 24.15011081 -9.03394781 
0.09354423 24.23885507 -8.98366139 
0.09478082 24.33060688 -8.93132063 
0.09601741 24.41916157 -8.87897988 
0.09725401 24.50706080 -8.82663913 
0.09851301 24.60069120 -8.77189932 
0.09977202 24.68892404 -8.71715952 
0.10103103 24.77649755 -8.66241971 
0.10231286 24.86974331 -8.60528510 
0.10359469 24.95757019 -8.54815049 
0.10487652 25.04473392 -8.49101588 
0.10618158 25.13830120 -8.43132506 
0.10748665 25.22591852 -8.37163424 
0.10879171 25.31286493 -8.31194342 
0.11011545 25.40560470 -8.24994562 
0.11143920 25.49261320 -8.18794782 
0.11276294 25.57894793 -8.12595003 
0.11409365 25.66964316 -8.06224036 
0.11542436 25.75521793 -7.99853070 
0.11675507 25.84012815 -7.93482104 
0.11808578 25.92743680 -7.86980689 
0.11941650 26.01073638 -7.80479274 
0.12074721 26.09339290 -7.73977859 
0.12207792 26.17720853 -7.67306769 
0.12340863 26.25808357 -7.60635679 
0.12473934 26.33833647 -7.53964589 
0.12607005 26.42121884 -7.47175627 
0.12740077 26.49987640 -7.40386665 
0.12873148 26.57793021 -7.33597704 
0.13006219 26.65878763 -7.26676071 
0.13139290 26.73509792 -7.19754439 
0.13272361 26.81082387 -7.12832807 
0.13405432 26.88920735 -7.05816905 
0.13538503 26.96330591 -6.98801003 
0.13671575 27.03683667 -6.91785101 
0.13804646 27.11214017 -6.84625522 
0.13937717 27.18403220 -6.77465943 
0.14070788 27.25537120 -6.70306364 
0.14203859 27.32814686 -6.63055874 
0.14336930 27.39752814 -6.55805384 
0.14470002 27.46637552 -6.48554895 
0.14603073 27.53627547 -6.41181201 
0.14736144 27.60310601 -6.33807508 
0.14869215 27.66942140 -6.26433814 
0.15002286 27.73643636 -6.18943240 
0.15135357 27.80052809 -6.11452666 
0.15268428 27.86412388 -6.03962092 
0.15401500 27.93052890 -5.96393560 
0.15534571 27.99255129 -5.88825027 
0.15667642 28.05408834 -5.81256494 
0.15800713 28.11750333 -5.73603663 
0.15933784 28.17740019 -5.65950833 
0.16066855 28.23682310 -5.58298002 
0.16199927 28.29572806 -5.50544825 
0.16332998 28.35266300 -5.42791649 
0.16466069 28.40914374 -5.35038473 
0.16599140 28.46587869 -5.27174652 
0.16732211 28.52017272 -5.19310832 
0.16865282 28.57402728 -5.11447012 
0.16998353 28.62983002 -5.03540299 
0.17131425 28.68188300 -4.95633586 
0.17264496 28.73350612 -4.87726873 
0.17397567 28.78632637 -4.79772524 
0.17530638 28.83606798 -4.71818175 
0.17663709 28.88539020 -4.63863826 
0.17796780 28.93298955 -4.55791503 
0.17929852 28.97953740 -4.47719180 
0.18062923 29.02568386 -4.39646858 
0.18195994 29.07038672 -4.31434333 
0.18329065 29.11414955 -4.23221808 
0.18462136 29.15752442 -4.15009283 
0.18595207 29.20460651 -4.06851411 
0.18728278 29.24711283 -3.98693539 
0.18861350 29.28922763 -3.90535667 
0.18994421 29.32985805 -3.82267647 
0.19127492 29.36881028 -3.73999628 
0.19260563 29.40739123 -3.65731609 
0.19393634 29.44678049 -3.57433578 
0.19526705 29.48346062 -3.49135548 
0.19659777 29.51977545 -3.40837518 
0.19792848 29.55552048 -3.32486386 
0.19925919 29.58938589 -3.24135254 
0.20058990 29.62289684 -3.15784122 
0.20192061 29.65572593 -3.07374035 
0.20325132 29.68698533 -2.98963948 
0.20458203 29.71789838 -2.90553861 
0.20591275 29.74753058 -2.82100817 
0.20724346 29.77609146 -2.73647774 
0.20857417 29.80431428 -2.65194731 
0.20990488 29.83120022 -2.56705686 
0.21123559 29.85708808 -2.48216640 
0.21256630 29.88264513 -2.39727595 
0.21389702 29.90687006 -2.31193720 
0.21522773 29.93008167 -2.22659845 
0.21655844 29.95296921 -2.14125969 
0.21788915 29.97456361 -2.05562082 
0.21921986 29.99511251 -1.96998194 
0.22055057 30.01534302 -1.88434307 
0.22188128 30.03453614 -1.79829103 
0.22321200 30.05241302 -1.71223899 
0.22454271 30.06997621 -1.62618695 
0.22587342 30.08766973 -1.54017874 
0.22720413 30.10309162 -1.45417053 
0.22853484 30.11819762 -1.36816232 
0.22986555 30.13244166 -1.28203266 
0.23119627 30.14510537 -1.19590299 
0.23252698 30.15746036 -1.10977333 
0.23385769 30.16891069 -1.02352670 
0.23518840 30.17867747 -0.93728007 
0.23651911 30.18813758 -0.85103344 
0.23784982 30.19488554 -0.76422344 
0.23918053 30.20208975 -0.67741344 
0.24051125 30.20899136 -0.59060344 
0.24184196 30.21522705 -0.50390470 
0.24317267 30.21992867 -0.41720595 
0.24450338 30.22432799 -0.33050721 
0.24583409 30.22704762 -0.24396492 
0.24716480 30.22892620 -0.15742264 
0.24849552 30.23050341 -0.07088035 
0.24982623 30.23066160 0.01585206 
0.25115694 30.22993171 0.10258447 
0.25248765 30.22890102 0.18931689 
0.25381836 30.22621821 0.27600182 
0.25514907 30.22270840 0.36268676 
0.25647978 30.21889315 0.44937169 
0.25781050 30.21261733 0.53600781 
0.25914121 30.20652510 0.62264392 
0.26047192 30.20012817 0.70928003 
0.26180263 30.19145275 0.79572182 
0.26313334 30.18255896 0.88216362 
0.26446405 30.17335996 0.96860541 
0.26579477 30.16144042 1.05493810 
0.26712548 30.14987914 1.14127080 
0.26845619 30.13801019 1.22760350 
0.26978690 30.12273187 1.31381959 
0.27111761 30.10841694 1.40003568 
0.27244832 30.09379091 1.48625177 
0.27377903 30.07565567 1.57259462 
0.27510975 30.05895975 1.65893746 
0.27644046 30.04195140 1.74528031 
0.27777117 30.02327677 1.83108924 
0.27910188 30.00396466 1.91689818 
0.28043259 29.98433472 2.00270711 
0.28176330 29.96230515 2.08801981 
0.28309402 29.94026140 2.17333251 
0.28442473 29.91789460 2.25864521 
0.28575544 29.89231122 2.34343427 
0.28708615 29.86711656 2.42822334 
0.28841686 29.84158740 2.51301241 
0.28974757 29.81169298 2.59822041 
0.29107828 29.78446008 2.68342841 
0.29240900 29.75689325 2.76863641 
0.29373971 29.72539008 2.85302093 
0.29507042 29.69546339 2.93740544 
0.29640113 29.66519535 3.02178995 
0.29773184 29.63094273 3.10575271 
0.29906255 29.59832154 3.18971548 
0.30039326 29.56535105 3.27367824 
0.30172398 29.52877891 3.35755135 
0.30305469 29.49366392 3.44142446 
0.30438540 29.45819253 3.52529757 
0.30571611 29.42091164 3.60830542 
0.30704682 29.38318245 3.69131327 
0.30837753 29.34508562 3.77432113 
0.30970825 29.30435280 3.85642870 
0.31103896 29.26365975 3.93853627 
0.31236967 29.22258603 4.02064385 
0.31370038 29.17794451 4.10241493 
0.31503109 29.13475115 4.18418602 
0.31636180 29.09116709 4.26595710 
0.31769251 29.04361458 4.34715395 
0.31902323 28.99783591 4.42835080 
0.32035394 28.95165466 4.50954765 
0.32168465 28.90166668 4.58998899 
0.32301536 28.85323335 4.67043033 
0.32434607 28.80438615 4.75087166 
0.32567678 28.75042510 4.83056969 
0.32700750 28.69958803 4.91026773 
0.32833821 28.64832578 4.98996576 
0.32966892 28.59383356 5.06931285 
0.33099963 28.54012980 5.14865995 
0.33233034 28.48597788 5.22800705 
0.33366105 28.42730221 5.30588829 
0.33499176 28.37136206 5.38376953 
0.33632248 28.31496964 5.46165077 
0.33765319 28.25603590 5.53972539 
0.33898390 28.19815601 5.61780001 
0.34031461 28.13981169 5.69587463 
0.34164532 28.07767206 5.77170565 
0.34297603 28.01602935 5.84753668 
0.34430675 27.95389677 5.92336770 
0.34563746 27.88822271 5.99899258 
0.34696817 27.82484002 6.07461745 
0.34829888 27.76096047 6.15024233 
0.34962959 27.69271934 6.22438096 
0.35096030 27.62687498 6.29851959 
0.35229101 27.56051926 6.37265823 
0.35362173 27.48962322 6.44609617 
0.35495244 27.42140247 6.51953412 
0.35628315 27.35265445 6.59297207 
0.35761386 27.27958956 6.66565000 
0.35894457 27.20932037 6.73832793 
0.36027528 27.13851172 6.81100586 
0.36160600 27.06327057 6.88203213 
0.36293671 26.98977779 6.95305840 
0.36426742 26.91571568 7.02408467 
0.36559813 26.83691337 7.09426006 
0.36692884 26.76181256 7.16443546 
0.36825955 26.68613413 7.23461085 
0.36959026 26.60559049 7.30355033 
0.37092098 26.52764298 7.37248982 
0.37225169 26.44908751 7.44142931 
0.37358240 26.36481862 7.50949079 
0.37491311 26.28585775 7.57755227 
0.37624382 26.20629297 7.64561376 
0.37757453 26.12294762 7.71116535 
0.37890525 26.04047082 7.77671695 
0.38023596 25.95735262 7.84226854 
0.38156667 25.86800448 7.90718123 
0.38289738 25.78434899 7.97209392 
0.38422809 25.70004716 8.03700661 
0.38555880 25.61167264 8.10080911 
0.38688951 25.52524044 8.16461161 
0.38822023 25.43813220 8.22841410 
0.38955094 25.34695479 8.28988843 
0.39088165 25.25684233 8.35136276 
0.39221236 25.16601057 8.41283709 
0.39354307 25.07363481 8.47365090 
0.39487378 24.98316837 8.53446471 
0.39620450 24.89198609 8.59527852 
0.39753521 24.79525100 8.65368436 
0.39886592 24.70167892 8.71209020 
0.40019663 24.60735608 8.77049605 
0.40152734 24.50907354 8.82786406 
0.40285805 24.41483806 8.88523207 
0.40418876 24.31985161 8.94260008 
0.40551948 24.21884339 8.99839109 
0.40685019 24.12274029 9.05418210 
0.40818090 24.02586645 9.10997311 
0.40951161 23.92386262 9.16366412 
0.41084232 23.82417178 9.21735513 
0.41217303 23.72366135 9.27104614 
0.41350375 23.61913746 9.32304250 
0.41483446 23.51919440 9.37503885 
0.41616517 23.41843634 9.42703521 
0.41749588 23.31048994 9.47759668 
0.41882659 23.20818621 9.52815815 
0.42015730 23.10503662 9.57871962 
0.42148801 22.99837031 9.62785157 
0.42281873 22.89481952 9.67698353 
0.42414944 22.79041037 9.72611548 
0.42548015 22.68275610 9.77178741 
0.42681086 22.57607337 9.81745933 
0.42814157 22.46848433 9.86313125 
0.42947228 22.35812112 9.90775859 
0.43080300 22.25042067 9.95238593 
0.43213371 22.14180327 9.99701327 
0.43346442 22.02853096 10.03984398 
0.43479513 21.91916811 10.08267470 
0.43612584 21.80886504 10.12550541 
0.43745655 21.69561619 10.16591206 
0.43878726 21.58406559 10.20631871 
0.44011798 21.47154119 10.24672537 
0.44144869 21.35306590 10.28535588 
0.44277940 21.24017479 10.32398639 
0.44411011 21.12629154 10.36261691 
0.44544082 21.00786514 10.39874955 
0.44677153 20.89490377 10.43488219 
0.44810225 20.78095256 10.47101483 
0.44943296 20.66208185 10.50620136 
0.45076367 20.54765788 10.54138789 
0.45209438 20.43222265 10.57657441 
0.45342509 20.31321138 10.60728392 
0.45475580 20.19641731 10.63799343 
0.45608651 20.07856560 10.66870294 
0.45741723 19.95733142 10.69868293 
0.45874794 19.83988901 10.72866291 
0.46007865 19.72137933 10.75864290 
0.46140936 19.59884976 10.78609953 
0.46274007 19.48031739 10.81355616 
0.46407078 19.36069827 10.84101279 
0.46540150 19.23691141 10.86583564 
0.46673221 19.11578660 10.89065848 
0.46806292 18.99352698 10.91548133 
0.46939363 18.86879001 10.93847403 
0.47072434 18.74940873 10.96146674 
0.47205505 18.62892519 10.98445944 
0.47338576 18.50378231 11.00474823 
0.47471648 18.38168147 11.02503703 
0.47604719 18.25842137 11.04532582 
0.47737790 18.13342967 11.06299734 
0.47870861 18.01000201 11.08066887 
0.48003932 17.88539024 11.09834039 
0.48137003 17.75479593 11.11371273 
0.48270075 17.63253101 11.12908506 
0.48403146 17.50910147 11.14445739 
0.48536217 17.38066968 11.15712344 
0.48669288 17.25681696 11.16978949 
0.48802359 17.13176173 11.18245555 
0.48935430 17.00283897 11.19276598 
0.49068501 16.87834320 11.20307642 
0.49201573 16.75262824 11.21338686 
0.49334644 16.62361729 11.22109924 
0.49467715 16.49827734 11.22881161 
0.49600786 16.37169571 11.23652399 
0.49733857 16.24229106 11.24161627 
0.49866928 16.11636663 11.24670856 
0.50000000 15.98918313 11.25180084 
0.50133071 15.85925701 11.25445807 
0.50266142 15.73322502 11.25711530 
0.50399213 15.60592405 11.25977253 
0.50532284 15.47517484 11.25970534 
0.50665355 15.34830774 11.25963815 
0.50798426 15.22014863 11.25957096 
0.50931498 15.08795723 11.25669963 
0.51064569 14.96175678 11.25382831 
0.51197640 14.83426842 11.25095698 
0.51330711 14.70271388 11.24559360 
0.51463782 14.57656510 11.24023021 
0.51596853 14.44911828 11.23486683 
0.51729925 14.31717646 11.22677688 
0.51862996 14.19071369 11.21868692 
0.51996067 14.06293585 11.21059697 
0.52129138 13.93104425 11.19982007 
0.52262209 13.80506344 11.18904317 
0.52395280 13.67776675 11.17826627 
0.52528351 13.54622492 11.16496452 
0.52661423 13.42005405 11.15166277 
0.52794494 13.29255050 11.13836103 
0.52927565 13.16056543 11.12244528 
0.53060636 13.03487485 11.10652954 
0.53193707 12.90785041 11.09061379 
0.53326778 12.77886739 11.07136316 
0.53459850 12.65252992 11.05211253 
0.53592921 12.52482588 11.03286190 
0.53725992 12.39541505 11.01140799 
0.53859063 12.27004631 10.98995408 
0.53992134 12.14331980 10.96850016 
0.54125205 12.01436236 10.94457533 
0.54258276 11.88969213 10.92065049 
0.54391348 11.76366191 10.89672565 
0.54524419 11.63519593 10.87000820 
0.54657490 11.51036422 10.84329074 
0.54790561 11.38415470 10.81657328 
0.54923632 11.25671843 10.78730861 
0.55056703 11.13279293 10.75804394 
0.55189775 11.00749360 10.72877927 
0.55322846 10.88084607 10.69694307 
0.55455917 10.75775219 10.66510687 
0.55588988 10.63328582 10.63327067 
0.55722059 10.50729311 10.59896698 
0.55855130 10.38503301 10.56466328 
0.55988201 10.26140210 10.53035959 
0.56121273 10.13633023 10.49343231 
0.56254344 10.01502173 10.45650503 
0.56387415 9.89234619 10.41957775 
0.56520486 9.76553998 10.38038343 
0.56653557 9.64601880 10.34118911 
0.56786628 9.52514818 10.30199479 
0.56919699 9.40207565 10.26001028 
0.57052771 9.28299064 10.21802576 
0.57185842 9.16254906 10.17604124 
0.57318913 9.04070709 10.13193949 
0.57451984 8.92306949 10.08783774 
0.57585055 8.80409102 10.04373598 
0.57718126 8.68374341 9.99735976 
0.57851198 8.56815093 9.95098353 
0.57984269 8.45124193 9.90460731 
0.58117340 8.33305370 9.85570997 
0.58250411 8.21701310 9.80681264 
0.58383482 8.09962811 9.75791531 
0.58516553 7.98225236 9.70714506 
0.58649624 7.86819833 9.65637480 
0.58782696 7.75282801 9.60560455 
0.58915767 7.63793282 9.55249001 
0.59048838 7.52595351 9.49937547 
0.59181909 7.41268660 9.44626093 
0.59314980 7.29826510 9.39099734 
0.59448051 7.18768429 9.33573374 
0.59581123 7.07583169 9.28047014 
0.59714194 6.96280311 9.22321463 
0.59847265 6.85508203 9.16595913 
0.59980336 6.74613120 9.10870362 
0.60113407 6.63565586 9.04952130 
0.60246478 6.52781625 8.99033898 
0.60379549 6.41872766 8.93115666 
0.60512621 6.31180743 8.87042704 
0.60645692 6.20636055 8.80969742 
0.60778763 6.09970223 8.74896779 
0.60911834 5.99421499 8.68580012 
0.61044905 5.89025354 8.62263244 
0.61177976 5.78509939 8.55946476 
0.61311048 5.67977360 8.49506080 
0.61444119 5.58010180 8.43065685 
0.61577190 5.47931316 8.36625289 
0.61710261 5.37649027 8.29972453 
0.61843332 5.27675131 8.23319617 
0.61976403 5.17588101 8.16666781 
0.62109474 5.07749920 8.09884383 
0.62242546 4.98020085 8.03101984 
0.62375617 4.88181336 7.96319586 
0.62508688 4.78543573 7.89382374 
0.62641759 4.69028631 7.82445161 
0.62774830 4.59408423 7.75507949 
0.62907901 4.49991182 7.68417405 
0.63040973 4.40733118 7.61326862 
0.63174044 4.31374087 7.54236318 
0.63307115 4.22107866 7.46990277 
0.63440186 4.13146674 7.39744236 
0.63573257 4.04089399 7.32498195 
0.63706328 3.94982092 7.25128685 
0.63839399 3.86244408 7.17759174 
0.63972471 3.77414378 7.10389664 
0.64105542 3.68617168 7.02899138 
0.64238613 3.60170363 6.95408613 
0.64371684 3.51635990 6.87918087 
0.64504755 3.43173145 6.80299731 
0.64637826 3.34894707 6.72681376 
0.64770898 3.26531621 6.65063020 
0.64903969 3.18424229 6.57336201 
0.65037040 3.10443007 6.49609382 
0.65170111 3.02382133 6.41882564 
0.65303182 2.94395037 6.34054700 
0.65436253 2.86685800 6.26226836 
0.65569324 2.78901336 6.18398973 
0.65702396 2.71374760 6.10428750 
0.65835467 2.63890973 6.02458528 
0.65968538 2.56336029 5.94488306 
0.66101609 2.49016471 5.86445287 
0.66234680 2.41960568 5.78402269 
0.66367751 2.34840278 5.70359250 
0.66500823 2.27752479 5.62222036 
0.66633894 2.20847659 5.54084822 
0.66766965 2.13881147 5.45947608 
0.66900036 2.07156204 5.37728732 
0.67033107 2.00568502 5.29509857 
0.67166178 1.93923969 5.21290981 
0.67299249 1.87557565 5.12977985 
0.67432321 1.81266469 5.04664988 
0.67565392 1.74923393 4.96351991 
0.67698463 1.68874368 4.87978234 
0.67831534 1.62885963 4.79604477 
0.67964605 1.56850165 4.71230720 
0.68097676 1.51078574 4.62752991 
0.68230748 1.45396785 4.54275262 
0.68363819 1.39671926 4.45797534 
0.68496890 1.34242231 4.37260199 
0.68629961 1.28879726 4.28722864 
0.68763032 1.23478800 4.20185529 
0.68896103 1.18344143 4.11594945 
0.69029174 1.13321173 4.03004362 
0.69162246 1.08264237 3.94413778 
0.69295317 1.03431876 3.85757451 
0.69428388 0.98721222 3.77101123 
0.69561459 0.93980593 3.68444796 
0.69694530 0.89472826 3.59727727 
0.69827601 0.85075218 3.51010658 
0.69960673 0.80651432 3.42293589 
0.70093744 0.76499393 3.33532693 
0.70226815 0.72420400 3.24771798 
0.70359886 0.68318837 3.16010902 
0.70492957 0.64550273 3.07188203 
0.70626028 0.60813145 2.98365503 
0.70759099 0.57056949 2.89542804 
0.70892171 0.53432789 2.80683976 
0.71025242 0.50042666 2.71825149 
0.71158313 0.46636698 2.62966322 
0.71291384 0.43546824 2.54071163 
0.71424455 0.40456158 2.45176005 
0.71557526 0.37352488 2.36280846 
0.71690598 0.34643027 2.27334661 
0.71823669 0.31904956 2.18388476 
0.71956740 0.29156609 2.09442291 
0.72089811 0.26592114 2.00471358 
0.72222882 0.24216316 1.91500425 
0.72355953 0.21832670 1.82529491 
0.72489024 0.19785078 1.73530462 
0.72622096 0.17726666 1.64531434 
0.72755167 0.15662454 1.55532405 
0.72888238 0.13930533 1.46498917 
0.73021309 0.12223001 1.37465429 
0.73154380 0.10511461 1.28431942 
0.73287451 0.09082141 1.19384596 
0.73420523 0.07718371 1.10337251 
0.73553594 0.06352042 1.01289906 
0.73686665 0.05265559 0.92231054 
0.73819736 0.04247291 0.83172202 
0.73952807 0.03227596 0.74113350 
0.74085878 0.02492295 0.65053571 
0.74218949 0.01817834 0.55993793 
0.74352021 0.01142749 0.46934014 
0.74485092 0.00768783 0.37851108 
0.74618163 0.00421081 0.28768202 
0.74751234 0.00073223 0.19685297 
0.74884305 0.00110098 0.10612473 
0.75017376 0.00127651 0.01539650 
0.75150448 0.00145196 -0.07533173 
0.75283519 0.00501643 -0.16611027 
0.75416590 0.00852459 -0.25688881 
0.75549661 0.01203081 -0.34766736 
0.75682732 0.01973183 -0.43835067 
0.75815803 0.02678256 -0.52903398 
0.75948874 0.03382603 -0.61971729 
0.76081946 0.04500181 -0.71039553 
0.76215017 0.05550880 -0.80107377 
0.76348088 0.06600002 -0.89175202 
0.76481159 0.07974671 -0.98236638 
0.76614230 0.09387991 -1.07298075 
0.76747301 0.10798520 -1.16359512 
0.76880373 0.12562521 -1.25377136 
0.77013444 0.14317590 -1.34394760 
0.77146515 0.16068375 -1.43412385 
0.77279586 0.18203131 -1.52420574 
0.77412657 0.20288882 -1.61428763 
0.77545728 0.22368567 -1.70436953 
0.77678799 0.24844378 -1.79407741 
0.77811871 0.27270397 -1.88378529 
0.77944942 0.29688238 -1.97349317 
0.78078013 0.32506503 -2.06300235 
0.78211084 0.35275036 -2.15251153 
0.78344155 0.38032965 -2.24202071 
0.78477226 0.41228890 -2.33101172 
0.78610298 0.44295943 -2.42000273 
0.78743369 0.47349895 -2.50899374 
0.78876440 0.50946048 -2.59777495 
0.79009511 0.54360008 -2.68655615 
0.79142582 0.57757885 -2.77533735 
0.79275653 0.61699697 -2.86358583 
0.79408724 0.65432349 -2.95183431 
0.79541796 0.69145822 -3.04008278 
0.79674867 0.73392639 -3.12811681 
0.79807938 0.77504957 -3.21615083 
0.79941009 0.81594295 -3.30418485 
0.80074080 0.86109964 -3.39127387 
0.80207151 0.90522527 -3.47836289 
0.80340223 0.94908655 -3.56545190 
0.80473294 0.99807683 -3.65233476 
0.80606365 1.04536277 -3.73921762 
0.80739436 1.09234635 -3.82610048 
0.80872507 1.14525741 -3.91219955 
0.81005578 1.19606895 -3.99829863 
0.81138649 1.24653542 -4.08439771 
0.81271721 1.30166089 -4.16981023 
0.81404792 1.35575102 -4.25522276 
0.81537863 1.40945310 -4.34063528 
0.81670934 1.46830638 -4.42538800 
0.81804005 1.52473877 -4.51014072 
0.81937076 1.58074789 -4.59489344 
0.82070148 1.64356800 -4.67906637 
0.82203219 1.70336543 -4.76323931 
0.82336290 1.76269332 -4.84741225 
0.82469361 1.82820495 -4.93070675 
0.82602432 1.89086242 -5.01400126 
0.82735503 1.95300691 -5.09729576 
0.82868574 2.02166232 -5.17975872 
0.83001646 2.08751588 -5.26222168 
0.83134717 2.15280822 -5.34468464 
0.83267788 2.22427850 -5.42624313 
0.83400859 2.29295135 -5.50780161 
0.83533930 2.36101823 -5.58936010 
0.83667001 2.43656627 -5.67012975 
0.83800072 2.50870820 -5.75089940 
0.83933144 2.58019001 -5.83166905 
0.84066215 2.65716497 -5.91136375 
0.84199286 2.73125035 -5.99105845 
0.84332357 2.80464253 -6.07075315 
0.84465428 2.88541808 -6.14946787 
0.84598499 2.96286441 -6.22818259 
0.84731571 3.03956384 -6.30689731 
0.84864642 3.12261406 -6.38442383 
0.84997713 3.20281505 -6.46195035 
0.85130784 3.28222322 -6.53947687 
0.85263855 3.36795822 -6.61594415 
0.85396926 3.45072562 -6.69241143 
0.85529997 3.53265704 -6.76887871 
0.85663069 3.62117779 -6.84409292 
0.85796140 3.70623225 -6.91930713 
0.85929211 3.79041217 -6.99452134 
0.86062282 3.88178863 -7.06856895 
0.86195353 3.96916356 -7.14261655 
0.86328424 4.05562613 -7.21666415 
0.86461496 4.15027071 -7.28930319 
0.86594567 4.24006793 -7.36194223 
0.86727638 4.32891299 -7.43458127 
0.86860709 4.42594813 -7.50592432 
0.86993780 4.51797589 -7.57726738 
0.87126851 4.60901631 -7.64861043 
0.87259922 4.71121423 -7.71856223 
0.87392994 4.80647925 -7.78851402 
0.87526065 4.90070031 -7.85846581 
0.87659136 5.00123857 -7.92652201 
0.87792207 5.09879125 -7.99457821 
0.87925278 5.19526669 -8.06263441 
0.88058349 5.29848862 -8.12940044 
0.88191421 5.39782601 -8.19616647 
0.88324492 5.49606032 -8.26293250 
0.88457563 5.60214981 -8.32800594 
0.88590634 5.70358016 -8.39307938 
0.88723705 5.80387680 -8.45815283 
0.88856080 5.91155944 -8.52106900 
0.88988454 6.01464611 -8.58398517 
0.89120829 6.11657792 -8.64690134 
0.89251335 6.22412273 -8.70718479 
0.89381842 6.32789098 -8.76746825 
0.89512348 6.43050534 -8.82775170 
0.89640531 6.53755237 -8.88528781 
0.89768714 6.64037384 -8.94282391 
0.89896897 6.74207524 -9.00036001 
0.90022798 6.85053917 -9.05514356 
0.90148699 6.95326027 -9.10992710 
0.90274599 7.05488001 -9.16471065 
0.90398259 7.16307542 -9.21674402 
0.90521918 7.26555062 -9.26877738 
0.90645577 7.36694480 -9.32081075 
0.90767034 7.47454150 -9.37016020 
0.90888492 7.57668181 -9.41950965 
0.91009950 7.67776260 -9.46885909 
0.91129245 7.78454150 -9.51562232 
0.91248540 7.88613791 -9.56238554 
0.91367835 7.98669886 -9.60914877 
0.91485006 8.09236585 -9.65353671 
0.91602177 8.19317984 -9.69792466 
0.91719348 8.29298712 -9.74231261 
0.91834433 8.39924718 -9.78408930 
0.91949518 8.49931424 -9.82586599 
0.92064603 8.59840588 -9.86764268 
0.92177639 8.70386459 -9.90695310 
0.92290675 8.80347891 -9.94626351 
0.92403711 8.90213636 -9.98557392 
0.92514734 9.00527588 -10.02245606 
0.92625758 9.10383125 -10.05933819 
0.92736781 9.20146013 -10.09622032 
0.92845828 9.30385125 -10.13106805 
0.92954875 9.40139686 -10.16591579 
0.93063922 9.49804553 -10.20076352 
0.93171027 9.59996873 -10.23332830 
0.93278132 9.69677475 -10.26589307 
0.93385237 9.79270735 -10.29845784 
0.93490436 9.89287218 -10.32894805 
0.93595634 9.98876353 -10.35943825 
0.93700832 10.08380706 -10.38992845 
0.93804158 10.18239338 -10.41830025 
0.93907483 10.27722900 -10.44667206 
0.94010809 10.37124313 -10.47504386 
0.94112294 10.46819553 -10.50149563 
0.94213780 10.56219081 -10.52794740 
0.94315266 10.65538619 -10.55439917 
0.94414945 10.75030543 -10.57891448 
0.94514624 10.84231800 -10.60342978 
0.94614303 10.93357075 -10.62794509 
0.94712207 11.02990440 -10.65094190 
0.94810111 11.12173120 -10.67393871 
0.94908015 11.21280825 -10.69693553 
0.95004176 11.30430586 -10.71773326 
0.95100337 11.39378327 -10.73853099 
0.95196498 11.48255691 -10.75932873 
0.95290947 11.57609963 -10.77860399 
0.95385396 11.66474916 -10.79787926 
0.95479845 11.75271399 -10.81715453 
0.95572613 11.84409885 -10.83469902 
0.95665380 11.93150022 -10.85224350 
0.95758148 12.01824070 -10.86978799 
0.95849263 12.10792753 -10.88592103 
0.95940379 12.19377033 -10.90205407 
0.96031495 12.27897986 -10.91818711 
0.96120988 12.36743522 -10.93273219 
0.96210482 12.45276859 -10.94727727 
0.96299976 12.53748157 -10.96182236 
0.96387876 12.62303596 -10.97493520 
0.96475776 12.70649180 -10.98804804 
0.96563676 12.78935660 -11.00116089 
0.96650011 12.87506466 -11.01303798 
0.96736346 12.95707360 -11.02491506 
0.96822681 13.03851658 -11.03679215 
0.96907480 13.12259311 -11.04722116 
0.96992278 13.20347143 -11.05765017 
0.97077076 13.28380287 -11.06807917 
0.97160364 13.36605182 -11.07734286 
0.97243652 13.44556382 -11.08660655 
0.97326940 13.52455048 -11.09587023 
0.97408746 13.60556209 -11.10401511 
0.97490551 13.68397158 -11.11215999 
0.97572357 13.76187242 -11.12030488 
0.97652706 13.84060930 -11.12728281 
0.97733054 13.91737224 -11.13426075 
0.97813403 13.99365090 -11.14123868 
0.97892322 14.07188759 -11.14705877 
0.97971240 14.14751954 -11.15287886 
0.98050159 14.22268409 -11.15869896 
0.98127672 14.29997775 -11.16351625 
0.98205185 14.37445004 -11.16833355 
0.98282698 14.44847100 -11.17315084 
0.98358832 14.52314600 -11.17704537 
0.98434965 14.59587071 -11.18093989 
0.98511098 14.66816672 -11.18483441 
0.98585876 14.74218355 -11.18778408 
0.98660654 14.81408715 -11.19073376 
0.98735431 14.88557359 -11.19368344 
0.98808878 14.95740774 -11.19576970 
0.98882324 15.02766050 -11.19785596 
0.98955770 15.09751630 -11.19994221 
0.99027909 15.16850178 -11.20130963 
0.99100048 15.23745841 -11.20267705 
0.99172187 15.30603395 -11.20404447 
0.99243041 15.37556362 -11.20447852 
0.99313895 15.44304033 -11.20491258 
0.99384750 15.51015369 -11.20534663 
0.99454342 15.57962780 -11.20511425 
0.99523935 15.64618087 -11.20488186 
0.99593528 15.71238209 -11.20464948 
0.99661882 15.77924800 -11.20373024 
0.99730236 15.84456556 -11.20281099 
0.99798590 15.90954496 -11.20189175 
0.99865726 15.97473015 -11.20030944 
0.99932863 16.03864192 -11.19872714 
1.00000000 16.10223119 -11.19714483 
