0.00000000 -0.00000044 0.00000002 
0.00015263 0.04312693 0.02137612 
0.00030527 0.08625335 0.04275222 
0.00045790 0.12937783 0.06412831 
0.00057695 0.16301629 0.08080102 
0.00069600 0.19665084 0.09747372 
0.00081505 0.23028271 0.11414643 
0.00090791 0.25652157 0.12715068 
0.00100076 0.28275179 0.14015492 
0.00109362 0.30897966 0.15315917 
0.00116604 0.32944783 0.16330215 
0.00123847 0.34990318 0.17344513 
0.00131089 0.37035677 0.18358811 
0.00136738 0.38632348 0.19149936 
0.00142387 0.40227576 0.19941061 
0.00148036 0.41822681 0.20732186 
0.00152442 0.43068090 0.21349240 
0.00156848 0.44312225 0.21966294 
0.00161254 0.45556277 0.22583348 
0.00164690 0.46527551 0.23064627 
0.00168127 0.47497931 0.23545907 
0.00171563 0.48468258 0.24027187 
0.00174243 0.49225618 0.24402560 
0.00176924 0.49982482 0.24777934 
0.00179604 0.50739312 0.25153307 
0.00181831 0.51368348 0.25465193 
0.00184058 0.51997090 0.25777079 
0.00186285 0.52625808 0.26088965 
0.00188560 0.53268544 0.26407541 
0.00190834 0.53910751 0.26726118 
0.00193109 0.54552931 0.27044694 
0.00195467 0.55219275 0.27374957 
0.00197825 0.55885008 0.27705220 
0.00200183 0.56550711 0.28035482 
0.00202628 0.57241513 0.28377866 
0.00205073 0.57931629 0.28720249 
0.00207518 0.58621713 0.29062633 
0.00210052 0.59337868 0.29417580 
0.00212586 0.60053258 0.29772526 
0.00215121 0.60768612 0.30127473 
0.00217748 0.61511052 0.30495445 
0.00220376 0.62252637 0.30863416 
0.00223003 0.62994182 0.31231388 
0.00225727 0.63763871 0.31612863 
0.00228451 0.64532607 0.31994337 
0.00231174 0.65301297 0.32375812 
0.00233998 0.66099237 0.32771285 
0.00236822 0.66896112 0.33166758 
0.00239646 0.67692936 0.33562231 
0.00242573 0.68520163 0.33972216 
0.00245500 0.69346203 0.34382201 
0.00248428 0.70172186 0.34792186 
0.00251463 0.71029776 0.35217216 
0.00254497 0.71886042 0.35642246 
0.00257532 0.72742245 0.36067276 
0.00260678 0.73631311 0.36507903 
0.00263824 0.74518903 0.36948530 
0.00266971 0.75406425 0.37389156 
0.00270232 0.76328125 0.37845953 
0.00273494 0.77248182 0.38302749 
0.00276755 0.78168160 0.38759545 
0.00280137 0.79123691 0.39233104 
0.00283518 0.80077393 0.39706663 
0.00286899 0.81031008 0.40180222 
0.00290404 0.82021611 0.40671159 
0.00293910 0.83010180 0.41162097 
0.00297415 0.83998651 0.41653034 
0.00301049 0.85025614 0.42161987 
0.00304683 0.86050315 0.42670940 
0.00308317 0.87074906 0.43179893 
0.00312084 0.88139565 0.43707523 
0.00315852 0.89201707 0.44235153 
0.00319619 0.90263728 0.44762783 
0.00323524 0.91367466 0.45309776 
0.00327430 0.92468405 0.45856769 
0.00331336 0.93569210 0.46403762 
0.00335384 0.94713461 0.46970827 
0.00339433 0.95854603 0.47537891 
0.00343482 0.96995594 0.48104956 
0.00347679 0.98181838 0.48692832 
0.00351877 0.99364630 0.49280707 
0.00356074 1.00547255 0.49868583 
0.00360425 1.01776700 0.50477873 
0.00364775 1.03002314 0.51087162 
0.00369125 1.04227742 0.51696451 
0.00373633 1.05501860 0.52327863 
0.00378141 1.06771704 0.52959275 
0.00382650 1.08041341 0.53590687 
0.00387323 1.09362256 0.54245271 
0.00391997 1.10678389 0.54899855 
0.00396671 1.11994291 0.55554439 
0.00401516 1.13363710 0.56233046 
0.00406361 1.14727795 0.56911653 
0.00411206 1.16091623 0.57590260 
0.00416229 1.17511331 0.58293771 
0.00421252 1.18925090 0.58997283 
0.00426275 1.20338562 0.59700795 
0.00431482 1.21810407 0.60430127 
0.00436689 1.23275619 0.61159458 
0.00441896 1.24740513 0.61888789 
0.00447294 1.26266411 0.62644887 
0.00452693 1.27784918 0.63400986 
0.00458091 1.29303071 0.64157084 
0.00463687 1.30885007 0.64940932 
0.00469284 1.32458714 0.65724781 
0.00474880 1.34032025 0.66508629 
0.00480682 1.35672060 0.67321246 
0.00486484 1.37302932 0.68133864 
0.00492285 1.38933365 0.68946481 
0.00498300 1.40633631 0.69788923 
0.00504314 1.42323704 0.70631365 
0.00510329 1.44013287 0.71473807 
0.00516564 1.45775993 0.72347163 
0.00522800 1.47527363 0.73220520 
0.00529035 1.49278189 0.74093876 
0.00535499 1.51105485 0.74999247 
0.00541962 1.52920187 0.75904619 
0.00548426 1.54734283 0.76809990 
0.00555124 1.56628051 0.77748253 
0.00561823 1.58507801 0.78686515 
0.00568521 1.60386875 0.79624778 
0.00575466 1.62350269 0.80597480 
0.00582410 1.64297998 0.81570182 
0.00589354 1.66244976 0.82542884 
0.00596553 1.68280527 0.83551291 
0.00603752 1.70298618 0.84559698 
0.00610951 1.72315873 0.85568104 
0.00618415 1.74426236 0.86613527 
0.00625878 1.76517148 0.87658950 
0.00633341 1.78607130 0.88704373 
0.00641078 1.80795059 0.89788173 
0.00648815 1.82961327 0.90871972 
0.00656553 1.85126561 0.91955772 
0.00664574 1.87394908 0.93079355 
0.00672595 1.89639149 0.94202939 
0.00680616 1.91882239 0.95326522 
0.00688931 1.94233951 0.96491344 
0.00697246 1.96558852 0.97656165 
0.00705561 1.98882472 0.98820987 
0.00714181 2.01320452 1.00028540 
0.00722801 2.03728634 1.01236094 
0.00731421 2.06135392 1.02443647 
0.00740355 2.08662382 1.03695193 
0.00749289 2.11156212 1.04946739 
0.00758223 2.13648459 1.06198285 
0.00767485 2.16268463 1.07495780 
0.00776747 2.18851471 1.08793275 
0.00786009 2.21432719 1.10090770 
0.00795610 2.24149111 1.11435904 
0.00805212 2.26824309 1.12781039 
0.00814814 2.29497551 1.14126174 
0.00824768 2.32313880 1.15520702 
0.00834722 2.35084369 1.16915230 
0.00844676 2.37852682 1.18309758 
0.00854995 2.40772635 1.19755463 
0.00865314 2.43641601 1.21201168 
0.00875633 2.46508149 1.22646873 
0.00886331 2.49535428 1.24145725 
0.00897029 2.52506059 1.25644576 
0.00907727 2.55474003 1.27143428 
0.00918815 2.58611981 1.28696927 
0.00929902 2.61686988 1.30250426 
0.00940990 2.64759011 1.31803924 
0.00952485 2.68012619 1.33414458 
0.00963979 2.71196045 1.35024992 
0.00975474 2.74376156 1.36635525 
0.00987390 2.77749600 1.38305213 
0.00999306 2.81044972 1.39974901 
0.01011223 2.84336663 1.41644589 
0.01023576 2.87834366 1.43375566 
0.01035930 2.91245273 1.45106543 
0.01048283 2.94652092 1.46837520 
0.01061090 2.98278484 1.48632153 
0.01073897 3.01808483 1.50426786 
0.01086704 3.05333944 1.52221419 
0.01099978 3.09093281 1.54081607 
0.01113252 3.12745543 1.55941794 
0.01126527 3.16392772 1.57801982 
0.01140288 3.20290763 1.59730463 
0.01154049 3.24069593 1.61658944 
0.01167810 3.27842837 1.63587426 
0.01182076 3.31884587 1.65586727 
0.01196342 3.35793913 1.67586029 
0.01210608 3.39697044 1.69585331 
0.01225398 3.43887712 1.71658146 
0.01240187 3.47931370 1.73730961 
0.01254977 3.51968160 1.75803777 
0.01270307 3.56312894 1.77952552 
0.01285638 3.60494472 1.80101327 
0.01300968 3.64668437 1.82250102 
0.01316860 3.69173407 1.84477711 
0.01332752 3.73497103 1.86705319 
0.01348644 3.77812366 1.88932927 
0.01365119 3.82483920 1.91242433 
0.01381594 3.86954131 1.93551938 
0.01398070 3.91415003 1.95861443 
0.01415149 3.96259298 1.98256246 
0.01432229 4.00880187 2.00651050 
0.01449308 4.05490734 2.03045853 
0.01467012 4.10514779 2.05529152 
0.01484716 4.15290697 2.08012451 
0.01502420 4.20055169 2.10495750 
0.01520773 4.25269357 2.13072204 
0.01539127 4.30206920 2.15648658 
0.01557480 4.35131808 2.18225111 
0.01576507 4.40550523 2.20902384 
0.01595533 4.45659043 2.23579656 
0.01614560 4.50753500 2.26256928 
0.01634283 4.56404613 2.29053093 
0.01654006 4.61702647 2.31849258 
0.01673729 4.66984992 2.34645423 
0.01694175 4.72938784 2.37571514 
0.01714621 4.78474615 2.40497606 
0.01735067 4.83992655 2.43423698 
0.01756263 4.90420370 2.46618801 
0.01777459 4.96298716 2.49813904 
0.01798655 5.02156089 2.53009007 
0.01820547 5.09446542 2.56742767 
0.01842438 5.15956610 2.60476527 
0.01864330 5.22439376 2.64210287 
0.01886703 5.32074048 2.68491447 
0.01909076 5.40200178 2.72772606 
0.01931449 5.48282645 2.77053766 
0.01954299 5.58173281 2.80301011 
0.01977150 5.66357331 2.83548256 
0.02000000 5.74477870 2.86795500 
0.02023753 5.68400294 3.10153556 
0.02047499 5.84011328 3.34871742 
0.02071239 5.99347753 3.60970874 
0.02097103 6.29232290 3.81898695 
0.02122959 6.55579486 4.04472533 
0.02148808 6.81222686 4.28781042 
0.02177337 7.25959808 4.58303109 
0.02205856 7.59773763 4.89870398 
0.02234366 7.92257245 5.23711471 
0.02267501 8.72889118 5.56244079 
0.02300624 9.23443603 5.91732175 
0.02333734 9.70704923 6.30252000 
0.02372487 10.65669212 6.75733886 
0.02411223 11.26572164 7.25565057 
0.02449940 11.81905719 7.79461483 
0.02495318 13.01867879 8.27196238 
0.02540670 13.72247075 8.81001974 
0.02585997 14.34895164 9.40475432 
0.02639380 15.77749126 10.21881551 
0.02692727 16.50274078 11.11706667 
0.02746037 17.14883074 12.09646724 
0.02804985 18.87392993 12.81038911 
0.02863887 19.74103944 13.62829868 
0.02922742 20.51546743 14.54929103 
0.02983033 22.91844766 15.27101904 
0.03043274 24.02208572 16.10480275 
0.03103463 25.01813707 17.05103838 
0.03163610 27.38426165 18.17387833 
0.03223704 28.47901238 19.41259424 
0.03283745 29.48095980 20.76771443 
0.03343739 31.56170529 21.67155067 
0.03403679 32.72112373 22.69496383 
0.03463563 33.78817085 23.83845003 
0.03523398 35.15884347 25.35400835 
0.03583175 36.11667387 26.99271694 
0.03642895 37.01434948 28.75488343 
0.03702558 39.17238158 30.02723703 
0.03762162 40.19835890 31.42616520 
0.03821707 41.15853590 32.95164489 
0.03881199 43.04805223 33.89940662 
0.03940630 44.09511910 34.97706038 
0.04000000 45.07578262 36.18413691 
0.04060600 46.57724425 37.40775445 
0.04121139 47.49843882 38.76070042 
0.04181617 48.37038679 40.24248784 
0.04242853 49.65810921 41.40495791 
0.04304032 50.54051166 42.68561705 
0.04365154 51.37902232 44.08240989 
0.04426216 52.39872042 45.09362889 
0.04487228 53.19210568 46.20931919 
0.04548189 53.95022756 47.42506086 
0.04609095 54.78676828 48.51113352 
0.04669957 55.49596875 49.68843634 
0.04730774 56.17827177 50.95006713 
0.04791543 57.35771528 51.97827424 
0.04852274 58.05554332 53.08477774 
0.04912966 58.72863402 54.26036336 
0.04973617 59.42203473 55.03860229 
0.05034235 60.08592808 55.88033173 
0.05094822 60.72878290 56.77747133 
0.05155373 61.40508319 57.53663717 
0.05215899 62.00575631 58.34448602 
0.05276399 62.59082003 59.19469323 
0.05336872 63.23765256 60.08390510 
0.05397325 63.83286358 61.00679159 
0.05457758 64.41379869 61.95965795 
0.05518174 65.11387111 62.75450453 
0.05578576 65.71347146 63.56829938 
0.05638965 66.29985279 64.39911542 
0.05699338 67.04221635 65.12515215 
0.05759704 67.65289939 65.85549750 
0.05820061 68.25153632 66.58945710 
0.05880042 68.94688059 67.29017637 
0.05940022 69.55654692 67.98077863 
0.06000000 70.15561988 68.66126578 
0.06060073 70.81785217 69.34776619 
0.06120148 71.41577082 70.01633646 
0.06180226 72.00433405 70.66697645 
0.06240800 72.69376112 71.39165493 
0.06301377 73.27255627 72.09647702 
0.06361959 73.84313342 72.78185180 
0.06422549 74.62184497 73.44331107 
0.06483144 75.20936693 74.08325580 
0.06543744 75.78890472 74.70251746 
0.06604354 76.32656247 75.33941187 
0.06664971 76.88055903 75.95311575 
0.06725595 77.42782806 76.54489290 
0.06786229 78.00909960 77.23419611 
0.06846872 78.54033480 77.89930218 
0.06907524 79.06572434 78.54088411 
0.06968184 79.72614383 79.26009761 
0.07028855 80.24655703 79.95431262 
0.07089536 80.76182237 80.62328650 
0.07150236 81.35371373 81.28323686 
0.07210947 81.88393428 81.91738156 
0.07271670 82.40911568 82.52453895 
0.07332405 82.81763975 83.24210794 
0.07393153 83.29277802 83.93285518 
0.07453914 83.76397427 84.59528583 
0.07514690 84.33570601 85.32894949 
0.07575479 84.80433257 86.03450531 
0.07636284 85.26964102 86.71093295 
0.07697108 85.75419504 87.36204872 
0.07757948 86.21298018 87.98375497 
0.07818804 86.66870894 88.57551800 
0.07879185 87.09189288 89.21050869 
0.07939584 87.52178007 89.81527902 
0.08000000 87.94912936 90.38979198 
0.08060079 88.33289646 90.99176411 
0.08120177 88.74085977 91.56341604 
0.08180295 89.14672638 92.10470136 
0.08240559 89.54611399 92.63973937 
0.08300846 89.95044919 93.14409452 
0.08361157 90.35319428 93.61830950 
0.08421493 90.73851930 94.03312730 
0.08481858 91.14449737 94.41687234 
0.08542249 91.54892527 94.77082545 
0.08602666 91.90478531 95.13375065 
0.08663114 92.29805347 95.46511118 
0.08723594 92.68988044 95.76701951 
0.08784106 93.03348103 96.07707646 
0.08844655 93.42542533 96.35540107 
0.08905238 93.81638959 96.60438970 
0.08965852 94.18305801 96.76775258 
0.09026506 94.57257894 96.89938019 
0.09087199 94.96090286 97.00166836 
0.09147928 95.30573924 97.13613722 
0.09208700 95.69378555 97.23894255 
0.09269514 96.08096808 97.31232670 
0.09330367 96.42530495 97.31544190 
0.09391266 96.81429773 97.28711526 
0.09452211 97.20222119 97.22906176 
0.09513196 97.55421925 97.16840694 
0.09574231 97.93893189 97.07661735 
0.09635316 98.32260093 96.95469653 
0.09696441 98.65518550 96.80759723 
0.09757621 99.03214758 96.62967031 
0.09818855 99.40798605 96.42128677 
0.09879180 99.74455711 96.13942331 
0.09939562 100.11985068 95.82798799 
0.10000000 100.49366486 95.48676794 
0.10059575 100.75767561 95.18972449 
0.10119208 101.13492402 94.86127974 
0.10178899 101.51082256 94.50119086 
0.10238641 101.81020200 94.07272872 
0.10298444 102.20545099 93.60762374 
0.10358309 102.59923080 93.10501828 
0.10418238 102.95357188 92.54611794 
0.10478231 103.38130755 91.94517581 
0.10538289 103.80720374 91.30076858 
0.10598414 104.24499959 90.58649211 
0.10658608 104.71226969 89.82455583 
0.10718870 105.17686135 89.01308044 
0.10779218 105.56029365 88.28839121 
0.10839637 106.04733470 87.50895892 
0.10900129 106.53184142 86.67437466 
0.10960707 107.03029432 85.74695276 
0.11021360 107.56093904 84.75769375 
0.11082089 108.08790410 83.70743707 
0.11142911 108.63491778 82.69868306 
0.11203813 109.19851016 81.62096835 
0.11264793 109.75763005 80.47615907 
0.11325872 110.35671375 79.38542772 
0.11387033 110.95989900 78.21901961 
0.11448277 111.55761992 76.97830642 
0.11509622 112.20250689 75.80195637 
0.11571053 112.84973399 74.54325329 
0.11632570 113.49030070 73.20266597 
0.11694188 114.16150052 71.97456532 
0.11755895 114.86509556 70.65731285 
0.11817693 115.56184941 69.25058820 
0.11878372 116.32683869 67.98950428 
0.11939141 117.07054728 66.63615913 
0.12000000 117.80560932 65.18953725 
0.12059678 118.66758401 63.97271672 
0.12119440 119.42540187 62.66584218 
0.12179287 120.17395257 61.26801071 
0.12239207 121.05046822 60.14185984 
0.12299205 121.81766577 58.92969940 
0.12359280 122.57746488 57.62995918 
0.12419417 123.38904782 56.64195936 
0.12479625 124.12658156 55.57235712 
0.12539902 124.85710580 54.41868032 
0.12600232 125.66118351 53.52203169 
0.12660625 126.37182062 52.54850574 
0.12721082 127.07652496 51.49452350 
0.12781582 127.83910192 50.71936308 
0.12842139 128.51675588 49.87146820 
0.12902752 129.18854942 48.94725873 
0.12963402 129.92732073 48.26920581 
0.13024103 130.57342898 47.52240240 
0.13084852 131.21390050 46.70370882 
0.13145634 131.92427690 46.12173532 
0.13206459 132.53723141 45.47486493 
0.13267326 133.14489305 44.76077121 
0.13328223 133.81874468 44.27755263 
0.13389156 134.39479362 43.73324531 
0.13450124 134.96605616 43.12642382 
0.13511119 135.60120385 42.71789507 
0.13572144 136.13600730 42.25215131 
0.13633197 136.66687841 41.72840546 
0.13694276 137.31174545 41.38959938 
0.13755376 137.81794456 40.99749488 
0.13816499 138.32078103 40.55174831 
0.13877651 138.84987689 40.31157704 
0.13938818 139.30005654 40.02206580 
0.14000000 139.74785399 39.68313026 
0.14064050 140.35200134 39.42895915 
0.14128112 140.80546727 39.12631794 
0.14192186 141.25675093 38.77513836 
0.14259084 141.76520526 38.56168204 
0.14325994 142.19289199 38.30285344 
0.14392915 142.61854891 37.99866401 
0.14459862 143.08564401 37.83142299 
0.14526820 143.48008149 37.62648132 
0.14593787 143.87280309 37.38385033 
0.14660773 144.33101029 37.24857729 
0.14727766 144.69887303 37.08331882 
0.14794768 145.06540229 36.88808356 
0.14861785 145.49731158 36.79876945 
0.14928807 145.83992112 36.68721480 
0.14995836 146.18139925 36.55342419 
0.15062876 146.53210300 36.52607514 
0.15129920 146.83607918 36.48425137 
0.15196968 147.13900635 36.42795330 
0.15264024 147.42985202 36.48730332 
0.15331083 147.68471976 36.53995740 
0.15398143 147.93874758 36.58591269 
0.15465206 148.14675396 36.77371328 
0.15532268 148.35484081 36.96260219 
0.15599332 148.56238626 37.15257463 
0.15666401 148.90888405 37.36411246 
0.15733470 149.09210821 37.58452269 
0.15800537 149.27483153 37.81380015 
0.15867028 149.42682850 38.14539009 
0.15933515 149.54026920 38.49331615 
0.16000000 149.65342467 38.85757433 
0.16066235 149.70635130 39.23912124 
0.16132467 149.76725962 39.63754295 
0.16198696 149.82804076 40.05283583 
0.16265465 149.80765536 40.46798292 
0.16332231 149.83260722 40.89396126 
0.16398996 149.85752207 41.33076602 
0.16465760 149.81711636 41.74748804 
0.16532522 149.81773256 42.16870077 
0.16599285 149.81834190 42.59440248 
0.16666047 149.77540353 42.96187441 
0.16732810 149.75226859 43.32749918 
0.16799574 149.72912729 43.69127720 
0.16866330 149.63693295 44.03909073 
0.16933087 149.59281012 44.37872124 
0.16999848 149.54865126 44.71017052 
0.17066610 149.44725348 44.97752903 
0.17133376 149.37798252 45.23036495 
0.17200146 149.30860724 45.46868055 
0.17266912 149.10524610 45.70674174 
0.17333683 149.02182208 45.92393902 
0.17400459 148.93821413 46.12027395 
0.17467237 148.80096523 46.21518424 
0.17534020 148.68713628 46.28288039 
0.17600810 148.57296065 46.32336166 
0.17667601 148.34700348 46.32612010 
0.17734399 148.20984833 46.29530682 
0.17801205 148.07210736 46.23091087 
0.17867462 147.84300606 46.07133230 
0.17933727 147.68284072 45.87248673 
0.18000000 147.52190319 45.63436548 
0.18066112 147.26125494 45.30756349 
0.18132233 147.07170671 44.94069055 
0.18198364 146.88098217 44.53372879 
0.18264912 146.61536252 43.94943594 
0.18331473 146.41411867 43.32883122 
0.18398044 146.21145866 42.67189191 
0.18464628 145.88105011 41.94240831 
0.18531225 145.69403518 41.18089358 
0.18597835 145.50535775 40.38730774 
0.18664465 145.15747203 39.47362883 
0.18731109 144.97110980 38.53220517 
0.18797768 144.78266091 37.56297855 
0.18864448 144.43842114 36.55498010 
0.18931144 144.25536880 35.52353310 
0.18997856 144.06957920 34.46856479 
0.19064593 143.80876463 33.29544787 
0.19131348 143.63006651 32.10318467 
0.19198121 143.44850930 30.89169485 
0.19264921 143.17200830 29.64049349 
0.19331741 143.01292740 28.37445410 
0.19398579 142.85035346 27.09349834 
0.19465447 142.60810076 25.78643400 
0.19532336 142.48046789 24.46884643 
0.19599245 142.34894407 23.14066928 
0.19666184 142.17077384 21.76925913 
0.19733145 142.09525127 20.39164747 
0.19800129 142.01552062 19.00778858 
0.19866729 141.87280099 17.67011167 
0.19933352 141.85337332 16.33057853 
0.20000000 141.82957575 14.98916996 
0.20066356 141.82027513 13.76992472 
0.20132735 141.85881557 12.55215433 
0.20199137 141.89348196 11.33585374 
0.20265699 141.95602686 10.30002118 
0.20332281 142.02674323 9.26808593 
0.20398885 142.09448851 8.24004678 
0.20465502 142.18094092 7.35394945 
0.20532136 142.28202727 6.47416985 
0.20598789 142.38081776 5.60071400 
0.20665451 142.50085069 4.86619728 
0.20732127 142.62647402 4.14042167 
0.20798820 142.75052741 3.42339808 
0.20865517 142.91491432 2.83558985 
0.20932228 143.06640469 2.25894749 
0.20998951 143.21666842 1.69348348 
0.21065677 143.41652235 1.22722203 
0.21132414 143.60001651 0.77455017 
0.21199161 143.78266078 0.33548046 
0.21265910 144.01874096 0.01878896 
0.21332667 144.22475559 -0.28189064 
0.21399431 144.42984858 -0.56654675 
0.21466196 144.74160516 -0.76299581 
0.21532967 144.98426426 -0.94101191 
0.21599743 145.22611299 -1.10058521 
0.21666522 145.55866206 -1.14034306 
0.21733304 145.83047019 -1.15924588 
0.21800088 146.10128631 -1.15728628 
0.21866726 146.47347238 -1.02842433 
0.21933363 146.76759365 -0.87639493 
0.22000000 147.06054414 -0.70119416 
0.22066626 147.51240491 -0.44227722 
0.22133251 147.83583540 -0.16132575 
0.22199873 148.15775415 0.14166066 
0.22266628 148.59656002 0.56440644 
0.22333379 148.94013466 1.00460735 
0.22400126 149.28186620 1.46226105 
0.22466875 149.75823541 2.01749011 
0.22533618 150.13703766 2.58550849 
0.22600357 150.51356938 3.16631203 
0.22667096 150.98023011 3.89092406 
0.22733829 151.36471858 4.62365915 
0.22800556 151.74689988 5.36451177 
0.22867282 152.30165416 6.18312044 
0.22934000 152.70214433 7.00518493 
0.23000712 153.09953117 7.83069897 
0.23067421 153.57808105 8.80683523 
0.23134121 153.96510932 9.78175893 
0.23200813 154.34925059 10.75546410 
0.23267500 154.88816544 11.77567271 
0.23334178 155.25699985 12.78999977 
0.23400846 155.62223737 13.79844118 
0.23467508 156.09559831 14.88815026 
0.23534159 156.45045602 15.96730976 
0.23600798 156.80204362 17.03591987 
0.23667425 157.21196371 18.11790272 
0.23734040 157.51053077 19.18467327 
0.23800642 157.80566524 20.23623966 
0.23867109 158.05086457 21.34509817 
0.23933561 158.27891253 22.43416267 
0.24000000 158.50421084 23.50345880 
0.24066598 158.76148049 24.45294033 
0.24133182 158.92253511 25.38218807 
0.24199753 159.08082088 26.29123453 
0.24266580 159.17202208 27.03063301 
0.24333395 159.28230915 27.75364027 
0.24400198 159.39050409 28.46028798 
0.24466989 159.45328160 28.99864880 
0.24533769 159.52979486 29.52462558 
0.24600538 159.60490181 30.03824104 
0.24667290 159.66267657 30.40950770 
0.24734032 159.72182971 30.77238900 
0.24800766 159.77980123 31.12689798 
0.24867487 159.76273817 31.31260713 
0.24934201 159.80997177 31.49391546 
0.25000907 159.85647597 31.67082647 
0.25067602 159.86774992 31.71044780 
0.25134291 159.91315138 31.74963985 
0.25200973 159.95809464 31.78840081 
0.25267647 159.96056422 31.68256650 
0.25334317 160.01009831 31.58026490 
0.25400981 160.05937337 31.48149214 
0.25467643 160.05634615 31.32145239 
0.25534301 160.12127652 31.16890141 
0.25600956 160.18598765 31.02383655 
0.25667603 160.24398305 30.72677907 
0.25734249 160.32998177 30.44116129 
0.25800893 160.41585146 30.16698475 
0.25867262 160.50529256 29.81700846 
0.25933631 160.62382502 29.48229508 
0.26000000 160.74218708 29.16284914 
0.26066428 160.90280313 28.86423285 
0.26132856 161.07040232 28.58330427 
0.26199285 161.23769900 28.32007021 
0.26266048 161.43851848 28.09468629 
0.26332811 161.62372555 27.88805398 
0.26399573 161.80851636 27.70017883 
0.26466334 162.02324730 27.53912803 
0.26533094 162.21556430 27.39771296 
0.26599852 162.40738556 27.27593978 
0.26666608 162.60037560 27.19706359 
0.26733361 162.78369271 27.13870543 
0.26800112 162.96654850 27.10086979 
0.26866866 163.18472823 27.09412106 
0.26933616 163.36824050 27.10877437 
0.27000363 163.55117410 27.14483174 
0.27067106 163.78988940 27.19131467 
0.27133844 163.97288642 27.26007687 
0.27200578 164.15518264 27.35111715 
0.27267311 164.36120970 27.44382418 
0.27334039 164.53390130 27.55968909 
0.27400761 164.70596401 27.69870702 
0.27467476 164.88590408 27.84015110 
0.27534185 165.03733794 28.00562583 
0.27600887 165.18815921 28.19512224 
0.27667590 165.32466116 28.40185314 
0.27734284 165.45565881 28.63349070 
0.27800970 165.58601149 28.89002167 
0.27867322 165.74734488 29.12615579 
0.27933666 165.85959963 29.38780930 
0.28000000 165.97104762 29.67496466 
0.28066412 166.05453743 29.88154249 
0.28132816 166.13878634 30.11230450 
0.28199212 166.22248063 30.36723364 
0.28266000 166.27702800 30.54156560 
0.28332781 166.35412520 30.73666791 
0.28399555 166.43082572 30.95252777 
0.28466324 166.48287015 31.06893026 
0.28533087 166.56280735 31.20239298 
0.28599845 166.64247213 31.35290731 
0.28666595 166.69246345 31.40739125 
0.28733341 166.78282245 31.47522988 
0.28800084 166.87293558 31.55641799 
0.28866824 166.94192594 31.60925131 
0.28933563 167.05292165 31.67174140 
0.29000300 167.16359794 31.74388556 
0.29067024 167.27818818 31.68404513 
0.29133748 167.40973878 31.63016548 
0.29200473 167.54104075 31.58224565 
0.29267194 167.67983870 31.48493386 
0.29333918 167.84281917 31.38989299 
0.29400643 168.00546987 31.29712297 
0.29467363 168.18844858 31.15688830 
0.29534086 168.39730210 31.01523722 
0.29600813 168.60566517 30.87216967 
0.29667535 168.84678506 30.68537617 
0.29734262 169.10541429 30.49348130 
0.29800994 169.36336274 30.29648416 
0.29867322 169.69671274 30.06247506 
0.29933658 170.01957542 29.81979659 
0.30000000 170.34132831 29.56844631 
0.30066678 170.84080171 29.37984683 
0.30133361 171.23175466 29.18741311 
0.30200048 171.62104718 28.99114462 
0.30267239 172.15563931 28.97457368 
0.30334426 172.55771955 28.96787146 
0.30401611 172.95753721 28.97103460 
0.30468789 173.49374797 29.11828333 
0.30535958 173.88205151 29.28920622 
0.30603117 174.26758193 29.48378468 
0.30670271 174.77268955 29.81431650 
0.30737408 175.12774713 30.18231282 
0.30804527 175.47958211 30.58772654 
0.30871638 175.92197961 31.11002218 
0.30938725 176.22576544 31.68354028 
0.31005787 176.52595070 32.30819047 
0.31072838 176.85845463 33.02011116 
0.31139858 177.08364177 33.79696626 
0.31206846 177.30495540 34.63860509 
0.31273818 177.54360750 35.61918167 
0.31340751 177.63319451 36.67833433 
0.31407646 177.71765992 37.81583214 
0.31474518 177.87692060 38.94705336 
0.31541344 177.86627245 40.17039052 
0.31608124 177.84923564 41.48550896 
0.31674869 177.66821749 42.87287479 
0.31741561 177.48432708 44.36574444 
0.31808200 177.29331699 45.96365193 
0.31872189 176.91701593 47.45945592 
0.31936122 176.52786593 49.06460515 
0.32000000 176.13090691 50.77854502 
0.32061177 175.43802760 52.28846362 
0.32122303 174.92915561 53.89831396 
0.32183378 174.41293573 55.60758083 
0.32244405 173.56202793 57.01975994 
0.32305387 172.96415531 58.52031299 
0.32366324 172.36086989 60.10881916 
0.32427206 171.57246765 61.26597459 
0.32488049 170.95799343 62.50005467 
0.32548853 170.33903782 63.81073802 
0.32609606 169.53129389 64.83454500 
0.32670327 168.91663582 65.92396652 
0.32731015 168.29782411 67.07878255 
0.32791656 167.40040588 68.04116929 
0.32852270 166.79780628 69.05799050 
0.32912857 166.19245788 70.12912773 
0.32973404 165.43905474 70.85813920 
0.33033929 164.87567108 71.63053570 
0.33094434 164.31007691 72.44628171 
0.33154904 163.65142374 72.98446900 
0.33215360 163.12766421 73.55511201 
0.33275800 162.60161593 74.15822988 
0.33336214 161.94871443 74.55247912 
0.33396620 161.48487231 74.96835592 
0.33457017 161.01934943 75.40590054 
0.33517395 160.45425178 75.68186795 
0.33577771 160.05835480 75.96871092 
0.33638144 159.66096914 76.26646037 
0.33698507 159.18813921 76.34740896 
0.33758874 158.85217247 76.42852331 
0.33819244 158.51474433 76.50981808 
0.33879487 158.09811755 76.45456083 
0.33939738 157.83987322 76.38882999 
0.34000000 157.58010301 76.31261702 
0.34060132 157.30096525 76.08942289 
0.34120278 157.10864055 75.84574334 
0.34180438 156.91477594 75.58154854 
0.34240615 156.74395697 75.23079306 
0.34300809 156.61936267 74.85001477 
0.34361021 156.49331926 74.43912568 
0.34421262 156.40744826 73.88594209 
0.34481524 156.36729595 73.29317009 
0.34541807 156.32551472 72.66061830 
0.34602124 156.19660823 72.06492726 
0.34662466 156.22510244 71.42003988 
0.34722833 156.25114547 70.72561820 
0.34783243 156.24755908 69.95477729 
0.34843680 156.34004666 69.12504875 
0.34904147 156.42958720 68.23593270 
0.34964661 156.53071898 67.31183326 
0.35025208 156.68901827 66.31900985 
0.35085787 156.84384740 65.25685825 
0.35146420 157.02036769 64.14263901 
0.35207088 157.27789458 62.94970393 
0.35267792 157.53091576 61.67740231 
0.35328553 157.76369297 60.45922924 
0.35389353 158.07986107 59.15218255 
0.35450192 158.39082900 57.75564169 
0.35511090 158.75732290 56.35999790 
0.35572031 159.15922788 54.86518302 
0.35633015 159.55460867 53.27060620 
0.35694057 160.06532747 51.71737348 
0.35755145 160.56127930 50.05455126 
0.35816279 161.04928010 48.28155266 
0.35877470 161.66489561 46.57375535 
0.35938710 162.27407146 44.74583993 
0.36000000 162.87329394 42.79720239 
0.36063956 163.69158889 41.01138925 
0.36127964 164.45966728 39.09775213 
0.36192025 165.21756681 37.05568272 
0.36258702 166.18554924 35.32272716 
0.36325429 167.01422757 33.47043829 
0.36392205 167.83241252 31.49835984 
0.36459010 168.82925576 29.92945222 
0.36525857 169.69029879 28.26083923 
0.36592747 170.54263743 26.49221761 
0.36659652 171.57462988 25.06680876 
0.36726592 172.42730995 23.56154688 
0.36793566 173.27235859 21.97624018 
0.36860549 174.22663164 20.81228788 
0.36927558 175.04907000 19.58847625 
0.36994595 175.86291859 18.30469200 
0.37061636 176.94768589 17.25283426 
0.37128696 177.76749939 16.16119782 
0.37195775 178.58023417 15.02972224 
0.37262856 179.53945577 14.30154299 
0.37329948 180.30680587 13.55371410 
0.37397053 181.06794797 12.78620763 
0.37464158 182.13319123 12.18464325 
0.37531267 182.87248555 11.58357970 
0.37598380 183.60628552 10.98300478 
0.37665494 184.48753495 10.71053475 
0.37732604 185.16364654 10.45871760 
0.37799710 185.83454476 10.22754158 
0.37866484 186.58599273 10.21176310 
0.37933248 187.16668744 10.23632426 
0.38000000 187.74282797 10.30119867 
0.38066537 188.28499786 10.46887914 
0.38133060 188.75636892 10.68092135 
0.38199570 189.22438674 10.93729125 
0.38266399 189.66031215 11.12833436 
0.38333216 190.06750320 11.35292601 
0.38400021 190.47159682 11.61104086 
0.38466824 190.85763184 11.79184261 
0.38533617 191.23832592 11.99495271 
0.38600399 191.61649548 12.22035429 
0.38667179 192.00708240 12.37157452 
0.38733950 192.38228468 12.53387939 
0.38800712 192.75518545 12.70725867 
0.38867472 193.13601077 12.80452166 
0.38934225 193.51454965 12.90165454 
0.39000970 193.89102491 12.99865256 
0.39067713 194.31894197 13.03234341 
0.39134450 194.72464249 13.05469132 
0.39201182 195.12799638 13.06569556 
0.39267909 195.53937658 13.01852915 
0.39334632 195.95872360 12.94880347 
0.39401351 196.37597085 12.85652052 
0.39468073 196.90455409 12.71738610 
0.39534794 197.37392895 12.54445679 
0.39601511 197.84087615 12.33773384 
0.39668228 198.41326765 12.08294777 
0.39734943 198.93288819 11.78311612 
0.39801658 199.44970751 11.43823458 
0.39867771 200.10635848 11.08300830 
0.39933885 200.68569934 10.67249648 
0.40000000 201.26173204 10.20673090 
0.40065755 202.02024493 9.77429262 
0.40131512 202.66655875 9.28474510 
0.40197270 203.30882570 8.73812376 
0.40263030 204.18872299 8.28252717 
0.40328790 204.90711025 7.77582087 
0.40394550 205.62049165 7.21814052 
0.40460305 206.50714370 6.76785443 
0.40526059 207.27703323 6.27245200 
0.40591814 208.04116313 5.73221391 
0.40657569 208.96654324 5.40197213 
0.40723323 209.76264388 5.03261519 
0.40789076 210.55264704 4.62456517 
0.40854829 211.75733309 4.30502764 
0.40920581 212.63632776 3.95239881 
0.40986332 213.50771839 3.56723086 
0.41052077 214.64689237 3.42927821 
0.41117821 215.59104865 3.26428689 
0.41183562 216.52643690 3.07292232 
0.41249302 217.71899551 3.10680328 
0.41315040 218.71168622 3.11971979 
0.41380775 219.69474443 3.11242988 
0.41445994 220.99774940 3.33965691 
0.41511211 222.05241482 3.55223327 
0.41576424 223.09629830 3.75098467 
0.41634808 224.33957609 4.19101030 
0.41693189 225.32967880 4.62380032 
0.41751568 226.31026571 5.05029627 
0.41798151 227.40644834 5.56561167 
0.41844732 228.27173657 6.07771213 
0.41891312 229.12996021 6.58865978 
0.41927542 229.92611231 7.11875658 
0.41963772 230.61372841 7.64852171 
0.42000000 231.29700925 8.17795552 
0.42031717 232.08353250 8.68861078 
0.42063434 232.72128727 9.20061196 
0.42095149 233.35521582 9.71395880 
0.42126864 234.08074963 10.30024647 
0.42158578 234.73982976 10.88698925 
0.42190292 235.39499807 11.47418709 
0.42222005 236.20398301 12.13441446 
0.42253717 236.91122187 12.79693777 
0.42285430 237.61410592 13.46186905 
0.42317142 238.45226652 14.18646361 
0.42348854 239.21330369 14.91257534 
0.42380565 239.96949361 15.64020427 
0.42412273 240.85973047 16.46399576 
0.42443981 241.66397627 17.29105045 
0.42475689 242.46295624 18.12158060 
0.42507401 243.47241556 19.00740100 
0.42539114 244.34467754 19.89580858 
0.42570826 245.21091492 20.78680406 
0.42602540 246.34158406 21.77834524 
0.42634253 247.28814392 22.77411554 
0.42665968 248.22784194 23.77442976 
0.42697683 249.45141793 24.92617571 
0.42729400 250.51357504 26.08158005 
0.42761117 251.56736501 27.24064473 
0.42792835 252.86709165 28.51269853 
0.42824555 254.04832437 29.78955846 
0.42856276 255.21946532 31.07220441 
0.42888002 256.68310607 32.50911239 
0.42919731 257.99775455 33.95075306 
0.42951460 259.30014490 35.39713005 
0.42983191 260.96294842 37.05223070 
0.43014924 262.43867611 38.71242330 
0.43046659 263.89904012 40.37974158 
0.43078395 265.83184029 42.23221834 
0.43110134 267.48012356 44.09050290 
0.43141874 269.10946924 45.95460097 
0.43173617 271.44349342 48.05206425 
0.43205362 273.31631127 50.15494502 
0.43237109 275.16525193 52.26617750 
0.43268858 278.00075789 54.66426852 
0.43300610 280.18168881 57.06924470 
0.43332365 282.33112576 59.48111405 
0.43364122 285.78608212 62.45750242 
0.43395882 288.42479929 65.43991730 
0.43427644 291.01856012 68.43137233 
0.43459410 295.34517384 71.89115132 
0.43491179 298.54751021 75.35889495 
0.43522950 301.68560058 78.83461360 
0.43554725 307.40731915 83.37461309 
0.43586503 311.36561584 87.92172882 
0.43618285 315.22910092 92.47772088 
0.43650076 323.28181754 97.36870343 
0.43681870 328.51724102 102.26873511 
0.43713668 333.59492809 107.17782853 
0.43745470 345.29266164 118.15004584 
0.43777276 351.90549172 129.13047345 
0.43809085 358.27227149 140.11982096 
0.43840892 388.04354200 109.41705955 
0.43872704 404.13753830 78.72441834 
0.43904519 419.04798464 48.04191174 
0.43936342 451.74486277 275.45246547 
0.43968169 454.76030210 502.87231167 
0.44000000 190.35779665 730.30146176 
0.44000000 457.01252204 730.30146176 
0.44032553 127.73752347 633.82299142 
0.44065110 0.54434788 537.35382898 
0.44097672 -290.11515557 440.89398661 
0.44130952 -56.79493868 400.84771286 
0.44164236 -59.04223161 360.81142040 
0.44197525 -62.50103553 320.78511956 
0.44230819 -51.22297109 304.78841870 
0.44264117 -50.68360187 288.79885941 
0.44297420 -50.30312267 272.81636889 
0.44330727 -45.35107445 260.01189748 
0.44364038 -44.81502672 247.21473143 
0.44397354 -44.32762954 234.42487573 
0.44430674 -41.28944382 225.02908970 
0.44463998 -40.73032314 215.63775413 
0.44497326 -40.18409798 206.25081649 
0.44530659 -36.69170919 198.75234481 
0.44563995 -36.07581805 191.25849669 
0.44597335 -35.45149002 183.76927338 
0.44630675 -33.50656355 177.58236484 
0.44664018 -32.95607381 171.39721667 
0.44697364 -32.39654708 165.21379052 
0.44730715 -30.89126259 159.96109273 
0.44764069 -30.24007680 154.71033444 
0.44797427 -29.56935354 149.46151445 
0.44830789 -28.53525575 144.88977527 
0.44864154 -27.99750043 140.31710938 
0.44897523 -27.44633263 135.74348826 
0.44930895 -26.49311141 131.75368422 
0.44964270 -25.95719880 127.76313663 
0.44997649 -25.40661682 123.77184269 
0.45031031 -24.34480701 120.20859314 
0.45064417 -23.87658278 116.64173023 
0.45097805 -23.39645900 113.07123307 
0.45131197 -22.64130203 109.88915858 
0.45164592 -22.14453203 106.70365730 
0.45197990 -21.63309219 103.51472553 
0.45231387 -20.99448423 100.62633991 
0.45264787 -20.55138275 97.73165557 
0.45298190 -20.09592409 94.83065752 
0.45331596 -19.45499211 92.21165142 
0.45365005 -19.04823656 89.58653601 
0.45398417 -18.63036677 86.95530706 
0.45431831 -17.86321388 84.52511852 
0.45465247 -17.47783723 82.08594449 
0.45498667 -17.08137674 79.63777436 
0.45532088 -16.53292387 77.42319576 
0.45565513 -16.14247061 75.19982327 
0.45598939 -15.73964450 72.96765240 
0.45632368 -15.24343876 70.91202328 
0.45665799 -14.86606277 68.84471989 
0.45699233 -14.47619324 66.76573487 
0.45732668 -13.94267819 64.85107554 
0.45766106 -13.59575532 62.92493517 
0.45799546 -13.23696019 60.98730916 
0.45832987 -12.77926541 59.21415245 
0.45866431 -12.43557642 57.42663160 
0.45899877 -12.07908791 55.62474137 
0.45933249 -11.60607226 54.04450497 
0.45966624 -11.28904550 52.45016173 
0.46000000 -10.95965680 50.84170711 
0.46033282 -10.54688234 49.37716595 
0.46066566 -10.20775425 47.89689434 
0.46099852 -9.85266093 46.40088770 
0.46133154 -9.46304650 44.93087453 
0.46166458 -9.14933751 43.44513804 
0.46199763 -8.82002559 41.94367387 
0.46233070 -8.43997431 40.53577328 
0.46266378 -8.13284199 39.11159511 
0.46299688 -7.80836116 37.67113550 
0.46332999 -7.43816083 36.29274125 
0.46366312 -7.15111015 34.89809152 
0.46399626 -6.84631705 33.48718232 
0.46432941 -6.45050972 32.13301546 
0.46466258 -6.17546132 30.76203730 
0.46499576 -5.88087389 29.37424515 
0.46532895 -5.50131742 28.04858232 
0.46566215 -5.24631090 26.70613161 
0.46599537 -4.97078133 25.34688943 
0.46632864 -4.59288692 24.03416440 
0.46666193 -4.33794763 22.70408969 
0.46699523 -4.05655703 21.35666386 
0.46732853 -3.70935918 20.03469965 
0.46766185 -3.47235203 18.69541070 
0.46799518 -3.20494818 17.33879383 
0.46832848 -2.87461720 15.93505042 
0.46866180 -2.62661696 14.51342797 
0.46899512 -2.32558957 13.07392633 
0.46932845 -2.04796432 11.49375122 
0.46966179 -1.87834193 9.89572361 
0.46999514 -1.64528308 8.27984080 
0.47032855 -0.93269850 6.97184627 
0.47066198 -0.78697093 5.64543312 
0.47099541 -0.58093887 4.30060261 
0.47132886 -0.17636932 3.67298403 
0.47166231 -0.01860186 3.02697520 
0.47199576 0.13371340 2.36257393 
0.47232919 0.47272616 2.02007221 
0.47266263 0.68697832 1.65862389 
0.47299607 0.84646092 1.27823138 
0.47332952 1.00976808 0.01766580 
0.47366297 1.24188475 -1.26181632 
0.47399643 1.41369491 -2.56021662 
0.47432995 1.43637918 -4.09482485 
0.47466349 1.62084945 -5.64891788 
0.47499702 1.76703082 -7.22249228 
0.47533057 1.74282761 -8.78321866 
0.47566411 1.86878235 -10.36339810 
0.47599766 1.97414914 -11.96303165 
0.47633122 1.93062456 -13.62058948 
0.47666477 2.02284784 -15.29816145 
0.47699833 2.10207007 -16.99574360 
0.47733186 2.01670511 -18.77816543 
0.47766539 2.08497314 -20.58056392 
0.47799892 2.14414678 -22.40293947 
0.47833249 1.99877862 -24.34770125 
0.47866607 2.05266501 -26.31300456 
0.47899964 2.09914062 -28.29884548 
0.47933310 1.94220784 -30.65239446 
0.47966655 2.05581412 -33.02643548 
0.48000000 2.15503430 -35.42096824 
0.48033330 1.87341842 -37.71590505 
0.48066661 1.74191779 -40.03105284 
0.48099991 1.62214954 -42.36641110 
0.48133326 1.56981580 -44.34164472 
0.48166660 1.50529042 -46.33650375 
0.48199994 1.44419748 -48.35098876 
0.48233329 1.31210316 -50.42867451 
0.48266663 1.27162011 -52.52490434 
0.48299998 1.23148571 -54.63967749 
0.48333333 0.97599914 -56.83209528 
0.48366668 0.95832130 -59.04246715 
0.48400003 0.93896237 -61.27079216 
0.48433338 0.61289888 -63.61849273 
0.48466673 0.55746040 -65.98306600 
0.48500009 0.50306048 -68.36450993 
0.48533341 0.27583893 -70.91977640 
0.48566673 0.22553647 -73.49132078 
0.48600005 0.17553797 -76.07914209 
0.48633337 -0.10988799 -78.84482846 
0.48666670 -0.14679977 -81.62571329 
0.48700002 -0.18450967 -84.42179240 
0.48733339 -0.53318520 -87.45851205 
0.48766675 -0.56752298 -90.50984048 
0.48800012 -0.60297391 -93.57577678 
0.48833349 -0.98070119 -96.91449290 
0.48866686 -0.99261572 -100.26673899 
0.48900024 -1.00726602 -103.63250957 
0.48933355 -1.44195489 -107.34330377 
0.48966686 -1.40900256 -111.06702887 
0.49000018 -1.38189586 -114.80368406 
0.49033349 -1.80100146 -118.97397876 
0.49066681 -1.80635744 -123.15612654 
0.49100014 -1.81516291 -127.35012115 
0.49133347 -2.19312961 -132.09693068 
0.49166680 -2.14353729 -136.85499941 
0.49200013 -2.10119411 -141.62432665 
0.49233347 -2.61303019 -147.08384630 
0.49266681 -2.52518330 -152.55354738 
0.49300015 -2.44761844 -158.03342335 
0.49333350 -2.88551824 -164.53581901 
0.49366685 -2.62235612 -171.04780222 
0.49400020 -2.38326873 -177.56937244 
0.49433353 -3.80531800 -185.48375557 
0.49466685 -3.56939174 -193.40664595 
0.49500018 -3.35882660 -201.33803748 
0.49533351 -4.19047162 -211.27924566 
0.49566685 -3.41729046 -221.22836812 
0.49600020 -2.72263463 -231.18540450 
0.49633350 -4.04667592 -244.34466986 
0.49666681 -2.82251020 -257.51076880 
0.49700013 -1.74375426 -270.68369593 
0.49733345 -10.26324432 -288.22406383 
0.49766678 -4.41298229 -305.77067354 
0.49800011 0.41068748 -323.32352480 
0.49833344 -7.17091987 -386.79268558 
0.49866678 -9.67697606 -450.26700863 
0.49900012 -11.74960184 -513.74648959 
0.49933341 104.88276215 -612.38152518 
0.49966670 174.06764915 -711.02113080 
0.50000000 217.03120439 -809.66530633 
0.50000000 473.11453010 -809.66530633 
0.50033345 471.55406097 -549.83810039 
0.50066691 468.48195337 -290.01450156 
0.50100038 462.73815418 -30.19450971 
0.50133384 413.33974370 -67.99292126 
0.50166732 399.99200559 -105.79365918 
0.50200079 385.68360403 -143.59672658 
0.50233427 377.23618325 -127.71372103 
0.50266774 369.61523437 -111.83219236 
0.50300123 361.61635497 -95.95214028 
0.50333471 351.42932517 -88.78372218 
0.50366819 346.22127690 -81.61549960 
0.50400167 340.84953579 -74.44747382 
0.50433516 335.15097773 -68.12441481 
0.50466864 331.22319010 -61.80070266 
0.50500212 327.19764555 -55.47633683 
0.50533560 322.90373302 -50.18429874 
0.50566908 319.86098582 -44.89032536 
0.50600255 316.75694234 -39.59441601 
0.50633608 313.13608666 -34.94798840 
0.50666960 310.64126629 -30.29877591 
0.50700312 308.10452131 -25.64677766 
0.50733663 305.04598939 -21.41325996 
0.50767014 302.95125086 -17.17567366 
0.50800365 300.82664072 -12.93401782 
0.50833714 298.49331462 -8.99421646 
0.50867064 296.54433007 -5.04949881 
0.50900412 294.56890776 -1.09986239 
0.50933760 292.72857387 2.26623513 
0.50967108 291.04248196 5.63853495 
0.51000454 289.33491769 9.01703820 
0.51033808 287.35986987 12.17815185 
0.51067162 285.90376001 15.34631773 
0.51100514 284.43284101 18.52153985 
0.51133866 282.95701817 21.39676040 
0.51167216 281.58266760 24.28032245 
0.51200566 280.19343868 27.17222706 
0.51233914 278.85134319 29.82281531 
0.51267262 277.59337564 32.48259094 
0.51300608 276.32154662 35.15155830 
0.51333960 275.01966298 37.56711332 
0.51367311 273.87931424 39.99315099 
0.51400661 272.72808488 42.42967188 
0.51434010 271.48611760 44.69344959 
0.51467357 270.43991439 46.96855568 
0.51500702 269.38438736 49.25499367 
0.51534050 268.23618412 51.32124772 
0.51567396 267.22477501 53.40012412 
0.51600741 266.20485521 55.49162237 
0.51634084 265.16405778 57.40086996 
0.51667425 264.18455734 59.32358541 
0.51700765 263.19561889 61.25976965 
0.51734108 262.12863617 63.00911639 
0.51767450 261.20048602 64.77322574 
0.51800790 260.26482661 66.55209531 
0.51834127 259.27812327 68.16015661 
0.51867463 258.35596691 69.78382591 
0.51900796 257.42533167 71.42309982 
0.51933866 256.44061173 72.86519939 
0.51966934 255.54016881 74.32392452 
0.52000000 254.63050291 75.79926997 
0.52037224 253.40116893 77.27197053 
0.52074446 252.40130770 78.76599912 
0.52111665 251.39236906 80.28134634 
0.52159001 249.98270009 81.71645486 
0.52206334 248.70883807 83.18292247 
0.52253662 247.41824939 84.68112063 
0.52312332 245.61688040 85.91965813 
0.52370995 244.11678441 87.20354884 
0.52429652 242.59456089 88.53252561 
0.52494736 240.57216855 89.32789500 
0.52559812 239.01713477 90.17417132 
0.52624883 237.44117992 91.07112234 
0.52690440 235.63888657 91.28810600 
0.52755990 234.19884538 91.55128840 
0.52821535 232.73909491 91.86049370 
0.52887063 231.03638894 91.50231892 
0.52952586 229.68368744 91.18482615 
0.53018103 228.31346035 90.90789439 
0.53083604 226.59538390 90.22400282 
0.53149101 225.36614464 89.57529612 
0.53214593 224.12418076 88.96170128 
0.53280071 222.68214667 87.82447226 
0.53345545 221.53265068 86.71695160 
0.53411015 220.37210783 85.63910395 
0.53476473 219.15286229 84.20387827 
0.53541928 218.12557650 82.79290366 
0.53607380 217.08874169 81.40616949 
0.53672824 216.02530701 79.71056428 
0.53738265 215.09608346 78.03376895 
0.53803704 214.15855943 76.37578330 
0.53869138 213.27409279 74.43451008 
0.53934570 212.49736874 72.50660899 
0.54000000 211.71495849 70.59207788 
0.54066044 210.83780973 68.59932564 
0.54132087 210.16953436 66.61226055 
0.54198129 209.49701009 64.63088267 
0.54264804 208.83398592 62.53289505 
0.54331478 208.26880508 60.43013052 
0.54398153 207.70034645 58.32258430 
0.54464833 207.19463973 56.21240811 
0.54531513 206.73795399 54.08682476 
0.54598195 206.27888772 51.94582552 
0.54664887 205.90616886 49.84878309 
0.54731581 205.55345121 47.72568882 
0.54798277 205.19891522 45.57652722 
0.54864986 204.94242172 43.46568976 
0.54931699 204.68914814 41.31813441 
0.54998415 204.43423728 39.13383664 
0.55065146 204.22360193 37.06652090 
0.55131881 204.07699535 34.95179446 
0.55198621 203.92811179 32.78962206 
0.55265378 203.80838461 30.76158720 
0.55332140 203.74199138 28.67541883 
0.55398908 203.67306134 26.53107012 
0.55465693 203.65825028 24.48794149 
0.55532485 203.67572077 22.37592620 
0.55599283 203.69007257 20.19496594 
0.55666098 203.75266863 18.16019509 
0.55732921 203.86931438 16.04575721 
0.55799751 203.98192755 13.85158385 
0.55866492 204.19265086 11.80052202 
0.55933241 204.41895870 9.65928399 
0.56000000 204.64000146 7.42779421 
0.56066606 205.07579209 5.51175011 
0.56133221 205.41746846 3.50731866 
0.56199845 205.75289495 1.41443346 
0.56266482 206.43800646 -0.32448015 
0.56333126 206.87186189 -2.13836045 
0.56399779 207.30066683 -4.02724710 
0.56466433 207.97065497 -5.51316661 
0.56533093 208.46777659 -7.06056987 
0.56599761 208.96002694 -8.66947897 
0.56666425 209.67924407 -9.85718098 
0.56733095 210.20790649 -11.09286293 
0.56799772 210.73204440 -12.37653601 
0.56866443 211.62090100 -13.45592613 
0.56933120 212.18636497 -14.56978684 
0.56999802 212.74850513 -15.71812290 
0.57066478 213.52831372 -16.47854918 
0.57133159 214.13233498 -17.25993885 
0.57199844 214.73288364 -18.06229328 
0.57266522 215.50428223 -18.57039576 
0.57333205 216.12537044 -19.08596056 
0.57399891 216.74276306 -19.60898791 
0.57466572 217.52469508 -19.84948879 
0.57533255 218.13400475 -20.08395882 
0.57599941 218.73992068 -20.31239875 
0.57666622 219.62932589 -20.32287120 
0.57733304 220.23627447 -20.31382794 
0.57799989 220.83975994 -20.28527170 
0.57866658 221.69902672 -19.99203842 
0.57933328 222.30761385 -19.66582861 
0.58000000 222.91237866 -19.30664865 
0.58066707 223.71180097 -18.84122553 
0.58133413 224.28679226 -18.33588241 
0.58200119 224.85759275 -17.79062168 
0.58266867 225.51777996 -16.92063205 
0.58333612 226.04008623 -16.01033450 
0.58400354 226.55857303 -15.05973930 
0.58467096 227.37397187 -14.11286917 
0.58533833 227.87923573 -13.12537048 
0.58600565 228.37939012 -12.09725642 
0.58667298 229.07050807 -10.93930371 
0.58734024 229.54146519 -9.74039691 
0.58800742 230.00715205 -8.50054886 
0.58867463 230.59959601 -7.17455776 
0.58934173 231.01675880 -5.80728442 
0.59000874 231.42855818 -4.39874365 
0.59067576 231.91910900 -2.90051436 
0.59134265 232.26357828 -1.36068036 
0.59200943 232.60243125 0.22074702 
0.59267620 233.05832691 1.86751138 
0.59334282 233.29927416 3.55619668 
0.59400929 233.53322319 5.28679636 
0.59467573 233.89645751 7.03794376 
0.59534200 234.03656580 8.83131620 
0.59600810 234.16873936 10.66691304 
0.59667411 234.30215567 12.50571305 
0.59733993 234.32054330 14.38702505 
0.59800555 234.33034077 16.31085316 
0.59867059 234.27923224 18.10875953 
0.59933541 234.09550634 19.94940302 
0.60000000 233.90233154 21.83279175 
0.60066721 233.40090825 23.59737382 
0.60133419 233.06624367 25.40184860 
0.60200094 232.72180441 27.24614510 
0.60267017 232.03143692 28.78013375 
0.60333920 231.55900280 30.34743040 
0.60400802 231.07870085 31.94797156 
0.60467657 230.50538996 32.98487063 
0.60534493 229.95336673 34.04807767 
0.60601311 229.39522814 35.13764978 
0.60668099 228.67109806 35.92855392 
0.60734872 228.07151063 36.73879954 
0.60801628 227.46603455 37.56856175 
0.60868356 226.68190740 38.04756805 
0.60935070 226.06463770 38.53899677 
0.61001770 225.44228723 39.04312961 
0.61068446 224.56693500 39.34946420 
0.61135110 223.98089223 39.66135270 
0.61201763 223.39177273 39.97916693 
0.61268396 222.73112910 39.85679931 
0.61335020 222.14589426 39.73316797 
0.61401634 221.55728747 39.60871220 
0.61468234 220.81487698 39.33963355 
0.61534827 220.27872337 39.06252046 
0.61601414 219.74021377 38.77785264 
0.61667994 219.10795419 38.28690437 
0.61734570 218.64005832 37.78118889 
0.61801141 218.17041648 37.26119650 
0.61867430 217.66541659 36.55237192 
0.61933716 217.28518539 35.82218517 
0.62000000 216.90367055 35.07108019 
0.62066408 216.57009494 34.27048377 
0.62132814 216.24409149 33.44991054 
0.62199219 215.91706211 32.60902170 
0.62266006 215.61529977 31.92069103 
0.62332791 215.29486225 31.22121593 
0.62399573 214.97348890 30.51066953 
0.62466359 214.71349595 29.80478028 
0.62533140 214.41627193 29.09682538 
0.62599918 214.11833634 28.38811805 
0.62666698 213.78593054 27.83272100 
0.62733473 213.43940739 27.28437858 
0.62800243 213.09185136 26.74635999 
0.62867014 212.77459526 26.18967206 
0.62933779 212.41393259 25.64978494 
0.63000537 212.05232463 25.13085723 
0.63067295 211.63147197 24.71861192 
0.63134045 211.19811666 24.33371665 
0.63200789 210.76303813 23.97957396 
0.63267530 210.27088589 23.62752037 
0.63334262 209.79670972 23.31413167 
0.63400986 209.32048310 23.04045665 
0.63467706 208.72158919 22.81342747 
0.63534417 208.17923663 22.63565158 
0.63601118 207.63409156 22.50646428 
0.63667809 206.95549652 22.37888404 
0.63734490 206.36377889 22.31002698 
0.63801161 205.76892685 22.29874231 
0.63867452 205.02426560 22.23728961 
0.63933732 204.35892085 22.24250366 
0.64000000 203.69012304 22.31349374 
0.64066378 202.86659949 22.28085360 
0.64132744 202.12930274 22.31582694 
0.64199100 201.38756021 22.41892098 
0.64265929 200.47397914 22.39364015 
0.64332749 199.68409857 22.43116425 
0.64399560 198.88852526 22.53196402 
0.64466363 197.88943670 22.49889725 
0.64533159 197.07694083 22.52281603 
0.64599947 196.25879894 22.60413653 
0.64666718 195.31138949 22.46620952 
0.64733485 194.47039021 22.37946081 
0.64800246 193.62265703 22.34424486 
0.64867002 192.54512893 22.27685911 
0.64933755 191.71751973 22.25488801 
0.65000505 190.88336548 22.27862345 
0.65067242 189.92304210 22.04700651 
0.65133978 189.07648600 21.85505072 
0.65200712 188.22270441 21.70298405 
0.65267441 187.25105345 21.46274288 
0.65334170 186.39340125 21.25643812 
0.65400899 185.52800634 21.08423587 
0.65467622 184.51081955 20.79472216 
0.65534347 183.65961396 20.53343602 
0.65601074 182.80052110 20.30048418 
0.65667796 181.82957857 19.92292482 
0.65734522 180.97266049 19.56790008 
0.65801252 180.10737009 19.23546157 
0.65867495 179.12019934 18.81524546 
0.65933745 178.27420133 18.41166311 
0.66000000 177.41963915 18.02472842 
0.66066123 176.40655327 17.49612053 
0.66132254 175.56685654 16.97811078 
0.66198393 174.71774968 16.47071178 
0.66264908 173.78319759 15.77433785 
0.66331434 172.96179812 15.08218067 
0.66397970 172.13074129 14.39424701 
0.66464518 171.16336656 13.60670671 
0.66531079 170.39486850 12.81686675 
0.66597653 169.61550279 12.02471471 
0.66664251 168.75529249 11.15064887 
0.66730864 168.04948295 10.26774939 
0.66797492 167.33326281 9.37597710 
0.66864147 166.51615475 8.41643073 
0.66930818 165.85156008 7.44148837 
0.66997507 165.17495247 6.45107941 
0.67064229 164.42757088 5.45660480 
0.67130970 163.82234858 4.44013242 
0.67197731 163.20459237 3.40155905 
0.67264528 162.57554594 2.36085203 
0.67331348 162.02097987 1.29150164 
0.67398189 161.45540258 0.19337297 
0.67465068 160.89187728 -0.85535143 
0.67531972 160.39890515 -1.93941211 
0.67598900 159.89512846 -3.05896912 
0.67665866 159.40843334 -4.09693298 
0.67732858 158.98541778 -5.17696709 
0.67799877 158.55113817 -6.29924855 
0.67866556 158.11964183 -7.26800597 
0.67933264 157.79009662 -8.28503893 
0.68000000 157.44808211 -9.35052589 
0.68066401 157.22946679 -10.18084067 
0.68132829 156.96676574 -11.06042590 
0.68199284 156.69449994 -11.98940739 
0.68265825 156.53790232 -12.61657358 
0.68332390 156.32904910 -13.28948533 
0.68398979 156.11063324 -14.00823207 
0.68465578 155.95742334 -14.35392011 
0.68532199 155.75526538 -14.74169736 
0.68598841 155.54671908 -15.17162484 
0.68665487 155.41024072 -15.35077578 
0.68732151 155.20962818 -15.56833805 
0.68798834 155.00424138 -15.82435185 
0.68865517 154.87266333 -15.83440888 
0.68932215 154.66645898 -15.87918998 
0.68998928 154.45686602 -15.95872224 
0.69065639 154.35049173 -15.83873323 
0.69132363 154.14318019 -15.74978124 
0.69199098 153.93333454 -15.69188470 
0.69265832 153.83295840 -15.47720846 
0.69332574 153.63551217 -15.28988674 
0.69399325 153.43595461 -15.12993238 
0.69466075 153.30886445 -14.82852954 
0.69532831 153.11483583 -14.55080480 
0.69599592 152.91912536 -14.29676724 
0.69666357 152.77752115 -13.92806682 
0.69733125 152.57884468 -13.57937391 
0.69799894 152.37894365 -13.25069464 
0.69866597 152.23769156 -12.84177495 
0.69933299 152.03762227 -12.44915297 
0.70000000 151.83672247 -12.07283157 
0.70066664 151.68091158 -11.67449320 
0.70133325 151.47741597 -11.28860022 
0.70199983 151.27322610 -10.91515321 
0.70266676 151.07435666 -10.49008255 
0.70333366 150.85967176 -10.07346798 
0.70400053 150.64437741 -9.66530886 
0.70466746 150.46747614 -9.27222583 
0.70533435 150.25803917 -8.88359627 
0.70600122 150.04801147 -8.49941846 
0.70666813 149.85846088 -8.12126493 
0.70733500 149.64817530 -7.74355827 
0.70800184 149.43722147 -7.36629638 
0.70866872 149.23468465 -6.95853704 
0.70933556 149.01333614 -6.54721553 
0.71000236 148.79098429 -6.13232928 
0.71066919 148.62119876 -5.74374132 
0.71133597 148.39827290 -5.34758027 
0.71200271 148.17442614 -4.94384354 
0.71266946 147.96278888 -4.54975204 
0.71333616 147.72536261 -4.14407623 
0.71400281 147.48682500 -3.72681425 
0.71466947 147.24764289 -3.31635092 
0.71533606 146.98764503 -2.89029394 
0.71600261 146.72611256 -2.44864315 
0.71666909 146.44156333 -2.03539074 
0.71733552 146.15364489 -1.60254156 
0.71800189 145.86375756 -1.15009864 
0.71866799 145.53846796 -0.72554801 
0.71933403 145.20674521 -0.27741750 
0.72000000 144.87246094 0.19428486 
0.72066662 144.53270311 0.50175101 
0.72133318 144.15078319 0.83312361 
0.72199967 143.76648773 1.18838088 
0.72266699 143.30511594 1.39468427 
0.72333425 142.88336230 1.62149382 
0.72400147 142.45830875 1.86879181 
0.72466858 141.95032582 1.98815461 
0.72533565 141.50897486 2.12456604 
0.72600268 141.06496692 2.27801297 
0.72666962 140.57235021 2.28281681 
0.72733652 140.11574651 2.30121947 
0.72800339 139.65584443 2.33321238 
0.72867018 139.12788406 2.28137666 
0.72933694 138.66912110 2.23969746 
0.73000368 138.20722694 2.20817002 
0.73067036 137.67641163 2.08006687 
0.73133702 137.22927132 1.95868457 
0.73200366 136.77916979 1.84402092 
0.73267026 136.26203758 1.66194137 
0.73333686 135.81994028 1.48315203 
0.73400344 135.37496553 1.30765263 
0.73467003 134.86073058 1.07165957 
0.73533661 134.43321510 0.83552973 
0.73600320 134.00298918 0.59926351 
0.73666974 133.54022476 0.31811282 
0.73733630 133.11015402 0.03340045 
0.73800287 132.67726390 -0.25487399 
0.73866856 132.19173771 -0.55319721 
0.73933427 131.79396433 -0.85849037 
0.74000000 131.39356476 -1.17075613 
0.74066553 130.95188172 -1.48662776 
0.74133109 130.57271160 -1.81095365 
0.74199667 130.19090927 -2.14373424 
0.74266308 129.78293662 -2.43065977 
0.74332952 129.40993279 -2.72561327 
0.74399599 129.03437529 -3.02859505 
0.74466248 128.62996578 -3.30760945 
0.74532900 128.26259938 -3.59420294 
0.74599555 127.89252845 -3.88837573 
0.74666213 127.48844386 -4.13192128 
0.74732874 127.12301746 -4.38259750 
0.74799538 126.75483462 -4.64040462 
0.74866210 126.35242949 -4.86676184 
0.74932885 125.99754024 -5.09980280 
0.74999563 125.63988536 -5.33952784 
0.75066245 125.25697865 -5.55747109 
0.75132930 124.90925959 -5.78165056 
0.75199618 124.55873799 -6.01206687 
0.75266313 124.18493315 -6.20475042 
0.75333012 123.83388656 -6.40322383 
0.75399715 123.48032541 -6.60748762 
0.75466421 123.10218562 -6.76797824 
0.75533131 122.76088896 -6.93381182 
0.75599844 122.41728609 -7.10498852 
0.75666562 122.04418965 -7.24532400 
0.75733283 121.71496323 -7.39055518 
0.75800008 121.38317700 -7.54068263 
0.75866668 121.03719044 -7.65070785 
0.75933332 120.72658787 -7.76517500 
0.76000000 120.41354740 -7.88408541 
0.76066615 120.09871721 -7.94211346 
0.76133233 119.80862404 -8.00409453 
0.76199856 119.51626598 -8.07002199 
0.76266506 119.22492485 -8.05043704 
0.76333161 118.94539338 -8.03427748 
0.76399818 118.66404976 -8.02153796 
0.76466479 118.38076310 -7.94128681 
0.76533143 118.10926671 -7.86393178 
0.76599810 117.83621820 -7.78946883 
0.76666479 117.56841188 -7.68457570 
0.76733151 117.31011063 -7.58204812 
0.76799826 117.05026028 -7.48188333 
0.76866496 116.79918983 -7.33325639 
0.76933169 116.54353379 -7.18646318 
0.76999843 116.28657694 -7.04150200 
0.77066520 116.04097297 -6.87751715 
0.77133197 115.79753192 -6.71483392 
0.77199877 115.55282938 -6.55345148 
0.77266557 115.30366108 -6.36815822 
0.77333239 115.06843797 -6.18363393 
0.77399921 114.83217054 -5.99987832 
0.77466605 114.60152339 -5.80445140 
0.77533288 114.36834583 -5.60926043 
0.77599973 114.13420644 -5.41430533 
0.77666658 113.91512654 -5.22896885 
0.77733342 113.69373589 -5.04333506 
0.77800027 113.47147428 -4.85740407 
0.77866685 113.24381992 -4.65230396 
0.77933343 113.02262224 -4.44637139 
0.78000000 112.80053972 -4.23960631 
0.78066655 112.57667688 -4.06628076 
0.78133309 112.36435067 -3.89191653 
0.78199963 112.15123326 -3.71651396 
0.78266646 111.94249691 -3.56962469 
0.78333328 111.73116910 -3.42182263 
0.78400009 111.51900979 -3.27310793 
0.78466689 111.30454930 -3.14062513 
0.78533368 111.10243609 -3.00735729 
0.78600047 110.89957148 -2.87330433 
0.78666725 110.69175169 -2.74775534 
0.78733401 110.49544985 -2.62154918 
0.78800077 110.29839772 -2.49468559 
0.78866752 110.10821047 -2.39436527 
0.78933426 109.92515990 -2.29351590 
0.79000098 109.74151757 -2.19213701 
0.79066770 109.56385412 -2.09988800 
0.79133441 109.38600409 -2.00723836 
0.79200110 109.20756284 -1.91418723 
0.79266782 109.03286224 -1.82479804 
0.79333453 108.86002132 -1.73513680 
0.79400123 108.68659910 -1.64520224 
0.79466792 108.51768488 -1.56269161 
0.79533459 108.34948949 -1.48003777 
0.79600125 108.18072612 -1.39723899 
0.79666790 108.01256382 -1.33490192 
0.79733454 107.84602308 -1.27255069 
0.79800116 107.67891760 -1.21018311 
0.79866745 107.51623584 -1.12555102 
0.79933373 107.33624505 -1.04103306 
0.80000000 107.15561413 -0.95662652 
0.80066646 106.98740237 -0.91230205 
0.80133292 106.82255327 -0.86813960 
0.80199935 106.65719896 -0.82413959 
0.80266619 106.48526221 -0.80554743 
0.80333301 106.31356717 -0.78708711 
0.80399982 106.14127387 -0.76875867 
0.80466662 105.96472178 -0.75993819 
0.80533340 105.79006444 -0.75121712 
0.80600018 105.61476851 -0.74259525 
0.80666695 105.41241727 -0.74236394 
0.80733372 105.24013251 -0.74219934 
0.80800047 105.06726026 -0.74210112 
0.80866722 104.88416827 -0.76587043 
0.80933396 104.71394547 -0.78967355 
0.81000070 104.54318135 -0.81351026 
0.81066743 104.36330887 -0.82491543 
0.81133415 104.18381883 -0.83632151 
0.81200087 104.00371226 -0.84772822 
0.81266759 103.81198471 -0.87396235 
0.81333431 103.64644148 -0.90016425 
0.81400102 103.48038473 -0.92633368 
0.81466769 103.31131679 -0.96688860 
0.81533436 103.14334592 -1.00737801 
0.81600103 102.97483014 -1.04780176 
0.81666770 102.80644117 -1.07627498 
0.81733438 102.63360858 -1.10464930 
0.81800105 102.46018892 -1.13292471 
0.81866736 102.26673755 -1.15341756 
0.81933368 102.10343671 -1.17377991 
0.82000000 101.93960783 -1.19401202 
0.82066629 101.77945606 -1.21357280 
0.82133259 101.62304016 -1.23301553 
0.82199889 101.46612378 -1.25233965 
0.82266562 101.30795984 -1.25620294 
0.82333235 101.15374786 -1.26000241 
0.82399908 100.99904382 -1.26373770 
0.82466582 100.83259087 -1.25300683 
0.82533256 100.67563387 -1.24226698 
0.82599930 100.51818434 -1.23151792 
0.82666605 100.34697441 -1.19506053 
0.82733279 100.18812999 -1.15864897 
0.82799954 100.02877676 -1.12228313 
0.82866629 99.86123631 -1.09935784 
0.82933304 99.71635865 -1.07653317 
0.82999980 99.57105020 -1.05380911 
0.83066655 99.41864146 -1.02478174 
0.83133331 99.26924900 -0.99590979 
0.83200007 99.11940391 -0.96719325 
0.83266683 98.97868852 -0.93734368 
0.83333359 98.83591914 -0.90770428 
0.83400035 98.69273073 -0.87827507 
0.83466712 98.53350991 -0.85103590 
0.83533388 98.39047368 -0.82406167 
0.83600064 98.24701997 -0.79735242 
0.83666741 98.08634873 -0.75982102 
0.83733417 97.94106693 -0.72260936 
0.83800094 97.79535274 -0.68571746 
0.83866729 97.64613793 -0.64823630 
0.83933365 97.50986868 -0.61112881 
0.84000000 97.37321829 -0.57439492 
0.84066635 97.24701880 -0.55728585 
0.84133270 97.10931734 -0.54048449 
0.84199905 96.97122764 -0.52399092 
0.84266581 96.81122898 -0.49170619 
0.84333257 96.67800045 -0.45954359 
0.84399933 96.54440599 -0.42750320 
0.84466609 96.40116473 -0.40773411 
0.84533285 96.26995212 -0.38790112 
0.84599961 96.13838246 -0.36800426 
0.84666637 95.99660750 -0.33226696 
0.84733313 95.86602934 -0.29627970 
0.84799988 95.73509431 -0.26004252 
0.84866664 95.61783404 -0.24545416 
0.84933339 95.49804232 -0.23042981 
0.85000015 95.37795510 -0.21496947 
0.85066690 95.24627074 -0.18855518 
0.85133365 95.12093050 -0.16151886 
0.85200040 94.99525925 -0.13386051 
0.85266715 94.86141002 -0.10761721 
0.85333389 94.74200427 -0.08056586 
0.85400064 94.62230322 -0.05270645 
0.85466738 94.49447650 -0.02162290 
0.85533412 94.37773764 0.01045470 
0.85600086 94.26071465 0.04352640 
0.85666760 94.14337111 0.06482133 
0.85733434 94.02672746 0.08729634 
0.85800107 93.90979951 0.11095146 
0.85866739 93.78034027 0.14488769 
0.85933369 93.66514531 0.18018817 
0.86000000 93.54966983 0.21685294 
0.86066631 93.42249719 0.25032883 
0.86133262 93.30656999 0.28491754 
0.86199892 93.19035459 0.32061902 
0.86266565 93.06865510 0.34737241 
0.86333237 92.95793050 0.37455059 
0.86399909 92.84694309 0.40215359 
0.86466581 92.72705403 0.42096543 
0.86533253 92.61508773 0.43951274 
0.86599925 92.50284848 0.45779555 
0.86666597 92.36924022 0.47952612 
0.86733270 92.26086300 0.50030282 
0.86799942 92.15222889 0.52012567 
0.86866615 92.03295957 0.54262315 
0.86933288 91.92045204 0.56347742 
0.86999961 91.80766505 0.58268843 
0.87066635 91.68230411 0.60355983 
0.87133309 91.58062401 0.62209863 
0.87199983 91.47870707 0.63830474 
0.87266658 91.38241678 0.65236683 
0.87333334 91.29051316 0.66340692 
0.87400009 91.19840566 0.67142483 
0.87466686 91.09055176 0.67575583 
0.87533363 90.99717703 0.67637540 
0.87600040 90.90357861 0.67328319 
0.87666718 90.80098358 0.67165111 
0.87733397 90.70769723 0.66561807 
0.87800076 90.61419825 0.65518358 
0.87866717 90.50374873 0.65593169 
0.87933358 90.40941457 0.65159525 
0.88000000 90.31485133 0.64217359 
0.88066632 90.21012551 0.64926367 
0.88133265 90.12524165 0.65219455 
0.88199898 90.04016635 0.65096658 
0.88266566 89.96109227 0.64802093 
0.88333235 89.89069380 0.64345359 
0.88399904 89.82015722 0.63726542 
0.88466575 89.73390482 0.60577620 
0.88533245 89.65624592 0.57520926 
0.88599917 89.57841759 0.54556593 
0.88666589 89.47162871 0.55092747 
0.88733261 89.39003650 0.55975510 
0.88799934 89.30828296 0.57205057 
0.88866608 89.21754570 0.56509837 
0.88933282 89.15385437 0.56415570 
0.88999956 89.09005214 0.56922463 
0.89066631 89.00166928 0.53825669 
0.89133306 88.93112591 0.51584116 
0.89199982 88.86045976 0.50198022 
0.89266658 88.77960408 0.48097175 
0.89333334 88.72194657 0.47105768 
0.89400011 88.66420520 0.47224020 
0.89466688 88.59257121 0.42625719 
0.89533365 88.54071235 0.39390945 
0.89600042 88.48878685 0.37519908 
0.89666719 88.42472169 0.32387870 
0.89733397 88.38174320 0.28873334 
0.89800074 88.33872166 0.26976526 
0.89866716 88.29615990 0.23122383 
0.89933358 88.27793570 0.21137404 
0.90000000 88.25970216 0.21021751 
0.90066644 88.25514277 0.17120783 
0.90133287 88.25402507 0.14744486 
0.90199931 88.25290614 0.13893054 
0.90266608 88.28660128 0.11641823 
0.90333285 88.31637683 0.09973102 
0.90399962 88.34612893 0.08886903 
0.90466639 88.42341971 0.07796501 
0.90533316 88.48853827 0.06343923 
0.90599992 88.55355544 0.04529192 
0.90666668 88.68266080 0.05053478 
0.90733344 88.77968857 0.04270533 
0.90800020 88.87649713 0.02180652 
0.90866695 89.07442965 0.04517548 
0.90933370 89.20983797 0.04601296 
0.91000044 89.34481476 0.02432797 
0.91066718 89.62737529 0.06393088 
0.91133392 89.81030348 0.07153070 
0.91200065 89.99243946 0.04714643 
0.91266738 90.28471291 0.12673767 
0.91333410 90.50660840 0.16483884 
0.91400081 90.72738279 0.16148348 
0.91466752 91.03200943 0.30103454 
0.91533423 91.26900680 0.38959149 
0.91600092 91.50476042 0.42720769 
0.91666761 91.94756635 0.55229513 
0.91733429 92.22628487 0.61686899 
0.91800097 92.50325099 0.62100730 
0.91866732 92.87882672 0.82357824 
0.91933366 93.16529982 0.95618331 
0.92000000 93.45001065 1.01892862 
0.92066641 93.93530428 1.15597974 
0.92133280 94.25079573 1.21786006 
0.92199919 94.56405111 1.20466645 
0.92266599 94.93807384 1.42386862 
0.92333278 95.23382324 1.56681400 
0.92399956 95.52769512 1.63365438 
0.92466634 96.02694109 1.77599465 
0.92533311 96.35277513 1.84098000 
0.92599988 96.67634084 1.82890129 
0.92666664 97.05061468 2.02077670 
0.92733339 97.34981223 2.13416332 
0.92800014 97.64717050 2.16950615 
0.92866689 98.09285381 2.37785477 
0.92933363 98.37957914 2.50654948 
0.93000037 98.66459902 2.55619996 
0.93066711 99.18858803 2.66829452 
0.93133384 99.49424343 2.69954413 
0.93200058 99.79799064 2.65072829 
0.93266731 100.13649465 2.81108257 
0.93333403 100.39707324 2.88938386 
0.93400076 100.65630928 2.88657764 
0.93466748 100.97922938 3.04782476 
0.93533421 101.21963198 3.12580074 
0.93600093 101.45889338 3.12160627 
0.93666766 101.74926798 3.27617961 
0.93733438 101.96814459 3.34626558 
0.93800111 102.18608716 3.33309711 
0.93866741 102.64323062 3.32339943 
0.93933370 102.85112211 3.22815388 
0.94000000 103.05816160 3.04866854 
0.94066631 103.23015777 3.08086134 
0.94133263 103.38855433 3.03114214 
0.94199895 103.54647156 2.89737894 
0.94266568 103.76084299 2.90175332 
0.94333242 103.88905450 2.83016538 
0.94399917 104.01695262 2.67859572 
0.94466591 104.28516025 2.53433822 
0.94533265 104.39230275 2.32019977 
0.94599940 104.49921370 2.03080103 
0.94666615 104.63575873 1.91145312 
0.94733290 104.69550969 1.72792632 
0.94799965 104.75518695 1.47534517 
0.94866640 104.89391413 1.25467729 
0.94933315 104.92276227 0.97399295 
0.94999990 104.95157908 0.63437589 
0.95066666 104.94944352 0.42339852 
0.95133341 104.92578008 0.15732330 
0.95200017 104.90209600 -0.15813720 
0.95266692 104.87696778 -0.36319953 
0.95333368 104.81357220 -0.61756969 
0.95400044 104.75009552 -0.91248608 
0.95466719 104.73995590 -1.23997494 
0.95533395 104.63605302 -1.60828065 
0.95600071 104.53193780 -2.00998421 
0.95666746 104.49758313 -2.34616883 
0.95733422 104.33375137 -2.71356126 
0.95800098 104.16939296 -3.10816532 
0.95866732 103.82878627 -3.37412468 
0.95933366 103.62590101 -3.66257484 
0.96000000 103.42221680 -3.97202099 
0.96066634 103.15146781 -4.25820294 
0.96133268 102.89346777 -4.56384284 
0.96199902 102.63416690 -4.89013366 
0.96266577 102.35731325 -5.19507014 
0.96333252 102.03981949 -5.52259315 
0.96399927 101.72032580 -5.87562709 
0.96466603 101.25365924 -6.22676916 
0.96533278 100.88184491 -6.60361400 
0.96599953 100.50726054 -7.01141030 
0.96666628 99.98185702 -7.16349510 
0.96733303 99.50001102 -7.34481007 
0.96799978 99.01343210 -7.56235289 
0.96866653 98.47502341 -7.85819946 
0.96933328 98.01950915 -8.18845474 
0.97000003 97.55971396 -8.55762719 
0.97066677 96.89895584 -8.83507293 
0.97133352 96.33169288 -9.15280079 
0.97200027 95.75766539 -9.51152205 
0.97266702 95.14922586 -9.91329050 
0.97333377 94.50863529 -10.36197675 
0.97400052 93.85920368 -10.85306120 
0.97466726 92.92148232 -10.93987506 
0.97533401 92.11049907 -11.07809566 
0.97600076 91.28496886 -11.26087455 
0.97666751 90.02266540 -11.32334192 
0.97733426 89.21319833 -11.43896638 
0.97800100 88.38875568 -11.60232483 
0.97866734 87.31476232 -11.89955240 
0.97933367 86.41513314 -12.25082527 
0.98000000 85.49629906 -12.65295070 
0.98063160 84.39686283 -12.92089972 
0.98126320 83.40201560 -13.23560232 
0.98189480 82.38280170 -13.59812815 
0.98252682 81.04719340 -13.73617388 
0.98315883 79.90364632 -13.92015372 
0.98379085 78.72638514 -14.15213763 
0.98442286 77.13285945 -14.37906940 
0.98505487 75.80523473 -14.65104596 
0.98568689 74.42927907 -14.97120432 
0.98631890 72.44553135 -14.98417837 
0.98695092 70.97378670 -15.04130182 
0.98758293 69.43827974 -15.14684967 
0.98821495 67.14717578 -15.16541413 
0.98884696 65.47499177 -15.22722689 
0.98947897 63.71265076 -15.33776114 
0.99011099 61.19345719 -15.33091759 
0.99074300 59.26983062 -15.36641584 
0.99137502 57.21221093 -15.45098526 
0.99199256 54.52590806 -14.86416288 
0.99261011 52.37556089 -14.31689701 
0.99322765 50.03110884 -13.81617602 
0.99377743 47.41959966 -14.43467806 
0.99432722 45.06012603 -15.08386152 
0.99487700 42.41982383 -15.76837480 
0.99531847 39.44329575 -14.74037620 
0.99575994 37.37029674 -13.73177410 
0.99620142 35.02849996 -12.74430941 
0.99654791 32.51258259 -12.08706124 
0.99689440 30.66082427 -11.44156778 
0.99724089 28.53514849 -10.80806526 
0.99751815 26.26148986 -10.28258641 
0.99779540 24.47193288 -9.76453694 
0.99807266 22.32906575 -9.25391169 
0.99835956 19.38149820 -8.00865487 
0.99864646 17.04541173 -6.77154694 
0.99893336 13.91952992 -5.54231230 
0.99928891 9.97759688 -3.52851240 
0.99964445 4.53866426 -1.52664233 
1.00000000 -1.98949148 0.46330856 
