0.00000000 21.35443360 8.10873297 
0.00033937 21.34611804 8.10828525 
0.00067874 21.33776412 8.10779253 
0.00101812 21.32937182 8.10725479 
0.00136993 21.32063165 8.10665001 
0.00172174 21.31185008 8.10599671 
0.00207355 21.30302712 8.10529490 
0.00243826 21.29383715 8.10451639 
0.00280296 21.28460249 8.10368558 
0.00316767 21.27532313 8.10280248 
0.00354574 21.26565676 8.10183230 
0.00392381 21.25594213 8.10080559 
0.00430189 21.24617924 8.09972236 
0.00469382 21.23600776 8.09854067 
0.00508575 21.22578419 8.09729807 
0.00547768 21.21550853 8.09599455 
0.00588397 21.20480136 8.09457970 
0.00629027 21.19403797 8.09309931 
0.00669656 21.18321837 8.09155338 
0.00711775 21.17194295 8.08988219 
0.00753894 21.16060676 8.08814044 
0.00796013 21.14920980 8.08632812 
0.00839675 21.13733146 8.08437564 
0.00883337 21.12538759 8.08234685 
0.00927000 21.11337819 8.08024175 
0.00972263 21.10086000 8.07798011 
0.01017525 21.08827071 8.07563636 
0.01062788 21.07561033 8.07321050 
0.01109710 21.06241193 8.07061013 
0.01156632 21.04913726 8.06792119 
0.01203553 21.03578634 8.06514367 
0.01252195 21.02186571 8.06217230 
0.01300837 21.00786279 8.05910539 
0.01349478 20.99377755 8.05594294 
0.01399902 20.97908937 8.05256532 
0.01450327 20.96431244 8.04908480 
0.01500751 20.94944676 8.04550137 
0.01553024 20.93394269 8.04167955 
0.01605296 20.91834296 8.03774693 
0.01657569 20.90264757 8.03370353 
0.01711757 20.88627604 8.02939627 
0.01765946 20.86980137 8.02496978 
0.01820134 20.85322358 8.02042405 
0.01876309 20.83592939 8.01558702 
0.01932483 20.81852393 8.01062136 
0.01988658 20.80100718 8.00552709 
0.02046891 20.78273223 8.00011249 
0.02105125 20.76433729 7.99455890 
0.02163358 20.74582238 7.98886632 
0.02223726 20.72650288 7.98282119 
0.02284094 20.70705446 7.97662669 
0.02344462 20.68747710 7.97028280 
0.02407042 20.66704656 7.96355104 
0.02469623 20.64647729 7.95665837 
0.02532203 20.62576928 7.94960479 
0.02597077 20.60415654 7.94212552 
0.02661952 20.58239460 7.93447284 
0.02726826 20.56048347 7.92664673 
0.02794078 20.53761264 7.91835410 
0.02861330 20.51458145 7.90987511 
0.02928582 20.49138989 7.90120975 
0.02998299 20.46718009 7.89203228 
0.03068015 20.44279813 7.88265446 
0.03137732 20.41824399 7.87307629 
0.03210005 20.39260904 7.86293821 
0.03282277 20.36678952 7.85258427 
0.03354549 20.34078543 7.84201447 
0.03429470 20.31363550 7.83083397 
0.03504391 20.28628762 7.81942101 
0.03579312 20.25874177 7.80777558 
0.03656979 20.22997890 7.79546233 
0.03734647 20.20100442 7.78289992 
0.03812314 20.17181833 7.77008837 
0.03892828 20.14134066 7.75654792 
0.03973341 20.11063703 7.74273958 
0.04053855 20.07970742 7.72866336 
0.04137320 20.04740738 7.71379444 
0.04220785 20.01486626 7.69863745 
0.04304250 19.98208404 7.68319238 
0.04390774 19.94784856 7.66688512 
0.04477298 19.91335641 7.65026868 
0.04563822 19.87860760 7.63334307 
0.04653517 19.84231583 7.61547882 
0.04743212 19.80575183 7.59728431 
0.04832908 19.76891558 7.57875954 
0.04925891 19.73044355 7.55921469 
0.05018873 19.69168258 7.53931632 
0.05111856 19.65263267 7.51906443 
0.05208247 19.61185124 7.49770632 
0.05304638 19.57076410 7.47596937 
0.05401029 19.52937127 7.45385357 
0.05500953 19.48614387 7.43054097 
0.05600876 19.44259518 7.40682400 
0.05700800 19.39872519 7.38270267 
0.05804386 19.35291332 7.35728505 
0.05907973 19.30676387 7.33143671 
0.06011559 19.26027683 7.30515767 
0.06118942 19.21173782 7.27747740 
0.06226325 19.16284665 7.24933929 
0.06333708 19.11360332 7.22074335 
0.06445026 19.06219282 7.19063499 
0.06556345 19.01041631 7.16004155 
0.06667664 18.95827378 7.12896303 
0.06783062 18.90384151 7.09625113 
0.06898461 18.84903413 7.06302775 
0.07013860 18.79385162 7.02929288 
0.07133488 18.73625816 6.99379896 
0.07253117 18.67828130 6.95776763 
0.07372745 18.61992107 6.92119890 
0.07496758 18.55902149 6.88273613 
0.07620771 18.49773685 6.84370950 
0.07744785 18.43606715 6.80411901 
0.07873343 18.37172899 6.76249949 
0.08001901 18.30700642 6.72028948 
0.08130460 18.24189946 6.67748896 
0.08263730 18.17400002 6.63252194 
0.08397000 18.10572300 6.58693968 
0.08530271 18.03706841 6.54074217 
0.08668426 17.96550516 6.49222862 
0.08806581 17.89357523 6.44308260 
0.08944736 17.82127862 6.39330410 
0.09087955 17.74595583 6.34106858 
0.09231173 17.67029014 6.28817744 
0.09374392 17.59428153 6.23463067 
0.09522860 17.51515386 6.17848332 
0.09671328 17.43571739 6.12167106 
0.09819796 17.35597211 6.06419391 
0.09973706 17.27300395 6.00396652 
0.10127615 17.18977454 5.94306737 
0.10281525 17.10628386 5.88149645 
0.10441076 17.01948966 5.81703629 
0.10600627 16.93251792 5.75191940 
0.10760177 16.84536864 5.68614579 
0.10924708 16.75530264 5.61767528 
0.11089238 16.66514527 5.54858029 
0.11253768 16.57489654 5.47886080 
0.11420418 16.48341573 5.40766410 
0.11587068 16.39194279 5.33588955 
0.11753719 16.30047771 5.26353715 
0.11920369 16.20905859 5.19069572 
0.12087020 16.11777047 5.11735777 
0.12253670 16.02661335 5.04352330 
0.12420321 15.93561156 4.96926474 
0.12586971 15.84485547 4.89459967 
0.12753622 15.75434506 4.81952810 
0.12920272 15.66411787 4.74413330 
0.13086923 15.57427468 4.66841385 
0.13253573 15.48481546 4.59236972 
0.13420223 15.39573209 4.51608109 
0.13586874 15.30716528 4.43957252 
0.13753524 15.21911506 4.36284403 
0.13920175 15.13156165 4.28594484 
0.14086825 15.04465169 4.20892133 
0.14253476 14.95838519 4.13177350 
0.14420126 14.87275591 4.05456650 
0.14586777 14.78790092 3.97731856 
0.14753427 14.70382021 3.90002966 
0.14920077 14.62049147 3.82276446 
0.15086728 14.53804949 3.74557542 
0.15253378 14.45649427 3.66846251 
0.15420029 14.37587446 3.59148421 
0.15586679 14.29625978 3.51463852 
0.15753330 14.21765024 3.43792542 
0.15919980 14.14004631 3.36146367 
0.16086631 14.06360534 3.28525358 
0.16253281 13.98832732 3.20929515 
0.16419932 13.91415439 3.13361225 
0.16586582 13.84123763 3.05828440 
0.16753232 13.76957703 2.98331157 
0.16919883 13.69920166 2.90873185 
0.17086533 13.63019076 2.83455283 
0.17253184 13.56254432 2.76077451 
0.17419834 13.49623234 2.68748114 
0.17586485 13.43141334 2.61468555 
0.17753135 13.36808731 2.54238773 
0.17919786 13.30620819 2.47061212 
0.18086436 13.24590518 2.39939265 
0.18253086 13.18717827 2.32872931 
0.18419737 13.13000691 2.25863755 
0.18586387 13.07447742 2.18915643 
0.18753038 13.02058979 2.12028592 
0.18919688 12.96837664 2.05205893 
0.19086339 12.91787920 1.98444524 
0.19252989 12.86909748 1.91744484 
0.19419640 12.82200984 1.85112332 
0.19586290 12.77670443 1.78544433 
0.19752941 12.73318125 1.72040788 
0.19919591 12.69141824 1.65603148 
0.20086241 12.65145129 1.59229177 
0.20252892 12.61328040 1.52918874 
0.20419542 12.57690610 1.46673881 
0.20586193 12.54232905 1.40488779 
0.20752843 12.50954925 1.34363569 
0.20919494 12.47854678 1.28303064 
0.21086144 12.44932194 1.22296159 
0.21252795 12.42187473 1.16342856 
0.21419445 12.39613383 1.10446297 
0.21586096 12.37208247 1.04598989 
0.21752746 12.34972066 0.98800933 
0.21919396 12.32901590 0.93051350 
0.22086047 12.30985565 0.87340929 
0.22252697 12.29223993 0.81669668 
0.22419348 12.27612868 0.76039841 
0.22585998 12.26138328 0.70439047 
0.22752649 12.24800372 0.64867286 
0.22919299 12.23596441 0.59327937 
0.23085950 12.22505703 0.53806646 
0.23252600 12.21528160 0.48303414 
0.23419250 12.20665515 0.42822325 
0.23585901 12.19895540 0.37351561 
0.23752551 12.19218233 0.31891121 
0.23919202 12.18635517 0.26442501 
0.24085852 12.18130076 0.20998231 
0.24252503 12.17701910 0.15558310 
0.24419153 12.17355842 0.10124561 
0.24585804 12.17077609 0.04691247 
0.24752454 12.16867211 -0.00741632 
0.24919105 12.16726529 -0.06172945 
0.25085755 12.16650432 -0.11603537 
0.25252405 12.16638921 -0.17033410 
0.25419056 12.16700264 -0.22464388 
0.25585706 12.16828113 -0.27897621 
0.25752357 12.17022468 -0.33333111 
0.25919007 12.17292474 -0.38774832 
0.26085658 12.17635692 -0.44218460 
0.26252308 12.18052122 -0.49663995 
0.26418959 12.18561496 -0.55121724 
0.26585609 12.19159643 -0.60589563 
0.26752259 12.19846565 -0.66067510 
0.26918910 12.20637660 -0.71564487 
0.27085560 12.21536987 -0.77079268 
0.27252211 12.22544547 -0.82611853 
0.27418861 12.23680438 -0.88173416 
0.27585512 12.24945598 -0.93763502 
0.27752162 12.26340027 -0.99382110 
0.27918813 12.27879677 -1.05043642 
0.28085463 12.29568092 -1.10741034 
0.28252114 12.31405270 -1.16474287 
0.28418764 12.33404389 -1.22260745 
0.28585414 12.35567057 -1.28094068 
0.28752065 12.37893275 -1.33974256 
0.28918715 12.40390367 -1.39911960 
0.29085366 12.43061541 -1.45906145 
0.29252016 12.45906797 -1.51956812 
0.29418667 12.48925196 -1.58070773 
0.29585317 12.52121404 -1.64244876 
0.29751968 12.55495422 -1.70479122 
0.29918618 12.59050124 -1.76780360 
0.30085268 12.62782047 -1.83148029 
0.30251919 12.66691189 -1.89582131 
0.30418569 12.70776539 -1.96083272 
0.30585220 12.75038058 -2.02650923 
0.30751870 12.79475746 -2.09285082 
0.30918521 12.84084919 -2.15986905 
0.31085171 12.88866170 -2.22755331 
0.31251822 12.93819499 -2.29590359 
0.31418472 12.98935902 -2.36489990 
0.31585123 13.04218584 -2.43452594 
0.31751773 13.09667544 -2.50478173 
0.31918423 13.15272896 -2.57568556 
0.32085074 13.21035007 -2.64716112 
0.32251724 13.26953878 -2.71920841 
0.32418375 13.33022726 -2.79183096 
0.32585025 13.39240022 -2.86498279 
0.32751676 13.45605765 -2.93866390 
0.32918326 13.52108709 -3.01286094 
0.33084977 13.58750238 -3.08750329 
0.33251627 13.65530350 -3.16259096 
0.33418278 13.72438650 -3.23811941 
0.33584928 13.79474452 -3.31402255 
0.33751578 13.86637754 -3.39030037 
0.33918229 13.93916961 -3.46692265 
0.34084879 14.01312941 -3.54383237 
0.34251530 14.08825694 -3.62102953 
0.34418180 14.16443225 -3.69849967 
0.34584831 14.24164519 -3.77614949 
0.34751481 14.31989576 -3.85397899 
0.34918132 14.39909280 -3.93198566 
0.35084782 14.47921182 -4.01009665 
0.35251432 14.56025281 -4.08831196 
0.35418083 14.64209119 -4.16660074 
0.35584733 14.72472452 -4.24488227 
0.35751384 14.80815277 -4.32315655 
0.35918034 14.89228179 -4.40142221 
0.36084685 14.97707476 -4.47958262 
0.36251335 15.06253170 -4.55763778 
0.36417986 15.14856562 -4.63559104 
0.36584636 15.23513727 -4.71334864 
0.36751287 15.32224666 -4.79091060 
0.36917937 15.40980097 -4.86825869 
0.37084587 15.49777880 -4.94532402 
0.37251238 15.58618013 -5.02210659 
0.37417888 15.67488563 -5.09858023 
0.37584539 15.76389153 -5.17467590 
0.37751189 15.85319782 -5.25039360 
0.37917840 15.94270879 -5.32572262 
0.38084490 16.03239377 -5.40058795 
0.38251141 16.12225279 -5.47498958 
0.38417791 16.21218565 -5.54889640 
0.38584441 16.30218559 -5.62226366 
0.38751092 16.39225263 -5.69509136 
0.38917742 16.48229032 -5.76737590 
0.39084393 16.57227253 -5.83901699 
0.39251043 16.66219925 -5.91001464 
0.39417694 16.75201262 -5.98040330 
0.39584344 16.84165621 -6.05009042 
0.39750995 16.93113002 -6.11907602 
0.39917645 17.02038906 -6.18735823 
0.40084296 17.10938268 -6.25487514 
0.40250946 17.19811090 -6.32162677 
0.40417596 17.28651793 -6.38760019 
0.40584247 17.37457218 -6.45275203 
0.40750897 17.46227365 -6.51708231 
0.40917548 17.54954726 -6.58057058 
0.41084198 17.63638944 -6.64317980 
0.41250849 17.72280019 -6.70490998 
0.41417499 17.80869199 -6.76574845 
0.41584150 17.89406723 -6.82565196 
0.41750800 17.97892590 -6.88462052 
0.41917450 18.06321533 -6.94266523 
0.42084101 18.14690517 -6.99972375 
0.42250751 18.22999542 -7.05579608 
0.42417402 18.31245684 -7.11090542 
0.42584052 18.39424603 -7.16499108 
0.42750703 18.47536299 -7.21805308 
0.42917353 18.55579963 -7.27010823 
0.43084004 18.63550774 -7.32110839 
0.43250654 18.71448731 -7.37105357 
0.43417305 18.79271813 -7.41995826 
0.43583955 18.87017257 -7.46778042 
0.43750605 18.94685064 -7.51452006 
0.43917256 19.02273156 -7.56018904 
0.44083906 19.09779266 -7.60475421 
0.44250557 19.17203394 -7.64821557 
0.44417207 19.24543188 -7.69057893 
0.44583858 19.31797110 -7.73182121 
0.44750508 19.38965160 -7.77194242 
0.44917159 19.46046257 -7.81095553 
0.45083809 19.53038018 -7.84882755 
0.45250460 19.59940442 -7.88555846 
0.45417110 19.66753109 -7.92117699 
0.45583760 19.73474164 -7.95564367 
0.45750411 19.80103605 -7.98895851 
0.45917061 19.86640718 -8.02115347 
0.46083712 19.93084169 -8.05218845 
0.46250362 19.99433957 -8.08206347 
0.46417013 20.05690222 -8.11081812 
0.46583663 20.11851570 -8.13841178 
0.46750314 20.17917999 -8.16484444 
0.46916964 20.23889636 -8.19015088 
0.47083614 20.29765471 -8.21429839 
0.47250265 20.35545506 -8.23728699 
0.47416915 20.41230237 -8.25915253 
0.47583566 20.46818859 -8.27986189 
0.47750216 20.52311373 -8.29941504 
0.47916867 20.57708883 -8.31785114 
0.48083517 20.63010143 -8.33513838 
0.48250168 20.68215152 -8.35127674 
0.48416818 20.73326170 -8.36629714 
0.48583469 20.78341797 -8.38018344 
0.48750119 20.83262035 -8.39293566 
0.48916769 20.88088175 -8.40457820 
0.49083420 20.92819786 -8.41509297 
0.49250070 20.97456868 -8.42447997 
0.49416721 21.02002095 -8.43277282 
0.49583371 21.06454338 -8.43995078 
0.49750022 21.10813597 -8.44601387 
0.49916672 21.15082077 -8.45099818 
0.50083323 21.19259216 -8.45487872 
0.50249973 21.23345013 -8.45765550 
0.50416623 21.27342417 -8.45937538 
0.50583274 21.31250561 -8.46000043 
0.50749924 21.35069444 -8.45953062 
0.50916575 21.38802256 -8.45802985 
0.51083225 21.42448361 -8.45544916 
0.51249876 21.46007758 -8.45178856 
0.51416526 21.49483603 -8.44710755 
0.51583177 21.52875286 -8.44136698 
0.51749827 21.56182808 -8.43456685 
0.51916478 21.59409594 -8.42675657 
0.52083128 21.62555663 -8.41790699 
0.52249778 21.65621015 -8.40801810 
0.52416429 21.68607952 -8.39713185 
0.52583079 21.71517396 -8.38522489 
0.52749730 21.74349349 -8.37229723 
0.52916380 21.77106719 -8.35838982 
0.53083031 21.79789591 -8.34347895 
0.53249681 21.82397964 -8.32756462 
0.53416332 21.84935570 -8.31068610 
0.53582982 21.87402797 -8.29282399 
0.53749632 21.89799645 -8.27397828 
0.53916283 21.92128665 -8.25418492 
0.54082933 21.94390973 -8.23342694 
0.54249584 21.96586569 -8.21170433 
0.54416234 21.98718708 -8.18905272 
0.54582885 22.00787642 -8.16545144 
0.54749535 22.02793373 -8.14090049 
0.54916186 22.04740220 -8.11544317 
0.55082836 22.06627985 -8.08905508 
0.55249487 22.08456669 -8.06173623 
0.55416137 22.10230141 -8.03352670 
0.55582787 22.11948472 -8.00440495 
0.55749438 22.13611663 -7.97437099 
0.55916088 22.15223481 -7.94346254 
0.56082739 22.16784876 -7.91166062 
0.56249389 22.18295849 -7.87896523 
0.56416040 22.19758241 -7.84541406 
0.56582690 22.21174286 -7.81098799 
0.56749341 22.22543982 -7.77568701 
0.56915991 22.23869622 -7.73954642 
0.57082642 22.25152354 -7.70255022 
0.57249292 22.26392177 -7.66469843 
0.57415942 22.27592262 -7.62602082 
0.57582593 22.28753581 -7.58650794 
0.57749243 22.29876134 -7.54615978 
0.57915894 22.30961939 -7.50500714 
0.58082544 22.32012108 -7.46303563 
0.58249195 22.33026642 -7.42024524 
0.58415845 22.34008730 -7.37666817 
0.58582496 22.34958888 -7.33229210 
0.58749146 22.35877115 -7.28711704 
0.58915796 22.36765464 -7.24117663 
0.59082447 22.37624694 -7.19445643 
0.59249097 22.38454806 -7.14695644 
0.59415748 22.39258211 -7.09870834 
0.59582398 22.40035618 -7.04970069 
0.59749049 22.40787026 -6.99993350 
0.59915699 22.41514340 -6.94943662 
0.60082350 22.42218020 -6.89820291 
0.60249000 22.42898066 -6.84623235 
0.60415651 22.43556562 -6.79355037 
0.60582301 22.44193660 -6.74015071 
0.60748951 22.44809360 -6.68603337 
0.60915602 22.45406378 -6.63122759 
0.61082252 22.45983685 -6.57572608 
0.61248903 22.46541283 -6.51952883 
0.61415553 22.47082361 -6.46265966 
0.61582204 22.47606009 -6.40511782 
0.61748854 22.48112228 -6.34690333 
0.61915505 22.48602870 -6.28804225 
0.62082155 22.49077471 -6.22852791 
0.62248805 22.49536032 -6.16836029 
0.62415456 22.49981548 -6.10756437 
0.62582106 22.50412366 -6.04613873 
0.62748757 22.50828486 -5.98408337 
0.62915407 22.51232830 -5.92142398 
0.63082058 22.51624178 -5.85815595 
0.63248708 22.52002529 -5.79427928 
0.63415359 22.52369718 -5.72981870 
0.63582009 22.52725104 -5.66477498 
0.63748660 22.53068687 -5.59914812 
0.63915310 22.53402241 -5.53295458 
0.64081960 22.53725210 -5.46619974 
0.64248611 22.54037593 -5.39888359 
0.64415261 22.54340987 -5.33102916 
0.64581912 22.54634519 -5.26263329 
0.64748562 22.54918188 -5.19369597 
0.64915213 22.55194368 -5.12424082 
0.65081863 22.55461680 -5.05427126 
0.65248514 22.55720125 -4.98378730 
0.65415164 22.55971367 -4.91280408 
0.65581814 22.56214620 -4.84132837 
0.65748465 22.56449885 -4.76936018 
0.65915115 22.56679099 -4.69691891 
0.66081766 22.56900804 -4.62400733 
0.66248416 22.57115000 -4.55062544 
0.66415067 22.57324070 -4.47679267 
0.66581717 22.57526474 -4.40251456 
0.66748368 22.57722213 -4.32779111 
0.66915018 22.57913089 -4.25263766 
0.67081669 22.58098047 -4.17706260 
0.67248319 22.58277089 -4.10106595 
0.67414969 22.58451910 -4.02466641 
0.67581620 22.58621114 -3.94786643 
0.67748270 22.58784702 -3.87066600 
0.67914921 22.58945175 -3.79308485 
0.68081571 22.59100657 -3.71513114 
0.68248222 22.59251149 -3.63680485 
0.68414872 22.59398565 -3.55811964 
0.68581523 22.59541459 -3.47908437 
0.68748173 22.59679831 -3.39969903 
0.68914824 22.59815807 -3.31997929 
0.69081474 22.59947781 -3.23993547 
0.69248124 22.60075753 -3.15956758 
0.69414775 22.60201673 -3.07889091 
0.69581425 22.60323858 -2.99791349 
0.69748076 22.60442307 -2.91663531 
0.69914726 22.60559138 -2.83507243 
0.70081377 22.60672766 -2.75323548 
0.70248027 22.60783192 -2.67112449 
0.70414678 22.60892190 -2.58875250 
0.70581328 22.60998257 -2.50613171 
0.70747978 22.61101395 -2.42326213 
0.70914629 22.61203612 -2.34015767 
0.71081279 22.61303126 -2.25682960 
0.71247930 22.61399937 -2.17327791 
0.71414580 22.61496055 -2.08952003 
0.71581231 22.61589655 -2.00556240 
0.71747881 22.61680736 -1.92140504 
0.71914532 22.61771976 -1.83706682 
0.72081182 22.61860731 -1.75255750 
0.72247833 22.61947000 -1.66787709 
0.72414483 22.62033362 -1.58304013 
0.72581133 22.62117607 -1.49805791 
0.72747784 22.62199736 -1.41293042 
0.72914434 22.62281840 -1.32767040 
0.73081085 22.62362246 -1.24229367 
0.73247735 22.62440956 -1.15680024 
0.73414386 22.62519274 -1.07120295 
0.73581036 22.62595943 -0.98551227 
0.73747687 22.62670961 -0.89972821 
0.73914337 22.62746415 -0.81386939 
0.74080987 22.62820030 -0.72794577 
0.74247638 22.62891804 -0.64195734 
0.74414288 22.62963905 -0.55591883 
0.74580939 22.63034453 -0.46984193 
0.74747589 22.63103448 -0.38372663 
0.74914240 22.63172517 -0.29758914 
0.75080890 22.63240091 -0.21144031 
0.75247541 22.63306169 -0.12528014 
0.75414191 22.63372346 -0.03912537 
0.75580842 22.63436844 0.04701331 
0.75747492 22.63499664 0.13313589 
0.75914142 22.63562930 0.21923297 
0.76080793 22.63624495 0.30528215 
0.76247443 22.63684358 0.39128344 
0.76414094 22.63743889 0.47723375 
0.76580744 22.63801985 0.56311314 
0.76747395 22.63858648 0.64892161 
0.76914045 22.63914782 0.73464136 
0.77080696 22.63969033 0.82026689 
0.77247346 22.64021401 0.90579822 
0.77413996 22.64073858 0.99121655 
0.77580647 22.64124162 1.07650900 
0.77747297 22.64172314 1.16167556 
0.77913948 22.64219926 1.24670627 
0.78080598 22.64265369 1.33158686 
0.78247249 22.64308643 1.41631733 
0.78413899 22.64351245 1.50088062 
0.78580550 22.64391275 1.58526719 
0.78747200 22.64428732 1.66947706 
0.78913851 22.64465630 1.75349920 
0.79080501 22.64499573 1.83731379 
0.79247151 22.64530559 1.92092084 
0.79413802 22.64560460 2.00431821 
0.79580452 22.64587274 2.08748365 
0.79747103 22.64611003 2.17041717 
0.79913753 22.64633338 2.25310886 
0.80080404 22.64652052 2.33554513 
0.80247054 22.64667147 2.41772597 
0.80413705 22.64680760 2.49963843 
0.80580355 22.64690424 2.58126905 
0.80747006 22.64696138 2.66261784 
0.80913656 22.64699580 2.74367046 
0.81080306 22.64698629 2.82441840 
0.81246957 22.64693287 2.90486168 
0.81413607 22.64685775 2.98498725 
0.81580258 22.64673389 3.06477710 
0.81746908 22.64656129 3.14423123 
0.81913559 22.64635490 3.22334682 
0.82080209 22.64609678 3.30210487 
0.82246860 22.64578691 3.38050539 
0.82413510 22.64544119 3.45853831 
0.82580160 22.64503579 3.53618860 
0.82746811 22.64457073 3.61345626 
0.82913461 22.64406543 3.69033428 
0.83080112 22.64349552 3.76680444 
0.83246762 22.64286100 3.84286673 
0.83413413 22.64217696 3.91851436 
0.83580063 22.64142253 3.99373131 
0.83746714 22.64059771 4.06851758 
0.83913364 22.63971778 4.14286444 
0.84080015 22.63875938 4.21675610 
0.84246665 22.63772252 4.29019254 
0.84413315 22.63662546 4.36316686 
0.84579966 22.63544120 4.43566153 
0.84746616 22.63416976 4.50767654 
0.84913267 22.63283270 4.57920828 
0.85079917 22.63139911 4.65023531 
0.85246568 22.62986898 4.72075762 
0.85413218 22.62826271 4.79077640 
0.85579869 22.62655283 4.86026582 
0.85746519 22.62473933 4.92922588 
0.85913169 22.62283883 4.99766174 
0.86079820 22.62082670 5.06554415 
0.86246470 22.61870297 5.13287311 
0.86413121 22.61647196 5.19965064 
0.86579771 22.61412099 5.26585659 
0.86746422 22.61165006 5.33149097 
0.86913072 22.60906575 5.39654654 
0.87079723 22.60634683 5.46100547 
0.87246373 22.60349331 5.52486776 
0.87413024 22.60051245 5.58813475 
0.87579674 22.59738344 5.65078167 
0.87746324 22.59410627 5.71280851 
0.87912975 22.59069916 5.77422039 
0.88079625 22.58712658 5.83498476 
0.88246276 22.58338855 5.89510162 
0.88412926 22.57948991 5.95458509 
0.88579577 22.57541494 6.01340303 
0.88746227 22.57116362 6.07155544 
0.88910759 22.56679958 6.12832556 
0.89075291 22.56224390 6.18442073 
0.89239823 22.55749659 6.23984093 
0.89399373 22.55271522 6.29295439 
0.89558924 22.54773387 6.34541796 
0.89718475 22.54255255 6.39723163 
0.89872385 22.53737077 6.44660268 
0.90026294 22.53198685 6.49535328 
0.90180204 22.52640082 6.54348342 
0.90328672 22.52082613 6.58932952 
0.90477140 22.51504527 6.63458167 
0.90625608 22.50905823 6.67923985 
0.90768827 22.50308487 6.72176394 
0.90912045 22.49690510 6.76372434 
0.91055264 22.49051891 6.80512106 
0.91193419 22.48416116 6.84452188 
0.91331574 22.47759226 6.88338588 
0.91469729 22.47081222 6.92171308 
0.91603000 22.46406848 6.95818250 
0.91736270 22.45711504 6.99414180 
0.91869540 22.44995190 7.02959097 
0.91998099 22.44283548 7.06330883 
0.92126657 22.43550778 7.09654326 
0.92255215 22.42796879 7.12929426 
0.92379229 22.42048907 7.16043649 
0.92503242 22.41279580 7.19112000 
0.92627255 22.40488901 7.22134480 
0.92746883 22.39706911 7.25007592 
0.92866512 22.38903305 7.27837116 
0.92986140 22.38078082 7.30623050 
0.93101539 22.37261680 7.33270218 
0.93216938 22.36424441 7.35876542 
0.93332336 22.35566368 7.38442022 
0.93443655 22.34718361 7.40878453 
0.93554974 22.33849758 7.43276269 
0.93666292 22.32960558 7.45635471 
0.93773675 22.32082732 7.47875197 
0.93881058 22.31184691 7.50078489 
0.93988441 22.30266435 7.52245348 
0.94092027 22.29360954 7.54301591 
0.94195614 22.28435662 7.56323442 
0.94299200 22.27490557 7.58310903 
0.94399124 22.26559544 7.60196099 
0.94499047 22.25609227 7.62048967 
0.94598971 22.24639606 7.63869508 
0.94695362 22.23685618 7.65595368 
0.94791753 22.22712760 7.67290824 
0.94888144 22.21721032 7.68955875 
0.94981127 22.20746186 7.70533537 
0.95074109 22.19753099 7.72082562 
0.95167092 22.18741769 7.73602951 
0.95256788 22.17748736 7.75043016 
0.95346483 22.16738031 7.76456014 
0.95436178 22.15709655 7.77841946 
0.95522702 22.14700932 7.79153913 
0.95609226 22.13675100 7.80440502 
0.95695750 22.12632158 7.81701713 
0.95779215 22.11609797 7.82894527 
0.95862680 22.10571123 7.84063717 
0.95946145 22.09516138 7.85209285 
0.96026659 22.08482990 7.86292012 
0.96107172 22.07434116 7.87352353 
0.96187686 22.06369516 7.88390309 
0.96265353 22.05327691 7.89370858 
0.96343021 22.04270869 7.90330361 
0.96420688 22.03199049 7.91268820 
0.96495609 22.02150916 7.92154671 
0.96570530 22.01088481 7.93020793 
0.96645451 22.00011745 7.93867186 
0.96717723 21.98959441 7.94665306 
0.96789995 21.97893534 7.95444974 
0.96862268 21.96814025 7.96206189 
0.96931985 21.95759685 7.96923235 
0.97001701 21.94692406 7.97622996 
0.97071418 21.93612186 7.98305472 
0.97138670 21.92557930 7.98947670 
0.97205922 21.91491347 7.99573645 
0.97273174 21.90412436 8.00183396 
0.97338048 21.89360055 8.00756446 
0.97402923 21.88295990 8.01314305 
0.97467797 21.87220239 8.01856972 
0.97530377 21.86171524 8.02366275 
0.97592958 21.85111764 8.02861345 
0.97655538 21.84040959 8.03342181 
0.97715906 21.82997554 8.03792683 
0.97776274 21.81943711 8.04229889 
0.97836642 21.80879430 8.04653798 
0.97894875 21.79842888 8.05050228 
0.97953109 21.78796494 8.05434204 
0.98011342 21.77740250 8.05805724 
0.98067517 21.76712025 8.06152448 
0.98123691 21.75674494 8.06487494 
0.98179866 21.74627656 8.06810862 
0.98234054 21.73609092 8.07111915 
0.98288243 21.72581740 8.07402040 
0.98342431 21.71545598 8.07681237 
0.98394704 21.70537742 8.07940283 
0.98446976 21.69521667 8.08189186 
0.98499249 21.68497373 8.08427943 
0.98549673 21.67501494 8.08648623 
0.98600098 21.66497837 8.08859770 
0.98650522 21.65486404 8.09061384 
0.98699163 21.64503369 8.09246902 
0.98747805 21.63513045 8.09423523 
0.98796447 21.62515429 8.09591244 
0.98843368 21.61546197 8.09744641 
0.98890290 21.60570098 8.09889712 
0.98937212 21.59587133 8.10026456 
0.98982475 21.58632425 8.10150527 
0.99027737 21.57671284 8.10266817 
0.99073000 21.56703708 8.10375324 
0.99116663 21.55764261 8.10472690 
0.99160325 21.54818771 8.10562776 
0.99203987 21.53867239 8.10645583 
0.99246106 21.52943626 8.10718629 
0.99288225 21.52014353 8.10784883 
0.99330344 21.51079420 8.10844345 
0.99370973 21.50172175 8.10895322 
0.99411603 21.49259621 8.10939948 
0.99452232 21.48341760 8.10978224 
0.99491425 21.47451343 8.11009214 
0.99530618 21.46555950 8.11034262 
0.99569811 21.45655583 8.11053368 
0.99607619 21.44782334 8.11066253 
0.99645426 21.43904429 8.11073600 
0.99683233 21.43021870 8.11075407 
0.99719704 21.42166116 8.11071972 
0.99756174 21.41306002 8.11063366 
0.99792645 21.40441529 8.11049591 
0.99827826 21.39603493 8.11031454 
0.99863007 21.38761382 8.11008501 
0.99898188 21.37915195 8.10980733 
0.99932126 21.37095062 8.10949410 
0.99966063 21.36271117 8.10913598 
1.00000000 21.35443360 8.10873297 
