0.00000000 16.63210554 0.24190215 
0.00067137 16.63224632 0.24210518 
0.00134274 16.63238803 0.24230322 
0.00201410 16.63253069 0.24249628 
0.00269764 16.63267691 0.24268768 
0.00338118 16.63282409 0.24287387 
0.00406472 16.63297224 0.24305485 
0.00476065 16.63312407 0.24323371 
0.00545658 16.63327688 0.24340713 
0.00615250 16.63343067 0.24357511 
0.00686105 16.63358829 0.24374049 
0.00756959 16.63374691 0.24390018 
0.00827813 16.63390652 0.24405416 
0.00899952 16.63407008 0.24420506 
0.00972091 16.63423466 0.24435000 
0.01044230 16.63440026 0.24448899 
0.01117676 16.63456993 0.24462435 
0.01191122 16.63474064 0.24475349 
0.01264569 16.63491240 0.24487640 
0.01339346 16.63508836 0.24499512 
0.01414124 16.63526537 0.24510734 
0.01488902 16.63544345 0.24521306 
0.01565035 16.63562586 0.24531398 
0.01641168 16.63580935 0.24540811 
0.01717302 16.63599391 0.24549545 
0.01794815 16.63618294 0.24557737 
0.01872328 16.63637307 0.24565219 
0.01949841 16.63656428 0.24571993 
0.02028760 16.63676009 0.24578158 
0.02107678 16.63695702 0.24583582 
0.02186597 16.63715504 0.24588265 
0.02266946 16.63735780 0.24592270 
0.02347294 16.63756168 0.24595502 
0.02427643 16.63776669 0.24597961 
0.02509449 16.63797656 0.24599668 
0.02591254 16.63818755 0.24600568 
0.02673060 16.63839967 0.24600664 
0.02756348 16.63861680 0.24599926 
0.02839636 16.63883507 0.24598349 
0.02922924 16.63905447 0.24595932 
0.03007722 16.63927902 0.24592601 
0.03092520 16.63950469 0.24588393 
0.03177319 16.63973149 0.24583309 
0.03263654 16.63996360 0.24577229 
0.03349989 16.64019683 0.24570233 
0.03436324 16.64043120 0.24562322 
0.03524224 16.64067099 0.24553326 
0.03612124 16.64091191 0.24543377 
0.03700024 16.64115396 0.24532475 
0.03789518 16.64140157 0.24520392 
0.03879012 16.64165030 0.24507317 
0.03968505 16.64190016 0.24493248 
0.04059621 16.64215570 0.24477902 
0.04150737 16.64241235 0.24461522 
0.04241852 16.64267011 0.24444107 
0.04334620 16.64293369 0.24425312 
0.04427387 16.64319836 0.24405441 
0.04520155 16.64346413 0.24384493 
0.04614604 16.64373584 0.24362058 
0.04709053 16.64400863 0.24338502 
0.04803502 16.64428249 0.24313827 
0.04899663 16.64456240 0.24287551 
0.04995824 16.64484337 0.24260111 
0.05091985 16.64512538 0.24231507 
0.05189889 16.64541357 0.24201186 
0.05287793 16.64570277 0.24169654 
0.05385697 16.64599298 0.24136912 
0.05485376 16.64628948 0.24102330 
0.05585055 16.64658696 0.24066492 
0.05684734 16.64688540 0.24029396 
0.05786220 16.64719024 0.23990334 
0.05887706 16.64749600 0.23949967 
0.05989191 16.64780269 0.23908295 
0.06092517 16.64811585 0.23864524 
0.06195842 16.64842989 0.23819399 
0.06299168 16.64874481 0.23772920 
0.06404366 16.64906627 0.23724206 
0.06509564 16.64938857 0.23674087 
0.06614763 16.64971168 0.23622563 
0.06721868 16.65004140 0.23568663 
0.06828973 16.65037187 0.23513307 
0.06936078 16.65070309 0.23456497 
0.07045125 16.65104100 0.23397160 
0.07154172 16.65137956 0.23336316 
0.07263219 16.65171880 0.23273967 
0.07374242 16.65206476 0.23208939 
0.07485266 16.65241130 0.23142353 
0.07596289 16.65275840 0.23074208 
0.07709325 16.65311230 0.23003226 
0.07822361 16.65346666 0.22930633 
0.07935397 16.65382149 0.22856428 
0.08050482 16.65418310 0.22779224 
0.08165567 16.65454507 0.22700355 
0.08280652 16.65490740 0.22619823 
0.08397823 16.65527652 0.22536121 
0.08514994 16.65564587 0.22450703 
0.08632165 16.65601545 0.22363569 
0.08751460 16.65639180 0.22273090 
0.08870755 16.65676825 0.22180843 
0.08990050 16.65714478 0.22086826 
0.09111508 16.65752806 0.21989286 
0.09232966 16.65791127 0.21889925 
0.09354423 16.65829441 0.21788743 
0.09478082 16.65868425 0.21683855 
0.09601741 16.65907385 0.21577092 
0.09725401 16.65946319 0.21468455 
0.09851301 16.65985918 0.21355928 
0.09977202 16.66025474 0.21241473 
0.10103103 16.66064988 0.21125090 
0.10231286 16.66105147 0.21004628 
0.10359469 16.66145247 0.20882189 
0.10487652 16.66185287 0.20757773 
0.10618158 16.66225961 0.20629078 
0.10748665 16.66266553 0.20498358 
0.10879171 16.66307062 0.20365613 
0.11011545 16.66348035 0.20228907 
0.11143920 16.66388903 0.20090144 
0.11276294 16.66429665 0.19949325 
0.11409365 16.66470501 0.19805704 
0.11542436 16.66511212 0.19660034 
0.11675507 16.66551795 0.19512313 
0.11808578 16.66592217 0.19362558 
0.11941650 16.66632491 0.19210785 
0.12074721 16.66672618 0.19056994 
0.12207792 16.66712561 0.18901203 
0.12340863 16.66752336 0.18743430 
0.12473934 16.66791942 0.18583673 
0.12607005 16.66831344 0.18421958 
0.12740077 16.66870562 0.18258294 
0.12873148 16.66909595 0.18092681 
0.13006219 16.66948389 0.17925134 
0.13139290 16.66986979 0.17755691 
0.13272361 16.67025365 0.17584350 
0.13405432 16.67063513 0.17411106 
0.13538503 16.67101429 0.17236000 
0.13671575 16.67139111 0.17059033 
0.13804646 16.67176534 0.16880221 
0.13937717 16.67213709 0.16699586 
0.14070788 16.67250636 0.16517129 
0.14203859 16.67287278 0.16332875 
0.14336930 16.67323656 0.16146842 
0.14470002 16.67359768 0.15959030 
0.14603073 16.67395573 0.15769475 
0.14736144 16.67431098 0.15578187 
0.14869215 16.67466342 0.15385163 
0.15002286 16.67501251 0.15190449 
0.15135357 16.67535866 0.14994050 
0.15268428 16.67570187 0.14795968 
0.15401500 16.67604152 0.14596239 
0.15534571 16.67637806 0.14394882 
0.15667642 16.67671150 0.14191898 
0.15800713 16.67704121 0.13987303 
0.15933784 16.67736758 0.13781141 
0.16066855 16.67769064 0.13573413 
0.16199927 16.67800997 0.13364132 
0.16332998 16.67832573 0.13153331 
0.16466069 16.67863794 0.12941011 
0.16599140 16.67894619 0.12727200 
0.16732211 16.67925083 0.12511932 
0.16865282 16.67955187 0.12295207 
0.16998353 16.67984868 0.12077037 
0.17131425 16.68014172 0.11857470 
0.17264496 16.68043099 0.11636506 
0.17397567 16.68071589 0.11414158 
0.17530638 16.68099689 0.11190472 
0.17663709 16.68127397 0.10965451 
0.17796780 16.68154656 0.10739103 
0.17929852 16.68181507 0.10511481 
0.18062923 16.68207950 0.10282586 
0.18195994 16.68233938 0.10052430 
0.18329065 16.68259501 0.09821059 
0.18462136 16.68284640 0.09588474 
0.18595207 16.68309313 0.09354702 
0.18728278 16.68333548 0.09119774 
0.18861350 16.68357345 0.08883689 
0.18994421 16.68380659 0.08646502 
0.19127492 16.68403529 0.08408217 
0.19260563 16.68425956 0.08168835 
0.19393634 16.68447884 0.07928406 
0.19526705 16.68469354 0.07686960 
0.19659777 16.68490366 0.07444498 
0.19792848 16.68510873 0.07201045 
0.19925919 16.68530911 0.06956637 
0.20058990 16.68550479 0.06711277 
0.20192061 16.68569532 0.06465009 
0.20325132 16.68588108 0.06217853 
0.20458203 16.68606206 0.05969808 
0.20591275 16.68623778 0.05720922 
0.20724346 16.68640861 0.05471223 
0.20857417 16.68657454 0.05220712 
0.20990488 16.68673519 0.04969429 
0.21123559 16.68689086 0.04717400 
0.21256630 16.68704155 0.04464627 
0.21389702 16.68718677 0.04211149 
0.21522773 16.68732703 0.03957009 
0.21655844 16.68746233 0.03702205 
0.21788915 16.68759197 0.03446755 
0.21921986 16.68771659 0.03190714 
0.22055057 16.68783620 0.02934083 
0.22188128 16.68795004 0.02676882 
0.22321200 16.68805885 0.02419167 
0.22454271 16.68816263 0.02160938 
0.22587342 16.68826059 0.01902194 
0.22720413 16.68835339 0.01643019 
0.22853484 16.68844103 0.01383413 
0.22986555 16.68852308 0.01123375 
0.23119627 16.68859980 0.00862963 
0.23252698 16.68867121 0.00602178 
0.23385769 16.68873697 0.00341069 
0.23518840 16.68879744 0.00079649 
0.23651911 16.68885262 -0.00182081 
0.23784982 16.68890196 -0.00444040 
0.23918053 16.68894608 -0.00706237 
0.24051125 16.68898497 -0.00968671 
0.24184196 16.68901805 -0.01231282 
0.24317267 16.68904579 -0.01494037 
0.24450338 16.68906819 -0.01756935 
0.24583409 16.68908484 -0.02019949 
0.24716480 16.68909613 -0.02283039 
0.24849552 16.68910206 -0.02546205 
0.24982623 16.68910219 -0.02809390 
0.25115694 16.68909702 -0.03072579 
0.25248765 16.68908655 -0.03335772 
0.25381836 16.68907021 -0.03598918 
0.25514907 16.68904856 -0.03861981 
0.25647978 16.68902158 -0.04124964 
0.25781050 16.68898883 -0.04387831 
0.25914121 16.68895075 -0.04650546 
0.26047192 16.68890737 -0.04913110 
0.26180263 16.68885816 -0.05175468 
0.26313334 16.68880371 -0.05437601 
0.26446405 16.68874400 -0.05699509 
0.26579477 16.68867845 -0.05961140 
0.26712548 16.68860770 -0.06222466 
0.26845619 16.68853176 -0.06483487 
0.26978690 16.68845001 -0.06744170 
0.27111761 16.68836305 -0.07004470 
0.27244832 16.68827090 -0.07264384 
0.27377903 16.68817309 -0.07523883 
0.27510975 16.68807006 -0.07782929 
0.27644046 16.68796181 -0.08041523 
0.27777117 16.68784795 -0.08299604 
0.27910188 16.68772903 -0.08557167 
0.28043259 16.68760507 -0.08814212 
0.28176330 16.68747542 -0.09070685 
0.28309402 16.68734072 -0.09326548 
0.28442473 16.68720097 -0.09581802 
0.28575544 16.68705579 -0.09836430 
0.28708615 16.68690557 -0.10090383 
0.28841686 16.68675033 -0.10343659 
0.28974757 16.68658971 -0.10596216 
0.29107828 16.68642416 -0.10848029 
0.29240900 16.68625370 -0.11099097 
0.29373971 16.68607787 -0.11349381 
0.29507042 16.68589726 -0.11598842 
0.29640113 16.68571185 -0.11847481 
0.29773184 16.68552112 -0.12095275 
0.29906255 16.68532570 -0.12342175 
0.30039326 16.68512560 -0.12588180 
0.30172398 16.68492025 -0.12833273 
0.30305469 16.68471032 -0.13077402 
0.30438540 16.68449580 -0.13320565 
0.30571611 16.68427616 -0.13562750 
0.30704682 16.68405202 -0.13803902 
0.30837753 16.68382339 -0.14044020 
0.30970825 16.68358983 -0.14283089 
0.31103896 16.68335182 -0.14521063 
0.31236967 16.68310936 -0.14757940 
0.31370038 16.68286216 -0.14993685 
0.31503109 16.68261068 -0.15228278 
0.31636180 16.68235490 -0.15461717 
0.31769251 16.68209443 -0.15693959 
0.31902323 16.68182979 -0.15924975 
0.32035394 16.68156097 -0.16154762 
0.32168465 16.68128768 -0.16383302 
0.32301536 16.68101032 -0.16610555 
0.32434607 16.68072890 -0.16836519 
0.32567678 16.68044313 -0.17061163 
0.32700750 16.68015347 -0.17284460 
0.32833821 16.67985993 -0.17506412 
0.32966892 16.67956210 -0.17726983 
0.33099963 16.67926057 -0.17946145 
0.33233034 16.67895533 -0.18163897 
0.33366105 16.67864594 -0.18380217 
0.33499176 16.67833299 -0.18595065 
0.33632248 16.67801648 -0.18808442 
0.33765319 16.67769604 -0.19020328 
0.33898390 16.67737216 -0.19230691 
0.34031461 16.67704482 -0.19439532 
0.34164532 16.67671375 -0.19646814 
0.34297603 16.67637945 -0.19852522 
0.34430675 16.67604191 -0.20056655 
0.34563746 16.67570071 -0.20259178 
0.34696817 16.67535645 -0.20460068 
0.34829888 16.67500911 -0.20659326 
0.34962959 16.67465837 -0.20856927 
0.35096030 16.67430471 -0.21052846 
0.35229101 16.67394812 -0.21247082 
0.35362173 16.67358833 -0.21439605 
0.35495244 16.67322580 -0.21630398 
0.35628315 16.67286052 -0.21819462 
0.35761386 16.67249225 -0.22006759 
0.35894457 16.67212141 -0.22192282 
0.36027528 16.67174799 -0.22376030 
0.36160600 16.67137178 -0.22557959 
0.36293671 16.67099321 -0.22738071 
0.36426742 16.67061229 -0.22916365 
0.36559813 16.67022874 -0.23092806 
0.36692884 16.66984299 -0.23267374 
0.36825955 16.66945506 -0.23440069 
0.36959026 16.66906477 -0.23610882 
0.37092098 16.66867246 -0.23779785 
0.37225169 16.66827814 -0.23946778 
0.37358240 16.66788167 -0.24111835 
0.37491311 16.66748340 -0.24274946 
0.37624382 16.66708334 -0.24436111 
0.37757453 16.66668131 -0.24595302 
0.37890525 16.66627769 -0.24752510 
0.38023596 16.66587247 -0.24907734 
0.38156667 16.66546552 -0.25060949 
0.38289738 16.66505716 -0.25212147 
0.38422809 16.66464741 -0.25361329 
0.38555880 16.66423614 -0.25508467 
0.38688951 16.66382369 -0.25653555 
0.38822023 16.66341005 -0.25796596 
0.38955094 16.66299510 -0.25937559 
0.39088165 16.66257918 -0.26076444 
0.39221236 16.66216228 -0.26213250 
0.39354307 16.66174428 -0.26347959 
0.39487378 16.66132552 -0.26480557 
0.39620450 16.66090599 -0.26611043 
0.39753521 16.66048561 -0.26739410 
0.39886592 16.66006466 -0.26865642 
0.40019663 16.65964314 -0.26989740 
0.40152734 16.65922101 -0.27111690 
0.40285805 16.65879851 -0.27231484 
0.40418876 16.65837565 -0.27349124 
0.40551948 16.65795240 -0.27464592 
0.40685019 16.65752900 -0.27577885 
0.40818090 16.65710544 -0.27689002 
0.40951161 16.65668174 -0.27797931 
0.41084232 16.65625808 -0.27904667 
0.41217303 16.65583444 -0.28009212 
0.41350375 16.65541093 -0.28111546 
0.41483446 16.65498768 -0.28211675 
0.41616517 16.65456471 -0.28309599 
0.41749588 16.65414195 -0.28405302 
0.41882659 16.65371968 -0.28498783 
0.42015730 16.65329789 -0.28590042 
0.42148801 16.65287663 -0.28679074 
0.42281873 16.65245606 -0.28765875 
0.42414944 16.65203616 -0.28850446 
0.42548015 16.65161697 -0.28932777 
0.42681086 16.65119866 -0.29012871 
0.42814157 16.65078123 -0.29090726 
0.42947228 16.65036476 -0.29166336 
0.43080300 16.64994938 -0.29239704 
0.43213371 16.64953507 -0.29310830 
0.43346442 16.64912191 -0.29379704 
0.43479513 16.64871003 -0.29446334 
0.43612584 16.64829945 -0.29510718 
0.43745655 16.64789023 -0.29572854 
0.43878726 16.64748248 -0.29632744 
0.44011798 16.64707620 -0.29690386 
0.44144869 16.64667152 -0.29745781 
0.44277940 16.64626849 -0.29798935 
0.44411011 16.64586711 -0.29849845 
0.44544082 16.64546753 -0.29898507 
0.44677153 16.64506981 -0.29944932 
0.44810225 16.64467395 -0.29989121 
0.44943296 16.64428003 -0.30031072 
0.45076367 16.64388815 -0.30070790 
0.45209438 16.64349831 -0.30108276 
0.45342509 16.64311065 -0.30143535 
0.45475580 16.64272519 -0.30176571 
0.45608651 16.64234193 -0.30207384 
0.45741723 16.64196105 -0.30235983 
0.45874794 16.64158254 -0.30262370 
0.46007865 16.64120639 -0.30286547 
0.46140936 16.64083280 -0.30308519 
0.46274007 16.64046175 -0.30328296 
0.46407078 16.64009323 -0.30345879 
0.46540150 16.63972742 -0.30361272 
0.46673221 16.63936432 -0.30374484 
0.46806292 16.63900391 -0.30385517 
0.46939363 16.63864640 -0.30394384 
0.47072434 16.63829173 -0.30401089 
0.47205505 16.63793991 -0.30405631 
0.47338576 16.63759117 -0.30408022 
0.47471648 16.63724538 -0.30408276 
0.47604719 16.63690255 -0.30406393 
0.47737790 16.63656298 -0.30402375 
0.47870861 16.63622651 -0.30396243 
0.48003932 16.63589315 -0.30387998 
0.48137003 16.63556316 -0.30377643 
0.48270075 16.63523641 -0.30365200 
0.48403146 16.63491291 -0.30350667 
0.48536217 16.63459291 -0.30334052 
0.48669288 16.63427627 -0.30315374 
0.48802359 16.63396299 -0.30294633 
0.48935430 16.63365333 -0.30271838 
0.49068501 16.63334716 -0.30247009 
0.49201573 16.63304446 -0.30220147 
0.49334644 16.63274549 -0.30191261 
0.49467715 16.63245011 -0.30160372 
0.49600786 16.63215830 -0.30127479 
0.49733857 16.63187033 -0.30092594 
0.49866928 16.63158604 -0.30055738 
0.50000000 16.63130543 -0.30016910 
0.50133071 16.63102874 -0.29976124 
0.50266142 16.63075583 -0.29933401 
0.50399213 16.63048668 -0.29888738 
0.50532284 16.63022155 -0.29842159 
0.50665355 16.62996023 -0.29793675 
0.50798426 16.62970274 -0.29743283 
0.50931498 16.62944939 -0.29691007 
0.51064569 16.62919993 -0.29636868 
0.51197640 16.62895436 -0.29580868 
0.51330711 16.62871294 -0.29523014 
0.51463782 16.62847548 -0.29463334 
0.51596853 16.62824199 -0.29401828 
0.51729925 16.62801270 -0.29338511 
0.51862996 16.62778742 -0.29273406 
0.51996067 16.62756614 -0.29206514 
0.52129138 16.62734913 -0.29137858 
0.52262209 16.62713614 -0.29067452 
0.52395280 16.62692717 -0.28995296 
0.52528351 16.62672257 -0.28921415 
0.52661423 16.62652198 -0.28845831 
0.52794494 16.62632540 -0.28768544 
0.52927565 16.62613320 -0.28689565 
0.53060636 16.62594506 -0.28608926 
0.53193707 16.62576099 -0.28526628 
0.53326778 16.62558123 -0.28442687 
0.53459850 16.62540556 -0.28357125 
0.53592921 16.62523399 -0.28269943 
0.53725992 16.62506676 -0.28181169 
0.53859063 16.62490358 -0.28090819 
0.53992134 16.62474444 -0.27998892 
0.54125205 16.62458970 -0.27905415 
0.54258276 16.62443896 -0.27810409 
0.54391348 16.62429223 -0.27713875 
0.54524419 16.62414990 -0.27615826 
0.54657490 16.62401156 -0.27516299 
0.54790561 16.62387720 -0.27415294 
0.54923632 16.62374714 -0.27312816 
0.55056703 16.62362108 -0.27208904 
0.55189775 16.62349900 -0.27103559 
0.55322846 16.62338115 -0.26996792 
0.55455917 16.62326724 -0.26888634 
0.55588988 16.62315728 -0.26779086 
0.55722059 16.62305150 -0.26668171 
0.55855130 16.62294961 -0.26555909 
0.55988201 16.62285162 -0.26442300 
0.56121273 16.62275768 -0.26327368 
0.56254344 16.62266758 -0.26211141 
0.56387415 16.62258131 -0.26093618 
0.56520486 16.62249908 -0.25974813 
0.56653557 16.62242060 -0.25854756 
0.56786628 16.62234587 -0.25733449 
0.56919699 16.62227513 -0.25610917 
0.57052771 16.62220800 -0.25487176 
0.57185842 16.62214448 -0.25362226 
0.57318913 16.62208496 -0.25236095 
0.57451984 16.62202892 -0.25108809 
0.57585055 16.62197636 -0.24980365 
0.57718126 16.62192769 -0.24850774 
0.57851198 16.62188245 -0.24720076 
0.57984269 16.62184065 -0.24588271 
0.58117340 16.62180253 -0.24455364 
0.58250411 16.62176776 -0.24321393 
0.58383482 16.62173633 -0.24186358 
0.58516553 16.62170844 -0.24050275 
0.58649624 16.62168379 -0.23913170 
0.58782696 16.62166238 -0.23775042 
0.58915767 16.62164436 -0.23635916 
0.59048838 16.62162946 -0.23495810 
0.59181909 16.62161768 -0.23354723 
0.59314980 16.62160917 -0.23212689 
0.59448051 16.62160361 -0.23069717 
0.59581123 16.62160101 -0.22925806 
0.59714194 16.62160161 -0.22780987 
0.59847265 16.62160504 -0.22635277 
0.59980336 16.62161129 -0.22488676 
0.60113407 16.62162054 -0.22341213 
0.60246478 16.62163246 -0.22192895 
0.60379549 16.62164704 -0.22043722 
0.60512621 16.62166451 -0.21893727 
0.60645692 16.62168450 -0.21742929 
0.60778763 16.62170702 -0.21591328 
0.60911834 16.62173226 -0.21438934 
0.61044905 16.62175987 -0.21285774 
0.61177976 16.62178985 -0.21131848 
0.61311048 16.62182240 -0.20977182 
0.61444119 16.62185714 -0.20821787 
0.61577190 16.62189405 -0.20665663 
0.61710261 16.62193342 -0.20508837 
0.61843332 16.62197477 -0.20351324 
0.61976403 16.62201812 -0.20193122 
0.62109474 16.62206377 -0.20034250 
0.62242546 16.62211130 -0.19874730 
0.62375617 16.62216070 -0.19714561 
0.62508688 16.62221211 -0.19553759 
0.62641759 16.62226525 -0.19392344 
0.62774830 16.62232011 -0.19230318 
0.62907901 16.62237683 -0.19067698 
0.63040973 16.62243506 -0.18904499 
0.63174044 16.62249481 -0.18740718 
0.63307115 16.62255632 -0.18576381 
0.63440186 16.62261916 -0.18411501 
0.63573257 16.62268334 -0.18246079 
0.63706328 16.62274904 -0.18080128 
0.63839399 16.62281594 -0.17913667 
0.63972471 16.62288404 -0.17746696 
0.64105542 16.62295344 -0.17579233 
0.64238613 16.62302386 -0.17411290 
0.64371684 16.62309531 -0.17242867 
0.64504755 16.62316790 -0.17073981 
0.64637826 16.62324135 -0.16904650 
0.64770898 16.62331565 -0.16734871 
0.64903969 16.62339087 -0.16564660 
0.65037040 16.62346679 -0.16394029 
0.65170111 16.62354340 -0.16222978 
0.65303182 16.62362077 -0.16051531 
0.65436253 16.62369863 -0.15879689 
0.65569324 16.62377698 -0.15707453 
0.65702396 16.62385596 -0.15534843 
0.65835467 16.62393528 -0.15361872 
0.65968538 16.62401493 -0.15188541 
0.66101609 16.62409499 -0.15014856 
0.66234680 16.62417523 -0.14840833 
0.66367751 16.62425566 -0.14666470 
0.66500823 16.62433634 -0.14491790 
0.66633894 16.62441699 -0.14316794 
0.66766965 16.62449763 -0.14141483 
0.66900036 16.62457842 -0.13965873 
0.67033107 16.62465904 -0.13789974 
0.67166178 16.62473948 -0.13613787 
0.67299249 16.62481986 -0.13437322 
0.67432321 16.62489992 -0.13260588 
0.67565392 16.62497966 -0.13083587 
0.67698463 16.62505920 -0.12906329 
0.67831534 16.62513828 -0.12728827 
0.67964605 16.62521688 -0.12551081 
0.68097676 16.62529508 -0.12373098 
0.68230748 16.62537268 -0.12194889 
0.68363819 16.62544968 -0.12016453 
0.68496890 16.62552613 -0.11837803 
0.68629961 16.62560185 -0.11658945 
0.68763032 16.62567682 -0.11479880 
0.68896103 16.62575112 -0.11300617 
0.69029174 16.62582453 -0.11121166 
0.69162246 16.62589705 -0.10941527 
0.69295317 16.62596877 -0.10761707 
0.69428388 16.62603948 -0.10581716 
0.69561459 16.62610917 -0.10401552 
0.69694530 16.62617793 -0.10221226 
0.69827601 16.62624557 -0.10040744 
0.69960673 16.62631206 -0.09860106 
0.70093744 16.62637751 -0.09679321 
0.70226815 16.62644170 -0.09498396 
0.70359886 16.62650464 -0.09317329 
0.70492957 16.62656642 -0.09136129 
0.70626028 16.62662686 -0.08954804 
0.70759099 16.62668594 -0.08773353 
0.70892171 16.62674374 -0.08591783 
0.71025242 16.62680010 -0.08410101 
0.71158313 16.62685504 -0.08228306 
0.71291384 16.62690856 -0.08046408 
0.71424455 16.62696056 -0.07864409 
0.71557526 16.62701104 -0.07682309 
0.71690598 16.62706004 -0.07500120 
0.71823669 16.62710742 -0.07317843 
0.71956740 16.62715319 -0.07135476 
0.72089811 16.62719742 -0.06953033 
0.72222882 16.62723996 -0.06770513 
0.72355953 16.62728081 -0.06587917 
0.72489024 16.62732005 -0.06405254 
0.72622096 16.62735753 -0.06222527 
0.72755167 16.62739325 -0.06039736 
0.72888238 16.62742732 -0.05856885 
0.73021309 16.62745957 -0.05673983 
0.73154380 16.62749001 -0.05491029 
0.73287451 16.62751872 -0.05308026 
0.73420523 16.62754560 -0.05124981 
0.73553594 16.62757063 -0.04941894 
0.73686665 16.62759387 -0.04758772 
0.73819736 16.62761524 -0.04575616 
0.73952807 16.62763472 -0.04392426 
0.74085878 16.62765240 -0.04209214 
0.74218949 16.62766816 -0.04025977 
0.74352021 16.62768201 -0.03842717 
0.74485092 16.62769404 -0.03659442 
0.74618163 16.62770414 -0.03476154 
0.74751234 16.62771232 -0.03292854 
0.74884305 16.62771865 -0.03109548 
0.75017376 16.62772305 -0.02926239 
0.75150448 16.62772551 -0.02742926 
0.75283519 16.62772615 -0.02559616 
0.75416590 16.62772485 -0.02376314 
0.75549661 16.62772161 -0.02193021 
0.75682732 16.62771653 -0.02009736 
0.75815803 16.62770954 -0.01826471 
0.75948874 16.62770065 -0.01643224 
0.76081946 16.62768990 -0.01459997 
0.76215017 16.62767728 -0.01276798 
0.76348088 16.62766278 -0.01093625 
0.76481159 16.62764647 -0.00910487 
0.76614230 16.62762829 -0.00727384 
0.76747301 16.62760826 -0.00544318 
0.76880373 16.62758647 -0.00361294 
0.77013444 16.62756285 -0.00178319 
0.77146515 16.62753742 0.00004607 
0.77279586 16.62751026 0.00187483 
0.77412657 16.62748134 0.00370300 
0.77545728 16.62745066 0.00553058 
0.77678799 16.62741830 0.00735751 
0.77811871 16.62738425 0.00918376 
0.77944942 16.62734849 0.01100931 
0.78078013 16.62731113 0.01283412 
0.78211084 16.62727212 0.01465810 
0.78344155 16.62723147 0.01648125 
0.78477226 16.62718930 0.01830358 
0.78610298 16.62714557 0.02012495 
0.78743369 16.62710028 0.02194538 
0.78876440 16.62705354 0.02376482 
0.79009511 16.62700533 0.02558320 
0.79142582 16.62695564 0.02740052 
0.79275653 16.62690461 0.02921672 
0.79408724 16.62685219 0.03103172 
0.79541796 16.62679839 0.03284554 
0.79674867 16.62674336 0.03465807 
0.79807938 16.62668702 0.03646926 
0.79941009 16.62662938 0.03827912 
0.80074080 16.62657067 0.04008759 
0.80207151 16.62651078 0.04189455 
0.80340223 16.62644968 0.04369999 
0.80473294 16.62638754 0.04550393 
0.80606365 16.62632437 0.04730622 
0.80739436 16.62626016 0.04910684 
0.80872507 16.62619504 0.05090574 
0.81005578 16.62612899 0.05270283 
0.81138649 16.62606201 0.05449814 
0.81271721 16.62599428 0.05629149 
0.81404792 16.62592576 0.05808287 
0.81537863 16.62585642 0.05987229 
0.81670934 16.62578644 0.06165960 
0.81804005 16.62571579 0.06344475 
0.81937076 16.62564450 0.06522774 
0.82070148 16.62557273 0.06700845 
0.82203219 16.62550044 0.06878679 
0.82336290 16.62542761 0.07056276 
0.82469361 16.62535450 0.07233624 
0.82602432 16.62528099 0.07410715 
0.82735503 16.62520708 0.07587549 
0.82868574 16.62513301 0.07764114 
0.83001646 16.62505872 0.07940400 
0.83134717 16.62498421 0.08116406 
0.83267788 16.62490972 0.08292119 
0.83400859 16.62483514 0.08467530 
0.83533930 16.62476048 0.08642640 
0.83667001 16.62468599 0.08817437 
0.83800072 16.62461159 0.08991906 
0.83933144 16.62453729 0.09166047 
0.84066215 16.62446334 0.09339848 
0.84199286 16.62438961 0.09513298 
0.84332357 16.62431613 0.09686397 
0.84465428 16.62424323 0.09859132 
0.84598499 16.62417072 0.10031485 
0.84731571 16.62409860 0.10203457 
0.84864642 16.62402718 0.10375044 
0.84997713 16.62395635 0.10546221 
0.85130784 16.62388611 0.10716988 
0.85263855 16.62381673 0.10887339 
0.85396926 16.62374811 0.11057254 
0.85529997 16.62368025 0.11226733 
0.85663069 16.62361344 0.11395763 
0.85796140 16.62354757 0.11564327 
0.85929211 16.62348262 0.11732427 
0.86062282 16.62341893 0.11900039 
0.86195353 16.62335632 0.12067157 
0.86328424 16.62329479 0.12233780 
0.86461496 16.62323467 0.12399892 
0.86594567 16.62317585 0.12565473 
0.86727638 16.62311832 0.12730521 
0.86860709 16.62306231 0.12895023 
0.86993780 16.62300777 0.13058964 
0.87126851 16.62295470 0.13222345 
0.87259922 16.62290344 0.13385136 
0.87392994 16.62285375 0.13547333 
0.87526065 16.62280563 0.13708934 
0.87659136 16.62275955 0.13869918 
0.87792207 16.62271521 0.14030265 
0.87925278 16.62267262 0.14189974 
0.88058349 16.62263219 0.14349035 
0.88191421 16.62259369 0.14507424 
0.88324492 16.62255712 0.14665142 
0.88457563 16.62252294 0.14822164 
0.88590634 16.62249082 0.14978477 
0.88723705 16.62246078 0.15134080 
0.88856080 16.62243335 0.15288149 
0.88988454 16.62240816 0.15441472 
0.89120829 16.62238523 0.15594050 
0.89251335 16.62236518 0.15743737 
0.89381842 16.62234747 0.15892661 
0.89512348 16.62233209 0.16040822 
0.89640531 16.62231955 0.16185593 
0.89768714 16.62230942 0.16329592 
0.89896897 16.62230170 0.16472821 
0.90022798 16.62229675 0.16612733 
0.90148699 16.62229424 0.16751864 
0.90274599 16.62229414 0.16890216 
0.90398259 16.62229670 0.17025333 
0.90521918 16.62230174 0.17159663 
0.90645577 16.62230925 0.17293204 
0.90767034 16.62231927 0.17423588 
0.90888492 16.62233179 0.17553180 
0.91009950 16.62234681 0.17681981 
0.91129245 16.62236423 0.17807699 
0.91248540 16.62238413 0.17932624 
0.91367835 16.62240652 0.18056755 
0.91485006 16.62243119 0.18177880 
0.91602177 16.62245834 0.18298210 
0.91719348 16.62248799 0.18417744 
0.91834433 16.62251979 0.18534349 
0.91949518 16.62255403 0.18650158 
0.92064603 16.62259073 0.18765170 
0.92177639 16.62262944 0.18877341 
0.92290675 16.62267061 0.18988709 
0.92403711 16.62271425 0.19099276 
0.92514734 16.62275968 0.19207086 
0.92625758 16.62280756 0.19314096 
0.92736781 16.62285790 0.19420309 
0.92845828 16.62290988 0.19523834 
0.92954875 16.62296426 0.19626566 
0.93063922 16.62302105 0.19728505 
0.93171027 16.62307939 0.19827842 
0.93278132 16.62314006 0.19926383 
0.93385237 16.62320308 0.20024128 
0.93490436 16.62326746 0.20119356 
0.93595634 16.62333416 0.20213794 
0.93700832 16.62340319 0.20307443 
0.93804158 16.62347343 0.20398649 
0.93907483 16.62354593 0.20489072 
0.94010809 16.62362071 0.20578712 
0.94112294 16.62369654 0.20665986 
0.94213780 16.62377459 0.20752484 
0.94315266 16.62385486 0.20838205 
0.94414945 16.62393603 0.20921637 
0.94514624 16.62401936 0.21004300 
0.94614303 16.62410485 0.21086196 
0.94712207 16.62419111 0.21165878 
0.94810111 16.62427946 0.21244800 
0.94908015 16.62436993 0.21322961 
0.95004176 16.62446100 0.21398986 
0.95100337 16.62455412 0.21474259 
0.95196498 16.62464929 0.21548780 
0.95290947 16.62474490 0.21621238 
0.95385396 16.62484252 0.21692956 
0.95479845 16.62494214 0.21763933 
0.95572613 16.62504207 0.21832917 
0.95665380 16.62514392 0.21901171 
0.95758148 16.62524769 0.21968698 
0.95849263 16.62535166 0.22034304 
0.95940379 16.62545750 0.22099190 
0.96031495 16.62556521 0.22163356 
0.96120988 16.62567294 0.22225677 
0.96210482 16.62578249 0.22287288 
0.96299976 16.62589387 0.22348192 
0.96387876 16.62600512 0.22407317 
0.96475776 16.62611814 0.22465747 
0.96563676 16.62623292 0.22523481 
0.96650011 16.62634747 0.22579504 
0.96736346 16.62646370 0.22634845 
0.96822681 16.62658163 0.22689503 
0.96907480 16.62669921 0.22742518 
0.96992278 16.62681843 0.22794862 
0.97077076 16.62693929 0.22846534 
0.97160364 16.62705966 0.22896631 
0.97243652 16.62718161 0.22946070 
0.97326940 16.62730514 0.22994850 
0.97408746 16.62742808 0.23042119 
0.97490551 16.62755254 0.23088744 
0.97572357 16.62767853 0.23134723 
0.97652706 16.62780380 0.23179253 
0.97733054 16.62793055 0.23223152 
0.97813403 16.62805876 0.23266421 
0.97892322 16.62818617 0.23308299 
0.97971240 16.62831498 0.23349561 
0.98050159 16.62844519 0.23390208 
0.98127672 16.62857451 0.23429525 
0.98205185 16.62870518 0.23468238 
0.98282698 16.62883719 0.23506346 
0.98358832 16.62896822 0.23543187 
0.98434965 16.62910054 0.23579438 
0.98511098 16.62923415 0.23615098 
0.98585876 16.62936670 0.23649545 
0.98660654 16.62950048 0.23683417 
0.98735431 16.62963549 0.23716713 
0.98808878 16.62976936 0.23748852 
0.98882324 16.62990441 0.23780428 
0.98955770 16.63004064 0.23811442 
0.99027909 16.63017565 0.23841354 
0.99100048 16.63031179 0.23870717 
0.99172187 16.63044907 0.23899531 
0.99243041 16.63058505 0.23927295 
0.99313895 16.63072211 0.23954525 
0.99384750 16.63086026 0.23981220 
0.99454342 16.63099703 0.24006916 
0.99523935 16.63113485 0.24032090 
0.99593528 16.63127371 0.24056744 
0.99661882 16.63141113 0.24080448 
0.99730236 16.63154955 0.24103645 
0.99798590 16.63168895 0.24126334 
0.99865726 16.63182686 0.24148122 
0.99932863 16.63196573 0.24169416 
1.00000000 16.63210554 0.24190215 
