0.00000000 0.00000000 0.00000000 
0.00015198 0.00000003 -0.00000001 
0.00030396 0.00000011 -0.00000004 
0.00045594 0.00000025 -0.00000010 
0.00057470 0.00000040 -0.00000016 
0.00069346 0.00000059 -0.00000023 
0.00081223 0.00000081 -0.00000031 
0.00090503 0.00000100 -0.00000039 
0.00099784 0.00000122 -0.00000047 
0.00109065 0.00000146 -0.00000057 
0.00116317 0.00000166 -0.00000065 
0.00123569 0.00000187 -0.00000073 
0.00130822 0.00000210 -0.00000082 
0.00136489 0.00000228 -0.00000089 
0.00142156 0.00000248 -0.00000096 
0.00147823 0.00000268 -0.00000104 
0.00152252 0.00000284 -0.00000111 
0.00156681 0.00000301 -0.00000117 
0.00161109 0.00000318 -0.00000124 
0.00164570 0.00000332 -0.00000129 
0.00168031 0.00000346 -0.00000135 
0.00171491 0.00000361 -0.00000140 
0.00174196 0.00000372 -0.00000145 
0.00176900 0.00000384 -0.00000149 
0.00179604 0.00000396 -0.00000154 
0.00181844 0.00000406 -0.00000158 
0.00184084 0.00000416 -0.00000162 
0.00186324 0.00000426 -0.00000166 
0.00188606 0.00000436 -0.00000170 
0.00190888 0.00000447 -0.00000174 
0.00193170 0.00000458 -0.00000178 
0.00195536 0.00000469 -0.00000182 
0.00197901 0.00000480 -0.00000187 
0.00200266 0.00000492 -0.00000191 
0.00202718 0.00000504 -0.00000196 
0.00205169 0.00000516 -0.00000201 
0.00207621 0.00000529 -0.00000206 
0.00210162 0.00000542 -0.00000211 
0.00212702 0.00000555 -0.00000216 
0.00215243 0.00000568 -0.00000221 
0.00217876 0.00000582 -0.00000226 
0.00220510 0.00000596 -0.00000232 
0.00223143 0.00000611 -0.00000237 
0.00225872 0.00000626 -0.00000243 
0.00228601 0.00000641 -0.00000249 
0.00231330 0.00000656 -0.00000255 
0.00234159 0.00000673 -0.00000262 
0.00236987 0.00000689 -0.00000268 
0.00239816 0.00000705 -0.00000274 
0.00242747 0.00000723 -0.00000281 
0.00245679 0.00000740 -0.00000288 
0.00248610 0.00000758 -0.00000295 
0.00251648 0.00000777 -0.00000302 
0.00254687 0.00000796 -0.00000309 
0.00257725 0.00000815 -0.00000317 
0.00260874 0.00000835 -0.00000325 
0.00264022 0.00000855 -0.00000333 
0.00267171 0.00000876 -0.00000340 
0.00270435 0.00000897 -0.00000349 
0.00273698 0.00000919 -0.00000357 
0.00276962 0.00000941 -0.00000366 
0.00280344 0.00000964 -0.00000375 
0.00283726 0.00000988 -0.00000384 
0.00287109 0.00001011 -0.00000393 
0.00290614 0.00001036 -0.00000403 
0.00294119 0.00001061 -0.00000413 
0.00297625 0.00001087 -0.00000423 
0.00301258 0.00001114 -0.00000433 
0.00304891 0.00001141 -0.00000444 
0.00308524 0.00001168 -0.00000454 
0.00312290 0.00001197 -0.00000465 
0.00316055 0.00001226 -0.00000477 
0.00319820 0.00001255 -0.00000488 
0.00323723 0.00001286 -0.00000500 
0.00327625 0.00001317 -0.00000512 
0.00331528 0.00001349 -0.00000524 
0.00335572 0.00001382 -0.00000537 
0.00339617 0.00001415 -0.00000550 
0.00343661 0.00001449 -0.00000564 
0.00347853 0.00001485 -0.00000577 
0.00352045 0.00001521 -0.00000591 
0.00356237 0.00001557 -0.00000606 
0.00360588 0.00001596 -0.00000621 
0.00364939 0.00001635 -0.00000636 
0.00369290 0.00001674 -0.00000651 
0.00373809 0.00001715 -0.00000667 
0.00378327 0.00001757 -0.00000683 
0.00382846 0.00001799 -0.00000700 
0.00387529 0.00001843 -0.00000717 
0.00392212 0.00001888 -0.00000734 
0.00396896 0.00001934 -0.00000752 
0.00401749 0.00001981 -0.00000771 
0.00406603 0.00002030 -0.00000789 
0.00411457 0.00002078 -0.00000808 
0.00416487 0.00002130 -0.00000828 
0.00421517 0.00002182 -0.00000848 
0.00426548 0.00002234 -0.00000869 
0.00431761 0.00002289 -0.00000890 
0.00436975 0.00002345 -0.00000912 
0.00442188 0.00002401 -0.00000934 
0.00447592 0.00002460 -0.00000957 
0.00452995 0.00002520 -0.00000980 
0.00458399 0.00002580 -0.00001004 
0.00463999 0.00002644 -0.00001028 
0.00469599 0.00002709 -0.00001053 
0.00475199 0.00002773 -0.00001079 
0.00481003 0.00002842 -0.00001105 
0.00486807 0.00002911 -0.00001132 
0.00492611 0.00002981 -0.00001159 
0.00498626 0.00003054 -0.00001188 
0.00504642 0.00003129 -0.00001217 
0.00510657 0.00003204 -0.00001246 
0.00516891 0.00003283 -0.00001277 
0.00523126 0.00003363 -0.00001308 
0.00529360 0.00003443 -0.00001339 
0.00535824 0.00003528 -0.00001372 
0.00542288 0.00003614 -0.00001406 
0.00548752 0.00003701 -0.00001439 
0.00555464 0.00003792 -0.00001475 
0.00562176 0.00003885 -0.00001511 
0.00568888 0.00003978 -0.00001547 
0.00575845 0.00004076 -0.00001586 
0.00582801 0.00004176 -0.00001624 
0.00589758 0.00004276 -0.00001663 
0.00596967 0.00004382 -0.00001704 
0.00604177 0.00004489 -0.00001746 
0.00611387 0.00004596 -0.00001788 
0.00618859 0.00004710 -0.00001832 
0.00626331 0.00004825 -0.00001877 
0.00633804 0.00004940 -0.00001922 
0.00641548 0.00005063 -0.00001969 
0.00649292 0.00005186 -0.00002017 
0.00657037 0.00005310 -0.00002066 
0.00665063 0.00005442 -0.00002117 
0.00673089 0.00005575 -0.00002169 
0.00681115 0.00005708 -0.00002221 
0.00689434 0.00005850 -0.00002276 
0.00697752 0.00005992 -0.00002331 
0.00706071 0.00006136 -0.00002387 
0.00714695 0.00006288 -0.00002446 
0.00723319 0.00006442 -0.00002506 
0.00731943 0.00006596 -0.00002566 
0.00740894 0.00006760 -0.00002630 
0.00749845 0.00006925 -0.00002694 
0.00758795 0.00007091 -0.00002759 
0.00768072 0.00007267 -0.00002827 
0.00777348 0.00007445 -0.00002897 
0.00786625 0.00007623 -0.00002966 
0.00796239 0.00007813 -0.00003040 
0.00805854 0.00008004 -0.00003114 
0.00815468 0.00008195 -0.00003189 
0.00825432 0.00008399 -0.00003268 
0.00835397 0.00008605 -0.00003348 
0.00845361 0.00008810 -0.00003429 
0.00855688 0.00009030 -0.00003514 
0.00866015 0.00009251 -0.00003600 
0.00876342 0.00009472 -0.00003686 
0.00887046 0.00009708 -0.00003778 
0.00897749 0.00009946 -0.00003870 
0.00908452 0.00010183 -0.00003963 
0.00919560 0.00010438 -0.00004062 
0.00930667 0.00010693 -0.00004162 
0.00941775 0.00010949 -0.00004262 
0.00953288 0.00011224 -0.00004368 
0.00964800 0.00011498 -0.00004475 
0.00976313 0.00011773 -0.00004583 
0.00988244 0.00012068 -0.00004698 
0.01000176 0.00012364 -0.00004813 
0.01012108 0.00012659 -0.00004928 
0.01024474 0.00012977 -0.00005052 
0.01036840 0.00013295 -0.00005176 
0.01049206 0.00013612 -0.00005300 
0.01062022 0.00013955 -0.00005433 
0.01074839 0.00014296 -0.00005566 
0.01087655 0.00014637 -0.00005700 
0.01100952 0.00015007 -0.00005843 
0.01114249 0.00015375 -0.00005986 
0.01127546 0.00015742 -0.00006130 
0.01141328 0.00016139 -0.00006284 
0.01155110 0.00016536 -0.00006439 
0.01168893 0.00016930 -0.00006594 
0.01183177 0.00017358 -0.00006760 
0.01197461 0.00017785 -0.00006926 
0.01211745 0.00018208 -0.00007093 
0.01226549 0.00018670 -0.00007272 
0.01241353 0.00019129 -0.00007451 
0.01256157 0.00019584 -0.00007630 
0.01271510 0.00020082 -0.00007823 
0.01286863 0.00020576 -0.00008015 
0.01302216 0.00021066 -0.00008208 
0.01318133 0.00021603 -0.00008416 
0.01334050 0.00022135 -0.00008624 
0.01349968 0.00022662 -0.00008831 
0.01366465 0.00023241 -0.00009056 
0.01382962 0.00023814 -0.00009279 
0.01399458 0.00024380 -0.00009502 
0.01416556 0.00025005 -0.00009744 
0.01433653 0.00025622 -0.00009985 
0.01450751 0.00026230 -0.00010225 
0.01468485 0.00026905 -0.00010487 
0.01486219 0.00027570 -0.00010747 
0.01503953 0.00028225 -0.00011005 
0.01522334 0.00028953 -0.00011287 
0.01540715 0.00029670 -0.00011568 
0.01559096 0.00030374 -0.00011847 
0.01578146 0.00031161 -0.00012151 
0.01597196 0.00031933 -0.00012454 
0.01616246 0.00032691 -0.00012755 
0.01636000 0.00033543 -0.00013086 
0.01655753 0.00034379 -0.00013414 
0.01675507 0.00035197 -0.00013741 
0.01695985 0.00036122 -0.00014103 
0.01716463 0.00037028 -0.00014462 
0.01736941 0.00037917 -0.00014821 
0.01758165 0.00038928 -0.00015224 
0.01779388 0.00039923 -0.00015629 
0.01800612 0.00040899 -0.00016035 
0.01822478 0.00042022 -0.00016500 
0.01844345 0.00043139 -0.00016979 
0.01866211 0.00044252 -0.00017471 
0.01888371 0.00045521 -0.00018066 
0.01910531 0.00046827 -0.00018673 
0.01932692 0.00048170 -0.00019293 
0.01955128 0.00049840 -0.00020166 
0.01977564 0.00051695 -0.00021218 
0.02000000 0.00053736 -0.00022450 
0.02022797 0.00056598 -0.00025172 
0.02045597 0.00060026 -0.00028096 
0.02068400 0.00064020 -0.00031222 
0.02091407 0.00068959 -0.00034784 
0.02114419 0.00074515 -0.00038559 
0.02137433 0.00080690 -0.00042549 
0.02160902 0.00088131 -0.00047404 
0.02184374 0.00096101 -0.00052754 
0.02207849 0.00104599 -0.00058601 
0.02234171 0.00116141 -0.00065992 
0.02260497 0.00128842 -0.00074559 
0.02286828 0.00142701 -0.00084302 
0.02317037 0.00160686 -0.00097297 
0.02347252 0.00181117 -0.00111938 
0.02377474 0.00203994 -0.00128226 
0.02412592 0.00235497 -0.00151950 
0.02447720 0.00271459 -0.00178915 
0.02482856 0.00311881 -0.00209122 
0.02523919 0.00370027 -0.00255505 
0.02564994 0.00436642 -0.00308793 
0.02606082 0.00511725 -0.00368986 
0.02654676 0.00629699 -0.00463452 
0.02703288 0.00770530 -0.00583700 
0.02751919 0.00934217 -0.00729729 
0.02808259 0.01186274 -0.00952203 
0.02864624 0.01484246 -0.01224380 
0.02921014 0.01828131 -0.01546259 
0.02980659 0.02346848 -0.01996426 
0.03040333 0.02967002 -0.02562463 
0.03100037 0.03688594 -0.03244371 
0.03159787 0.04597152 -0.04081777 
0.03219568 0.05696451 -0.05098130 
0.03279380 0.06986492 -0.06293429 
0.03339235 0.08520848 -0.07736851 
0.03399124 0.10325560 -0.09421415 
0.03459045 0.12400630 -0.11347119 
0.03519008 0.14831857 -0.13590238 
0.03579006 0.17617796 -0.16166589 
0.03639037 0.20758449 -0.19076171 
0.03699108 0.24305092 -0.22366613 
0.03759214 0.28300343 -0.26050541 
0.03819355 0.32744200 -0.30127956 
0.03879533 0.37677491 -0.34681623 
0.03939748 0.43146936 -0.39696460 
0.04000000 0.49152536 -0.45172466 
0.04063958 0.56082619 -0.51532500 
0.04127955 0.63692339 -0.58447160 
0.04191992 0.71981694 -0.65916447 
0.04258744 0.81320442 -0.74362997 
0.04325534 0.91404439 -0.83449752 
0.04392362 1.02233687 -0.93176711 
0.04459215 1.13819555 -1.03555165 
0.04526100 1.26175214 -1.14580836 
0.04593018 1.39300664 -1.26253725 
0.04659951 1.53132750 -1.38564722 
0.04726912 1.67729490 -1.51481636 
0.04793899 1.83090882 -1.65004468 
0.04860897 1.99118967 -1.79135922 
0.04927916 2.15862312 -1.93830012 
0.04994956 2.33320919 -2.09086735 
0.05062004 2.51381192 -2.24877404 
0.05129068 2.70084188 -2.41160010 
0.05196147 2.89429906 -2.57934554 
0.05263231 3.09298196 -2.75151669 
0.05330325 3.29720508 -2.92779075 
0.05397430 3.50696842 -3.10816771 
0.05464537 3.72079271 -3.29182626 
0.05531649 3.93917486 -3.47855529 
0.05598765 4.16211486 -3.66835482 
0.05665883 4.38809477 -3.86047975 
0.05732999 4.61745506 -4.05444371 
0.05800115 4.85019574 -4.25024672 
0.05866750 5.08327981 -4.44569953 
0.05933378 5.31876466 -4.64186768 
0.06000000 5.55665030 -4.83875117 
0.06066392 5.79496880 -5.03494589 
0.06132775 6.03485168 -5.23062775 
0.06199150 6.27629895 -5.42579673 
0.06265997 6.52040949 -5.62172938 
0.06332836 6.76524884 -5.81629468 
0.06399666 7.01081701 -6.00949265 
0.06466492 7.25655724 -6.20100910 
0.06533310 7.50232933 -6.39040819 
0.06600119 7.74813330 -6.57768993 
0.06666924 7.99335571 -6.76258690 
0.06733721 8.23789316 -6.94458139 
0.06800509 8.48174566 -7.12367340 
0.06867292 8.72445790 -7.29972408 
0.06934066 8.96585167 -7.47227603 
0.07000832 9.20592697 -7.64132924 
0.07067590 9.44429069 -7.80662126 
0.07134339 9.68087007 -7.96789568 
0.07201080 9.91566511 -8.12515252 
0.07267821 10.14826989 -8.27819786 
0.07334554 10.37872662 -8.42675163 
0.07401278 10.60703530 -8.57081385 
0.07467995 10.83284876 -8.71037259 
0.07534703 11.05616336 -8.84507763 
0.07601403 11.27697910 -8.97492898 
0.07668096 11.49521093 -9.09999495 
0.07734780 11.71075502 -9.22003092 
0.07801457 11.92361135 -9.33503691 
0.07867645 12.13226257 -9.44430803 
0.07933827 12.33819284 -9.54851194 
0.08000000 12.54140215 -9.64764866 
0.08066262 12.74233500 -9.74203626 
0.08132517 12.94058741 -9.83140354 
0.08198766 13.13615939 -9.91575049 
0.08265556 13.33081033 -9.99601953 
0.08332340 13.52276747 -10.07134425 
0.08399120 13.71203080 -10.14172467 
0.08465895 13.89888396 -10.20750172 
0.08532666 14.08311210 -10.26861923 
0.08599433 14.26471524 -10.32507720 
0.08666198 14.44392618 -10.37722009 
0.08732961 14.62058478 -10.42494752 
0.08799722 14.79469103 -10.46825950 
0.08866481 14.96661674 -10.50758625 
0.08933240 15.13608133 -10.54285579 
0.08999999 15.30308479 -10.57406814 
0.09066753 15.46796654 -10.60156303 
0.09133508 15.63054684 -10.62534269 
0.09200265 15.79082568 -10.64540712 
0.09267023 15.94906951 -10.66214050 
0.09333785 16.10513103 -10.67546751 
0.09400549 16.25901024 -10.68538814 
0.09467317 16.41102832 -10.69230433 
0.09534089 16.56102101 -10.69618128 
0.09600866 16.70898829 -10.69701901 
0.09667649 16.85517018 -10.69517303 
0.09734437 16.99946285 -10.69059972 
0.09801232 17.14186630 -10.68329910 
0.09867480 17.28147099 -10.67372467 
0.09933736 17.41934787 -10.66175816 
0.10000000 17.55549696 -10.64739957 
0.10066159 17.68991966 -10.63106256 
0.10132326 17.82274028 -10.61259099 
0.10198502 17.95395880 -10.59198486 
0.10265141 18.08466954 -10.56948906 
0.10331789 18.21390349 -10.54503540 
0.10398447 18.34166065 -10.51862388 
0.10465113 18.46816267 -10.49073577 
0.10531789 18.59331185 -10.46110471 
0.10598475 18.71710819 -10.42973071 
0.10665169 18.83981723 -10.39704313 
0.10731874 18.96134404 -10.36287776 
0.10798589 19.08168861 -10.32723459 
0.10865319 19.20104749 -10.29041057 
0.10932060 19.31937412 -10.25232533 
0.10998811 19.43666849 -10.21297887 
0.11065572 19.55308610 -10.17268189 
0.11132343 19.66858535 -10.13130580 
0.11199125 19.78316627 -10.08885060 
0.11265918 19.89701242 -10.04562548 
0.11332721 20.01005535 -10.00154103 
0.11399536 20.12229504 -9.95659725 
0.11466361 20.23388336 -9.91108043 
0.11533198 20.34473359 -9.86487524 
0.11600046 20.45484574 -9.81798170 
0.11666905 20.56438759 -9.77066954 
0.11733775 20.67327207 -9.72287639 
0.11800658 20.78149917 -9.67460228 
0.11867093 20.88839851 -9.62638637 
0.11933541 20.99466921 -9.57784244 
0.12000000 21.10031129 -9.52897050 
0.12066315 21.20509170 -9.48005960 
0.12132640 21.30923307 -9.43092366 
0.12198977 21.41273539 -9.38156268 
0.12265649 21.51608613 -9.33187623 
0.12332331 21.61878171 -9.28200304 
0.12399022 21.72082214 -9.23194312 
0.12465722 21.82218954 -9.18185124 
0.12532430 21.92290080 -9.13159746 
0.12599147 22.02295592 -9.08118177 
0.12665867 22.12232060 -9.03076741 
0.12732594 22.22100224 -8.98022185 
0.12799327 22.31900085 -8.92954509 
0.12866066 22.41629943 -8.87886331 
0.12932810 22.51288727 -8.82807086 
0.12999559 22.60876437 -8.77716774 
0.13066312 22.70389104 -8.72625758 
0.13133068 22.79827566 -8.67525126 
0.13199828 22.89191822 -8.62414878 
0.13266590 22.98477317 -8.57304548 
0.13333355 23.07683544 -8.52185709 
0.13400121 23.16810505 -8.47058361 
0.13466883 23.25854600 -8.41930087 
0.13533646 23.34815490 -8.36795002 
0.13600410 23.43693174 -8.31653107 
0.13667172 23.52484237 -8.26509841 
0.13733934 23.61188394 -8.21360634 
0.13800694 23.69805644 -8.16205486 
0.13867132 23.78293489 -8.11077643 
0.13933567 23.86692237 -8.05945091 
0.14000000 23.95001889 -8.00807830 
0.14066426 24.03225832 -7.95676429 
0.14132849 24.11360009 -7.90547611 
0.14199269 24.19404421 -7.85421377 
0.14266011 24.27399393 -7.80284198 
0.14332751 24.35299484 -7.75158297 
0.14399487 24.43104693 -7.70043675 
0.14466222 24.50815938 -7.64952181 
0.14532954 24.58426879 -7.59880794 
0.14599684 24.65937514 -7.54829514 
0.14666413 24.73348909 -7.49809772 
0.14733140 24.80654115 -7.44818048 
0.14799865 24.87853134 -7.39854343 
0.14866589 24.94946321 -7.34928298 
0.14933313 25.01929012 -7.30036303 
0.15000035 25.08801208 -7.25178357 
0.15066758 25.15561879 -7.20364576 
0.15133479 25.22206674 -7.15587739 
0.15200201 25.28735593 -7.10847848 
0.15266927 25.35148544 -7.06154825 
0.15333654 25.41443108 -7.01499916 
0.15400381 25.47619283 -6.96883120 
0.15467108 25.53674603 -6.92313549 
0.15533837 25.59609010 -6.87780950 
0.15600566 25.65422505 -6.83285322 
0.15667297 25.71112962 -6.78832955 
0.15734030 25.76682074 -6.74413554 
0.15800764 25.82129841 -6.70027118 
0.15867174 25.87426838 -6.65699008 
0.15933586 25.92604631 -6.61396097 
0.16000000 25.97663220 -6.57118385 
0.16066419 26.02596788 -6.52867489 
0.16132840 26.07414714 -6.48630333 
0.16199263 26.12116998 -6.44406914 
0.16266014 26.16718069 -6.40177458 
0.16332767 26.21209685 -6.35946563 
0.16399521 26.25591845 -6.31714229 
0.16466276 26.29858962 -6.27480406 
0.16533031 26.34024335 -6.23230721 
0.16599787 26.38087965 -6.18965174 
0.16666542 26.42047344 -6.14681424 
0.16733296 26.45918467 -6.10364702 
0.16800050 26.49701334 -6.06015010 
0.16866797 26.53392323 -6.01633277 
0.16933542 26.57007721 -5.97204328 
0.17000286 26.60547528 -5.92728162 
0.17067027 26.64013812 -5.88202541 
0.17133766 26.67419390 -5.83617169 
0.17200503 26.70764263 -5.78972044 
0.17267237 26.74053958 -5.74264365 
0.17333967 26.77299146 -5.69485455 
0.17400694 26.80499827 -5.64635315 
0.17467418 26.83664862 -5.59713367 
0.17534137 26.86804319 -5.54712661 
0.17600851 26.89918196 -5.49633198 
0.17667553 26.93015178 -5.44479403 
0.17734249 26.96104499 -5.39242543 
0.17800941 26.99186158 -5.33922617 
0.17867300 27.02260680 -5.28554019 
0.17933653 27.05347418 -5.23106905 
0.18000000 27.08446373 -5.17581275 
0.18066338 27.11577598 -5.11991282 
0.18132671 27.14739797 -5.06333175 
0.18198999 27.17932971 -5.00606954 
0.18265646 27.21195280 -4.94806259 
0.18332291 27.24505943 -4.88959791 
0.18398934 27.27864960 -4.83067550 
0.18465576 27.31296970 -4.77157030 
0.18532219 27.34790823 -4.71228950 
0.18598864 27.38346519 -4.65283310 
0.18665511 27.41992057 -4.59351289 
0.18732162 27.45715335 -4.53442278 
0.18798816 27.49516352 -4.47556275 
0.18865485 27.53419149 -4.41728765 
0.18932162 27.57410223 -4.35960641 
0.18998845 27.61489575 -4.30251903 
0.19065542 27.65698983 -4.24658268 
0.19132248 27.70001133 -4.19177606 
0.19198965 27.74396026 -4.13809917 
0.19265702 27.78930334 -4.08595370 
0.19332451 27.83573988 -4.03553250 
0.19399214 27.88326988 -3.98683555 
0.19465999 27.93214552 -3.94018220 
0.19532800 27.98224877 -3.89579215 
0.19599618 28.03357962 -3.85366540 
0.19666459 28.08623675 -3.81421949 
0.19733320 28.14021282 -3.77757700 
0.19800201 28.19550783 -3.74373792 
0.19866778 28.25178512 -3.71325412 
0.19933378 28.30939939 -3.68602021 
0.20000000 28.36835063 -3.66203617 
0.20066386 28.42833313 -3.64183440 
0.20132795 28.48958508 -3.62525882 
0.20199226 28.55210646 -3.61230941 
0.20265772 28.61589106 -3.60327562 
0.20332339 28.68093250 -3.59813929 
0.20398926 28.74723080 -3.59690044 
0.20465528 28.81473311 -3.59981044 
0.20532148 28.88346154 -3.60680156 
0.20598786 28.95341611 -3.61787379 
0.20665432 29.02447049 -3.63320630 
0.20732094 29.09676962 -3.65268397 
0.20798772 29.17031351 -3.67630680 
0.20865455 29.24484893 -3.70424805 
0.20932152 29.32059003 -3.73633690 
0.20998862 29.39753682 -3.77257334 
0.21065576 29.47549379 -3.81304633 
0.21132301 29.55460476 -3.85762214 
0.21199038 29.63486975 -3.90630077 
0.21265778 29.71599652 -3.95911742 
0.21332527 29.79820980 -4.01584153 
0.21399285 29.88150957 -4.07647311 
0.21466046 29.96570826 -4.14107117 
0.21532814 30.05088137 -4.20939223 
0.21599589 30.13702889 -4.28143628 
0.21666367 30.22394883 -4.35712739 
0.21733149 30.31176179 -4.43626375 
0.21799937 30.40046778 -4.51884535 
0.21866622 30.48963301 -4.60452434 
0.21933309 30.57959354 -4.69331227 
0.22000000 30.67034938 -4.78520915 
0.22066645 30.76141508 -4.87986477 
0.22133292 30.85310282 -4.97710632 
0.22199939 30.94541260 -5.07693380 
0.22266656 31.03806292 -5.17926593 
0.22333371 31.13112656 -5.28365438 
0.22400086 31.22460352 -5.39009916 
0.22466805 31.31814021 -5.49826422 
0.22533521 31.41194546 -5.60792786 
0.22600235 31.50601927 -5.71909006 
0.22666952 31.59989654 -5.83128961 
0.22733665 31.69388694 -5.94429786 
0.22800373 31.78799048 -6.05811483 
0.22867085 31.88178671 -6.17234174 
0.22933790 31.97551138 -6.28667293 
0.23000490 32.06916449 -6.40110839 
0.23067191 32.16237026 -6.51517935 
0.23133885 32.25543699 -6.62866114 
0.23200571 32.34836467 -6.74155378 
0.23267257 32.44068529 -6.85343027 
0.23333934 32.53280386 -6.96393962 
0.23400601 32.62472039 -7.07308183 
0.23467267 32.71608349 -7.18060047 
0.23533921 32.80720306 -7.28610784 
0.23600564 32.89807909 -7.38960393 
0.23667201 32.98850198 -7.49075650 
0.23733825 33.07875465 -7.58934744 
0.23800437 33.16883710 -7.68537674 
0.23866972 33.25853054 -7.77836293 
0.23933493 33.34826057 -7.86837891 
0.24000000 33.43802720 -7.95542468 
0.24066656 33.52808155 -8.03941466 
0.24133297 33.61847525 -8.12015983 
0.24199924 33.70920831 -8.19766017 
0.24266737 33.80079565 -8.27216028 
0.24333538 33.89298209 -8.34347522 
0.24400325 33.98576761 -8.41160500 
0.24467094 34.07943834 -8.47656476 
0.24533852 34.17393305 -8.53856410 
0.24600599 34.26925173 -8.59760303 
0.24667329 34.36563015 -8.65378744 
0.24734050 34.46299777 -8.70729572 
0.24800763 34.56135458 -8.75812787 
0.24867459 34.66097756 -8.80651784 
0.24934150 34.76167362 -8.85262630 
0.25000833 34.86344277 -8.89645323 
0.25067505 34.96666325 -8.93832081 
0.25134171 35.07099041 -8.97833817 
0.25200833 35.17642427 -9.01650531 
0.25267487 35.28340779 -9.05319198 
0.25334138 35.39153766 -9.08854302 
0.25400786 35.50081388 -9.12255844 
0.25467433 35.61165183 -9.15552394 
0.25534079 35.72364560 -9.18768438 
0.25600724 35.83679520 -9.21903974 
0.25667365 35.95140383 -9.24984705 
0.25734007 36.06715269 -9.28029669 
0.25800651 36.18404178 -9.31038866 
0.25867097 36.30194366 -9.34035622 
0.25933547 36.42089176 -9.37040094 
0.26000000 36.54088607 -9.40052282 
0.26066455 36.66196896 -9.43100908 
0.26132914 36.78394056 -9.46185373 
0.26199376 36.90680086 -9.49305678 
0.26266046 37.03088531 -9.52492608 
0.26332719 37.15574240 -9.55735187 
0.26399395 37.28137213 -9.59033415 
0.26466079 37.40772084 -9.62404020 
0.26532765 37.53474046 -9.65838994 
0.26599455 37.66243099 -9.69338338 
0.26666148 37.79075513 -9.72920985 
0.26732844 37.91965370 -9.76575530 
0.26799543 38.04912673 -9.80301972 
0.26866252 38.17916132 -9.84113179 
0.26932964 38.30971716 -9.88002453 
0.26999678 38.44079425 -9.91969792 
0.27066394 38.57229350 -9.96019336 
0.27133113 38.70426010 -10.00146653 
0.27199833 38.83669405 -10.04351742 
0.27266556 38.96947913 -10.08642198 
0.27333281 39.10264597 -10.13007350 
0.27400007 39.23619456 -10.17447197 
0.27466735 39.37008192 -10.21966812 
0.27533465 39.50429161 -10.26558796 
0.27600195 39.63882362 -10.31223151 
0.27666928 39.77359262 -10.35961616 
0.27733661 39.90866199 -10.40766786 
0.27800395 40.04403171 -10.45638660 
0.27866929 40.17917326 -10.50565278 
0.27933464 40.31455478 -10.55550865 
0.28000000 40.45017628 -10.60595422 
0.28066520 40.58598048 -10.65702246 
0.28133040 40.72199112 -10.70864375 
0.28199560 40.85820819 -10.76081807 
0.28266261 40.99498667 -10.81371770 
0.28332961 41.13195479 -10.86712072 
0.28399663 41.26911255 -10.92102714 
0.28466364 41.40644323 -10.97548243 
0.28533066 41.54392966 -11.03041522 
0.28599768 41.68157186 -11.08582549 
0.28666471 41.81934661 -11.14171323 
0.28733174 41.95725853 -11.19803900 
0.28799877 42.09530764 -11.25480281 
0.28866581 42.23343902 -11.31200921 
0.28933285 42.37168535 -11.36960847 
0.28999989 42.51004661 -11.42760060 
0.29066693 42.64845101 -11.48600519 
0.29133398 42.78693638 -11.54475514 
0.29200102 42.92550274 -11.60385044 
0.29266807 43.06408993 -11.66332989 
0.29333512 43.20271627 -11.72311796 
0.29400217 43.34138177 -11.78321464 
0.29466922 43.48003197 -11.84364853 
0.29533627 43.61868482 -11.90436410 
0.29600332 43.75734031 -11.96536136 
0.29667034 43.89591757 -12.02665907 
0.29733735 44.03444857 -12.08820573 
0.29800437 44.17293332 -12.15000135 
0.29866958 44.31093201 -12.21191656 
0.29933479 44.44881561 -12.27405489 
0.30000000 44.58658413 -12.33641632 
0.30066521 44.72419650 -12.39903894 
0.30133041 44.86161403 -12.46186781 
0.30199562 44.99883670 -12.52490293 
0.30266266 45.13620932 -12.58835625 
0.30332970 45.27330648 -12.65200455 
0.30399674 45.41012820 -12.71584783 
0.30466378 45.54661340 -12.77991744 
0.30533082 45.68272950 -12.84416671 
0.30599785 45.81847649 -12.90859566 
0.30666489 45.95377560 -12.97325789 
0.30733193 46.08858697 -13.03807198 
0.30799896 46.22291061 -13.10303794 
0.30866599 46.35668643 -13.16821157 
0.30933302 46.48985038 -13.23352390 
0.31000006 46.62240247 -13.29897491 
0.31066709 46.75426723 -13.36461075 
0.31133412 46.88538768 -13.43034910 
0.31200114 47.01576381 -13.49618996 
0.31266817 47.14531812 -13.56217011 
0.31333520 47.27400712 -13.62821421 
0.31400223 47.40183082 -13.69432225 
0.31466925 47.52867469 -13.76050095 
0.31533628 47.65452664 -13.82668058 
0.31600330 47.77938665 -13.89286114 
0.31667032 47.90314024 -13.95905532 
0.31733735 48.02578048 -14.02515343 
0.31800437 48.14730737 -14.09115547 
0.31866958 48.26730153 -14.15691766 
0.31933479 48.38608747 -14.22247380 
0.32000000 48.50366519 -14.28782390 
0.32066520 48.61993334 -14.35296924 
0.32133039 48.73492864 -14.41779599 
0.32199559 48.84865108 -14.48230414 
0.32266261 48.96127666 -14.54662673 
0.32332963 49.07258284 -14.61046649 
0.32399666 49.18256961 -14.67382342 
0.32466368 49.29112682 -14.73668201 
0.32533070 49.39833138 -14.79887073 
0.32599773 49.50418331 -14.86038958 
0.32666475 49.60862624 -14.92121964 
0.32733178 49.71173020 -14.98119455 
0.32799880 49.81349518 -15.04031432 
0.32866583 49.91388355 -15.09851244 
0.32933286 50.01298736 -15.15566105 
0.32999989 50.11080663 -15.21176015 
0.33066692 50.20731602 -15.26669568 
0.33133395 50.30263186 -15.32036593 
0.33200099 50.39675414 -15.37277092 
0.33266802 50.48965354 -15.42380682 
0.33333506 50.58149121 -15.47333997 
0.33400210 50.67226713 -15.52137039 
0.33466914 50.76192412 -15.56786308 
0.33533619 50.85066977 -15.61261845 
0.33600323 50.93850409 -15.65563650 
0.33667028 51.02538499 -15.69691749 
0.33733733 51.11149695 -15.73627259 
0.33800438 51.19683995 -15.77370181 
0.33866959 51.28122090 -15.80908946 
0.33933479 51.36498045 -15.84239265 
0.34000000 51.44811859 -15.87361140 
0.34066523 51.53073487 -15.90272848 
0.34133046 51.61290953 -15.92961506 
0.34199570 51.69464257 -15.95427115 
0.34266276 51.77621581 -15.97674546 
0.34332982 51.85751472 -15.99686526 
0.34399688 51.93853930 -16.01463053 
0.34466394 52.01938015 -16.03002913 
0.34533100 52.10010548 -16.04299772 
0.34599807 52.18071531 -16.05353630 
0.34666513 52.26131219 -16.06167210 
0.34733218 52.34192248 -16.06732704 
0.34799924 52.42254619 -16.07050111 
0.34866629 52.50335543 -16.07125844 
0.34933334 52.58431766 -16.06954842 
0.35000038 52.66543288 -16.06537104 
0.35066742 52.74681686 -16.05881109 
0.35133446 52.82846660 -16.04982741 
0.35200149 52.91038208 -16.03842000 
0.35266851 52.99271450 -16.02471128 
0.35333553 53.07536860 -16.00866360 
0.35400254 53.15834437 -15.99027693 
0.35466959 53.24187598 -15.96966412 
0.35533662 53.32579853 -15.94686381 
0.35600365 53.41011201 -15.92187600 
0.35667067 53.49496418 -15.89481040 
0.35733767 53.58026425 -15.86571035 
0.35800467 53.66601222 -15.83457586 
0.35866979 53.75208387 -15.80166124 
0.35933490 53.83859287 -15.76691041 
0.36000000 53.92553925 -15.73032336 
0.36066511 54.01308208 -15.69208462 
0.36133020 54.10102524 -15.65224911 
0.36199529 54.18936873 -15.61081683 
0.36266222 54.27856785 -15.56784204 
0.36332914 54.36808004 -15.52354374 
0.36399607 54.45790530 -15.47792193 
0.36466299 54.54824280 -15.43113610 
0.36532991 54.63878307 -15.38328109 
0.36599684 54.72952612 -15.33435690 
0.36666377 54.82064630 -15.28456261 
0.36733071 54.91181599 -15.23396315 
0.36799766 55.00303521 -15.18255852 
0.36866458 55.09442212 -15.13054901 
0.36933152 55.18568044 -15.07796798 
0.36999847 55.27681016 -15.02481543 
0.37066544 55.36786871 -14.97129204 
0.37133243 55.45860430 -14.91741563 
0.37199943 55.54901692 -14.86318620 
0.37266646 55.63908107 -14.80875957 
0.37333352 55.72858753 -14.75415632 
0.37400060 55.81753632 -14.69937645 
0.37466770 55.90585903 -14.64454168 
0.37533484 55.99338132 -14.58962866 
0.37600201 56.08010317 -14.53463738 
0.37666917 56.16593187 -14.47969145 
0.37733637 56.25070274 -14.42471925 
0.37800360 56.33441576 -14.36972078 
0.37866902 56.41674189 -14.31490481 
0.37933449 56.49778768 -14.26003672 
0.38000000 56.57755314 -14.20511653 
0.38066554 56.65584087 -14.15015919 
0.38133111 56.73263681 -14.09500792 
0.38199672 56.80794096 -14.03966273 
0.38266417 56.88175361 -13.98392738 
0.38333163 56.95393465 -13.92778558 
0.38399911 57.02448408 -13.87123733 
0.38466659 57.09322107 -13.81417858 
0.38533407 57.16026235 -13.75646860 
0.38600153 57.22560791 -13.69810739 
0.38666898 57.28911094 -13.63892135 
0.38733639 57.35091373 -13.57881919 
0.38800378 57.41101629 -13.51780094 
0.38867117 57.46928832 -13.45569246 
0.38933851 57.52592339 -13.39236582 
0.39000580 57.58092149 -13.32782101 
0.39067303 57.63416112 -13.26195727 
0.39134019 57.68585903 -13.19461444 
0.39200727 57.73601520 -13.12579252 
0.39267437 57.78458027 -13.05536299 
0.39334138 57.83173676 -12.98323838 
0.39400829 57.87748469 -12.90941869 
0.39467510 57.92182001 -12.83379260 
0.39534179 57.96494072 -12.75626077 
0.39600837 58.00684680 -12.67682319 
0.39667491 58.04755983 -12.59543298 
0.39734131 58.08725817 -12.51200050 
0.39800757 58.12594182 -12.42652575 
0.39867187 58.16359992 -12.33922458 
0.39933601 58.20048128 -12.24981794 
0.40000000 58.23658591 -12.15830583 
0.40066579 58.27217343 -12.06443775 
0.40133142 58.30718243 -11.96843691 
0.40199688 58.34161289 -11.87030331 
0.40266572 58.37585833 -11.76961756 
0.40333441 58.40969559 -11.66684417 
0.40400295 58.44312467 -11.56198313 
0.40467130 58.47636323 -11.45516084 
0.40533952 58.50937502 -11.34638021 
0.40600761 58.54216004 -11.23564125 
0.40667552 58.57486521 -11.12309430 
0.40734331 58.60745993 -11.00870533 
0.40801099 58.63994419 -10.89247431 
0.40867850 58.67258093 -10.77457515 
0.40934590 58.70522970 -10.65504252 
0.41001319 58.73789051 -10.53387642 
0.41068032 58.77071723 -10.41122912 
0.41134736 58.80368557 -10.28711621 
0.41201431 58.83679554 -10.16153770 
0.41268111 58.87019349 -10.03472384 
0.41334783 58.90379304 -9.90665919 
0.41401448 58.93759418 -9.77734375 
0.41468098 58.97183771 -9.64701972 
0.41534742 59.00633427 -9.51570201 
0.41601380 59.04108385 -9.38339063 
0.41668005 59.07635698 -9.25035354 
0.41734625 59.11193532 -9.11657590 
0.41801241 59.14781887 -8.98205768 
0.41867497 59.18414310 -8.84778375 
0.41933750 59.22084124 -8.71312945 
0.42000000 59.25791329 -8.57809478 
0.42066244 59.29562616 -8.44290480 
0.42132486 59.33374883 -8.30766684 
0.42198728 59.37228130 -8.17238087 
0.42265318 59.41173304 -8.03661332 
0.42331910 59.45161216 -7.90121532 
0.42398504 59.49191865 -7.76618686 
0.42465101 59.53288481 -7.63187856 
0.42531704 59.57430905 -7.49834092 
0.42598311 59.61619139 -7.36557393 
0.42664936 59.65867723 -7.23399657 
0.42731569 59.70161648 -7.10369404 
0.42798211 59.74500915 -6.97466634 
0.42864869 59.78900446 -6.84733732 
0.42931538 59.83340662 -6.72178332 
0.42998218 59.87821563 -6.59800434 
0.43064923 59.92356917 -6.47639645 
0.43131643 59.96928123 -6.35709034 
0.43198376 60.01535179 -6.24008603 
0.43265139 60.06189539 -6.12577883 
0.43331919 60.10871976 -6.01423562 
0.43398716 60.15582491 -5.90545640 
0.43465545 60.20326512 -5.79982715 
0.43532394 60.25086210 -5.69742622 
0.43599263 60.29861586 -5.59825359 
0.43666165 60.34662580 -5.50260788 
0.43733091 60.39467712 -5.41053549 
0.43800040 60.44276982 -5.32203642 
0.43866667 60.49057437 -5.23785580 
0.43933320 60.53830065 -5.15745131 
0.44000000 60.58594867 -5.08082296 
0.44066398 60.63317664 -5.00852670 
0.44132821 60.68019224 -4.94009500 
0.44199271 60.72699547 -4.87552788 
0.44265829 60.77343209 -4.81487786 
0.44332410 60.81961830 -4.75803654 
0.44399013 60.86555409 -4.70500391 
0.44465627 60.91098757 -4.65590988 
0.44532260 60.95611749 -4.61050953 
0.44598912 61.00094386 -4.56880286 
0.44665569 61.04519897 -4.53085730 
0.44732243 61.08912614 -4.49642556 
0.44798933 61.13272537 -4.46550764 
0.44865624 61.17575995 -4.43810254 
0.44932328 61.21842334 -4.41398166 
0.44999046 61.26071553 -4.39314501 
0.45065763 61.30248163 -4.37554742 
0.45132490 61.34386203 -4.36098162 
0.45199228 61.38485673 -4.34944762 
0.45265964 61.42531326 -4.34081125 
0.45332708 61.46541099 -4.33492225 
0.45399458 61.50514991 -4.33178062 
0.45466208 61.54428768 -4.33121988 
0.45532962 61.58309874 -4.33307320 
0.45599720 61.62158307 -4.33734058 
0.45666480 61.65947972 -4.34384391 
0.45733240 61.69705201 -4.35244167 
0.45800001 61.73429992 -4.36313387 
0.45866670 61.77093135 -4.37568599 
0.45933336 61.80726126 -4.38995994 
0.46000000 61.84328967 -4.40595571 
0.46066649 61.87880286 -4.42352884 
0.46133293 61.91404576 -4.44246999 
0.46199933 61.94901837 -4.46277914 
0.46266653 61.98361983 -4.48439627 
0.46333368 62.01797625 -4.50708500 
0.46400079 62.05208761 -4.53084535 
0.46466792 62.08585271 -4.55555684 
0.46533501 62.11941900 -4.58104950 
0.46600205 62.15278649 -4.60732333 
0.46666911 62.18586089 -4.63422460 
0.46733612 62.21879008 -4.66162957 
0.46800308 62.25157406 -4.68953822 
0.46867006 62.28411127 -4.71779286 
0.46933698 62.31656984 -4.74625645 
0.47000386 62.34894976 -4.77492901 
0.47067073 62.38114328 -4.80368109 
0.47133755 62.41331502 -4.83240583 
0.47200433 62.44546496 -4.86110324 
0.47267105 62.47751581 -4.88961542 
0.47333773 62.50959486 -4.91784969 
0.47400436 62.54170212 -4.94580606 
0.47467102 62.57380456 -4.97335876 
0.47533763 62.60600817 -5.00044796 
0.47600419 62.63831297 -5.02707366 
0.47667069 62.67066127 -5.05309346 
0.47733715 62.70317851 -5.07845565 
0.47800355 62.73586468 -5.10316023 
0.47866909 62.76864227 -5.12711029 
0.47933457 62.80163971 -5.15027458 
0.48000000 62.83485700 -5.17265310 
0.48066626 62.86835818 -5.19421695 
0.48133246 62.90213973 -5.21491191 
0.48199862 62.93620167 -5.23473797 
0.48266619 62.97065315 -5.25371961 
0.48333371 63.00543145 -5.27180302 
0.48400118 63.04053656 -5.28898820 
0.48466860 63.07601434 -5.30528428 
0.48533596 63.11183236 -5.32069559 
0.48600328 63.14799064 -5.33522212 
0.48667048 63.18457289 -5.34888985 
0.48733762 63.22149189 -5.36173448 
0.48800472 63.25874763 -5.37375602 
0.48867177 63.29641407 -5.38499213 
0.48933878 63.33440708 -5.39548445 
0.49000574 63.37272665 -5.40523299 
0.49067265 63.41142310 -5.41429743 
0.49133952 63.45039932 -5.42272650 
0.49200635 63.48965529 -5.43052019 
0.49267308 63.52922550 -5.43773634 
0.49333977 63.56901029 -5.44444089 
0.49400642 63.60900967 -5.45063385 
0.49467303 63.64924351 -5.45638271 
0.49533960 63.68959620 -5.46173630 
0.49600613 63.73006773 -5.46669461 
0.49667261 63.77067992 -5.47134270 
0.49733906 63.81129643 -5.47572171 
0.49800547 63.85191728 -5.47983164 
0.49867035 63.89245177 -5.48374456 
0.49933519 63.93286858 -5.48748690 
0.50000000 63.97316774 -5.49105865 
0.50066562 64.01337933 -5.49455286 
0.50133121 64.05332747 -5.49796775 
0.50199675 64.09301215 -5.50130330 
0.50266451 64.13252337 -5.50461862 
0.50333222 64.17163863 -5.50790227 
0.50399988 64.21035793 -5.51115425 
0.50466750 64.24862943 -5.51443120 
0.50533507 64.28636796 -5.51770999 
0.50600258 64.32357352 -5.52099064 
0.50667005 64.36019785 -5.52431075 
0.50733746 64.39617345 -5.52764656 
0.50800482 64.43150030 -5.53099806 
0.50867216 64.46611992 -5.53439919 
0.50933944 64.49998118 -5.53780802 
0.51000666 64.53308409 -5.54122454 
0.51067381 64.56537370 -5.54468225 
0.51134090 64.59681661 -5.54812729 
0.51200793 64.62741284 -5.55155966 
0.51267488 64.65710935 -5.55500520 
0.51334177 64.68588982 -5.55840243 
0.51400858 64.71375426 -5.56175133 
0.51467532 64.74066176 -5.56506545 
0.51534198 64.76660105 -5.56828834 
0.51600856 64.79157213 -5.57142000 
0.51667513 64.81556980 -5.57446294 
0.51734162 64.83857768 -5.57735429 
0.51800802 64.86059579 -5.58009404 
0.51867210 64.88154381 -5.58268262 
0.51933610 64.90153519 -5.58504980 
0.52000000 64.92056996 -5.58719560 
0.52066496 64.93864229 -5.58915767 
0.52132983 64.95579049 -5.59082361 
0.52199462 64.97201454 -5.59219341 
0.52266249 64.98737982 -5.59331529 
0.52333029 65.00186767 -5.59407771 
0.52399802 65.01547809 -5.59448069 
0.52466567 65.02819090 -5.59455048 
0.52533326 65.04012376 -5.59417351 
0.52600078 65.05127667 -5.59334977 
0.52666824 65.06161058 -5.59212002 
0.52733565 65.07126420 -5.59035591 
0.52800301 65.08023752 -5.58805746 
0.52867026 65.08851702 -5.58525465 
0.52933748 65.09623026 -5.58183033 
0.53000464 65.10337722 -5.57778452 
0.53067177 65.10997579 -5.57312477 
0.53133887 65.11613899 -5.56776184 
0.53200593 65.12186682 -5.56169573 
0.53267297 65.12716515 -5.55493110 
0.53333998 65.13217847 -5.54736821 
0.53400697 65.13690678 -5.53900707 
0.53467394 65.14135845 -5.52990861 
0.53534089 65.14561590 -5.51994532 
0.53600784 65.14967912 -5.50911719 
0.53667478 65.15362683 -5.49747301 
0.53734171 65.15747882 -5.48492169 
0.53800865 65.16123507 -5.47146323 
0.53867242 65.16498445 -5.45722006 
0.53933621 65.16870674 -5.44206624 
0.54000000 65.17240192 -5.42600178 
0.54066395 65.17615561 -5.40906102 
0.54132791 65.17995931 -5.39121018 
0.54199189 65.18381302 -5.37244926 
0.54265920 65.18777568 -5.35273135 
0.54332652 65.19182916 -5.33209617 
0.54399385 65.19597347 -5.31054370 
0.54466119 65.20031209 -5.28815447 
0.54532853 65.20477558 -5.26490295 
0.54599588 65.20936393 -5.24078911 
0.54666323 65.21416593 -5.21589840 
0.54733059 65.21913518 -5.19019004 
0.54799794 65.22427170 -5.16366403 
0.54866530 65.22971948 -5.13645061 
0.54933266 65.23536625 -5.10854450 
0.55000002 65.24121201 -5.07994570 
0.55066737 65.24740129 -5.05074544 
0.55133472 65.25385035 -5.02098952 
0.55200207 65.26055920 -4.99067796 
0.55266945 65.26767608 -4.95995812 
0.55333683 65.27508418 -4.92884249 
0.55400421 65.28278351 -4.89733105 
0.55467157 65.29102551 -4.86561880 
0.55533892 65.29959730 -4.83377721 
0.55600626 65.30849888 -4.80180628 
0.55667360 65.31797292 -4.76984120 
0.55734091 65.32783088 -4.73801966 
0.55800822 65.33807276 -4.70634166 
0.55867216 65.34885516 -4.67514740 
0.55933609 65.36004020 -4.64440876 
0.56000000 65.37162788 -4.61412574 
0.56066396 65.38379442 -4.58447281 
0.56132790 65.39637087 -4.55560918 
0.56199183 65.40935724 -4.52753486 
0.56265911 65.42291648 -4.50033455 
0.56332638 65.43686093 -4.47426977 
0.56399365 65.45119059 -4.44934051 
0.56466091 65.46591028 -4.42581028 
0.56532816 65.48093886 -4.40374645 
0.56599542 65.49627631 -4.38314903 
0.56666267 65.51184457 -4.36427751 
0.56732993 65.52758465 -4.34717711 
0.56799719 65.54349655 -4.33184783 
0.56866442 65.55954636 -4.31850183 
0.56933165 65.57558969 -4.30720919 
0.56999889 65.59162656 -4.29796991 
0.57066615 65.60751772 -4.29089501 
0.57133343 65.62326866 -4.28601911 
0.57200072 65.63887938 -4.28334221 
0.57266803 65.65405258 -4.28299020 
0.57333537 65.66890932 -4.28492848 
0.57400273 65.68344959 -4.28915705 
0.57467012 65.69731945 -4.29574192 
0.57533754 65.71066802 -4.30458007 
0.57600498 65.72349529 -4.31567150 
0.57667240 65.73554208 -4.32907838 
0.57733986 65.74688484 -4.34465678 
0.57800735 65.75752357 -4.36240668 
0.57867152 65.76718297 -4.38219363 
0.57933574 65.77604728 -4.40394264 
0.58000000 65.78411651 -4.42765371 
0.58066461 65.79120254 -4.45329725 
0.58132925 65.79744367 -4.48067259 
0.58199391 65.80283990 -4.50977972 
0.58266221 65.80722714 -4.54073913 
0.58333050 65.81077877 -4.57315808 
0.58399879 65.81349479 -4.60703657 
0.58466706 65.81525329 -4.64232192 
0.58533530 65.81623219 -4.67880039 
0.58600351 65.81643151 -4.71647198 
0.58667167 65.81579010 -4.75526149 
0.58733976 65.81447534 -4.79497452 
0.58800778 65.81248723 -4.83561107 
0.58867580 65.80975555 -4.87713618 
0.58934372 65.80648542 -4.91932306 
0.59001154 65.80267685 -4.96217169 
0.59067924 65.79827993 -5.00565625 
0.59134682 65.79343333 -5.04960935 
0.59201427 65.78813703 -5.09403098 
0.59268166 65.78236138 -5.13884226 
0.59334890 65.77619455 -5.18394351 
0.59401597 65.76963652 -5.22933476 
0.59468287 65.76262196 -5.27487691 
0.59534957 65.75520620 -5.32050568 
0.59601607 65.74738922 -5.36622106 
0.59668246 65.73897616 -5.41175321 
0.59734862 65.73004378 -5.45704974 
0.59801455 65.72059209 -5.50211064 
0.59867662 65.71018185 -5.54613300 
0.59933844 65.69894543 -5.58934972 
0.60000000 65.68688284 -5.63176079 
0.60066724 65.67330844 -5.67307844 
0.60133420 65.65844433 -5.71281790 
0.60200090 65.64229050 -5.75097918 
0.60267386 65.62422696 -5.78722994 
0.60334655 65.60455444 -5.82113346 
0.60401899 65.58327294 -5.85268975 
0.60469119 65.55986378 -5.88115097 
0.60536314 65.53451823 -5.90638078 
0.60603485 65.50723629 -5.92837916 
0.60670625 65.47770883 -5.94652429 
0.60737743 65.44605358 -5.96069217 
0.60804838 65.41227054 -5.97088281 
0.60871908 65.37601646 -5.97636267 
0.60938958 65.33752643 -5.97716348 
0.61005987 65.29680046 -5.97328526 
0.61072992 65.25352467 -5.96406590 
0.61139977 65.20792049 -5.94952767 
0.61206944 65.15998794 -5.92967059 
0.61273889 65.10959032 -5.90398557 
0.61340816 65.05682634 -5.87254112 
0.61407727 65.00169600 -5.83533721 
0.61474621 64.94413598 -5.79193324 
0.61541500 64.88422318 -5.74250158 
0.61608363 64.82195758 -5.68704223 
0.61675201 64.75733274 -5.62524225 
0.61742026 64.69039285 -5.55737129 
0.61808837 64.62113791 -5.48342937 
0.61872569 64.55287071 -5.40690510 
0.61936290 64.48244089 -5.32498383 
0.62000000 64.40984843 -5.23766553 
0.62060609 64.33890471 -5.14933178 
0.62121209 64.26593403 -5.05631933 
0.62181801 64.19093638 -4.95862819 
0.62242387 64.11404365 -4.85612759 
0.62302966 64.03501999 -4.74922260 
0.62363539 63.95386541 -4.63791323 
0.62424115 63.87088680 -4.52214324 
0.62484688 63.78556479 -4.40242792 
0.62545257 63.69789937 -4.27876727 
0.62605823 63.60812473 -4.15100382 
0.62666388 63.51588034 -4.01972365 
0.62726951 63.42116620 -3.88492674 
0.62787513 63.32425921 -3.74643520 
0.62848077 63.22454019 -3.60499022 
0.62908641 63.12200914 -3.46059179 
0.62969213 63.01700314 -3.31297857 
0.63029789 62.90891734 -3.16287671 
0.63090367 62.79775174 -3.01028620 
0.63150949 62.68398272 -2.85497942 
0.63211537 62.56676465 -2.69773776 
0.63272129 62.44609752 -2.53856121 
0.63332728 62.32228440 -2.37723516 
0.63393335 62.19481698 -2.21439343 
0.63453948 62.06369526 -2.05003603 
0.63514578 61.92911586 -1.88408151 
0.63575216 61.79052309 -1.71710120 
0.63635865 61.64791697 -1.54909508 
0.63696524 61.50153588 -1.37998263 
0.63757195 61.35088133 -1.21028633 
0.63817878 61.19595332 -1.04000619 
0.63878571 61.03689058 -0.86912305 
0.63939279 60.87337622 -0.69803931 
0.64000000 60.70541025 -0.52675496 
0.64063790 60.52444252 -0.34662715 
0.64127596 60.33840534 -0.16675227 
0.64191419 60.14729871 0.01286970 
0.64258280 59.94209255 0.20086657 
0.64325159 59.73123907 0.38820275 
0.64392056 59.51473829 0.57487823 
0.64458972 59.29290291 0.76101937 
0.64525905 59.06538089 0.94620577 
0.64592855 58.83217222 1.13043745 
0.64659820 58.59362691 1.31382285 
0.64726801 58.34939352 1.49598694 
0.64793798 58.09947204 1.67692971 
0.64860803 57.84411287 1.85674010 
0.64927822 57.58320761 2.03517405 
0.64994856 57.31675626 2.21223156 
0.65061904 57.04489401 2.38792097 
0.65128967 56.76758283 2.56204863 
0.65196043 56.48482271 2.73461455 
0.65263129 56.19684111 2.90565059 
0.65330228 55.90355859 3.07497293 
0.65397340 55.60497516 3.24258155 
0.65464465 55.30140189 3.40847008 
0.65531602 54.99274889 3.57245179 
0.65598752 54.67901615 3.73452669 
0.65665905 54.36047923 3.89468237 
0.65733070 54.03712616 4.05276889 
0.65800246 53.70895694 4.20878623 
0.65866820 53.37932526 4.36124848 
0.65933405 53.04514459 4.51139393 
0.66000000 52.70641492 4.65922258 
0.66066123 52.36591696 4.80366139 
0.66132257 52.02109014 4.94550504 
0.66198402 51.67193446 5.08475351 
0.66264966 51.31653212 5.22214812 
0.66331543 50.95705941 5.35650106 
0.66398132 50.59351631 5.48781233 
0.66464733 50.22623645 5.61593254 
0.66531347 49.85530864 5.74052528 
0.66597974 49.48073288 5.86159054 
0.66664621 49.10292845 5.97885192 
0.66731281 48.72197015 6.09204731 
0.66797955 48.33785797 6.20117670 
0.66864644 47.95110221 6.30595050 
0.66931349 47.56181985 6.40606683 
0.66998068 47.17001090 6.50152569 
0.67064815 46.77606105 6.59207333 
0.67131577 46.38027158 6.67744734 
0.67198356 45.98264249 6.75764772 
0.67265152 45.58364893 6.83232416 
0.67331965 45.18350415 6.90134839 
0.67398796 44.78220815 6.96472040 
0.67465655 44.38026200 7.02223969 
0.67532533 43.97799193 7.07366210 
0.67599429 43.57539795 7.11898764 
0.67666344 43.17295092 7.15812085 
0.67733278 42.77097529 7.19101106 
0.67800232 42.36947107 7.21765828 
0.67866801 41.97157457 7.23775276 
0.67933390 41.57503250 7.25165526 
0.68000000 41.17984486 7.25936578 
0.68066352 40.78857163 7.26082640 
0.68132723 40.39976832 7.25628386 
0.68199115 40.01343494 7.24573817 
0.68265698 39.62919127 7.22928661 
0.68332300 39.24818947 7.20724645 
0.68398919 38.87042955 7.17961769 
0.68465550 38.49629659 7.14657539 
0.68532197 38.12594971 7.10857199 
0.68598859 37.75938889 7.06560751 
0.68665531 37.39672018 7.01790166 
0.68732215 37.03819183 6.96593308 
0.68798912 36.68380386 6.90970175 
0.68865616 36.33357855 6.84951650 
0.68932331 35.98768276 6.78581116 
0.68999056 35.64611648 6.71858574 
0.69065787 35.30882464 6.64818714 
0.69132525 34.97595121 6.57504794 
0.69199273 34.64749618 6.49916813 
0.69266023 34.32341382 6.42087529 
0.69332780 34.00375466 6.34055482 
0.69399544 33.68851870 6.25820672 
0.69466312 33.37750800 6.17418510 
0.69533085 33.07088523 6.08886119 
0.69599862 32.76865038 6.00223500 
0.69666636 32.47057064 5.91456892 
0.69733411 32.17670329 5.82624163 
0.69800188 31.88704836 5.73725311 
0.69866793 31.60215858 5.64810130 
0.69933397 31.32125075 5.55878053 
0.70000000 31.04432486 5.46929081 
0.70066581 30.77109227 5.38010977 
0.70133160 30.50161043 5.29122315 
0.70199737 30.23587934 5.20263094 
0.70266473 29.97290993 5.11446149 
0.70333206 29.71342338 5.02701548 
0.70399936 29.45741971 4.94029291 
0.70466664 29.20466133 4.85454520 
0.70533390 28.95516255 4.76986112 
0.70600112 28.70892336 4.68624069 
0.70666839 28.46571216 4.60391838 
0.70733563 28.22555442 4.52290612 
0.70800284 27.98845013 4.44320393 
0.70867000 27.75417114 4.36506505 
0.70933713 27.52272933 4.28849049 
0.71000421 27.29412473 4.21348026 
0.71067125 27.06815503 4.14024197 
0.71133823 26.84480203 4.06877459 
0.71200518 26.62406572 3.99907814 
0.71267213 26.40572539 3.93133969 
0.71333903 26.18978576 3.86552411 
0.71400587 25.97624683 3.80163139 
0.71467266 25.76493992 3.73983791 
0.71533939 25.55578652 3.68010888 
0.71600605 25.34878662 3.62244431 
0.71667266 25.14383181 3.56703542 
0.71733920 24.94082406 3.51374979 
0.71800567 24.73976335 3.46258741 
0.71867052 24.54099731 3.41384999 
0.71933530 24.34391800 3.36726625 
0.72000000 24.14852542 3.32283619 
0.72066550 23.95443226 3.28068581 
0.72133093 23.76179160 3.24066142 
0.72199630 23.57060347 3.20276303 
0.72266386 23.38003955 3.16700845 
0.72333136 23.19077262 3.13332762 
0.72399880 23.00280269 3.10172054 
0.72466618 22.81602303 3.07222741 
0.72533351 22.63039640 3.04465286 
0.72600080 22.44592281 3.01899691 
0.72666803 22.26255617 2.99529840 
0.72733523 22.08023776 2.97332224 
0.72800238 21.89896757 2.95306841 
0.72866944 21.71875531 2.93459313 
0.72933647 21.53951174 2.91760258 
0.73000347 21.36123685 2.90209676 
0.73067045 21.18393717 2.88811672 
0.73133740 21.00755565 2.87542631 
0.73200433 20.83209230 2.86402552 
0.73267124 20.65756748 2.85385346 
0.73333814 20.48391050 2.84469603 
0.73400503 20.31112138 2.83655323 
0.73467191 20.13919484 2.82941184 
0.73533879 19.96812637 2.82302717 
0.73600567 19.79791597 2.81739924 
0.73667251 19.62855710 2.81249417 
0.73733935 19.46000624 2.80809101 
0.73800621 19.29226339 2.80418976 
0.73867079 19.12595187 2.80076486 
0.73933538 18.96043891 2.79759263 
0.74000000 18.79572449 2.79467310 
0.74066439 18.63191631 2.79190464 
0.74132880 18.46889386 2.78920444 
0.74199324 18.30665715 2.78657249 
0.74265980 18.14485504 2.78386512 
0.74332639 17.98382519 2.78096162 
0.74399301 17.82356759 2.77786197 
0.74465966 17.66422747 2.77456916 
0.74532635 17.50568805 2.77087467 
0.74599307 17.34794936 2.76677850 
0.74665983 17.19110211 2.76231256 
0.74732662 17.03508628 2.75729912 
0.74799346 16.87990189 2.75173818 
0.74866039 16.72558561 2.74559846 
0.74932736 16.57213185 2.73877106 
0.74999437 16.41954062 2.73125598 
0.75066143 16.26784340 2.72299841 
0.75132854 16.11703683 2.71395095 
0.75199570 15.96712090 2.70411362 
0.75266292 15.81817318 2.69340479 
0.75333018 15.67014369 2.68179907 
0.75399750 15.52303241 2.66929645 
0.75466488 15.37694325 2.65585175 
0.75533231 15.23184262 2.64143664 
0.75599981 15.08773052 2.62605111 
0.75666736 14.94466922 2.60966948 
0.75733498 14.80267993 2.59228784 
0.75800266 14.66176266 2.57390622 
0.75866837 14.52240424 2.55455308 
0.75933415 14.38418378 2.53421626 
0.76000000 14.24710128 2.51289575 
0.76066500 14.11150054 2.49063937 
0.76133008 13.97715575 2.46743767 
0.76199521 13.84406689 2.44329063 
0.76266175 13.71205162 2.41817704 
0.76332834 13.58138653 2.39225441 
0.76399500 13.45207161 2.36552275 
0.76466170 13.32417455 2.33798620 
0.76532846 13.19765646 2.30974016 
0.76599527 13.07251734 2.28078465 
0.76666213 12.94880050 2.25125076 
0.76732903 12.82649763 2.22114741 
0.76799597 12.70560873 2.19047460 
0.76866290 12.58614990 2.15935965 
0.76932987 12.46812981 2.12785478 
0.76999687 12.35154844 2.09596000 
0.77066390 12.23635622 2.06375770 
0.77133095 12.12260992 2.03132713 
0.77199804 12.01030956 1.99866829 
0.77266514 11.89937338 1.96586560 
0.77333227 11.78987639 1.93298226 
0.77399941 11.68181861 1.90001827 
0.77466656 11.57510370 1.86706066 
0.77533373 11.46979520 1.83417338 
0.77600091 11.36589312 1.80135645 
0.77666809 11.26334158 1.76866991 
0.77733528 11.16214636 1.73617276 
0.77800246 11.06230747 1.70386500 
0.77866832 10.96398657 1.67190593 
0.77933416 10.86697885 1.64022763 
0.78000000 10.77128432 1.60883010 
0.78066581 10.67682953 1.57782013 
0.78133161 10.58363847 1.54718758 
0.78199740 10.49171116 1.51693246 
0.78266454 10.40078660 1.48704724 
0.78333167 10.31106649 1.45761915 
0.78399879 10.22255083 1.42864820 
0.78466589 10.13522947 1.40017492 
0.78533298 10.04906005 1.37218431 
0.78600005 9.96404257 1.34467637 
0.78666711 9.88014699 1.31772780 
0.78733415 9.79737463 1.29130136 
0.78800117 9.71572550 1.26539706 
0.78866818 9.63513887 1.24006843 
0.78933516 9.55562553 1.21528824 
0.79000213 9.47718550 1.19105647 
0.79066907 9.39976384 1.16742650 
0.79133599 9.32336860 1.14435317 
0.79200289 9.24799978 1.12183648 
0.79266981 9.17358545 1.09992787 
0.79333670 9.10014408 1.07859439 
0.79400357 9.02767568 1.05783603 
0.79467041 8.95613269 1.03767762 
0.79533723 8.88549605 1.01809014 
0.79600402 8.81576575 0.99907359 
0.79667078 8.74692043 0.98066135 
0.79733752 8.67892491 0.96281098 
0.79800423 8.61177917 0.94552249 
0.79866952 8.54560421 0.92885561 
0.79933477 8.48021255 0.91273346 
0.80000000 8.41560420 0.89715603 
0.80066560 8.35173179 0.88212704 
0.80133118 8.28858196 0.86760563 
0.80199673 8.22615473 0.85359181 
0.80266390 8.16427766 0.84008958 
0.80333105 8.10308939 0.82704506 
0.80399817 8.04258994 0.81445826 
0.80466527 7.98273833 0.80237069 
0.80533234 7.92352642 0.79069343 
0.80599940 7.86495422 0.77942648 
0.80666644 7.80701465 0.76859670 
0.80733346 7.74967106 0.75812588 
0.80800046 7.69292344 0.74801404 
0.80866745 7.63677296 0.73827593 
0.80933442 7.58118712 0.72884134 
0.81000138 7.52616593 0.71971027 
0.81066833 7.47170718 0.71088574 
0.81133527 7.41778203 0.70231448 
0.81200220 7.36439048 0.69399648 
0.81266912 7.31153849 0.68591920 
0.81333604 7.25918908 0.67804020 
0.81400295 7.20734225 0.67035946 
0.81466982 7.15602011 0.66287639 
0.81533669 7.10518036 0.65552923 
0.81600356 7.05482302 0.64831797 
0.81667042 7.00494483 0.64125586 
0.81733729 6.95553314 0.63429326 
0.81800416 6.90658794 0.62743015 
0.81866944 6.85823055 0.62067622 
0.81933471 6.81031821 0.61398056 
0.82000000 6.76285092 0.60734319 
0.82066526 6.71584487 0.60076547 
0.82133054 6.66927073 0.59421798 
0.82199581 6.62312849 0.58770071 
0.82266277 6.57732796 0.58121483 
0.82332973 6.53195231 0.57473281 
0.82399669 6.48700154 0.56825464 
0.82466366 6.44247566 0.56180822 
0.82533064 6.39836112 0.55536497 
0.82599763 6.35465790 0.54892488 
0.82666461 6.31137317 0.54250042 
0.82733161 6.26848019 0.53607433 
0.82799861 6.22597896 0.52964661 
0.82866561 6.18388459 0.52323291 
0.82933261 6.14216429 0.51681813 
0.82999962 6.10081807 0.51040227 
0.83066664 6.05987869 0.50400601 
0.83133365 6.01930204 0.49760327 
0.83200067 5.97908812 0.49119405 
0.83266769 5.93924575 0.48481479 
0.83333471 5.89976349 0.47843842 
0.83400174 5.86064135 0.47206493 
0.83466876 5.82188311 0.46572128 
0.83533579 5.78347333 0.45938017 
0.83600281 5.74541199 0.45304161 
0.83666984 5.70769311 0.44674244 
0.83733686 5.67031817 0.44045523 
0.83800389 5.63328718 0.43417997 
0.83866926 5.59668568 0.42795622 
0.83933463 5.56041303 0.42175082 
0.84000000 5.52446923 0.41556377 
0.84066536 5.48885703 0.40941601 
0.84133072 5.45356572 0.40328897 
0.84199608 5.41859528 0.39718266 
0.84266310 5.38386216 0.39110975 
0.84333011 5.34944577 0.38505702 
0.84399712 5.31534610 0.37902446 
0.84466413 5.28156704 0.37304508 
0.84533114 5.24809787 0.36708498 
0.84599815 5.21493861 0.36114415 
0.84666516 5.18209016 0.35525666 
0.84733216 5.14954923 0.34939356 
0.84799916 5.11731581 0.34355486 
0.84866616 5.08539065 0.33776154 
0.84933316 5.05376749 0.33199260 
0.85000016 5.02244633 0.32624804 
0.85066716 4.99142772 0.32055615 
0.85133416 4.96070884 0.31488688 
0.85200115 4.93028969 0.30924024 
0.85266815 4.90016762 0.30364327 
0.85333514 4.87034167 0.29806979 
0.85400213 4.84081185 0.29251981 
0.85466912 4.81157643 0.28702231 
0.85533611 4.78263366 0.28155033 
0.85600310 4.75398354 0.27610387 
0.85667009 4.72562718 0.27070641 
0.85733708 4.69756050 0.26533197 
0.85800406 4.66978350 0.25998056 
0.85866938 4.64236475 0.25469267 
0.85933469 4.61523141 0.24943148 
0.86000000 4.58838347 0.24419700 
0.86066532 4.56182498 0.23900904 
0.86133064 4.53555340 0.23384457 
0.86199596 4.50956874 0.22870359 
0.86266294 4.48379803 0.22360273 
0.86332991 4.45832187 0.21852312 
0.86399689 4.43314025 0.21346478 
0.86466387 4.40823733 0.20844177 
0.86533085 4.38362053 0.20345069 
0.86599783 4.35928984 0.19849154 
0.86666481 4.33526830 0.19356666 
0.86733179 4.31153229 0.18865615 
0.86799877 4.28808180 0.18376002 
0.86866575 4.26492952 0.17890761 
0.86933274 4.24207053 0.17406985 
0.86999972 4.21950481 0.16924675 
0.87066671 4.19724082 0.16447198 
0.87133370 4.17527928 0.15970207 
0.87200070 4.15362020 0.15493703 
0.87266769 4.13226975 0.15020317 
0.87333469 4.11121921 0.14547545 
0.87400169 4.09046857 0.14075387 
0.87466869 4.07004458 0.13605774 
0.87533570 4.04993234 0.13135812 
0.87600271 4.03013184 0.12665500 
0.87666972 4.01065506 0.12196698 
0.87733674 3.99150031 0.11727048 
0.87800376 3.97266760 0.11256549 
0.87866917 3.95421790 0.10786842 
0.87933458 3.93609515 0.10314988 
0.88000000 3.91829935 0.09840986 
0.88066520 3.90085567 0.09365853 
0.88133040 3.88374895 0.08887074 
0.88199561 3.86697917 0.08404647 
0.88266235 3.85053317 0.07917348 
0.88332909 3.83443503 0.07424454 
0.88399584 3.81868473 0.06925965 
0.88466260 3.80331789 0.06422211 
0.88532939 3.78830459 0.05910646 
0.88599618 3.77364482 0.05391269 
0.88666299 3.75939598 0.04863956 
0.88732983 3.74551804 0.04326086 
0.88799668 3.73201100 0.03777657 
0.88866355 3.71890759 0.03218736 
0.88933045 3.70618426 0.02647834 
0.88999737 3.69384101 0.02064950 
0.89066432 3.68193505 0.01469667 
0.89133129 3.67041155 0.00858676 
0.89199829 3.65927052 0.00231978 
0.89266528 3.64855614 -0.00406992 
0.89333229 3.63824438 -0.01064377 
0.89399934 3.62833525 -0.01740174 
0.89466642 3.61881478 -0.02430569 
0.89533353 3.60968849 -0.03138289 
0.89600069 3.60095638 -0.03863332 
0.89666788 3.59263546 -0.04607020 
0.89733511 3.58468187 -0.05368733 
0.89800239 3.57709561 -0.06148471 
0.89866821 3.56990086 -0.06942844 
0.89933408 3.56305103 -0.07753583 
0.90000000 3.55654613 -0.08580690 
0.90066593 3.55037802 -0.09421399 
0.90133190 3.54451982 -0.10275080 
0.90199791 3.53897154 -0.11141730 
0.90266544 3.53368787 -0.12019263 
0.90333298 3.52867125 -0.12904459 
0.90400054 3.52392166 -0.13797316 
0.90466809 3.51937826 -0.14692961 
0.90533563 3.51504997 -0.15589113 
0.90600316 3.51093678 -0.16485773 
0.90667066 3.50698075 -0.17379379 
0.90733812 3.50318677 -0.18266424 
0.90800555 3.49955482 -0.19146908 
0.90867298 3.49603128 -0.20015820 
0.90934034 3.49263623 -0.20871358 
0.91000764 3.48936969 -0.21713523 
0.91067487 3.48617025 -0.22536548 
0.91134202 3.48307072 -0.23338833 
0.91200908 3.48007110 -0.24120378 
0.91267610 3.47711753 -0.24876170 
0.91334302 3.47424329 -0.25604489 
0.91400982 3.47144838 -0.26305334 
0.91467651 3.46869103 -0.26973088 
0.91534306 3.46600374 -0.27608067 
0.91600947 3.46338649 -0.28210271 
0.91667574 3.46079474 -0.28773865 
0.91734186 3.45826825 -0.29299231 
0.91800782 3.45580703 -0.29786370 
0.91867206 3.45338965 -0.30229693 
0.91933612 3.45103523 -0.30631476 
0.92000000 3.44874379 -0.30991720 
0.92066939 3.44648021 -0.31308874 
0.92133858 3.44428345 -0.31581800 
0.92200755 3.44215351 -0.31810499 
0.92268070 3.44007185 -0.31993060 
0.92335362 3.43805842 -0.32130505 
0.92402631 3.43611322 -0.32222834 
0.92469871 3.43424247 -0.32266917 
0.92537086 3.43244322 -0.32267761 
0.92604276 3.43071546 -0.32225367 
0.92671436 3.42904847 -0.32137091 
0.92738569 3.42744936 -0.32006804 
0.92805674 3.42591813 -0.31834506 
0.92872752 3.42447836 -0.31619237 
0.92939801 3.42307790 -0.31365433 
0.93006820 3.42171678 -0.31073093 
0.93073805 3.42043952 -0.30739118 
0.93140758 3.41920314 -0.30369606 
0.93207681 3.41800765 -0.29964558 
0.93274574 3.41685513 -0.29521617 
0.93341434 3.41572500 -0.29044870 
0.93408261 3.41461725 -0.28534317 
0.93475053 3.41355430 -0.27988297 
0.93541810 3.41247975 -0.27411228 
0.93608532 3.41139358 -0.26803110 
0.93675225 3.41032291 -0.26159939 
0.93741880 3.40921529 -0.25486466 
0.93808498 3.40807070 -0.24782689 
0.93872369 3.40694340 -0.24075154 
0.93936202 3.40574084 -0.23340224 
0.94000000 3.40446302 -0.22577900 
0.94061018 3.40321846 -0.21817515 
0.94122003 3.40184280 -0.21033138 
0.94182955 3.40033605 -0.20224768 
0.94243878 3.39872272 -0.19385122 
0.94304771 3.39694116 -0.18520043 
0.94365633 3.39499135 -0.17629528 
0.94426465 3.39287944 -0.16708575 
0.94487269 3.39050425 -0.15762947 
0.94548044 3.38786580 -0.14792646 
0.94608792 3.38500627 -0.13789711 
0.94669514 3.38177880 -0.12764220 
0.94730210 3.37818340 -0.11716174 
0.94790881 3.37428835 -0.10634816 
0.94851528 3.36989346 -0.09534811 
0.94912151 3.36499874 -0.08416161 
0.94972745 3.35968036 -0.07264241 
0.95033318 3.35373209 -0.06097371 
0.95093869 3.34715393 -0.04915550 
0.95154399 3.34000251 -0.03704490 
0.95214911 3.33202933 -0.02484061 
0.95275403 3.32323438 -0.01254263 
0.95335869 3.31395143 0.00001136 
0.95396318 3.30360139 0.01254641 
0.95456749 3.29218424 0.02506254 
0.95517165 3.27990621 0.03775503 
0.95577567 3.26652136 0.05039021 
0.95637954 3.25202969 0.06296809 
0.95698327 3.23650718 0.07560542 
0.95758687 3.21965894 0.08804744 
0.95819036 3.20148496 0.10029415 
0.95879367 3.18211840 0.11251732 
0.95939689 3.16128759 0.12444474 
0.96000000 3.13899254 0.13607640 
0.96060599 3.11523841 0.14763246 
0.96121188 3.08989006 0.15878584 
0.96181768 3.06294750 0.16953655 
0.96242612 3.03440919 0.18010051 
0.96303445 3.00417113 0.19016873 
0.96364266 2.97223331 0.19974122 
0.96425074 2.93875462 0.20900995 
0.96485868 2.90350576 0.21771069 
0.96546649 2.86648673 0.22584344 
0.96607420 2.82794828 0.23360114 
0.96668176 2.78760451 0.24072993 
0.96728916 2.74545540 0.24722982 
0.96789640 2.70167497 0.25332049 
0.96850346 2.65617228 0.25878144 
0.96911036 2.60894733 0.26361269 
0.96971714 2.56013117 0.26799256 
0.97032373 2.50965867 0.27170129 
0.97093013 2.45752982 0.27473887 
0.97153634 2.40390881 0.27725914 
0.97214233 2.34872132 0.27912321 
0.97274811 2.29196737 0.28033107 
0.97335375 2.23399739 0.28105751 
0.97395916 2.17454361 0.28100850 
0.97456434 2.11360603 0.28018404 
0.97516928 2.05177366 0.27905828 
0.97577398 1.98868480 0.27713246 
0.97637843 1.92433946 0.27440656 
0.97698270 1.85895182 0.27131877 
0.97758670 1.79265959 0.26757134 
0.97819043 1.72546276 0.26316426 
0.97879390 1.65753805 0.25836816 
0.97939709 1.58895874 0.25294198 
0.98000000 1.51972485 0.24688570 
0.98061244 1.44900303 0.24040468 
0.98122458 1.37797362 0.23327575 
0.98183642 1.30663663 0.22549890 
0.98245217 1.23479953 0.21741800 
0.98306762 1.16316639 0.20877724 
0.98368278 1.09173721 0.19957660 
0.98429764 1.02056405 0.19017197 
0.98491222 0.95019576 0.18036443 
0.98552651 0.88063234 0.17015398 
0.98614042 0.81211236 0.15967838 
0.98675405 0.74485958 0.14895308 
0.98736740 0.67887399 0.13797809 
0.98798047 0.61484528 0.12723996 
0.98859327 0.55271092 0.11629134 
0.98920579 0.49247090 0.10513223 
0.98981796 0.43487733 0.09436582 
0.99042986 0.38015514 0.08376352 
0.99104149 0.32830434 0.07332531 
0.99165272 0.27961368 0.06353847 
0.99226368 0.23449470 0.05405707 
0.99287438 0.19294742 0.04488111 
0.99345539 0.15679086 0.03731551 
0.99403615 0.12451324 0.03013031 
0.99461669 0.09611457 0.02332552 
0.99510527 0.07531164 0.01874779 
0.99559368 0.05719032 0.01437447 
0.99608194 0.04175062 0.01020556 
0.99646123 0.03160467 0.00793065 
0.99684042 0.02309268 0.00584708 
0.99721951 0.01621463 0.00395485 
0.99751351 0.01189409 0.00295778 
0.99780745 0.00838226 0.00207506 
0.99810133 0.00567914 0.00130671 
0.99837835 0.00372692 0.00082605 
0.99865532 0.00224859 0.00048032 
0.99893224 0.00124413 0.00026953 
0.99928824 0.00051359 0.00010793 
0.99964416 0.00009888 0.00001808 
1.00000000 0.00000000 0.00000000 
