0.00000000 62.28824120 -33.57870257 
0.00031308 62.29667677 -33.56055985 
0.00062617 62.30511089 -33.54139003 
0.00093926 62.31354356 -33.52119304 
0.00131386 62.32356160 -33.49693636 
0.00168846 62.33274946 -33.47127082 
0.00206307 62.34193618 -33.44419630 
0.00251127 62.35167616 -33.41590267 
0.00295948 62.36081340 -33.38569750 
0.00340770 62.36994919 -33.35358060 
0.00393257 62.38030273 -33.32210967 
0.00445745 62.38952884 -33.28818818 
0.00498234 62.39875301 -33.25181583 
0.00554920 62.40779963 -33.22060169 
0.00611608 62.41626112 -33.18675272 
0.00668297 62.42472124 -33.15026860 
0.00725480 62.43137449 -33.11951844 
0.00782663 62.43892585 -33.08632444 
0.00839848 62.44647625 -33.05068633 
0.00896598 62.45343410 -33.01913189 
0.00953349 62.46114622 -32.98540429 
0.01010101 62.46885715 -32.94950333 
0.01066210 62.47879174 -32.92138829 
0.01122320 62.48710478 -32.89092483 
0.01178431 62.49541651 -32.85811273 
0.01234542 62.50519596 -32.82723804 
0.01290655 62.51453597 -32.79333873 
0.01346769 62.52387463 -32.75641441 
0.01402885 62.53728360 -32.72535574 
0.01459001 62.54837563 -32.69059598 
0.01515120 62.55946501 -32.65213453 
0.01571239 62.57221771 -32.62065589 
0.01627360 62.58385695 -32.58479936 
0.01683483 62.59549369 -32.54456410 
0.01739608 62.60932450 -32.51154128 
0.01795735 62.62179643 -32.47346340 
0.01851863 62.63426538 -32.43032931 
0.01907974 62.64963667 -32.39585911 
0.01964087 62.66309754 -32.35566034 
0.02020202 62.67655439 -32.30973155 
0.02076301 62.69388039 -32.27584007 
0.02132403 62.70801396 -32.23566713 
0.02188507 62.72214264 -32.18921096 
0.02244614 62.73822945 -32.15528491 
0.02300723 62.75272158 -32.11464084 
0.02356835 62.76720891 -32.06727676 
0.02412949 62.78319629 -32.03251943 
0.02469066 62.79806794 -31.99060714 
0.02525185 62.81293463 -31.94153765 
0.02581307 62.82966826 -31.90633567 
0.02637432 62.84499177 -31.86354139 
0.02693560 62.86030975 -31.81315227 
0.02749691 62.87758134 -31.77727432 
0.02805825 62.89348734 -31.73336628 
0.02861962 62.90938660 -31.68142532 
0.02918072 62.92726148 -31.64619698 
0.02974186 62.94373645 -31.60250921 
0.03030303 62.96020372 -31.55035890 
0.03086396 62.97776587 -31.51438882 
0.03142492 62.99463207 -31.46949734 
0.03198591 63.01149025 -31.41568100 
0.03254694 63.02916926 -31.37958170 
0.03310800 63.04632984 -31.33405757 
0.03366909 63.06348233 -31.27910477 
0.03423022 63.08421755 -31.24155976 
0.03479139 63.10303789 -31.19408588 
0.03535260 63.12184754 -31.13667887 
0.03591384 63.14180991 -31.09961577 
0.03647512 63.16056195 -31.05211910 
0.03703644 63.17930217 -30.99418417 
0.03759779 63.19916693 -30.95630296 
0.03815919 63.21828923 -30.90748280 
0.03872063 63.23740066 -30.84771857 
0.03928172 63.25934041 -30.80874764 
0.03984286 63.27986311 -30.75834747 
0.04040404 63.30037081 -30.69651247 
0.04096490 63.32133741 -30.65836916 
0.04152580 63.34171141 -30.60831481 
0.04208674 63.36207166 -30.54634337 
0.04264772 63.38381403 -30.50715549 
0.04320876 63.40469324 -30.45556761 
0.04376983 63.42555810 -30.39157318 
0.04433095 63.44802809 -30.35215649 
0.04489212 63.46945571 -30.29985006 
0.04545334 63.49086692 -30.23464687 
0.04601460 63.51465976 -30.19463617 
0.04657591 63.53674682 -30.14124523 
0.04713727 63.55881551 -30.07446650 
0.04769867 63.58226303 -30.03437437 
0.04826013 63.60476928 -29.98041066 
0.04882163 63.62725624 -29.91256733 
0.04938272 63.65126353 -29.87186196 
0.04994386 63.67424046 -29.81681704 
0.05050505 63.69719706 -29.74742400 
0.05106584 63.72155379 -29.70662771 
0.05162669 63.74491826 -29.65102150 
0.05218758 63.76826144 -29.58059627 
0.05274853 63.79257639 -29.53930284 
0.05330954 63.81631992 -29.48270285 
0.05387059 63.84004139 -29.41078662 
0.05443171 63.86567012 -29.36819101 
0.05499287 63.89003932 -29.30979129 
0.05555410 63.91438397 -29.23557721 
0.05611538 63.94163048 -29.19332807 
0.05667671 63.96663275 -29.13477635 
0.05723811 63.99160788 -29.05991119 
0.05779956 64.01825358 -29.01814872 
0.05836107 64.04371693 -28.95958425 
0.05892264 64.06915368 -28.88420631 
0.05948372 64.09515942 -28.84179984 
0.06004486 64.12064879 -28.78212494 
0.06060606 64.14611291 -28.70516955 
0.06116679 64.17348137 -28.66135879 
0.06172759 64.19980353 -28.59981401 
0.06228844 64.22609475 -28.52052258 
0.06284936 64.25232001 -28.47646712 
0.06341033 64.27876972 -28.41417939 
0.06397138 64.30518923 -28.33364614 
0.06453248 64.33416260 -28.28941607 
0.06509365 64.36100236 -28.22645448 
0.06565488 64.38780968 -28.14474747 
0.06621618 64.41687546 -28.09960997 
0.06677754 64.44429189 -28.03524067 
0.06733897 64.47167250 -27.95162499 
0.06790046 64.50215741 -27.90734156 
0.06846202 64.53027338 -27.84332499 
0.06902364 64.55835145 -27.75956004 
0.06958472 64.58783625 -27.71415470 
0.07014586 64.61609159 -27.64855863 
0.07070707 64.64430770 -27.56275596 
0.07126775 64.67358756 -27.51759501 
0.07182850 64.70221572 -27.45178620 
0.07238931 64.73080328 -27.36531305 
0.07295020 64.76066319 -27.31928265 
0.07351116 64.78960124 -27.25210365 
0.07407218 64.81849615 -27.16375887 
0.07463328 64.84947703 -27.11725170 
0.07519445 64.87891596 -27.04909407 
0.07575569 64.90830928 -26.95926814 
0.07631700 64.93818066 -26.91282973 
0.07687838 64.96752973 -26.84423792 
0.07743984 64.99683363 -26.75347417 
0.07800137 65.02584574 -26.70695790 
0.07856297 65.05558866 -26.63778417 
0.07912465 65.08528491 -26.54593371 
0.07968572 65.12008438 -26.49680685 
0.08024686 65.15163323 -26.42457365 
0.08080808 65.18312470 -26.32921424 
0.08136871 65.21363522 -26.28222940 
0.08192942 65.24428039 -26.21169065 
0.08249021 65.27487798 -26.11757749 
0.08305107 65.30576586 -26.06958175 
0.08361201 65.33652995 -25.99753046 
0.08417302 65.36724171 -25.90140240 
0.08473411 65.39906971 -25.85328518 
0.08529528 65.42985091 -25.78060961 
0.08585652 65.46057907 -25.68335380 
0.08641785 65.49496597 -25.63295869 
0.08697925 65.52770434 -25.55750131 
0.08754073 65.56037508 -25.45695905 
0.08810229 65.59228980 -25.40856306 
0.08866393 65.62420460 -25.33459971 
0.08922565 65.65605378 -25.23504567 
0.08978672 65.68914641 -25.18472430 
0.09034786 65.72147600 -25.10839746 
0.09090909 65.75373930 -25.00604123 
0.09146956 65.78633829 -24.95746572 
0.09203011 65.81848923 -24.88246074 
0.09259074 65.85057805 -24.78100177 
0.09315145 65.88463294 -24.72970644 
0.09371225 65.91787266 -24.65148108 
0.09427313 65.95103806 -24.54630047 
0.09483408 65.98292011 -24.49666847 
0.09539512 66.01530476 -24.41960472 
0.09595625 66.04762212 -24.31508332 
0.09651745 66.07895362 -24.26419507 
0.09707874 66.11158589 -24.18537222 
0.09764012 66.14415100 -24.07858817 
0.09820157 66.18147427 -24.02518943 
0.09876311 66.21545518 -23.94335209 
0.09932474 66.24935136 -23.83304887 
0.09988644 66.28353321 -23.78195773 
0.10044823 66.31722976 -23.70192353 
0.10101010 66.35084633 -23.59291830 
0.10163561 66.38657337 -23.53882572 
0.10226122 66.42345158 -23.44821817 
0.10288693 66.46023649 -23.32105606 
0.10357462 66.49869323 -23.26258204 
0.10426243 66.54014582 -23.15914400 
0.10495037 66.58147054 -23.01068804 
0.10563863 66.62534572 -22.95447893 
0.10632702 66.66674397 -22.85236045 
0.10701554 66.70800748 -22.70427715 
0.10770420 66.75204392 -22.64578859 
0.10839298 66.79374842 -22.54046722 
0.10908189 66.83530964 -22.38825614 
0.10975817 66.87908444 -22.33527884 
0.11043458 66.92054994 -22.23630389 
0.11111111 66.96188285 -22.09127614 
0.11177655 67.00500673 -22.03224377 
0.11244212 67.04632281 -21.92789104 
0.11310781 67.08748918 -21.77816428 
0.11378541 67.12858746 -21.72214735 
0.11446313 67.17021637 -21.61833286 
0.11514099 67.21169641 -21.46666302 
0.11581897 67.25120817 -21.41025597 
0.11649709 67.29215495 -21.30518188 
0.11717533 67.33295638 -21.15138173 
0.11785370 67.37943157 -21.09003654 
0.11853221 67.42364741 -20.97915267 
0.11921084 67.46768951 -20.81866984 
0.11987781 67.50661780 -20.76518297 
0.12054490 67.54723581 -20.66302776 
0.12121212 67.58770374 -20.51214591 
0.12187814 67.62943215 -20.45062781 
0.12254428 67.67175012 -20.33981751 
0.12321055 67.71389814 -20.17965604 
0.12388775 67.75233673 -20.12244413 
0.12456509 67.79359002 -20.01348703 
0.12524255 67.83468431 -19.85272181 
0.12592014 67.87747387 -19.79164236 
0.12659787 67.91907186 -19.67796691 
0.12727572 67.96049627 -19.51163148 
0.12795371 68.00296738 -19.45423046 
0.12863183 68.04423032 -19.34338069 
0.12931008 68.08531489 -19.17901720 
0.12997763 68.13240457 -19.11624058 
0.13064532 68.17567715 -19.00088528 
0.13131313 68.21874080 -18.83288852 
0.13197974 68.25769122 -18.77711834 
0.13264647 68.29845263 -18.66817933 
0.13331333 68.33903398 -18.50600824 
0.13399015 68.37846478 -18.44517510 
0.13466709 68.42039947 -18.32877761 
0.13534417 68.46213681 -18.15674891 
0.13602137 68.50327121 -18.09216883 
0.13669871 68.54538442 -17.97119941 
0.13737617 68.58728027 -17.79377302 
0.13805377 68.62987855 -17.73470376 
0.13873149 68.67151860 -17.61841856 
0.13940935 68.71294480 -17.44484912 
0.14007749 68.75260635 -17.38477377 
0.14074575 68.79279755 -17.26833292 
0.14141414 68.83278363 -17.09546056 
0.14208134 68.86924852 -17.03621879 
0.14274867 68.90845272 -16.92005831 
0.14341612 68.94745058 -16.74691295 
0.14409256 68.99032085 -16.68260080 
0.14476914 69.03250718 -16.55906302 
0.14544584 69.07445689 -16.37623030 
0.14612266 69.11274356 -16.31257828 
0.14679962 69.15291322 -16.18890937 
0.14747669 69.19283868 -16.00515386 
0.14815390 69.23370501 -15.94264281 
0.14883123 69.27364027 -15.81932246 
0.14950869 69.31332646 -15.63512269 
0.15017739 69.35336736 -15.57257500 
0.15084621 69.39240141 -15.45003347 
0.15151515 69.43118679 -15.26743040 
0.15218294 69.46973512 -15.20583209 
0.15285086 69.50825684 -15.08372683 
0.15351889 69.54653020 -14.90104710 
0.15419498 69.58282530 -14.83631828 
0.15487120 69.62134442 -14.70889200 
0.15554754 69.65960344 -14.51869817 
0.15622400 69.69974936 -14.45522135 
0.15690059 69.73803564 -14.32829809 
0.15757729 69.77605475 -14.13785824 
0.15825412 69.81258755 -14.07462517 
0.15893106 69.84986893 -13.94719596 
0.15960812 69.88688105 -13.75550045 
0.16027735 69.92254102 -13.69154074 
0.16094670 69.95871019 -13.56415490 
0.16161616 69.99461303 -13.37327526 
0.16228453 70.03121740 -13.31127294 
0.16295301 70.06757490 -13.18537449 
0.16362161 70.10365790 -12.99551275 
0.16429738 70.13927623 -12.92481698 
0.16497327 70.17542783 -12.78817436 
0.16564928 70.21127973 -12.58551584 
0.16632540 70.24653001 -12.52409640 
0.16700163 70.28178774 -12.39603229 
0.16767797 70.31675458 -12.20125481 
0.16835443 70.34959237 -12.13498229 
0.16903100 70.38361641 -12.00136707 
0.16970769 70.41734804 -11.80034081 
0.17037741 70.45025360 -11.73837103 
0.17104724 70.48296664 -11.60977814 
0.17171717 70.51540096 -11.41449633 
0.17238609 70.54818196 -11.34479032 
0.17305512 70.58189321 -11.20803708 
0.17372425 70.61529723 -11.00417169 
0.17439974 70.64413708 -10.94109334 
0.17507533 70.67543892 -10.80907488 
0.17575103 70.70643956 -10.60805021 
0.17642683 70.73449751 -10.54209658 
0.17710274 70.76474171 -10.40656521 
0.17777875 70.79467969 -10.20139071 
0.17845487 70.82049299 -10.13808367 
0.17913108 70.84927356 -10.00456152 
0.17980740 70.87774447 -9.80075967 
0.18047756 70.90990492 -9.72935677 
0.18114782 70.94059412 -9.58840886 
0.18181818 70.97094045 -9.37785393 
0.18248762 70.99574355 -9.31652575 
0.18315715 71.02291653 -9.18527687 
0.18382678 71.04976520 -8.98404652 
0.18450202 71.07383868 -8.91887742 
0.18517735 71.09998387 -8.78206451 
0.18585278 71.12579464 -8.57354655 
0.18652830 71.14855901 -8.50888238 
0.18720392 71.17348130 -8.37200577 
0.18787963 71.19806261 -8.16285661 
0.18855542 71.22008606 -8.09890963 
0.18923131 71.24372056 -7.96218237 
0.18990729 71.26700707 -7.75261589 
0.19057784 71.28822687 -7.68868886 
0.19124847 71.31032581 -7.55260915 
0.19191919 71.33207573 -7.34432046 
0.19258910 71.35191689 -7.28300938 
0.19325910 71.37293471 -7.14922065 
0.19392918 71.39360557 -6.94289948 
0.19460421 71.40861689 -6.88308965 
0.19527933 71.42776573 -6.74925407 
0.19595453 71.44656184 -6.54133823 
0.19662981 71.45920261 -6.48446465 
0.19730516 71.47660600 -6.35307411 
0.19798060 71.49365510 -6.14711358 
0.19865612 71.50650060 -6.08356438 
0.19933171 71.52297328 -5.94500823 
0.20000738 71.53906291 -5.73139370 
0.20067825 71.55365427 -5.67849599 
0.20134919 71.56890854 -5.55118929 
0.20202020 71.58378965 -5.34942483 
0.20269054 71.59277344 -5.29559133 
0.20336094 71.60509835 -5.16707650 
0.20403142 71.61705027 -4.96383340 
0.20470630 71.62372693 -4.91501640 
0.20538124 71.63453225 -4.79014349 
0.20605625 71.64496050 -4.58916858 
0.20673133 71.64481075 -4.54634279 
0.20740647 71.65319487 -4.42705489 
0.20808168 71.66119897 -4.23126066 
0.20875695 71.66626072 -4.17566412 
0.20943228 71.67635911 -4.04320096 
0.21010768 71.68605275 -3.83382884 
0.21077880 71.68678156 -3.80342310 
0.21144998 71.69199637 -3.69673724 
0.21212121 71.69683132 -3.51373163 
0.21279191 71.69479828 -3.46973078 
0.21346267 71.69993250 -3.34923173 
0.21413348 71.70466952 -3.15219693 
0.21480825 71.70473106 -3.12319356 
0.21548307 71.70764020 -3.01648264 
0.21615794 71.71015453 -2.83202806 
0.21683287 71.70904577 -2.80432032 
0.21750784 71.71062305 -2.69859045 
0.21818286 71.71180023 -2.51480447 
0.21885793 71.70800538 -2.49369764 
0.21953304 71.70830981 -2.39425614 
0.22020820 71.70821052 -2.21644815 
0.22087950 71.70257644 -2.19974274 
0.22155084 71.70161465 -2.10530039 
0.22222222 71.70025036 -1.93309203 
0.22289322 71.69161021 -1.92391673 
0.22356426 71.68952061 -1.83684196 
0.22423533 71.68702469 -1.67184092 
0.22491005 71.67673481 -1.66649707 
0.22558480 71.67363314 -1.58219522 
0.22625958 71.67011832 -1.41891044 
0.22693440 71.65844259 -1.42442889 
0.22760926 71.65452391 -1.35077163 
0.22828414 71.65019583 -1.19791610 
0.22895906 71.64002076 -1.19753422 
0.22963400 71.63586324 -1.11776123 
0.23030897 71.63128378 -0.95857697 
0.23098037 71.62171582 -0.97820888 
0.23165179 71.61693848 -0.91908472 
0.23232323 71.61175572 -0.78118701 
0.23299445 71.59958598 -0.79582026 
0.23366570 71.59469572 -0.73159140 
0.23433696 71.58938520 -0.58848539 
0.23501168 71.57576030 -0.61537868 
0.23568642 71.57016077 -0.56248234 
0.23636117 71.56414074 -0.42978357 
0.23703594 71.55314506 -0.45783282 
0.23771072 71.54776082 -0.40597537 
0.23838552 71.54195703 -0.27420093 
0.23906033 71.53207261 -0.30789141 
0.23973515 71.52705460 -0.26156061 
0.24040998 71.52161672 -0.13520075 
0.24108139 71.51208020 -0.17143098 
0.24175281 71.50741391 -0.12834026 
0.24242424 71.50233349 -0.00592344 
0.24309561 71.49206894 -0.04660482 
0.24376699 71.48765511 -0.00791634 
0.24443837 71.48282686 0.11014468 
0.24511314 71.47360015 0.06761480 
0.24578791 71.46960244 0.10527527 
0.24646268 71.46518684 0.22312625 
0.24713745 71.45712558 0.17916661 
0.24781222 71.45375722 0.21541167 
0.24848698 71.44997218 0.33185904 
0.24916174 71.44296321 0.28648574 
0.24983649 71.44012364 0.32132894 
0.25051124 71.43686757 0.43638369 
0.25118259 71.43100229 0.39194132 
0.25185392 71.42869583 0.42692137 
0.25252525 71.42597658 0.54131643 
0.25319669 71.42121564 0.49823748 
0.25386812 71.41930607 0.53457249 
0.25453953 71.41697856 0.65031154 
0.25521441 71.41639760 0.61038008 
0.25588927 71.41539622 0.65060282 
0.25656412 71.41397030 0.77096716 
0.25723894 71.41425073 0.73094547 
0.25791375 71.41487656 0.77098931 
0.25858853 71.41508189 0.89108357 
0.25926329 71.41238989 0.85368983 
0.25993802 71.41262141 0.89627045 
0.26061273 71.41244589 1.01880778 
0.26128394 71.40789958 0.98284348 
0.26195511 71.40801591 1.02593845 
0.26262626 71.40773662 1.14807285 
0.26329769 71.41033866 1.12638027 
0.26396909 71.41147971 1.18368117 
0.26464045 71.41218547 1.31995327 
0.26531549 71.40894738 1.29586902 
0.26599050 71.40885293 1.35146631 
0.26666547 71.40833806 1.48672007 
0.26734040 71.41236848 1.47037626 
0.26801529 71.41348962 1.53352379 
0.26869015 71.41418816 1.67613517 
0.26936496 71.41149797 1.66097142 
0.27003973 71.41121368 1.72510644 
0.27071446 71.41052136 1.86851035 
0.27138544 71.40559140 1.86806602 
0.27205638 71.40389193 1.94585985 
0.27272727 71.40178337 2.10186013 
0.27339861 71.40430480 2.10117729 
0.27406989 71.40392604 2.17860989 
0.27474113 71.40315069 2.33412392 
0.27541638 71.39637857 2.33743245 
0.27609157 71.39383214 2.41952005 
0.27676672 71.39089239 2.58034984 
0.27744181 71.39323222 2.59878864 
0.27811685 71.38972516 2.69571794 
0.27879183 71.38579598 2.87109866 
0.27946675 71.38267314 2.88259709 
0.28014161 71.37890108 2.97229534 
0.28081641 71.37473225 3.14015218 
0.28148710 71.37219146 3.16803474 
0.28215772 71.36730545 3.27289067 
0.28282828 71.36201086 3.45467740 
0.28349944 71.34878413 3.48136207 
0.28417053 71.34189913 3.58484123 
0.28484156 71.33463359 3.76507016 
0.28551707 71.32376685 3.80024262 
0.28619251 71.31535270 3.91287459 
0.28686787 71.30655392 4.10291847 
0.28754317 71.30248636 4.14257740 
0.28821840 71.29278976 4.25931371 
0.28889355 71.28269228 4.45307785 
0.28956863 71.26904596 4.48966150 
0.29024364 71.25799580 4.60293863 
0.29091857 71.24657039 4.79285780 
0.29158889 71.23196576 4.84403604 
0.29225913 71.21904407 4.97050054 
0.29292929 71.20573155 5.17219910 
0.29360020 71.18645519 5.21725876 
0.29427102 71.17143993 5.33737072 
0.29494177 71.15605431 5.53248090 
0.29561757 71.13400861 5.58969879 
0.29629329 71.11652134 5.72265795 
0.29696893 71.09865737 5.93130140 
0.29764448 71.08472494 5.98641827 
0.29831994 71.06833617 6.11680687 
0.29899532 71.05157960 6.32240864 
0.29967061 71.02853265 6.37366264 
0.30034581 71.00971990 6.49971751 
0.30102092 70.99055387 6.70051314 
0.30169080 70.96440704 6.76327558 
0.30236060 70.94291682 6.89924228 
0.30303030 70.92106569 7.10835302 
0.30370088 70.89543764 7.16791544 
0.30437136 70.87240904 7.30039453 
0.30504175 70.84903010 7.50572846 
0.30571789 70.82371130 7.57014837 
0.30639393 70.79903682 7.70821592 
0.30706988 70.77401100 7.91986640 
0.30774572 70.74828278 7.98208142 
0.30842146 70.72331996 8.11739452 
0.30909711 70.69801122 8.32573974 
0.30977265 70.66642287 8.38818242 
0.31044809 70.63950434 8.52317273 
0.31112342 70.61224484 8.73064358 
0.31179282 70.57919833 8.79723439 
0.31246212 70.55110741 8.93458505 
0.31313131 70.52268724 9.14262909 
0.31380149 70.48913404 9.20331018 
0.31447157 70.46015851 9.33441169 
0.31514154 70.43086169 9.53586587 
0.31581805 70.40002272 9.61053975 
0.31649444 70.37008466 9.75641974 
0.31717072 70.33980838 9.97343517 
0.31784690 70.30042888 10.03140558 
0.31852296 70.26954002 10.15996069 
0.31919891 70.23833077 10.35902903 
0.31987474 70.19793607 10.43201744 
0.32055046 70.16516887 10.57496879 
0.32122607 70.13207984 10.78781087 
0.32189494 70.09216287 10.84963761 
0.32256369 70.05903106 10.97945362 
0.32323232 70.02559761 11.17718811 
0.32390205 69.98832652 11.24965898 
0.32457166 69.95341709 11.38972998 
0.32524115 69.91820167 11.59732937 
0.32591804 69.87851419 11.66122900 
0.32659482 69.84259643 11.79357589 
0.32727147 69.80637778 11.99429540 
0.32794801 69.76532978 12.06202533 
0.32862442 69.72877244 12.19751809 
0.32930071 69.69191927 12.40069862 
0.32997687 69.64884342 12.46397709 
0.33065291 69.61204153 12.59433412 
0.33132883 69.57495134 12.79169434 
0.33199712 69.53255014 12.86245030 
0.33266529 69.49388089 12.99813749 
0.33333333 69.45493511 13.19868269 
0.33400255 69.41401117 13.26379152 
0.33467163 69.37509181 13.39339516 
0.33534060 69.33590430 13.58741981 
0.33601790 69.29293279 13.65505303 
0.33669508 69.25312837 13.78809021 
0.33737213 69.21304986 13.98645466 
0.33804904 69.16893203 14.04820811 
0.33872583 69.12980800 14.17462713 
0.33940249 69.09041086 14.36563503 
0.34007902 69.04168389 14.43440864 
0.34075541 69.00013753 14.56711012 
0.34143168 68.95832619 14.76366284 
0.34209936 68.91555062 14.82846059 
0.34276692 68.87552276 14.95488380 
0.34343434 68.83524590 15.14285880 
0.34410300 68.78906536 15.20653841 
0.34477152 68.74793120 15.33136253 
0.34543992 68.70654798 15.51725723 
0.34611765 68.65920708 15.58403166 
0.34679524 68.61702941 15.71291623 
0.34747269 68.57460543 15.90383416 
0.34815001 68.52837444 15.96709999 
0.34882720 68.48647294 16.09169271 
0.34950425 68.44432997 16.27753590 
0.35018116 68.39473251 16.34099434 
0.35085794 68.35237043 16.46499757 
0.35153458 68.30977046 16.64946959 
0.35220164 68.26265307 16.71535880 
0.35286856 68.21925926 16.83935967 
0.35353535 68.17564638 17.02139981 
0.35420342 68.13135895 17.08424035 
0.35487134 68.08883035 17.20466999 
0.35553914 68.04608567 17.38261645 
0.35621729 67.99776041 17.44529751 
0.35689530 67.95411350 17.56657859 
0.35757318 67.91024432 17.74638461 
0.35825091 67.86100214 17.80984122 
0.35892851 67.81731814 17.93107850 
0.35960597 67.77341879 18.11002208 
0.36028328 67.72433901 18.17268503 
0.36096046 67.68067495 18.29231089 
0.36163750 67.63680234 18.46882606 
0.36230392 67.58858928 18.53122045 
0.36297021 67.54531641 18.64804296 
0.36363636 67.50184740 18.81922411 
0.36430381 67.45400495 18.88143148 
0.36497111 67.41067690 18.99750599 
0.36563828 67.36715658 19.16737854 
0.36631686 67.31698645 19.22871188 
0.36699530 67.27275107 19.34495224 
0.36767359 67.22832165 19.51602789 
0.36835175 67.17785377 19.57731752 
0.36902977 67.13362874 19.69266702 
0.36970764 67.08921602 19.86200565 
0.37038537 67.03952062 19.92402950 
0.37106297 66.99525611 20.03926802 
0.37174042 66.95081053 20.20765154 
0.37240621 66.90232490 20.26857094 
0.37307186 66.85881362 20.38010120 
0.37373737 66.81513316 20.54217717 
0.37441411 66.76701870 20.60373416 
0.37509070 66.72270795 20.71680051 
0.37576715 66.67822885 20.88130882 
0.37645606 66.62983034 20.94242122 
0.37714483 66.58489720 21.05608104 
0.37783346 66.53979426 21.22221832 
0.37852193 66.49090785 21.28232327 
0.37921027 66.44635821 21.39406969 
0.37989846 66.40164317 21.55738899 
0.38058632 66.35172805 21.61675617 
0.38127404 66.30738629 21.72683425 
0.38196161 66.26288307 21.88755604 
0.38258732 66.21681753 21.94306679 
0.38321291 66.17699908 22.03987521 
0.38383838 66.13705062 22.17793165 
0.38440035 66.09652601 22.23471287 
0.38496223 66.05973523 22.32431799 
0.38552400 66.02284571 22.44671166 
0.38608569 65.98247764 22.50188526 
0.38664728 65.94592054 22.58938362 
0.38720877 65.90926603 22.70917204 
0.38777017 65.87043884 22.76598121 
0.38833148 65.83407934 22.85461715 
0.38889269 65.79762877 22.97504583 
0.38945381 65.75966577 23.02852985 
0.39001483 65.72369274 23.11334380 
0.39057576 65.68762893 23.22945435 
0.39113660 65.64683586 23.28412621 
0.39169734 65.61089857 23.36963234 
0.39225800 65.57487086 23.48594008 
0.39281855 65.53573397 23.54197329 
0.39337902 65.49983929 23.62834618 
0.39393939 65.46385987 23.74502677 
0.39450064 65.42688011 23.80000441 
0.39506180 65.39146106 23.88492801 
0.39562286 65.35596058 23.99976615 
0.39618467 65.31884045 24.05015709 
0.39674638 65.28419230 24.13007996 
0.39730800 65.24945975 24.23950395 
0.39786952 65.20878769 24.29607324 
0.39843096 65.17323883 24.38167262 
0.39899231 65.13761279 24.49627198 
0.39955357 65.10019614 24.54844793 
0.40011473 65.06548324 24.62915332 
0.40067581 65.03069502 24.73835881 
0.40123680 64.99272809 24.78934304 
0.40179770 64.95806252 24.86835730 
0.40235850 64.92332109 24.97537297 
0.40291923 64.88242875 25.02761769 
0.40347986 64.84825329 25.10739431 
0.40404040 64.81400489 25.21467495 
0.40460164 64.77590168 25.27095191 
0.40516280 64.74105322 25.35433712 
0.40572386 64.70614054 25.46480330 
0.40628563 64.67142430 25.51490960 
0.40684731 64.63737925 25.59169720 
0.40740891 64.60327245 25.69513948 
0.40797042 64.56877079 25.74693730 
0.40853184 64.53504463 25.82491376 
0.40909318 64.50125685 25.92904299 
0.40965443 64.46508987 25.97982350 
0.41021560 64.43170826 26.05628123 
0.41077668 64.39826538 26.15839105 
0.41133768 64.36209671 26.20881597 
0.41189859 64.32923490 26.28441792 
0.41245942 64.29631274 26.38517252 
0.41302017 64.25957707 26.43411224 
0.41358083 64.22708636 26.50773006 
0.41414141 64.19453613 26.60600235 
0.41470264 64.15883578 26.66025338 
0.41526379 64.12589694 26.73874656 
0.41582486 64.09290659 26.84145892 
0.41638659 64.05954663 26.88965511 
0.41694823 64.02735633 26.96165537 
0.41750980 63.99511649 27.05743738 
0.41807128 63.96193657 27.10682953 
0.41863269 63.93020176 27.17952433 
0.41919402 63.89841651 27.27550023 
0.41975526 63.86349655 27.32401258 
0.42031643 63.83225415 27.39532739 
0.42087752 63.80096051 27.48942386 
0.42143853 63.76595212 27.53833746 
0.42199946 63.73498464 27.60955454 
0.42256032 63.70396864 27.70305503 
0.42312110 63.66960127 27.75090282 
0.42368180 63.63909023 27.82055632 
0.42424242 63.60853330 27.91199619 
0.42480364 63.57458489 27.96029091 
0.42536479 63.54439468 28.02994501 
0.42592586 63.51416140 28.12093982 
0.42648754 63.48113813 28.16754516 
0.42704914 63.45134361 28.23506227 
0.42761067 63.42150743 28.32347317 
0.42817213 63.38735456 28.37042539 
0.42873351 63.35801445 28.43779070 
0.42929482 63.32863423 28.52555185 
0.42985606 63.29850937 28.57605436 
0.43041723 63.26893493 28.64647246 
0.43097832 63.23932826 28.73678959 
0.43153935 63.20983247 28.78094203 
0.43210031 63.18137838 28.84451368 
0.43266119 63.15288952 28.92748870 
0.43322201 63.12125442 28.97332534 
0.43378276 63.09312901 29.03808594 
0.43434343 63.06496769 29.12175535 
0.43490464 63.03378907 29.16792233 
0.43546579 63.00627156 29.23255831 
0.43602686 62.97872076 29.31564876 
0.43658848 62.94802213 29.36001432 
0.43715004 62.92087787 29.42239332 
0.43771152 62.89370171 29.50277187 
0.43827295 62.86262224 29.54842397 
0.43883431 62.83576869 29.61159448 
0.43939560 62.80888574 29.69227020 
0.43995683 62.78005194 29.73665091 
0.44051800 62.75390941 29.79805607 
0.44107910 62.72773977 29.87647314 
0.44164015 62.69862896 29.92118124 
0.44220113 62.67269132 29.98242087 
0.44276205 62.64672847 30.06018014 
0.44332291 62.61936461 30.10420945 
0.44388371 62.59409268 30.16427839 
0.44444444 62.56879720 30.24037568 
0.44500564 62.54202232 30.28369511 
0.44556678 62.51718937 30.34259218 
0.44612786 62.49233383 30.41705622 
0.44668942 62.46609153 30.45947076 
0.44725092 62.44192237 30.51700082 
0.44781236 62.41773115 30.58963631 
0.44837375 62.39200650 30.63323671 
0.44893508 62.36777622 30.69146167 
0.44949636 62.34352778 30.76430168 
0.45005758 62.31813058 30.80584125 
0.45061875 62.29475631 30.86151534 
0.45117986 62.27136271 30.93131505 
0.45174092 62.24621443 30.97329686 
0.45230193 62.22335110 31.02892410 
0.45286289 62.20046951 31.09818840 
0.45342379 62.17578797 31.13814568 
0.45398465 62.15366533 31.19126016 
0.45454545 62.13152398 31.25752401 
0.45510664 62.10542627 31.30066333 
0.45566778 62.08341142 31.35649230 
0.45622887 62.06138242 31.42500362 
0.45679036 62.03895241 31.46517100 
0.45735180 62.01781387 31.51756063 
0.45791319 61.99666236 31.58216573 
0.45847454 61.97477895 31.62203021 
0.45903584 61.95421691 31.67362999 
0.45959709 61.93364122 31.73695879 
0.46015830 61.91125289 31.77580747 
0.46071947 61.89138135 31.82590529 
0.46128060 61.87149576 31.88724646 
0.46184168 61.84834345 31.92772933 
0.46240272 61.82861376 31.97897594 
0.46296372 61.80887360 32.04098098 
0.46352467 61.78797491 32.07960478 
0.46408559 61.76908601 32.12850766 
0.46464646 61.75018757 32.18768475 
0.46520764 61.73011073 32.22539308 
0.46576878 61.71169414 32.27290873 
0.46632987 61.69326812 32.33022724 
0.46689129 61.67200177 32.36893766 
0.46745266 61.65428452 32.41698392 
0.46801400 61.63655829 32.47436195 
0.46857531 61.61743503 32.51265892 
0.46913658 61.60051226 32.55980837 
0.46969781 61.58358182 32.61580665 
0.47025901 61.56525744 32.65263354 
0.47082018 61.54893537 32.69783018 
0.47138132 61.53260606 32.75139330 
0.47194242 61.51578575 32.78903751 
0.47250349 61.49986398 32.83456933 
0.47306453 61.48393591 32.88798586 
0.47362554 61.46658157 32.92368071 
0.47418652 61.45112024 32.96678160 
0.47474747 61.43565326 33.01728594 
0.47530864 61.41839768 33.05346483 
0.47586977 61.40378251 33.09657496 
0.47643088 61.38916175 33.14661408 
0.47699222 61.37247146 33.18250457 
0.47755353 61.35851387 33.22485181 
0.47811481 61.34455162 33.27365383 
0.47867607 61.32870862 33.30908413 
0.47923731 61.31540317 33.35049071 
0.47979852 61.30209368 33.39787191 
0.48035971 61.28696064 33.43262865 
0.48092088 61.27426201 33.47288166 
0.48148203 61.26155986 33.51862951 
0.48204315 61.24726416 33.55326951 
0.48260426 61.23521904 33.59292615 
0.48316534 61.22317088 33.63759824 
0.48372641 61.20968598 33.67169231 
0.48428746 61.19826423 33.71032377 
0.48484848 61.18683977 33.75349162 
0.48540964 61.17402968 33.78685467 
0.48597077 61.16321331 33.82427841 
0.48653189 61.15239455 33.86576207 
0.48709314 61.13983633 33.89903936 
0.48765439 61.12958206 33.93590088 
0.48821562 61.11932566 33.97634601 
0.48877683 61.10783577 34.01026670 
0.48933803 61.09807707 34.04729311 
0.48989922 61.08831682 34.08742477 
0.49046040 61.07826628 34.11884128 
0.49102157 61.06928093 34.15288524 
0.49158273 61.06029433 34.18955630 
0.49214388 61.04981246 34.22195311 
0.49270502 61.04132463 34.25649928 
0.49326615 61.03283547 34.29319459 
0.49382727 61.02412113 34.32447964 
0.49438839 61.01639942 34.35743613 
0.49494949 61.00867655 34.39206395 
0.49551064 61.00010124 34.42220686 
0.49607178 60.99303272 34.45354372 
0.49663292 60.98596307 34.48607446 
0.49719411 60.97613828 34.51728754 
0.49775529 60.96964810 34.54921710 
0.49831647 60.96315692 34.58186310 
0.49887765 60.95562203 34.61179356 
0.49943882 60.94987680 34.64196283 
0.50000000 60.94413061 34.67237092 
0.50056118 60.93714102 34.70201581 
0.50112235 60.93197290 34.73142189 
0.50168353 60.92680377 34.76058915 
0.50224471 60.92042143 34.78975389 
0.50280589 60.91588319 34.81820218 
0.50336708 60.91134385 34.84593401 
0.50392822 60.90571357 34.87472403 
0.50448936 60.90180168 34.90232017 
0.50505051 60.89788857 34.92872237 
0.50561161 60.89310029 34.95691762 
0.50617273 60.88977244 34.98344156 
0.50673385 60.88644317 35.00829404 
0.50729498 60.88268090 35.03562576 
0.50785612 60.87989301 35.06080835 
0.50841727 60.87710355 35.08384157 
0.50897843 60.87375607 35.11111215 
0.50953960 60.87147436 35.13575561 
0.51010078 60.86919098 35.15777164 
0.51066197 60.86592699 35.18432943 
0.51122317 60.86437106 35.20778196 
0.51178438 60.86281288 35.22812878 
0.51234561 60.86051876 35.25387985 
0.51290686 60.85957516 35.27604732 
0.51346811 60.85862919 35.29463056 
0.51402923 60.85668623 35.32008699 
0.51459036 60.85635828 35.34148351 
0.51515152 60.85602758 35.35881934 
0.51571254 60.85459168 35.38386479 
0.51627359 60.85492704 35.40437383 
0.51683466 60.85525923 35.42034548 
0.51739574 60.85471722 35.44454483 
0.51795685 60.85566055 35.46372873 
0.51851797 60.85660027 35.47789598 
0.51907912 60.85673764 35.50170524 
0.51964029 60.85823642 35.52001966 
0.52020148 60.85973110 35.53283781 
0.52076269 60.86031456 35.55609101 
0.52132393 60.86241178 35.57336959 
0.52188519 60.86450436 35.58467188 
0.52244647 60.86592268 35.60685871 
0.52300779 60.86859743 35.62259075 
0.52356912 60.87126696 35.63186603 
0.52413023 60.87320011 35.65429394 
0.52469136 60.87617946 35.66979287 
0.52525253 60.87915306 35.67836056 
0.52581348 60.88138272 35.69978980 
0.52637446 60.88534491 35.71381557 
0.52693547 60.88930012 35.72043529 
0.52749651 60.89307650 35.74045671 
0.52805758 60.89740314 35.75259342 
0.52861868 60.90172239 35.75684251 
0.52917982 60.90566425 35.77641963 
0.52974099 60.91039266 35.78763027 
0.53030219 60.91511319 35.79047115 
0.53086342 60.91949011 35.81013393 
0.53142469 60.92468164 35.82094789 
0.53198600 60.92986469 35.82290936 
0.53254734 60.93423326 35.84134780 
0.53310872 60.94047102 35.85045446 
0.53367013 60.94669865 35.85022528 
0.53423123 60.95248330 35.86741136 
0.53479236 60.95894201 35.87479462 
0.53535354 60.96538992 35.87237059 
0.53591441 60.97166222 35.88927135 
0.53647533 60.97857135 35.89589787 
0.53703629 60.98546919 35.89224529 
0.53759728 60.99189627 35.90809730 
0.53815832 60.99942370 35.91319088 
0.53871941 61.00693882 35.90752069 
0.53928053 61.01372353 35.92268108 
0.53984170 61.02184245 35.92659811 
0.54040291 61.02994793 35.91926599 
0.54096417 61.03678406 35.93435894 
0.54152547 61.04559923 35.93772286 
0.54208682 61.05439980 35.92935147 
0.54264821 61.06201298 35.94306245 
0.54320965 61.07148048 35.94455795 
0.54377114 61.08093197 35.93383119 
0.54433222 61.08947494 35.94657202 
0.54489336 61.09935129 35.94663055 
0.54545455 61.10921043 35.93399951 
0.54601535 61.11827315 35.94570211 
0.54657621 61.12852448 35.94425530 
0.54713711 61.13875742 35.92965127 
0.54769807 61.14819850 35.94051078 
0.54825908 61.15887707 35.93773321 
0.54882014 61.16953601 35.92131020 
0.54938126 61.17950630 35.93154119 
0.54994243 61.19062521 35.92764654 
0.55050365 61.20172337 35.90961735 
0.55106492 61.21202322 35.91887176 
0.55162626 61.22366377 35.91351109 
0.55218764 61.23528226 35.89352585 
0.55274909 61.24624259 35.90161093 
0.55331059 61.25839819 35.89459057 
0.55387214 61.27053026 35.87245466 
0.55443322 61.28210901 35.87984466 
0.55499436 61.29461546 35.87166781 
0.55555556 61.30709686 35.84791342 
0.55611630 61.31909097 35.85369515 
0.55667710 61.33192211 35.84344848 
0.55723795 61.34472682 35.81716213 
0.55779888 61.35745146 35.82186605 
0.55835986 61.37028546 35.81005031 
0.55892090 61.38309177 35.78170300 
0.55948201 61.39628844 35.78641588 
0.56004317 61.41013052 35.77411683 
0.56060440 61.42394377 35.74479330 
0.56116570 61.43705031 35.74796010 
0.56172706 61.45139791 35.73362167 
0.56228848 61.46571468 35.70176479 
0.56284997 61.47935886 35.70349826 
0.56341153 61.49413506 35.68723213 
0.56397315 61.50887857 35.65295253 
0.56453422 61.52324127 35.65357525 
0.56509536 61.53801504 35.63574366 
0.56565657 61.55275452 35.59944325 
0.56621725 61.56778039 35.59910407 
0.56677799 61.58264541 35.57985604 
0.56733881 61.59747521 35.54168399 
0.56789970 61.61204167 35.54095761 
0.56846065 61.62810971 35.52082783 
0.56902168 61.64414060 35.48127878 
0.56958278 61.65987158 35.47806513 
0.57014395 61.67596408 35.45495240 
0.57070519 61.69201723 35.41192403 
0.57126650 61.70861850 35.40913405 
0.57182788 61.72462113 35.38594818 
0.57238934 61.74058343 35.34234917 
0.57295087 61.75679032 35.33654775 
0.57351247 61.77389257 35.30985249 
0.57407415 61.79095103 35.26224541 
0.57463522 61.80793111 35.25654642 
0.57519636 61.82516696 35.22950699 
0.57575758 61.84235785 35.18110846 
0.57631820 61.85903056 35.17300660 
0.57687891 61.87634083 35.14311830 
0.57743969 61.89360386 35.09142424 
0.57800054 61.91103881 35.08317704 
0.57856148 61.92890192 35.05264635 
0.57912249 61.94671661 34.99981211 
0.57968358 61.96457972 34.98999408 
0.58024475 61.98284988 34.95739432 
0.58080599 62.00106968 34.90199203 
0.58136732 62.01905574 34.89106198 
0.58192872 62.03762730 34.85685076 
0.58249021 62.05614637 34.79933681 
0.58305178 62.07418345 34.78781033 
0.58361342 62.09293288 34.75250200 
0.58417515 62.11162796 34.69338955 
0.58473621 62.13018291 34.67869169 
0.58529736 62.14969932 34.63977501 
0.58585859 62.16915770 34.57661654 
0.58641917 62.18815500 34.56174485 
0.58697983 62.20710248 34.52221863 
0.58754058 62.22599044 34.45801425 
0.58810141 62.24535736 34.44314928 
0.58866233 62.26493440 34.40313156 
0.58922333 62.28445104 34.33793671 
0.58978441 62.30394972 34.31917855 
0.59034558 62.32427665 34.27476820 
0.59090683 62.34453881 34.20468053 
0.59146817 62.36461472 34.18600317 
0.59202959 62.38463090 34.14117294 
0.59259110 62.40458090 34.07016397 
0.59315270 62.42516550 34.05015570 
0.59371438 62.44527211 34.00349265 
0.59427615 62.46531075 33.93014819 
0.59483721 62.48645783 33.90870545 
0.59539836 62.50694861 33.86018222 
0.59595960 62.52736933 33.78455123 
0.59652014 62.54835698 33.76173772 
0.59708077 62.56887787 33.71142015 
0.59764150 62.58932636 33.63357060 
0.59820231 62.61094750 33.60925784 
0.59876321 62.63189262 33.55694354 
0.59932420 62.65276296 33.47659907 
0.59988527 62.67413389 33.45196997 
0.60044644 62.69502705 33.39884064 
0.60100770 62.71584349 33.31718173 
0.60156905 62.73698406 33.28894306 
0.60213049 62.75874862 33.23170426 
0.60269202 62.78043133 33.14543523 
0.60325364 62.80246550 33.11779010 
0.60381535 62.82420199 33.06064372 
0.60437715 62.84585565 32.97396526 
0.60493821 62.86777707 32.94389457 
0.60549936 62.88947176 32.88390997 
0.60606061 62.91108130 32.79398004 
0.60662098 62.93346281 32.76261408 
0.60718145 62.95522300 32.70094018 
0.60774201 62.97689618 32.60892640 
0.60830266 62.99950163 32.57850247 
0.60886341 63.02127786 32.51727679 
0.60942425 63.04296552 32.42521671 
0.60998518 63.06438642 32.38984100 
0.61054621 63.08734639 32.32316856 
0.61110732 63.11021233 32.22516605 
0.61166854 63.13328521 32.18996410 
0.61222984 63.15573622 32.12296927 
0.61279125 63.17809139 32.02414753 
0.61335274 63.20099516 31.98930392 
0.61391433 63.22322251 31.92217009 
0.61447602 63.24535277 31.82271138 
0.61503779 63.26785548 31.78250522 
0.61559965 63.29107169 31.70951132 
0.61616162 63.31418434 31.60369430 
0.61678709 63.33973904 31.56196388 
0.61741268 63.36507375 31.47898520 
0.61803839 63.39027877 31.35470862 
0.61872597 63.41911465 31.31652147 
0.61941368 63.44575543 31.22769099 
0.62010154 63.47224025 31.08815000 
0.62078973 63.50204685 31.04268106 
0.62147807 63.53133318 30.94563912 
0.62216654 63.56045149 30.79695558 
0.62285517 63.58904959 30.75156020 
0.62354394 63.61789010 30.65368721 
0.62423285 63.64655789 30.50326670 
0.62490930 63.67451987 30.45941239 
0.62558589 63.70115572 30.36411625 
0.62626263 63.72762332 30.21731087 
0.62692814 63.75689462 30.16596448 
0.62759379 63.78499155 30.06407238 
0.62825958 63.81291575 29.91156941 
0.62893703 63.84172282 29.86509297 
0.62961462 63.86913995 29.76547176 
0.63029236 63.89637928 29.61263610 
0.63097023 63.92454784 29.55616479 
0.63164824 63.95363437 29.44570458 
0.63232640 63.98253054 29.28118473 
0.63300469 64.01184486 29.23183736 
0.63368313 64.03874463 29.12765495 
0.63436171 64.06545690 28.96856573 
0.63502888 64.09447535 28.90965919 
0.63569619 64.12276623 28.79695393 
0.63636364 64.15086252 28.63038085 
0.63702979 64.18017708 28.57401278 
0.63769608 64.20765608 28.46328607 
0.63836250 64.23494054 28.29813126 
0.63903954 64.26436082 28.23780258 
0.63971671 64.29198946 28.12058483 
0.64039403 64.31941294 27.94640441 
0.64107148 64.34933841 27.88829453 
0.64174908 64.37633604 27.77247859 
0.64242681 64.40312714 27.59888224 
0.64310469 64.43205728 27.53343544 
0.64378270 64.46014927 27.40946396 
0.64446085 64.48801902 27.22689270 
0.64512865 64.51777843 27.16396842 
0.64579658 64.54465333 27.04352659 
0.64646465 64.57131429 26.86549488 
0.64713144 64.60078607 26.79890595 
0.64779836 64.62755749 26.67427778 
0.64846542 64.65411094 26.49153799 
0.64914206 64.68380828 26.42607962 
0.64981884 64.71035952 26.30015271 
0.65049575 64.73668480 26.11368127 
0.65117280 64.76545807 26.04204010 
0.65184998 64.79362283 25.90914872 
0.65252730 64.82154508 25.71493072 
0.65320475 64.84983612 25.64428642 
0.65388234 64.87715340 25.51160903 
0.65456007 64.90422627 25.31682176 
0.65522847 64.93209993 25.24458266 
0.65589700 64.95791082 25.11127216 
0.65656566 64.98348053 24.91681633 
0.65723308 65.01258083 24.84318835 
0.65790064 65.03854364 24.70800868 
0.65856832 65.06426299 24.51120362 
0.65924458 65.09318331 24.43572692 
0.65992098 65.11861577 24.29639925 
0.66059751 65.14379503 24.09314397 
0.66127416 65.17362639 24.01647987 
0.66195095 65.19981522 23.87522715 
0.66262786 65.22574438 23.66930913 
0.66330491 65.25392378 23.58967816 
0.66398208 65.27986151 23.44472019 
0.66465939 65.30553256 23.23435854 
0.66532836 65.33264972 23.15469761 
0.66599745 65.35780324 23.01061478 
0.66666667 65.38269123 22.80203624 
0.66733471 65.40949313 22.72110741 
0.66800288 65.43471682 22.57532070 
0.66867117 65.45967107 22.36460292 
0.66934708 65.48659354 22.28151855 
0.67002312 65.51169779 22.13143127 
0.67069929 65.53652043 21.91426568 
0.67137558 65.56290553 21.82988058 
0.67205199 65.58760403 21.67780797 
0.67272852 65.61201494 21.45797279 
0.67340517 65.63798455 21.37201110 
0.67408194 65.66250172 21.21767707 
0.67475884 65.68672599 20.99489605 
0.67542833 65.71203730 20.90804838 
0.67609795 65.73589267 20.75367138 
0.67676768 65.75945628 20.53169329 
0.67743631 65.78452168 20.44387592 
0.67810506 65.80789851 20.28814029 
0.67877392 65.83098100 20.06441560 
0.67944953 65.85631604 19.97493496 
0.68012525 65.87988383 19.81556386 
0.68080109 65.90314742 19.58623006 
0.68147703 65.92770008 19.49485080 
0.68215309 65.95045013 19.33295857 
0.68282927 65.97288997 19.10048190 
0.68350555 65.99730967 19.00978976 
0.68418194 66.01913477 18.84796244 
0.68485844 66.04064704 18.61492928 
0.68552842 66.06531416 18.52059611 
0.68619850 66.08729290 18.35590928 
0.68686869 66.10896011 18.12080103 
0.68753788 66.13242065 18.03124090 
0.68820717 66.15252622 17.87098767 
0.68887657 66.17232378 17.63997490 
0.68955191 66.19584206 17.53918974 
0.69022734 66.21766054 17.36592430 
0.69090289 66.23914312 17.12011146 
0.69157853 66.26165489 17.02371792 
0.69225427 66.28132240 16.85429251 
0.69293011 66.30065681 16.61176926 
0.69360605 66.32409960 16.52028564 
0.69428209 66.34305938 16.35521935 
0.69495823 66.36169533 16.11650566 
0.69562863 66.38343340 16.01300878 
0.69629911 66.40307636 15.83665602 
0.69696970 66.42237221 15.58738557 
0.69763940 66.44414270 15.48903601 
0.69830919 66.46283389 15.31754279 
0.69897908 66.48118551 15.07284570 
0.69965419 66.50202289 14.97238615 
0.70032939 66.51949530 14.79718606 
0.70100467 66.53662274 14.54718532 
0.70168005 66.55866455 14.44677942 
0.70235551 66.57644630 14.27116057 
0.70303106 66.59388050 14.02027021 
0.70370670 66.61409580 13.91708229 
0.70438242 66.63078539 13.73821032 
0.70505822 66.64712277 13.48359730 
0.70572897 66.66697625 13.38180304 
0.70639980 66.68310067 13.20500953 
0.70707071 66.69887519 12.95316267 
0.70774087 66.71804446 12.84957593 
0.70841111 66.73393390 12.67075561 
0.70908142 66.74946885 12.41664951 
0.70975635 66.76785898 12.31131040 
0.71043136 66.78321161 12.12932942 
0.71110644 66.79819982 11.87065516 
0.71178159 66.81571779 11.76575211 
0.71245682 66.83018099 11.58382141 
0.71313211 66.84427527 11.32481352 
0.71380748 66.86155472 11.21916794 
0.71448292 66.87568668 11.03611064 
0.71515843 66.88944697 10.77559402 
0.71582946 66.90577039 10.66772855 
0.71650055 66.91915685 10.48311228 
0.71717172 66.93217211 10.22170047 
0.71784228 66.94768686 10.11483357 
0.71851290 66.95955942 9.93103646 
0.71918358 66.97106318 9.67026656 
0.71985838 66.98744619 9.56282901 
0.72053324 66.99926097 9.37723302 
0.72120817 67.01070572 9.11343735 
0.72188314 67.02687459 9.00945065 
0.72255818 67.03778591 8.82701268 
0.72323327 67.04833201 8.56608435 
0.72390841 67.06217981 8.45061130 
0.72458361 67.07268315 8.25639620 
0.72525886 67.08279152 7.98340218 
0.72593010 67.09719854 7.87844561 
0.72660139 67.10672341 7.69540660 
0.72727273 67.11587420 7.43425112 
0.72794362 67.12997964 7.32347277 
0.72861455 67.13977343 7.13448864 
0.72928553 67.14918792 6.86726705 
0.72996026 67.16101908 6.75406120 
0.73063503 67.16877613 6.56158655 
0.73130984 67.17614763 6.28981323 
0.73198470 67.18917697 6.18724027 
0.73265959 67.19635498 6.00520356 
0.73333452 67.20316292 5.74367561 
0.73400949 67.21408120 5.62596606 
0.73468450 67.22102174 5.42860013 
0.73535954 67.22755399 5.15155276 
0.73603091 67.23887525 5.04297189 
0.73670231 67.24529859 4.85541884 
0.73737374 67.25133181 4.58887135 
0.73804488 67.26078879 4.47559666 
0.73871606 67.26665744 4.28328331 
0.73938726 67.27213289 4.01191148 
0.74006197 67.28096757 3.90104852 
0.74073670 67.28534804 3.71022889 
0.74141146 67.28933278 3.43943494 
0.74208624 67.29842691 3.32698554 
0.74276105 67.30298940 3.13448577 
0.74343587 67.30715901 2.86192050 
0.74411072 67.31528831 2.75483769 
0.74478558 67.31829259 2.56761333 
0.74546046 67.32091551 2.30023481 
0.74613187 67.32797095 2.18198197 
0.74680330 67.33123460 1.98432417 
0.74747475 67.33409357 1.70725151 
0.74814607 67.33991962 1.59674622 
0.74881741 67.34173942 1.40682679 
0.74948875 67.34316693 1.13748580 
0.75016350 67.34878585 1.02594006 
0.75083825 67.35039809 0.83418276 
0.75151301 67.35161993 0.56220894 
0.75218777 67.35680482 0.45312903 
0.75286254 67.35737778 0.26384681 
0.75353731 67.35756769 -0.00564013 
0.75421208 67.36150975 -0.12113864 
0.75488685 67.36152425 -0.31682767 
0.75556162 67.36113070 -0.59270706 
0.75623300 67.36471957 -0.70512212 
0.75690438 67.36446763 -0.89691056 
0.75757576 67.36382015 -1.16806969 
0.75824718 67.36547434 -1.28007843 
0.75891860 67.36324383 -1.47141234 
0.75959001 67.36062079 -1.74206625 
0.76026484 67.36346793 -1.85118163 
0.76093966 67.36153150 -2.04032613 
0.76161447 67.35920618 -2.30949198 
0.76228927 67.36094962 -2.42225644 
0.76296405 67.35829800 -2.61493796 
0.76363882 67.35525407 -2.88752624 
0.76431357 67.35571173 -2.99956417 
0.76498831 67.35157921 -3.19140458 
0.76566303 67.34705325 -3.46303467 
0.76633429 67.34706926 -3.57518154 
0.76700554 67.34260340 -3.76620631 
0.76767677 67.33775219 -4.03609393 
0.76834821 67.33748667 -4.14147898 
0.76901962 67.33203171 -4.32563658 
0.76969102 67.32620798 -4.58854926 
0.77036599 67.32574198 -4.70161877 
0.77104093 67.31940669 -4.89409967 
0.77171585 67.31268067 -5.16597179 
0.77239073 67.31127220 -5.27869595 
0.77306559 67.30408717 -5.47061849 
0.77374041 67.29650404 -5.74171686 
0.77441519 67.29429810 -5.85033917 
0.77508995 67.28707598 -6.03794450 
0.77576466 67.27947363 -6.30450795 
0.77643574 67.27695638 -6.40890304 
0.77710678 67.26929422 -6.59122505 
0.77777778 67.26126621 -6.85144718 
0.77844915 67.25699535 -6.96607863 
0.77912049 67.24751997 -7.15847506 
0.77979178 67.23765661 -7.42860741 
0.78046694 67.23450118 -7.53198648 
0.78114206 67.22589361 -7.71373219 
0.78181713 67.21691339 -7.97381275 
0.78249215 67.21129111 -8.08424475 
0.78316712 67.20160164 -8.27273301 
0.78384205 67.19153700 -8.53924358 
0.78451692 67.18525207 -8.64655794 
0.78519175 67.17484323 -8.83161613 
0.78586652 67.16406098 -9.09438202 
0.78653733 67.15703597 -9.20033953 
0.78720809 67.14613301 -9.38283333 
0.78787879 67.13486381 -9.64182589 
0.78855002 67.12721478 -9.74733973 
0.78922119 67.11569684 -9.92917228 
0.78989231 67.10381520 -10.18728390 
0.79056770 67.09578334 -10.29124900 
0.79124304 67.08355683 -10.47212326 
0.79191831 67.07096481 -10.72986434 
0.79259352 67.06252221 -10.83627869 
0.79326866 67.04978853 -11.01919957 
0.79394374 67.03668993 -11.27858276 
0.79461875 67.02701225 -11.38340412 
0.79529370 67.01264632 -11.56432766 
0.79596858 66.99791952 -11.82130732 
0.79663905 66.98848844 -11.91970116 
0.79730946 66.97449266 -12.09282373 
0.79797980 66.96015784 -12.34062807 
0.79865081 66.94982617 -12.44509733 
0.79932175 66.93530070 -12.62402330 
0.79999261 66.92042304 -12.87735722 
0.80066828 66.90991262 -12.97610212 
0.80134387 66.89446875 -13.14990564 
0.80201939 66.87868435 -13.39871634 
0.80269483 66.86712839 -13.50209291 
0.80337018 66.85025054 -13.68003969 
0.80404546 66.83301845 -13.93250367 
0.80472066 66.82178954 -14.02981502 
0.80539578 66.80554593 -14.20120687 
0.80607082 66.78896570 -14.44662468 
0.80674090 66.77668517 -14.54327700 
0.80741089 66.76014150 -14.71246210 
0.80808081 66.74327343 -14.95412521 
0.80875152 66.73010313 -15.05297747 
0.80942215 66.71232037 -15.22403770 
0.81009270 66.69420112 -15.46724959 
0.81076868 66.68103767 -15.56470646 
0.81144456 66.66305804 -15.73500281 
0.81212036 66.64474744 -15.97807970 
0.81279607 66.63112298 -16.06904771 
0.81347169 66.61272650 -16.23228852 
0.81414721 66.59401482 -16.46774202 
0.81482264 66.57940668 -16.56532364 
0.81549798 66.56001279 -16.73461057 
0.81617322 66.54029061 -16.97554155 
0.81684285 66.52561715 -17.06716712 
0.81751238 66.50632987 -17.22877443 
0.81818182 66.48673214 -17.46030268 
0.81885217 66.47133390 -17.55167151 
0.81952243 66.45169701 -17.71264637 
0.82019259 66.43175475 -17.94316527 
0.82086891 66.41563082 -18.03373026 
0.82154512 66.39542989 -18.19457524 
0.82222124 66.37492377 -18.42563559 
0.82289725 66.35844857 -18.51476990 
0.82357316 66.33784140 -18.67354761 
0.82424897 66.31693463 -18.90190332 
0.82492467 66.29996333 -18.98946082 
0.82560026 66.27899943 -19.14602479 
0.82627575 66.25774118 -19.37152913 
0.82694488 66.24048776 -19.45791827 
0.82761391 66.21934998 -19.61141975 
0.82828283 66.19792759 -19.83196863 
0.82895276 66.18036690 -19.91729144 
0.82962258 66.15878862 -20.06930223 
0.83029230 66.13692899 -20.28793521 
0.83096898 66.11883637 -20.37267320 
0.83164556 66.09662054 -20.52482250 
0.83232202 66.07412205 -20.74431479 
0.83299836 66.05636225 -20.82450770 
0.83367460 66.03415374 -20.97141426 
0.83435072 66.01167354 -21.18496575 
0.83502672 65.99297466 -21.26803666 
0.83570261 65.97007966 -21.41712375 
0.83637839 65.94690628 -21.63215795 
0.83704699 65.92823181 -21.71289188 
0.83771547 65.90466911 -21.85758921 
0.83838384 65.88084088 -22.06618278 
0.83905330 65.86197557 -22.14199765 
0.83972264 65.83894230 -22.28130546 
0.84039186 65.81565271 -22.48403854 
0.84106893 65.79632234 -22.56160576 
0.84174587 65.77289162 -22.70343956 
0.84242270 65.74920292 -22.90946977 
0.84309940 65.73004149 -22.98143874 
0.84377599 65.70650164 -23.11692457 
0.84445245 65.68271240 -23.31585711 
0.84512879 65.66326825 -23.39552711 
0.84580501 65.63769697 -23.53796493 
0.84648111 65.61186515 -23.74310048 
0.84714914 65.59293181 -23.81107467 
0.84781706 65.56914168 -23.93962339 
0.84848485 65.54511955 -24.12867911 
0.84915379 65.52531913 -24.19916478 
0.84982260 65.50066736 -24.32971119 
0.85049130 65.47578250 -24.52025065 
0.85116876 65.45563401 -24.59100278 
0.85184609 65.43009907 -24.72263459 
0.85252330 65.40432468 -24.91507596 
0.85320038 65.38436917 -24.98129366 
0.85387733 65.35964295 -25.10759822 
0.85455416 65.33468769 -25.29391993 
0.85523086 65.31393755 -25.36064407 
0.85590743 65.28863001 -25.48666341 
0.85658388 65.26309815 -25.67190863 
0.85725133 65.24241675 -25.73497028 
0.85791866 65.21770131 -25.85501683 
0.85858586 65.19277390 -26.03198211 
0.85925424 65.17171221 -26.09435882 
0.85992250 65.14683795 -26.21316633 
0.86059064 65.12175598 -26.38833863 
0.86126849 65.10041652 -26.44903088 
0.86194622 65.07515956 -26.56700763 
0.86262382 65.04969454 -26.74220056 
0.86330128 65.02821304 -26.80102288 
0.86397862 65.00293367 -26.91630241 
0.86465583 64.97745181 -27.08797153 
0.86533291 64.95573934 -27.14540470 
0.86600985 64.93044673 -27.25846932 
0.86668667 64.90495711 -27.42709853 
0.86735353 64.88410526 -27.47956487 
0.86802026 64.85957596 -27.58526328 
0.86868687 64.83486270 -27.74413051 
0.86935468 64.81380401 -27.80153696 
0.87002236 64.78741492 -27.91158423 
0.87068991 64.76083611 -28.07420955 
0.87136816 64.74031378 -28.12482895 
0.87204628 64.71471731 -28.22896228 
0.87272427 64.68893663 -28.38654460 
0.87340213 64.66761160 -28.43663216 
0.87407985 64.64211900 -28.53937992 
0.87475745 64.61644805 -28.69472392 
0.87543491 64.59513654 -28.74247268 
0.87611225 64.56984912 -28.84202979 
0.87678945 64.54438915 -28.99333230 
0.87745572 64.52279749 -29.04054793 
0.87812186 64.49803051 -29.13711471 
0.87878788 64.47310126 -29.28297365 
0.87945509 64.45224078 -29.32494731 
0.88012218 64.42791436 -29.41564704 
0.88078914 64.40343218 -29.55501455 
0.88146778 64.38204606 -29.60230000 
0.88214629 64.35595537 -29.69918461 
0.88282466 64.32970188 -29.84560810 
0.88350291 64.30889877 -29.88165292 
0.88418102 64.28462149 -29.96642401 
0.88485901 64.26019325 -30.09986232 
0.88553687 64.23903756 -30.14188715 
0.88621459 64.21339377 -30.23176754 
0.88689219 64.18759795 -30.36944566 
0.88755788 64.16751596 -30.40593824 
0.88822345 64.14315930 -30.48780482 
0.88888889 64.11866325 -30.61499171 
0.88956542 64.09784090 -30.65163735 
0.89024183 64.07318621 -30.73433584 
0.89091811 64.04839188 -30.86303207 
0.89160702 64.02681481 -30.89609946 
0.89229581 64.00189447 -30.97605649 
0.89298446 63.97683574 -31.10284625 
0.89367298 63.95604624 -31.13177466 
0.89436137 63.93172110 -31.20666781 
0.89504963 63.90726314 -31.32747027 
0.89573757 63.88778113 -31.35745911 
0.89642539 63.86334645 -31.43246615 
0.89711307 63.83878285 -31.55243747 
0.89773879 63.82089803 -31.58111562 
0.89836440 63.79912145 -31.64634815 
0.89898990 63.77724159 -31.74809547 
0.89955178 63.76057424 -31.77543874 
0.90011357 63.74126671 -31.83175362 
0.90067528 63.72187844 -31.91701213 
0.90123690 63.70537325 -31.94364977 
0.90179844 63.68625239 -31.99875317 
0.90235990 63.66705330 -32.08229506 
0.90292127 63.65042602 -32.10751906 
0.90348256 63.63156511 -32.16070414 
0.90404376 63.61262857 -32.24182370 
0.90460488 63.59636097 -32.26545763 
0.90516592 63.57774680 -32.31654910 
0.90572688 63.55905947 -32.39507220 
0.90628776 63.54295550 -32.41725822 
0.90684855 63.52450900 -32.46639940 
0.90740926 63.50599183 -32.54247049 
0.90796989 63.49053022 -32.56387379 
0.90853044 63.47225372 -32.61173096 
0.90909091 63.45390887 -32.68601750 
0.90965214 63.43879312 -32.70643211 
0.91021329 63.42064286 -32.75287656 
0.91077437 63.40242626 -32.82532690 
0.91133608 63.38721937 -32.84390995 
0.91189772 63.36938003 -32.88808360 
0.91245928 63.35147670 -32.95782451 
0.91302076 63.33648952 -32.97477856 
0.91358216 63.31896120 -33.01681741 
0.91414348 63.30137120 -33.08391844 
0.91470473 63.28635568 -33.10059256 
0.91526590 63.26908344 -33.14184684 
0.91582698 63.25175171 -33.20765937 
0.91638800 63.23654819 -33.22203370 
0.91694893 63.21946281 -33.26048469 
0.91750979 63.20232048 -33.32299116 
0.91807058 63.18792508 -33.33498748 
0.91863129 63.17142108 -33.37055815 
0.91919192 63.15486240 -33.42968266 
0.91975314 63.14117941 -33.44413900 
0.92031429 63.12473548 -33.48172188 
0.92087537 63.10823823 -33.54241141 
0.92143704 63.09416360 -33.55039039 
0.92199864 63.07837453 -33.58104603 
0.92256017 63.06253515 -33.63435907 
0.92312163 63.04950602 -33.64580005 
0.92368301 63.03335812 -33.67941291 
0.92424432 63.01716117 -33.73517911 
0.92480556 63.00460135 -33.74338953 
0.92536672 62.98904803 -33.77326819 
0.92592782 62.97344801 -33.82479724 
0.92648885 62.96050430 -33.83335078 
0.92704980 62.94522291 -33.86307003 
0.92761069 62.92989659 -33.91393783 
0.92817150 62.91727003 -33.91747673 
0.92873225 62.90271307 -33.94167992 
0.92929293 62.88811367 -33.98653090 
0.92985414 62.87654788 -33.99261008 
0.93041529 62.86168741 -34.01889607 
0.93097637 62.84678582 -34.06537303 
0.93153799 62.83507403 -34.07087752 
0.93209955 62.82072002 -34.09613033 
0.93266104 62.80632689 -34.14111624 
0.93322247 62.79478881 -34.14044166 
0.93378383 62.78133657 -34.15901342 
0.93434513 62.76784756 -34.19681692 
0.93490636 62.75669157 -34.20030349 
0.93546752 62.74307257 -34.22253545 
0.93602863 62.72941786 -34.26349889 
0.93658967 62.71894466 -34.26379200 
0.93715065 62.70599143 -34.28233060 
0.93771156 62.69300423 -34.31910143 
0.93827242 62.68227113 -34.31830384 
0.93883321 62.66976634 -34.33525286 
0.93939394 62.65722898 -34.36993585 
0.93995514 62.64671289 -34.36806241 
0.94051628 62.63465123 -34.38346960 
0.94107737 62.62255883 -34.41614537 
0.94163894 62.61230215 -34.41292408 
0.94220045 62.60038476 -34.42651624 
0.94276190 62.58843844 -34.45691037 
0.94332329 62.57945316 -34.45256869 
0.94388463 62.56791805 -34.46454042 
0.94444591 62.55635560 -34.49281471 
0.94500713 62.54793653 -34.48824498 
0.94556830 62.53680619 -34.49948960 
0.94612941 62.52565017 -34.52653830 
0.94669047 62.51730304 -34.52249262 
0.94725147 62.50658396 -34.53376315 
0.94781242 62.49584013 -34.56034022 
0.94837332 62.48701966 -34.55044078 
0.94893416 62.47722672 -34.55536033 
0.94949495 62.46741047 -34.57508976 
0.95005614 62.45990871 -34.56802765 
0.95061728 62.45000979 -34.57531376 
0.95117837 62.44008934 -34.59693951 
0.95173988 62.43356442 -34.58821563 
0.95230133 62.42419930 -34.59337135 
0.95286274 62.41481401 -34.61239863 
0.95342410 62.40849961 -34.60326159 
0.95398541 62.39962250 -34.60751230 
0.95454667 62.39072661 -34.62514326 
0.95510788 62.38474613 -34.61452440 
0.95566905 62.37648725 -34.61680229 
0.95623017 62.36821049 -34.63196990 
0.95679125 62.36155980 -34.62141586 
0.95735228 62.35367893 -34.62326835 
0.95791326 62.34578110 -34.63752083 
0.95847421 62.33963100 -34.62327608 
0.95903510 62.33240723 -34.62094840 
0.95959596 62.32516762 -34.63053173 
0.96015714 62.32045288 -34.61889095 
0.96071828 62.31306148 -34.61868505 
0.96127937 62.30565560 -34.62990843 
0.96184081 62.30093767 -34.61454603 
0.96240221 62.29469986 -34.61012771 
0.96296357 62.28844825 -34.61664832 
0.96352488 62.28491175 -34.60185402 
0.96408616 62.27897077 -34.59749798 
0.96464741 62.27301748 -34.60357550 
0.96520861 62.27030896 -34.58828018 
0.96576978 62.26507912 -34.58291800 
0.96633091 62.25983782 -34.58748469 
0.96689201 62.25663310 -34.57150908 
0.96745307 62.25179690 -34.56496214 
0.96801409 62.24695016 -34.56784003 
0.96857508 62.24413517 -34.54948360 
0.96913604 62.23996892 -34.54005201 
0.96969697 62.23579288 -34.53954180 
0.97025814 62.23463821 -34.52255085 
0.97081928 62.23072963 -34.51402247 
0.97138039 62.22681285 -34.51395355 
0.97194175 62.22483102 -34.49533646 
0.97250309 62.22145809 -34.48475229 
0.97306440 62.21807714 -34.48219821 
0.97362568 62.21623990 -34.46304890 
0.97418693 62.21332504 -34.45149443 
0.97474815 62.21040260 -34.44753225 
0.97530935 62.20892930 -34.42794346 
0.97587051 62.20644300 -34.41551186 
0.97643166 62.20394976 -34.41023521 
0.97699277 62.20355515 -34.38872860 
0.97755386 62.20165116 -34.37394200 
0.97811493 62.19974117 -34.36587341 
0.97867597 62.20056773 -34.34605916 
0.97923699 62.19936692 -34.33252813 
0.97979798 62.19816096 -34.32527856 
0.98035913 62.19905177 -34.30394810 
0.98092026 62.19852704 -34.28834766 
0.98148137 62.19799752 -34.27847582 
0.98204266 62.19993542 -34.25553413 
0.98260392 62.20028709 -34.23764864 
0.98316517 62.20063462 -34.22481823 
0.98372640 62.20391549 -34.20041028 
0.98428761 62.20515769 -34.18038106 
0.98484881 62.20639639 -34.16472971 
0.98540999 62.21087812 -34.14047460 
0.98597115 62.21287230 -34.11992118 
0.98653231 62.21486345 -34.10306883 
0.98709345 62.21994288 -34.07760944 
0.98765458 62.22254455 -34.05517506 
0.98821569 62.22514371 -34.03576529 
0.98877680 62.23015496 -34.00936434 
0.98933790 62.23310034 -33.98531203 
0.98989899 62.23604381 -33.96360813 
0.99046651 62.24006675 -33.93694081 
0.99103402 62.24262632 -33.91244686 
0.99160152 62.24518438 -33.89012607 
0.99217337 62.24804911 -33.86418146 
0.99274520 62.24977804 -33.84068096 
0.99331703 62.25150547 -33.81962430 
0.99388392 62.25326635 -33.79501257 
0.99445080 62.25475362 -33.77303599 
0.99501766 62.25623955 -33.75369424 
0.99554255 62.25792791 -33.73232321 
0.99606743 62.25921345 -33.71340305 
0.99659230 62.26049755 -33.69693345 
0.99704052 62.26182586 -33.67991562 
0.99748873 62.26341658 -33.66480952 
0.99793693 62.26500612 -33.65161496 
0.99831154 62.26696734 -33.63748681 
0.99868614 62.26912364 -33.62476763 
0.99906074 62.27127864 -33.61345730 
0.99937383 62.27585628 -33.60084525 
0.99968692 62.27935942 -33.58926036 
1.00000000 62.28286119 -33.57870257 
