0.00000000 0.00000000 0.00000000 
0.00015198 0.00000003 -0.00000001 
0.00030396 0.00000011 -0.00000004 
0.00045594 0.00000025 -0.00000010 
0.00057470 0.00000040 -0.00000016 
0.00069346 0.00000059 -0.00000023 
0.00081223 0.00000081 -0.00000031 
0.00090503 0.00000100 -0.00000039 
0.00099784 0.00000122 -0.00000047 
0.00109065 0.00000146 -0.00000057 
0.00116317 0.00000166 -0.00000065 
0.00123569 0.00000187 -0.00000073 
0.00130822 0.00000210 -0.00000082 
0.00136489 0.00000228 -0.00000089 
0.00142156 0.00000248 -0.00000096 
0.00147823 0.00000268 -0.00000104 
0.00152252 0.00000284 -0.00000111 
0.00156681 0.00000301 -0.00000117 
0.00161109 0.00000318 -0.00000124 
0.00164570 0.00000332 -0.00000129 
0.00168031 0.00000346 -0.00000135 
0.00171491 0.00000361 -0.00000140 
0.00174196 0.00000372 -0.00000145 
0.00176900 0.00000384 -0.00000149 
0.00179604 0.00000396 -0.00000154 
0.00181844 0.00000406 -0.00000158 
0.00184084 0.00000416 -0.00000162 
0.00186324 0.00000426 -0.00000166 
0.00188606 0.00000436 -0.00000170 
0.00190888 0.00000447 -0.00000174 
0.00193170 0.00000458 -0.00000178 
0.00195536 0.00000469 -0.00000182 
0.00197901 0.00000480 -0.00000187 
0.00200266 0.00000492 -0.00000191 
0.00202718 0.00000504 -0.00000196 
0.00205169 0.00000516 -0.00000201 
0.00207621 0.00000529 -0.00000206 
0.00210162 0.00000542 -0.00000211 
0.00212702 0.00000555 -0.00000216 
0.00215243 0.00000568 -0.00000221 
0.00217876 0.00000582 -0.00000226 
0.00220510 0.00000596 -0.00000232 
0.00223143 0.00000611 -0.00000237 
0.00225872 0.00000626 -0.00000243 
0.00228601 0.00000641 -0.00000249 
0.00231330 0.00000656 -0.00000255 
0.00234159 0.00000673 -0.00000262 
0.00236987 0.00000689 -0.00000268 
0.00239816 0.00000705 -0.00000274 
0.00242747 0.00000723 -0.00000281 
0.00245679 0.00000740 -0.00000288 
0.00248610 0.00000758 -0.00000295 
0.00251648 0.00000777 -0.00000302 
0.00254687 0.00000796 -0.00000309 
0.00257725 0.00000815 -0.00000317 
0.00260874 0.00000835 -0.00000325 
0.00264022 0.00000855 -0.00000333 
0.00267171 0.00000876 -0.00000340 
0.00270435 0.00000897 -0.00000349 
0.00273698 0.00000919 -0.00000357 
0.00276962 0.00000941 -0.00000366 
0.00280344 0.00000964 -0.00000375 
0.00283726 0.00000988 -0.00000384 
0.00287109 0.00001011 -0.00000393 
0.00290614 0.00001036 -0.00000403 
0.00294119 0.00001061 -0.00000413 
0.00297625 0.00001087 -0.00000423 
0.00301258 0.00001114 -0.00000433 
0.00304891 0.00001141 -0.00000444 
0.00308524 0.00001168 -0.00000454 
0.00312290 0.00001197 -0.00000465 
0.00316055 0.00001226 -0.00000477 
0.00319820 0.00001255 -0.00000488 
0.00323723 0.00001286 -0.00000500 
0.00327625 0.00001317 -0.00000512 
0.00331528 0.00001349 -0.00000524 
0.00335572 0.00001382 -0.00000537 
0.00339617 0.00001415 -0.00000550 
0.00343661 0.00001449 -0.00000564 
0.00347853 0.00001485 -0.00000577 
0.00352045 0.00001521 -0.00000591 
0.00356237 0.00001557 -0.00000606 
0.00360588 0.00001596 -0.00000621 
0.00364939 0.00001635 -0.00000636 
0.00369290 0.00001674 -0.00000651 
0.00373809 0.00001715 -0.00000667 
0.00378327 0.00001757 -0.00000683 
0.00382846 0.00001799 -0.00000700 
0.00387529 0.00001843 -0.00000717 
0.00392212 0.00001888 -0.00000734 
0.00396896 0.00001934 -0.00000752 
0.00401749 0.00001981 -0.00000771 
0.00406603 0.00002030 -0.00000789 
0.00411457 0.00002078 -0.00000808 
0.00416487 0.00002130 -0.00000828 
0.00421517 0.00002182 -0.00000848 
0.00426548 0.00002234 -0.00000869 
0.00431761 0.00002289 -0.00000890 
0.00436975 0.00002345 -0.00000912 
0.00442188 0.00002401 -0.00000934 
0.00447592 0.00002460 -0.00000957 
0.00452995 0.00002520 -0.00000980 
0.00458399 0.00002580 -0.00001004 
0.00463999 0.00002644 -0.00001028 
0.00469599 0.00002709 -0.00001053 
0.00475199 0.00002773 -0.00001079 
0.00481003 0.00002842 -0.00001105 
0.00486807 0.00002911 -0.00001132 
0.00492611 0.00002981 -0.00001159 
0.00498626 0.00003054 -0.00001188 
0.00504642 0.00003129 -0.00001217 
0.00510657 0.00003204 -0.00001246 
0.00516891 0.00003283 -0.00001277 
0.00523126 0.00003363 -0.00001308 
0.00529360 0.00003443 -0.00001339 
0.00535824 0.00003528 -0.00001372 
0.00542288 0.00003614 -0.00001406 
0.00548752 0.00003701 -0.00001439 
0.00555464 0.00003792 -0.00001475 
0.00562176 0.00003885 -0.00001511 
0.00568888 0.00003978 -0.00001547 
0.00575845 0.00004076 -0.00001586 
0.00582801 0.00004176 -0.00001624 
0.00589758 0.00004276 -0.00001663 
0.00596967 0.00004382 -0.00001704 
0.00604177 0.00004489 -0.00001746 
0.00611387 0.00004596 -0.00001788 
0.00618859 0.00004710 -0.00001832 
0.00626331 0.00004825 -0.00001877 
0.00633804 0.00004940 -0.00001922 
0.00641548 0.00005063 -0.00001969 
0.00649292 0.00005186 -0.00002017 
0.00657037 0.00005310 -0.00002066 
0.00665063 0.00005442 -0.00002117 
0.00673089 0.00005575 -0.00002169 
0.00681115 0.00005708 -0.00002221 
0.00689434 0.00005850 -0.00002276 
0.00697752 0.00005992 -0.00002331 
0.00706071 0.00006136 -0.00002387 
0.00714695 0.00006288 -0.00002446 
0.00723319 0.00006442 -0.00002506 
0.00731943 0.00006596 -0.00002566 
0.00740894 0.00006760 -0.00002630 
0.00749845 0.00006925 -0.00002694 
0.00758795 0.00007091 -0.00002759 
0.00768072 0.00007267 -0.00002827 
0.00777348 0.00007445 -0.00002897 
0.00786625 0.00007623 -0.00002966 
0.00796239 0.00007813 -0.00003040 
0.00805854 0.00008004 -0.00003114 
0.00815468 0.00008195 -0.00003189 
0.00825432 0.00008399 -0.00003268 
0.00835397 0.00008605 -0.00003348 
0.00845361 0.00008810 -0.00003429 
0.00855688 0.00009030 -0.00003514 
0.00866015 0.00009251 -0.00003600 
0.00876342 0.00009472 -0.00003686 
0.00887046 0.00009708 -0.00003778 
0.00897749 0.00009946 -0.00003870 
0.00908452 0.00010183 -0.00003963 
0.00919560 0.00010438 -0.00004062 
0.00930667 0.00010693 -0.00004162 
0.00941775 0.00010949 -0.00004262 
0.00953288 0.00011224 -0.00004368 
0.00964800 0.00011498 -0.00004475 
0.00976313 0.00011773 -0.00004583 
0.00988244 0.00012068 -0.00004698 
0.01000176 0.00012364 -0.00004813 
0.01012108 0.00012659 -0.00004928 
0.01024474 0.00012977 -0.00005052 
0.01036840 0.00013295 -0.00005176 
0.01049206 0.00013612 -0.00005300 
0.01062022 0.00013955 -0.00005433 
0.01074839 0.00014296 -0.00005566 
0.01087655 0.00014637 -0.00005700 
0.01100952 0.00015007 -0.00005843 
0.01114249 0.00015375 -0.00005986 
0.01127546 0.00015742 -0.00006130 
0.01141328 0.00016139 -0.00006284 
0.01155110 0.00016536 -0.00006439 
0.01168893 0.00016930 -0.00006594 
0.01183177 0.00017358 -0.00006760 
0.01197461 0.00017785 -0.00006926 
0.01211745 0.00018208 -0.00007093 
0.01226549 0.00018670 -0.00007272 
0.01241353 0.00019129 -0.00007451 
0.01256157 0.00019584 -0.00007630 
0.01271510 0.00020082 -0.00007823 
0.01286863 0.00020576 -0.00008015 
0.01302216 0.00021066 -0.00008208 
0.01318133 0.00021603 -0.00008416 
0.01334050 0.00022135 -0.00008624 
0.01349968 0.00022662 -0.00008831 
0.01366465 0.00023241 -0.00009056 
0.01382962 0.00023814 -0.00009279 
0.01399458 0.00024380 -0.00009502 
0.01416556 0.00025005 -0.00009744 
0.01433653 0.00025622 -0.00009985 
0.01450751 0.00026230 -0.00010225 
0.01468485 0.00026905 -0.00010487 
0.01486219 0.00027570 -0.00010747 
0.01503953 0.00028225 -0.00011005 
0.01522334 0.00028953 -0.00011287 
0.01540715 0.00029670 -0.00011568 
0.01559096 0.00030374 -0.00011847 
0.01578146 0.00031161 -0.00012151 
0.01597196 0.00031933 -0.00012454 
0.01616246 0.00032691 -0.00012755 
0.01636000 0.00033543 -0.00013086 
0.01655753 0.00034379 -0.00013414 
0.01675507 0.00035197 -0.00013741 
0.01695985 0.00036122 -0.00014103 
0.01716463 0.00037028 -0.00014463 
0.01736941 0.00037917 -0.00014821 
0.01758165 0.00038928 -0.00015224 
0.01779388 0.00039923 -0.00015629 
0.01800612 0.00040899 -0.00016035 
0.01822478 0.00042022 -0.00016501 
0.01844345 0.00043140 -0.00016979 
0.01866211 0.00044253 -0.00017472 
0.01888371 0.00045522 -0.00018067 
0.01910531 0.00046828 -0.00018674 
0.01932692 0.00048171 -0.00019294 
0.01955128 0.00049842 -0.00020168 
0.01977564 0.00051698 -0.00021221 
0.02000000 0.00053740 -0.00022453 
0.02022797 0.00056603 -0.00025176 
0.02045597 0.00060033 -0.00028102 
0.02068400 0.00064029 -0.00031230 
0.02091407 0.00068970 -0.00034794 
0.02114419 0.00074531 -0.00038573 
0.02137433 0.00080710 -0.00042568 
0.02160902 0.00088158 -0.00047428 
0.02184374 0.00096135 -0.00052785 
0.02207849 0.00104642 -0.00058640 
0.02234171 0.00116198 -0.00066042 
0.02260497 0.00128915 -0.00074624 
0.02286828 0.00142794 -0.00084386 
0.02317037 0.00160806 -0.00097406 
0.02347252 0.00181273 -0.00112079 
0.02377474 0.00204193 -0.00128404 
0.02412592 0.00235760 -0.00152187 
0.02447720 0.00271803 -0.00179225 
0.02482856 0.00312322 -0.00209520 
0.02523919 0.00370621 -0.00256048 
0.02564994 0.00437431 -0.00309524 
0.02606082 0.00512753 -0.00369946 
0.02654676 0.00631136 -0.00464809 
0.02703288 0.00772519 -0.00585621 
0.02751919 0.00936904 -0.00732382 
0.02808259 0.01190182 -0.00956123 
0.02864624 0.01489747 -0.01229929 
0.02921014 0.01835600 -0.01553800 
0.02980659 0.02357436 -0.02007090 
0.03040333 0.02981663 -0.02577273 
0.03100037 0.03708282 -0.03264347 
0.03159787 0.04623509 -0.04108476 
0.03219568 0.05731313 -0.05133412 
0.03279380 0.07031696 -0.06339154 
0.03339235 0.08578964 -0.07795714 
0.03399124 0.10399547 -0.09496308 
0.03459045 0.12493444 -0.11440935 
0.03519008 0.14947564 -0.13706881 
0.03579006 0.17760726 -0.16310437 
0.03639037 0.20932929 -0.19251601 
0.03699108 0.24516447 -0.22578809 
0.03759214 0.28554525 -0.26305209 
0.03819355 0.33047161 -0.30430799 
0.03879533 0.38036289 -0.35039690 
0.03939748 0.43569296 -0.40116982 
0.04000000 0.49646185 -0.45662674 
0.04063958 0.56660692 -0.52105671 
0.04127955 0.64365479 -0.59112866 
0.04191992 0.72760546 -0.66684260 
0.04258744 0.82221262 -0.75248827 
0.04325534 0.92440083 -0.84465625 
0.04392362 1.03417009 -0.94334653 
0.04459215 1.15164415 -1.04867927 
0.04526100 1.27695963 -1.16061618 
0.04593018 1.41011654 -1.27915727 
0.04659951 1.55048584 -1.40421839 
0.04726912 1.69865653 -1.53547613 
0.04793899 1.85462862 -1.67293049 
0.04860897 2.01741826 -1.81661544 
0.04927916 2.18752115 -1.96607020 
0.04994956 2.36493727 -2.12129475 
0.05062004 2.54852157 -2.28200114 
0.05129068 2.73869426 -2.44777027 
0.05196147 2.93545534 -2.61860214 
0.05263231 3.13759229 -2.79399937 
0.05330325 3.34542700 -2.97363928 
0.05397430 3.55895947 -3.15752188 
0.05464537 3.77669437 -3.34481861 
0.05531649 3.99913821 -3.53531780 
0.05598765 4.22629099 -3.72901946 
0.05665883 4.45661477 -3.92517077 
0.05732999 4.69045830 -4.12328067 
0.05800115 4.92782157 -4.32334917 
0.05866750 5.16561474 -4.52314568 
0.05933378 5.40593657 -4.72376300 
0.06000000 5.64878705 -4.92520111 
0.06066392 5.89216055 -5.12602798 
0.06132775 6.13721652 -5.32642926 
0.06199150 6.38395498 -5.52640496 
0.06265997 6.63350315 -5.72726466 
0.06332836 6.88388742 -5.92683216 
0.06399666 7.13510780 -6.12510748 
0.06466492 7.38659783 -6.32176818 
0.06533310 7.63821696 -6.51637309 
0.06600119 7.88996518 -6.70892222 
0.06666924 8.14121549 -6.89913869 
0.06733721 8.39186530 -7.08649623 
0.06800509 8.64191462 -7.27099482 
0.06867292 8.89089655 -7.45248967 
0.06934066 9.13863134 -7.63051359 
0.07000832 9.38511900 -7.80506658 
0.07067590 9.62995464 -7.97587431 
0.07134339 9.87306672 -8.14267777 
0.07201080 10.11445525 -8.30547695 
0.07267821 10.35369859 -8.46406244 
0.07334554 10.59084496 -8.61815259 
0.07401278 10.82589434 -8.76774740 
0.07467995 11.05848260 -8.91282375 
0.07534703 11.28861109 -9.05302417 
0.07601403 11.51627980 -9.18834865 
0.07668096 11.74139546 -9.31886029 
0.07734780 11.96385276 -9.44430557 
0.07801457 12.18365172 -9.56468447 
0.07867645 12.39921881 -9.67924581 
0.07933827 12.61208945 -9.78869289 
0.08000000 12.82226364 -9.89302572 
0.08066262 13.03019120 -9.99256096 
0.08132517 13.23546023 -10.08701829 
0.08198766 13.43807072 -10.17639771 
0.08265556 13.63983766 -10.26167909 
0.08332340 13.83893054 -10.34194991 
0.08399120 14.03534938 -10.41721016 
0.08465895 14.22937722 -10.48780022 
0.08532666 14.42079710 -10.55365976 
0.08599433 14.60960901 -10.61478879 
0.08666198 14.79604666 -10.67153241 
0.08732961 14.97994777 -10.72378647 
0.08799722 15.16131235 -10.77155095 
0.08866481 15.34051578 -10.81525858 
0.08933240 15.51727218 -10.85483353 
0.08999999 15.69158154 -10.89027580 
0.09066753 15.86378995 -10.92192871 
0.09133508 16.03371139 -10.94979173 
0.09200265 16.20134587 -10.97386488 
0.09267023 16.36696595 -10.99453661 
0.09333785 16.53041947 -11.01172947 
0.09400549 16.69170644 -11.02544347 
0.09467317 16.85115407 -11.03608495 
0.09534089 17.00859370 -11.04361808 
0.09600866 17.16402533 -11.04804286 
0.09667649 17.31769444 -11.04972068 
0.09734437 17.46949315 -11.04860639 
0.09801232 17.61942146 -11.04469998 
0.09867480 17.76651374 -11.03843405 
0.09933736 17.91189762 -11.02971724 
0.10000000 18.05557311 -11.01854955 
0.10066159 18.19753582 -11.00534564 
0.10132326 18.33791710 -10.98995390 
0.10198502 18.47671697 -10.97237431 
0.10265141 18.61508633 -10.95287825 
0.10331789 18.75200291 -10.93137371 
0.10398447 18.88746671 -10.90786071 
0.10465113 19.02170315 -10.88283064 
0.10531789 19.15461302 -10.85601205 
0.10598475 19.28619631 -10.82740493 
0.10665169 19.41672482 -10.79744763 
0.10731874 19.54610041 -10.76597358 
0.10798589 19.67432307 -10.73298277 
0.10865319 19.80159688 -10.69877915 
0.10932060 19.92787157 -10.66328150 
0.10998811 20.05314715 -10.62648983 
0.11065572 20.17758470 -10.58872258 
0.11132343 20.30114067 -10.54984851 
0.11199125 20.42381508 -10.50986761 
0.11265918 20.54579736 -10.46909839 
0.11332721 20.66701627 -10.42744844 
0.11399536 20.78747179 -10.38491777 
0.11466361 20.90732225 -10.34180256 
0.11533198 21.02647643 -10.29798339 
0.11600046 21.14493432 -10.25346027 
0.11666905 21.26286993 -10.20851127 
0.11733775 21.38019231 -10.16307218 
0.11800658 21.49690145 -10.11714302 
0.11867093 21.61227063 -10.07125365 
0.11933541 21.72705441 -10.02503136 
0.12000000 21.84125278 -9.97847615 
0.12066315 21.95460996 -9.93187687 
0.12132640 22.06736735 -9.88504858 
0.12198977 22.17952496 -9.83799126 
0.12265649 22.29160812 -9.79061818 
0.12332331 22.40307356 -9.74305225 
0.12399022 22.51392129 -9.69529347 
0.12465722 22.62412663 -9.64749803 
0.12532430 22.73371121 -9.59953032 
0.12599147 22.84267503 -9.55139034 
0.12665867 22.95097697 -9.50324209 
0.12732594 23.05862899 -9.45494914 
0.12799327 23.16563107 -9.40651150 
0.12866066 23.27195759 -9.35805281 
0.12932810 23.37760431 -9.30946395 
0.12999559 23.48257124 -9.26074489 
0.13066312 23.58680916 -9.21199858 
0.13133068 23.69033243 -9.16313036 
0.13199828 23.79314102 -9.11414024 
0.13266590 23.89518263 -9.06512426 
0.13333355 23.99645430 -9.01599118 
0.13400121 24.09695603 -8.96674101 
0.13466883 24.19664788 -8.91744954 
0.13533646 24.29552700 -8.86805290 
0.13600410 24.39359338 -8.81855109 
0.13667172 24.49080944 -8.76899562 
0.13733934 24.58717437 -8.71933883 
0.13800694 24.68268818 -8.66958072 
0.13867132 24.77687597 -8.62004353 
0.13933567 24.87018895 -8.57041228 
0.14000000 24.96262710 -8.52068697 
0.14066426 25.05422773 -8.47097409 
0.14132849 25.14494854 -8.42124088 
0.14199269 25.23478952 -8.37148732 
0.14266011 25.32420203 -8.32158953 
0.14332751 25.41268343 -8.27176064 
0.14399487 25.50023374 -8.22200067 
0.14466222 25.58686434 -8.17243416 
0.14532954 25.67250598 -8.12303027 
0.14599684 25.75715864 -8.07378900 
0.14666413 25.84083576 -8.02483074 
0.14733140 25.92346173 -7.97612065 
0.14799865 26.00503655 -7.92765873 
0.14866589 26.08556355 -7.87954707 
0.14933313 26.16499228 -7.83174978 
0.15000035 26.24332272 -7.78426688 
0.15066758 26.32054325 -7.73720750 
0.15133479 26.39660598 -7.69049836 
0.15200201 26.47151090 -7.64413946 
0.15266927 26.54525571 -7.59823683 
0.15333654 26.61781127 -7.55270219 
0.15400381 26.68917756 -7.50753554 
0.15467108 26.75932863 -7.46283616 
0.15533837 26.82825849 -7.41849930 
0.15600566 26.89596714 -7.37452497 
0.15667297 26.96243037 -7.33098468 
0.15734030 27.02765968 -7.28777046 
0.15800764 27.09165509 -7.24488229 
0.15867174 27.15407733 -7.20257648 
0.15933586 27.21527877 -7.16052446 
0.16000000 27.27525940 -7.11872625 
0.16066419 27.33395496 -7.07719856 
0.16132840 27.39145847 -7.03580739 
0.16199263 27.44776993 -6.99455274 
0.16266014 27.50306874 -6.95324302 
0.16332767 27.55723086 -6.91191150 
0.16399521 27.61025628 -6.87055818 
0.16466276 27.66208115 -6.82918393 
0.16533031 27.71284329 -6.78763628 
0.16599787 27.76254270 -6.74591524 
0.16666542 27.81114897 -6.70399782 
0.16733296 27.85882806 -6.66172675 
0.16800050 27.90557998 -6.61910202 
0.16866797 27.95136326 -6.57613302 
0.16933542 27.99634984 -6.53265959 
0.17000286 28.04053974 -6.48868174 
0.17067027 28.08395217 -6.44417392 
0.17133766 28.12672455 -6.39902828 
0.17200503 28.16885689 -6.35324482 
0.17267237 28.21040521 -6.30679190 
0.17333967 28.25148758 -6.25957772 
0.17400694 28.29210398 -6.21160227 
0.17467418 28.33234657 -6.16285765 
0.17534137 28.37233073 -6.11327260 
0.17600851 28.41205646 -6.06284713 
0.17667553 28.45161048 -6.01162328 
0.17734249 28.49110863 -5.95951349 
0.17800941 28.53055092 -5.90651774 
0.17867300 28.56990468 -5.85298358 
0.17933653 28.60942576 -5.79861150 
0.18000000 28.64911415 -5.74340149 
0.18066338 28.68919778 -5.68751533 
0.18132671 28.72966923 -5.63091092 
0.18198999 28.77052851 -5.57358827 
0.18265646 28.81223318 -5.51551382 
0.18332291 28.85453290 -5.45697482 
0.18398934 28.89742767 -5.39797129 
0.18465576 28.94120064 -5.33881453 
0.18532219 28.98573266 -5.27951068 
0.18598864 29.03102372 -5.22005972 
0.18665511 29.07739068 -5.16080926 
0.18732162 29.12470906 -5.10186045 
0.18798816 29.17297887 -5.04321329 
0.18865485 29.22247805 -4.98526411 
0.18932162 29.27306291 -4.92801669 
0.18998845 29.32473344 -4.87147101 
0.19065542 29.37796476 -4.81624545 
0.19132248 29.43235370 -4.76231020 
0.19198965 29.48790026 -4.70966526 
0.19265702 29.54513854 -4.65875389 
0.19332451 29.60374212 -4.60978614 
0.19399214 29.66371100 -4.56276201 
0.19465999 29.72535078 -4.51803686 
0.19532800 29.78853365 -4.47584998 
0.19599618 29.85325962 -4.43620137 
0.19666459 29.91967222 -4.39955597 
0.19733320 29.98776129 -4.36604920 
0.19800201 30.05752682 -4.33568105 
0.19866778 30.12859691 -4.30903661 
0.19933378 30.20139393 -4.28603612 
0.20000000 30.27591790 -4.26667959 
0.20066386 30.35182777 -4.25153490 
0.20132795 30.42941338 -4.24046121 
0.20199226 30.50867473 -4.23345851 
0.20265772 30.58964761 -4.23086399 
0.20332339 30.67231205 -4.23265348 
0.20398926 30.75666804 -4.23882700 
0.20465528 30.84268325 -4.24967390 
0.20532148 30.93038473 -4.26512327 
0.20598786 31.01977248 -4.28517510 
0.20665432 31.11073466 -4.31005085 
0.20732094 31.20342793 -4.33962030 
0.20798772 31.29785229 -4.37388347 
0.20865455 31.39375830 -4.41305454 
0.20932152 31.49137764 -4.45695273 
0.20998862 31.59071029 -4.50557806 
0.21065576 31.69155805 -4.55904631 
0.21132301 31.79408040 -4.61721712 
0.21199038 31.89827733 -4.68009047 
0.21265778 32.00383981 -4.74772255 
0.21332527 32.11101245 -4.81987072 
0.21399285 32.21979525 -4.89653497 
0.21466046 32.32999214 -4.97778931 
0.21532814 32.44168003 -5.06338085 
0.21599589 32.55485890 -5.15330961 
0.21666367 32.66930817 -5.24749816 
0.21733149 32.78515697 -5.34573503 
0.21799937 32.90240531 -5.44802023 
0.21866622 33.02053488 -5.55396161 
0.21933309 33.13994471 -5.66359254 
0.22000000 33.26063480 -5.77691302 
0.22066645 33.38203178 -5.89353586 
0.22133292 33.50449553 -6.01327495 
0.22199939 33.62802606 -6.13613028 
0.22266656 33.75230806 -6.26202888 
0.22333371 33.87740076 -6.39045712 
0.22400086 34.00330416 -6.52141499 
0.22466805 34.12959700 -6.65452464 
0.22533521 34.25651562 -6.78953912 
0.22600235 34.38406001 -6.92645842 
0.22666952 34.51167538 -7.06475712 
0.22733665 34.63971688 -7.20417996 
0.22800373 34.76818450 -7.34472697 
0.22867085 34.89656957 -7.48594027 
0.22933790 35.02514598 -7.62747354 
0.23000490 35.15391372 -7.76932678 
0.23067191 35.28241317 -7.91095761 
0.23133885 35.41100352 -8.05211295 
0.23200571 35.53968478 -8.19279282 
0.23267257 35.66788950 -8.33249683 
0.23333934 35.79609160 -8.47082419 
0.23400601 35.92429107 -8.60777489 
0.23467267 36.05205399 -8.74304417 
0.23533921 36.17975019 -8.87618434 
0.23600564 36.30737967 -9.00719538 
0.23667201 36.43467172 -9.13567803 
0.23733825 36.56197304 -9.26138277 
0.23800437 36.68928364 -9.38430961 
0.23866972 36.81630231 -9.50386467 
0.23933493 36.94358280 -9.62015880 
0.24000000 37.07112511 -9.73319199 
0.24066656 37.19926886 -9.84286245 
0.24133297 37.32806380 -9.94894768 
0.24199924 37.45750993 -10.05144767 
0.24266737 37.58829746 -10.15067753 
0.24333538 37.72006752 -10.24640652 
0.24400325 37.85282009 -10.33863463 
0.24467094 37.98690037 -10.42736372 
0.24533852 38.12224925 -10.51286418 
0.24600599 38.25886674 -10.59513601 
0.24667329 38.39703953 -10.67429274 
0.24734050 38.53669729 -10.75055996 
0.24800763 38.67784002 -10.82393765 
0.24867459 38.82080489 -10.89469970 
0.24934150 38.96537342 -10.96303919 
0.25000833 39.11154561 -11.02895612 
0.25067505 39.25979586 -11.09283574 
0.25134171 39.40971707 -11.15481256 
0.25200833 39.56130923 -11.21488659 
0.25267487 39.71511047 -11.27348966 
0.25334138 39.87066030 -11.33080361 
0.25400786 40.02795869 -11.38682843 
0.25467433 40.18752360 -11.44190296 
0.25534079 40.34887386 -11.49632920 
0.25600724 40.51200949 -11.55010713 
0.25667365 40.67731860 -11.60353616 
0.25734007 40.84442171 -11.65685695 
0.25800651 41.01331883 -11.71006950 
0.25867097 41.18380010 -11.76340044 
0.25933547 41.35597928 -11.81715054 
0.26000000 41.52985635 -11.87131980 
0.26066455 41.70548663 -11.92624919 
0.26132914 41.88262823 -11.98193415 
0.26199376 42.06128115 -12.03837466 
0.26266046 42.24192802 -12.09598856 
0.26332719 42.42395841 -12.15458832 
0.26399395 42.60737232 -12.21417396 
0.26466079 42.79209339 -12.27493697 
0.26532765 42.97809084 -12.33678453 
0.26599455 43.16536468 -12.39971663 
0.26666148 43.35385906 -12.46395127 
0.26732844 43.54352581 -12.52935442 
0.26799543 43.73436493 -12.59592608 
0.26866252 43.92636385 -12.66381176 
0.26932964 44.11949043 -12.73293901 
0.26999678 44.31374468 -12.80330786 
0.27066394 44.50899445 -12.87495405 
0.27133113 44.70532350 -12.94783157 
0.27199833 44.90273181 -13.02194043 
0.27266556 45.10107431 -13.09736774 
0.27333281 45.30040390 -13.17398598 
0.27400007 45.50072058 -13.25179514 
0.27466735 45.70197587 -13.33085056 
0.27533465 45.90416213 -13.41107092 
0.27600195 46.10727936 -13.49245623 
0.27666928 46.31121965 -13.57501219 
0.27733661 46.51608059 -13.65866273 
0.27800395 46.72186216 -13.74340785 
0.27866929 46.92778826 -13.82901674 
0.27933464 47.13457052 -13.91561882 
0.28000000 47.34220892 -14.00321409 
0.28066520 47.55063327 -14.09183662 
0.28133040 47.75988954 -14.18141296 
0.28199560 47.96997772 -14.27194313 
0.28266261 48.18146277 -14.36370632 
0.28332961 48.39377832 -14.45636584 
0.28399663 48.60692437 -14.54992166 
0.28466364 48.82089174 -14.64442936 
0.28533066 49.03566214 -14.73980761 
0.28599768 49.25123557 -14.83605642 
0.28666471 49.46758973 -14.93316759 
0.28733174 49.68473752 -15.03110289 
0.28799877 49.90267893 -15.12986235 
0.28866581 50.12134879 -15.22944613 
0.28933285 50.34079893 -15.32979879 
0.28999989 50.56102937 -15.43092032 
0.29066693 50.78194479 -15.53282941 
0.29133398 51.00361229 -15.63544762 
0.29200102 51.22603189 -15.73877496 
0.29266807 51.44911932 -15.84285355 
0.29333512 51.67292106 -15.94759491 
0.29400217 51.89743711 -16.05299903 
0.29466922 52.12258971 -16.15908838 
0.29533627 52.34842347 -16.26580483 
0.29600332 52.57493839 -16.37314837 
0.29667034 52.80202631 -16.48112685 
0.29733735 53.02975091 -16.58968437 
0.29800437 53.25811218 -16.69882092 
0.29866958 53.48640195 -16.80827951 
0.29933479 53.71525560 -16.91827607 
0.30000000 53.94467314 -17.02881060 
0.30066521 54.17460730 -17.13992547 
0.30133041 54.40502297 -17.25155458 
0.30199562 54.63592015 -17.36369792 
0.30266266 54.86790580 -17.47670152 
0.30332970 55.10029792 -17.59020260 
0.30399674 55.33309652 -17.70420116 
0.30466378 55.56623515 -17.81872825 
0.30533082 55.79968792 -17.93373305 
0.30599785 56.03345481 -18.04921555 
0.30666489 56.26743834 -18.16523375 
0.30733193 56.50160915 -18.28169380 
0.30799896 56.73596724 -18.39859572 
0.30866599 56.97045376 -18.51600646 
0.30933302 57.20498978 -18.63384947 
0.31000006 57.43957531 -18.75212473 
0.31066709 57.67412992 -18.87089160 
0.31133412 57.90859529 -18.99005418 
0.31200114 58.14297143 -19.10961247 
0.31266817 58.37716336 -19.22961209 
0.31333520 58.61113001 -19.34997931 
0.31400223 58.84487137 -19.47071412 
0.31466925 59.07824846 -19.59182931 
0.31533628 59.31125174 -19.71324813 
0.31600330 59.54388121 -19.83497059 
0.31667032 59.77601423 -19.95702096 
0.31733735 60.00762586 -20.07929011 
0.31800437 60.23871608 -20.20177802 
0.31866958 60.46856044 -20.32419047 
0.31933479 60.69776234 -20.44670707 
0.32000000 60.92632178 -20.56932780 
0.32066520 61.15414129 -20.69205876 
0.32133039 61.38123662 -20.81479252 
0.32199559 61.60760776 -20.93752907 
0.32266261 61.83372682 -21.06055105 
0.32332963 62.05907172 -21.18340610 
0.32399666 62.28364246 -21.30609422 
0.32466368 62.50729717 -21.42860424 
0.32533070 62.73012878 -21.55074608 
0.32599773 62.95213729 -21.67251975 
0.32666475 63.17326191 -21.79391781 
0.32733178 63.39356649 -21.91475145 
0.32799880 63.61305105 -22.03502065 
0.32866583 63.83168676 -22.15465736 
0.32933286 64.04956732 -22.27351977 
0.32999989 64.26669272 -22.39160786 
0.33066692 64.48303520 -22.50879221 
0.33133395 64.69874006 -22.62495898 
0.33200099 64.91380729 -22.74010816 
0.33266802 65.12819373 -22.85412577 
0.33333506 65.34210301 -22.96685193 
0.33400210 65.55553513 -23.07828664 
0.33466914 65.76843992 -23.18839816 
0.33533619 65.98106107 -23.29694368 
0.33600323 66.19339859 -23.40392318 
0.33667028 66.40542247 -23.50934014 
0.33733733 66.61736132 -23.61297142 
0.33800438 66.82921512 -23.71481702 
0.33866959 67.04046078 -23.81457148 
0.33933479 67.25182348 -23.91233865 
0.34000000 67.46330320 -24.00811853 
0.34066523 67.67504600 -24.10189956 
0.34133046 67.88715561 -24.19350806 
0.34199570 68.09963203 -24.28294403 
0.34266276 68.31315056 -24.37043020 
0.34332982 68.52729107 -24.45559357 
0.34399688 68.74205357 -24.53843414 
0.34466394 68.95754442 -24.61891570 
0.34533100 69.17390108 -24.69696476 
0.34599807 69.39112354 -24.77258130 
0.34666513 69.60933357 -24.84579561 
0.34733218 69.82861434 -24.91650723 
0.34799924 70.04896585 -24.98471617 
0.34866629 70.27058583 -25.05048633 
0.34933334 70.49349392 -25.11375970 
0.35000038 70.71769013 -25.17453629 
0.35066742 70.94331172 -25.23291025 
0.35133446 71.17040338 -25.28883970 
0.35200149 71.39896510 -25.34232463 
0.35266851 71.62916350 -25.39350310 
0.35333553 71.86093893 -25.44233008 
0.35400254 72.09429139 -25.48880555 
0.35466959 72.32951643 -25.53307664 
0.35533662 72.56643076 -25.57519553 
0.35600365 72.80503436 -25.61516223 
0.35667067 73.04549904 -25.65309988 
0.35733767 73.28775117 -25.68908071 
0.35800467 73.53179075 -25.72310474 
0.35866979 73.77706585 -25.75528956 
0.35933490 74.02412310 -25.78577849 
0.36000000 74.27296252 -25.81457151 
0.36066511 74.52380416 -25.84193437 
0.36133020 74.77638802 -25.86793515 
0.36199529 75.03071411 -25.89257386 
0.36266222 75.28782766 -25.91617983 
0.36332914 75.54655427 -25.93885446 
0.36399607 75.80689395 -25.96059775 
0.36466299 76.06915767 -25.98162640 
0.36532991 76.33284799 -26.00211510 
0.36599684 76.59796490 -26.02206385 
0.36666377 76.86477193 -26.04175675 
0.36733071 77.13271890 -26.06132398 
0.36799766 77.40180583 -26.08076553 
0.36866458 77.67220211 -26.10037378 
0.36933152 77.94338565 -26.12023428 
0.36999847 78.21535646 -26.14034702 
0.37066544 78.48816527 -26.16102743 
0.37133243 78.76134530 -26.18231281 
0.37199943 79.03489655 -26.20420315 
0.37266646 79.30873642 -26.22697099 
0.37333352 79.58241247 -26.25065729 
0.37400060 79.85592469 -26.27526204 
0.37466770 80.12909354 -26.30099168 
0.37533484 80.40151252 -26.32782273 
0.37600201 80.67318163 -26.35575518 
0.37666917 80.94385326 -26.38500274 
0.37733637 81.21307196 -26.41546861 
0.37800360 81.48083773 -26.44715277 
0.37866902 81.74617441 -26.48004516 
0.37933449 82.00937016 -26.51412648 
0.38000000 82.27042499 -26.54939674 
0.38066554 82.52880668 -26.58585745 
0.38133111 82.78426305 -26.62322953 
0.38199672 83.03679408 -26.66151298 
0.38266417 83.28648164 -26.70068454 
0.38333163 83.53260034 -26.74033870 
0.38399911 83.77515017 -26.78047547 
0.38466659 84.01351607 -26.82085206 
0.38533407 84.24781693 -26.86122851 
0.38600153 84.47805277 -26.90160484 
0.38666898 84.70362415 -26.94157922 
0.38733639 84.92473642 -26.98102994 
0.38800378 85.14138959 -27.01995700 
0.38867117 85.35304274 -27.05799791 
0.38933851 85.55996074 -27.09492659 
0.39000580 85.76214358 -27.13074306 
0.39067303 85.95910246 -27.16525834 
0.39134019 86.15113304 -27.19818690 
0.39200727 86.33823533 -27.22952875 
0.39267437 86.52010004 -27.25906574 
0.39334138 86.69694546 -27.28667712 
0.39400829 86.86877158 -27.31236289 
0.39467510 87.03538710 -27.33592877 
0.39534179 87.19699943 -27.35727520 
0.39600837 87.35360857 -27.37640219 
0.39667491 87.50517345 -27.39328512 
0.39734131 87.65182496 -27.40784845 
0.39800757 87.79356313 -27.42009218 
0.39867187 87.93008478 -27.43002333 
0.39933601 88.06189968 -27.43771230 
0.40000000 88.18900782 -27.44315911 
0.40066579 88.31202246 -27.44661098 
0.40133142 88.43044707 -27.44802935 
0.40199688 88.54428166 -27.44741421 
0.40266572 88.65457805 -27.44525865 
0.40333441 88.76033852 -27.44153217 
0.40400295 88.86156306 -27.43623479 
0.40467130 88.95866725 -27.42978497 
0.40533952 89.05133617 -27.42233203 
0.40600761 89.13956981 -27.41387596 
0.40667552 89.22367630 -27.40477164 
0.40734331 89.30340504 -27.39514161 
0.40801099 89.37875604 -27.38498588 
0.40867850 89.44998714 -27.37470310 
0.40934590 89.51691583 -27.36438690 
0.41001319 89.57954214 -27.35403727 
0.41068032 89.63809953 -27.34393931 
0.41134736 89.69245768 -27.33417850 
0.41201431 89.74261660 -27.32475484 
0.41268111 89.78881691 -27.31597925 
0.41334783 89.83100162 -27.30779190 
0.41401448 89.86917073 -27.30019277 
0.41468098 89.90355122 -27.29349746 
0.41534742 89.93422823 -27.28748739 
0.41601380 89.96120179 -27.28216257 
0.41668005 89.98473260 -27.27786923 
0.41734625 90.00501364 -27.27426098 
0.41801241 90.02204490 -27.27133782 
0.41867497 90.03595187 -27.26938328 
0.41933750 90.04737595 -27.26798834 
0.42000000 90.05631713 -27.26715300 
0.42066244 90.06283580 -27.26704790 
0.42132486 90.06776683 -27.26729264 
0.42198728 90.07111022 -27.26788722 
0.42265318 90.07300492 -27.26877412 
0.42331910 90.07424587 -27.26959411 
0.42398504 90.07483308 -27.27034717 
0.42465101 90.07478434 -27.27084253 
0.42531704 90.07435076 -27.27091618 
0.42598311 90.07353234 -27.27056811 
0.42664936 90.07205434 -27.26954721 
0.42731569 90.06983280 -27.26748529 
0.42798211 90.06686774 -27.26438233 
0.42864869 90.06248701 -27.25946052 
0.42931538 90.05656259 -27.25247211 
0.42998218 90.04909447 -27.24341711 
0.43064923 90.03923667 -27.23125277 
0.43131643 90.02680124 -27.21578373 
0.43198376 90.01178819 -27.19700998 
0.43265139 89.99318389 -27.17381320 
0.43331919 89.97081125 -27.14595025 
0.43398716 89.94467025 -27.11342112 
0.43465545 89.91338448 -27.07501816 
0.43532394 89.87658993 -27.03012700 
0.43599263 89.83428659 -26.97874764 
0.43666165 89.78477133 -26.91937583 
0.43733091 89.72792805 -26.85158111 
0.43800040 89.66375676 -26.77536348 
0.43866667 89.59066920 -26.68963469 
0.43933320 89.50839326 -26.59334572 
0.44000000 89.41692894 -26.48649657 
0.44066398 89.31526830 -26.36844453 
0.44132821 89.20361847 -26.23814044 
0.44199271 89.08197943 -26.09558431 
0.44265829 88.94902662 -25.93928355 
0.44332410 88.80657308 -25.76883778 
0.44399013 88.65461881 -25.58424699 
0.44465627 88.49285692 -25.38411182 
0.44532260 88.32447868 -25.16789750 
0.44598912 88.14948409 -24.93560402 
0.44665569 87.96832308 -24.68571830 
0.44732243 87.78589902 -24.41723753 
0.44798933 87.60221190 -24.13016170 
0.44865624 87.41867108 -23.82401057 
0.44932328 87.24027275 -23.49787473 
0.44999046 87.06701693 -23.15175421 
0.45065763 86.90090862 -22.78569063 
0.45132490 86.74533843 -22.39985959 
0.45199228 86.60030636 -21.99426111 
0.45265964 86.46821358 -21.56936089 
0.45332708 86.35029591 -21.12691139 
0.45399458 86.24655335 -20.66691260 
0.45466208 86.15854413 -20.19039416 
0.45532962 86.08520358 -19.69983690 
0.45599720 86.02653168 -19.19524083 
0.45666480 85.98394255 -18.67777691 
0.45733240 85.95480126 -18.15118539 
0.45800001 85.93910780 -17.61546626 
0.45866670 85.93574954 -17.07324364 
0.45933336 85.94097595 -16.52598602 
0.46000000 85.95478701 -15.97369338 
0.46066649 85.98042740 -15.41835772 
0.46133293 86.00842254 -14.86266868 
0.46199933 86.03877242 -14.30662627 
0.46266653 86.07183030 -13.74973584 
0.46333368 86.10609807 -13.19335525 
0.46400079 86.14157573 -12.63748450 
0.46466792 86.18080113 -12.08212090 
0.46533501 86.22422353 -11.52884511 
0.46600205 86.27184292 -10.97765713 
0.46666911 86.32438701 -10.42973360 
0.46733612 86.38226589 -9.88533749 
0.46800308 86.44547956 -9.34446880 
0.46867006 86.51303289 -8.80823880 
0.46933698 86.58511430 -8.27623152 
0.47000386 86.66172381 -7.74844694 
0.47067073 86.74247131 -7.22552982 
0.47133755 86.82684284 -6.70737696 
0.47200433 86.91483839 -6.19398836 
0.47267105 87.00569113 -5.68524180 
0.47333773 87.09959603 -5.18098060 
0.47400436 87.19655308 -4.68120475 
0.47467102 87.29592449 -4.18584305 
0.47533763 87.39810371 -3.69474264 
0.47600419 87.50309076 -3.20790352 
0.47667069 87.61028469 -2.72496126 
0.47733715 87.72069850 -2.24565633 
0.47800355 87.83433218 -1.76998872 
0.47866909 87.95091919 -1.29836757 
0.47933457 88.07172602 -0.82982983 
0.48000000 88.19675268 -0.36437550 
0.48066626 88.32653422 0.09895787 
0.48133246 88.46244953 0.55972683 
0.48199862 88.60449860 1.01793138 
0.48266619 88.75382665 1.47465520 
0.48333371 88.91161747 1.92876621 
0.48400118 89.07787107 2.38026441 
0.48466860 89.25423898 2.82867324 
0.48533596 89.44137777 3.27370498 
0.48600328 89.63928744 3.71535962 
0.48667048 89.85058537 4.15232554 
0.48733762 90.07474343 4.58383930 
0.48800472 90.31176162 5.00990090 
0.48867177 90.56387745 5.42906596 
0.48933878 90.83020160 5.83993113 
0.49000574 91.11073405 6.24249639 
0.49067265 91.40699160 6.63515004 
0.49133952 91.71717456 7.01608451 
0.49200635 92.04128293 7.38529982 
0.49267308 92.37983998 7.74135734 
0.49333977 92.73026125 8.08249287 
0.49400642 93.09254674 8.40870639 
0.49467303 93.46613635 8.71851731 
0.49533960 93.84771756 9.01079166 
0.49600613 94.23729036 9.28552942 
0.49667261 94.63320357 9.54148891 
0.49733906 95.03176544 9.77803565 
0.49800547 95.43297596 9.99516964 
0.49867035 95.83344005 10.19167058 
0.49933519 96.23076256 10.36820283 
0.50000000 96.62494349 10.52476638 
0.50066562 97.01344959 10.66080661 
0.50133121 97.39301225 10.77671453 
0.50199675 97.76363146 10.87249015 
0.50266451 98.12383360 10.94876270 
0.50333222 98.47074457 11.00547424 
0.50399988 98.80436439 11.04262477 
0.50466750 99.12229315 11.06058380 
0.50533507 99.42401990 11.06036523 
0.50600258 99.70954464 11.04196905 
0.50667005 99.97744141 11.00575887 
0.50733746 100.22807210 10.95296662 
0.50800482 100.46143672 10.88359229 
0.50867216 100.67670505 10.79817086 
0.50933944 100.87502621 10.69811456 
0.51000666 101.05640019 10.58342339 
0.51067381 101.22030958 10.45456991 
0.51134090 101.36887066 10.31337527 
0.51200793 101.50208342 10.15983947 
0.51267488 101.61951327 9.99425118 
0.51334177 101.72347995 9.81845449 
0.51400858 101.81398347 9.63244943 
0.51467532 101.89136566 9.43692173 
0.51534198 101.95735354 9.23309967 
0.51600856 102.01194713 9.02098323 
0.51667513 102.05596675 8.80157416 
0.51734162 102.09082576 8.57575495 
0.51800802 102.11652416 8.34352560 
0.51867210 102.13354594 8.10636369 
0.51933610 102.14357777 7.86459064 
0.52000000 102.14661962 7.61820645 
0.52066496 102.14280364 7.36692938 
0.52132983 102.13372730 7.11239164 
0.52199462 102.11939059 6.85459322 
0.52266249 102.09990551 6.59231877 
0.52333029 102.07666550 6.32798569 
0.52399802 102.04967057 6.06159400 
0.52466567 102.01905208 5.79303688 
0.52533326 101.98662178 5.52355251 
0.52600078 101.95237965 5.25314090 
0.52666824 101.91632677 4.98203385 
0.52733565 101.87949158 4.71077963 
0.52800301 101.84187409 4.43937824 
0.52867026 101.80311175 4.16817830 
0.52933748 101.76321286 3.89765897 
0.53000464 101.72217743 3.62782025 
0.53067177 101.67881061 3.35976208 
0.53133887 101.63301129 3.09367784 
0.53200593 101.58477948 2.82956751 
0.53267297 101.53332401 2.56855857 
0.53333998 101.47841889 2.31076112 
0.53400697 101.42006412 2.05617518 
0.53467394 101.35761532 1.80580998 
0.53534089 101.29120259 1.55971400 
0.53600784 101.22082595 1.31788725 
0.53667478 101.14577993 1.08135974 
0.53734171 101.06634651 0.84996638 
0.53800865 100.98252570 0.62370715 
0.53867242 100.89429204 0.40461640 
0.53933621 100.80151508 0.19148483 
0.54000000 100.70419479 -0.01568756 
0.54066395 100.60224808 -0.21641972 
0.54132791 100.49591422 -0.41055078 
0.54199189 100.38519319 -0.59808073 
0.54265920 100.26955162 -0.77958014 
0.54332652 100.14989240 -0.95401167 
0.54399385 100.02621550 -1.12137533 
0.54466119 99.89872830 -1.28141792 
0.54532853 99.76786906 -1.43423842 
0.54599588 99.63363778 -1.57983681 
0.54666323 99.49634927 -1.71795281 
0.54733059 99.35646710 -1.84885216 
0.54799794 99.21399127 -1.97253483 
0.54866530 99.06934283 -2.08884808 
0.54933266 98.92304606 -2.19813015 
0.55000002 98.77510095 -2.30038103 
0.55066737 98.62592743 -2.39564212 
0.55133472 98.47597998 -2.48421439 
0.55200207 98.32525860 -2.56609782 
0.55266945 98.17441919 -2.64156318 
0.55333683 98.02365021 -2.71090507 
0.55400421 97.87295165 -2.77412348 
0.55467157 97.72299001 -2.83146070 
0.55533892 97.57394630 -2.88345687 
0.55600626 97.42582051 -2.93011198 
0.55667360 97.27908421 -2.97158037 
0.55734091 97.13396294 -3.00855666 
0.55800822 96.99045669 -3.04104087 
0.55867216 96.84966324 -3.06908341 
0.55933609 96.71096624 -3.09358361 
0.56000000 96.57436571 -3.11454146 
0.56066396 96.44013408 -3.13223423 
0.56132790 96.30831393 -3.14730253 
0.56199183 96.17890527 -3.15974636 
0.56265911 96.05161051 -3.17003696 
0.56332638 95.92688539 -3.17861857 
0.56399365 95.80472992 -3.18549121 
0.56466091 95.68554023 -3.19112883 
0.56532816 95.56898499 -3.19606837 
0.56599542 95.45506419 -3.20030984 
0.56666267 95.34400977 -3.20414739 
0.56732993 95.23553750 -3.20821285 
0.56799719 95.12964737 -3.21250620 
0.56866442 95.02654072 -3.21729716 
0.56933165 94.92580174 -3.22302282 
0.56999889 94.82743041 -3.22968318 
0.57066615 94.73166946 -3.23770888 
0.57133343 94.63798292 -3.24733340 
0.57200072 94.54637080 -3.25855674 
0.57266803 94.45713778 -3.27174805 
0.57333537 94.36961352 -3.28701986 
0.57400273 94.28379803 -3.30437218 
0.57467012 94.20004227 -3.32414601 
0.57533754 94.11772651 -3.34643935 
0.57600498 94.03685075 -3.37125221 
0.57667240 93.95741473 -3.39862974 
0.57733986 93.87910942 -3.42869898 
0.57800735 93.80193481 -3.46145992 
0.57867152 93.72624584 -3.49676902 
0.57933574 93.65131598 -3.53477866 
0.58000000 93.57714525 -3.57548883 
0.58066461 93.50363440 -3.61879941 
0.58132925 93.43060104 -3.66466092 
0.58199391 93.35804516 -3.71307338 
0.58266221 93.28543499 -3.76413430 
0.58333050 93.21294510 -3.81744461 
0.58399879 93.14057550 -3.87300428 
0.58466706 93.06812465 -3.93055588 
0.58533530 92.99544947 -3.98990789 
0.58600351 92.92254999 -4.05106030 
0.58667167 92.84913558 -4.11359910 
0.58733976 92.77517646 -4.17740909 
0.58800778 92.70067263 -4.24249030 
0.58867580 92.62524170 -4.30838861 
0.58934372 92.54891535 -4.37483751 
0.59001154 92.47169359 -4.44183702 
0.59067924 92.39323859 -4.50903244 
0.59134682 92.31354532 -4.57604064 
0.59201427 92.23261378 -4.64286162 
0.59268166 92.15011103 -4.70908250 
0.59334890 92.06605559 -4.77435515 
0.59401597 91.98044746 -4.83867958 
0.59468287 91.89294203 -4.90142824 
0.59534957 91.80360825 -4.96246663 
0.59601607 91.71244612 -5.02179477 
0.59668246 91.61900619 -5.07853281 
0.59734862 91.52350169 -5.13274099 
0.59801455 91.42593261 -5.18441930 
0.59867662 91.32628478 -5.23227040 
0.59933844 91.22434051 -5.27675680 
0.60000000 91.12009979 -5.31787849 
0.60066724 91.01196983 -5.35501905 
0.60133420 90.90114506 -5.38778211 
0.60200090 90.78762548 -5.41616768 
0.60267386 90.66979971 -5.43957634 
0.60334655 90.54904352 -5.45779779 
0.60401899 90.42535690 -5.47083205 
0.60469119 90.29824105 -5.47784084 
0.60536314 90.16799129 -5.47889742 
0.60603485 90.03460762 -5.47400179 
0.60670625 89.89784672 -5.46254792 
0.60737743 89.75785874 -5.44461681 
0.60804838 89.61464370 -5.42020847 
0.60871908 89.46795706 -5.38867621 
0.60938958 89.31799616 -5.35029850 
0.61005987 89.16476100 -5.30507535 
0.61072992 89.00807384 -5.25244237 
0.61139977 88.84805159 -5.19270208 
0.61206944 88.68469424 -5.12585447 
0.61273889 88.51799716 -5.05150518 
0.61340816 88.34792802 -4.97001306 
0.61407727 88.17448683 -4.88137812 
0.61474621 87.99771206 -4.78531367 
0.61541500 87.81753902 -4.68223217 
0.61608363 87.63396770 -4.57213363 
0.61675201 87.44711495 -4.45493415 
0.61742026 87.25680759 -4.33106487 
0.61808837 87.06304564 -4.20052578 
0.61872569 86.87508107 -4.06963227 
0.61936290 86.68381828 -3.93316819 
0.62000000 86.48925727 -3.79113353 
0.62060609 86.30131838 -3.65066061 
0.62121209 86.11024592 -3.50559986 
0.62181801 85.91603990 -3.35595129 
0.62242387 85.71891678 -3.20167551 
0.62302966 85.51846826 -3.04331666 
0.62363539 85.31469434 -2.88087475 
0.62424115 85.10799131 -2.71435527 
0.62484688 84.89764428 -2.54440139 
0.62545257 84.68365326 -2.37101311 
0.62605823 84.46637556 -2.19411232 
0.62666388 84.24526525 -2.01437264 
0.62726951 84.02032231 -1.83179406 
0.62787513 83.79196579 -1.64623477 
0.62848077 83.55938298 -1.45856388 
0.62908641 83.32257390 -1.26878141 
0.62969213 83.08191749 -1.07660849 
0.63029789 82.83676744 -0.88289490 
0.63090367 82.58712377 -0.68764067 
0.63150949 82.33349341 -0.49062688 
0.63211537 82.07498696 -0.29271118 
0.63272129 81.81160444 -0.09389355 
0.63332728 81.54368427 0.10601800 
0.63393335 81.27071961 0.30633240 
0.63453948 80.99271046 0.50704963 
0.63514578 80.70984382 0.70825283 
0.63575216 80.42163984 0.90932057 
0.63635865 80.12809852 1.11025284 
0.63696524 79.82948164 1.31110254 
0.63757195 79.52535768 1.51133406 
0.63817878 79.21572666 1.71094741 
0.63878571 78.90078493 1.90995837 
0.63939279 78.58031027 2.10793518 
0.64000000 78.25430266 2.30487783 
0.64063790 77.90627895 2.51064822 
0.64127596 77.55226664 2.71479427 
0.64191419 77.19226573 2.91731597 
0.64258280 76.80921007 3.12780101 
0.64325159 76.41972906 3.33617094 
0.64392056 76.02382272 3.54242577 
0.64458972 75.62188200 3.74664331 
0.64525905 75.21368266 3.94848463 
0.64592855 74.79922470 4.14794973 
0.64659820 74.37893926 4.34515629 
0.64726801 73.95262118 4.53978237 
0.64793798 73.52027048 4.73182797 
0.64860803 73.08222815 4.92142503 
0.64927822 72.63848771 5.10835991 
0.64994856 72.18904915 5.29263260 
0.65061904 71.73412942 5.47430038 
0.65128967 71.27380125 5.65321399 
0.65196043 70.80806465 5.82937345 
0.65263129 70.33726532 6.00283738 
0.65330228 69.86135101 6.17348865 
0.65397340 69.38032172 6.34132726 
0.65464465 68.89467317 6.50636428 
0.65531602 68.40430083 6.66845097 
0.65598752 67.90920470 6.82758733 
0.65665905 67.40978866 6.98382609 
0.65733070 66.90606874 7.13703870 
0.65800246 66.39804494 7.28722517 
0.65866820 65.89079807 7.43297823 
0.65933405 65.37958871 7.57552280 
0.66000000 64.86441685 7.71485888 
0.66066123 64.34939505 7.85001622 
0.66132257 63.83068229 7.98174915 
0.66198402 63.30827859 8.11005765 
0.66264966 62.77923918 8.23562348 
0.66331543 62.24689786 8.35733573 
0.66398132 61.71125463 8.47519439 
0.66464733 61.17268979 8.58906619 
0.66531347 60.63138381 8.69861105 
0.66597974 60.08733669 8.80382898 
0.66664621 59.54101073 8.90442859 
0.66731281 58.99260033 9.00017447 
0.66797955 58.44210549 9.09106664 
0.66864644 57.89006057 9.17678751 
0.66931349 57.33673258 9.25707290 
0.66998068 56.78212151 9.33192283 
0.67064815 56.22658740 9.40103441 
0.67131577 55.67061767 9.46421289 
0.67198356 55.11421232 9.52145826 
0.67265152 54.55787610 9.57236788 
0.67331965 54.00193775 9.61687918 
0.67398796 53.44639726 9.65499217 
0.67465655 52.89178701 9.68650645 
0.67532533 52.33857518 9.71120019 
0.67599429 51.78676178 9.72907339 
0.67666344 51.23686280 9.74005797 
0.67733278 50.68930212 9.74414894 
0.67800232 50.14407974 9.74134632 
0.67866801 49.60529537 9.73153138 
0.67933390 49.06988049 9.71496460 
0.68000000 48.53783509 9.69164596 
0.68066352 48.01245091 9.66166403 
0.68132723 47.49174330 9.62521805 
0.68199115 46.97571226 9.58230800 
0.68265698 46.46374984 9.53296567 
0.68332300 45.95732378 9.47769208 
0.68398919 45.45643406 9.41648722 
0.68465550 44.96151348 9.34955505 
0.68532197 44.47268368 9.27745288 
0.68598859 43.98994466 9.20018072 
0.68665531 43.51338690 9.11800581 
0.68732215 43.04323768 9.03149051 
0.68798912 42.57949700 8.94063483 
0.68865616 42.12216664 8.84580196 
0.68932331 41.67135535 8.74750008 
0.68999056 41.22706314 8.64572919 
0.69065787 40.78920396 8.54087917 
0.69132525 40.35786385 8.43345871 
0.69199273 39.93304281 8.32346781 
0.69266023 39.51465360 8.21126915 
0.69332780 39.10268605 8.09730615 
0.69399544 38.69714016 7.98157883 
0.69466312 38.29775344 7.86448153 
0.69533085 37.90463508 7.74643127 
0.69599862 37.51778507 7.62742803 
0.69666636 37.13692739 7.50776184 
0.69733411 36.76203346 7.38785133 
0.69800188 36.39310329 7.26769650 
0.69866793 36.03083791 7.14789977 
0.69933397 35.67417969 7.02838598 
0.70000000 35.32312865 6.90915513 
0.70066581 34.97730486 6.79074475 
0.70133160 34.63672657 6.67312153 
0.70199737 34.30139379 6.55628547 
0.70266473 33.97005888 6.44031717 
0.70333206 33.64358224 6.32558989 
0.70399936 33.32196386 6.21210362 
0.70466664 33.00490584 6.10012783 
0.70533390 32.69237859 5.98974713 
0.70600112 32.38438210 5.88096150 
0.70666839 32.08062080 5.77400811 
0.70733563 31.78109333 5.66889566 
0.70800284 31.48579968 5.56562414 
0.70867000 31.19444810 5.46445602 
0.70933713 30.90702202 5.36537809 
0.71000421 30.62352147 5.26839038 
0.71067125 30.34370090 5.17371247 
0.71133823 30.06749861 5.08132471 
0.71200518 29.79491460 4.99122709 
0.71267213 29.52567972 4.90360646 
0.71333903 29.25976858 4.81841626 
0.71400587 28.99718119 4.73565651 
0.71467266 28.73771221 4.65549917 
0.71533939 28.48123935 4.57789661 
0.71600605 28.22776260 4.50284881 
0.71667266 27.97714976 4.43054888 
0.71733920 27.72925411 4.36083903 
0.71800567 27.48407567 4.29371927 
0.71867052 27.24203782 4.22952349 
0.71933530 27.00237751 4.16792077 
0.72000000 26.76509474 4.10891111 
0.72066550 26.52972349 4.05260461 
0.72133093 26.29642787 3.99883034 
0.72199630 26.06520788 3.94758832 
0.72266386 25.83506133 3.89885849 
0.72333136 25.60678874 3.85258147 
0.72399880 25.38039012 3.80875725 
0.72466618 25.15573087 3.76741606 
0.72533351 24.93275682 3.72833514 
0.72600080 24.71146797 3.69151448 
0.72666803 24.49179845 3.65698048 
0.72733523 24.27367407 3.62447198 
0.72800238 24.05709484 3.59398896 
0.72866944 23.84205879 3.56557928 
0.72933647 23.62845927 3.53891488 
0.73000347 23.41629627 3.51399577 
0.73067045 23.20556458 3.49085980 
0.73133740 22.99619325 3.46924197 
0.73200433 22.78818228 3.44914228 
0.73267124 22.58154308 3.43048568 
0.73333814 22.37619315 3.41303583 
0.73400503 22.17213249 3.39679273 
0.73467191 21.96933977 3.38173632 
0.73533879 21.76781373 3.36759775 
0.73600567 21.56755436 3.35437702 
0.73667251 21.36853467 3.34203047 
0.73733935 21.17071086 3.33031926 
0.73800621 20.97408292 3.31924338 
0.73867079 20.77936680 3.30879425 
0.73933538 20.58582114 3.29870416 
0.74000000 20.39344594 3.28897309 
0.74066439 20.20235463 3.27949120 
0.74132880 20.01240969 3.27016888 
0.74199324 19.82361112 3.26100614 
0.74265980 19.63553470 3.25182230 
0.74332639 19.44858189 3.24251054 
0.74399301 19.26275269 3.23307084 
0.74465966 19.07819134 3.22350487 
0.74532635 18.89477608 3.21359005 
0.74599307 18.71250691 3.20332637 
0.74665983 18.53147465 3.19274954 
0.74732662 18.35160923 3.18166675 
0.74799346 18.17291064 3.17007800 
0.74866039 17.99541031 3.15795098 
0.74932736 17.81910272 3.14517112 
0.74999437 17.64398788 3.13173840 
0.75066143 17.47008963 3.11759121 
0.75132854 17.29740521 3.10268488 
0.75199570 17.12593460 3.08701938 
0.75266292 16.95575273 3.07050429 
0.75333018 16.78680494 3.05311667 
0.75399750 16.61909124 3.03485653 
0.75466488 16.45271481 3.01567433 
0.75533231 16.28763930 2.99554413 
0.75599981 16.12386473 2.97446592 
0.75666736 15.96145108 2.95240989 
0.75733498 15.80041910 2.92937647 
0.75800266 15.64076878 2.90536567 
0.75866837 15.48304139 2.88041816 
0.75933415 15.32675651 2.85451217 
0.76000000 15.17191414 2.82764770 
0.76066500 15.01889179 2.79987914 
0.76133008 14.86743103 2.77119290 
0.76199521 14.71753187 2.74158898 
0.76266175 14.56897902 2.71103392 
0.76332834 14.42207851 2.67970764 
0.76399500 14.27683034 2.64761017 
0.76466170 14.13330557 2.61474286 
0.76532846 13.99145181 2.58120801 
0.76599527 13.85126907 2.54700561 
0.76666213 13.71279957 2.51227405 
0.76732903 13.57602744 2.47702250 
0.76799597 13.44095271 2.44125099 
0.76866290 13.30758746 2.40509150 
0.76932987 13.17593338 2.36860065 
0.76999687 13.04599046 2.33177845 
0.77066390 12.91770200 2.29470940 
0.77133095 12.79111987 2.25747606 
0.77199804 12.66624406 2.22007844 
0.77266514 12.54298297 2.18260554 
0.77333227 12.42141068 2.14512135 
0.77399941 12.30152720 2.10762587 
0.77466656 12.18322318 2.07020829 
0.77533373 12.06656043 2.03293559 
0.77600091 11.95153896 1.99580779 
0.77666809 11.83809547 1.95888422 
0.77733528 11.72622877 1.92222702 
0.77800246 11.61593887 1.88583619 
0.77866832 11.50740137 1.84987999 
0.77933416 11.40038370 1.81428156 
0.78000000 11.29488584 1.77904091 
0.78066581 11.19082596 1.74426724 
0.78133161 11.08822218 1.70994806 
0.78199740 10.98707451 1.67608338 
0.78266454 10.88709749 1.64265964 
0.78333167 10.78850476 1.60977008 
0.78399879 10.69129633 1.57741469 
0.78466589 10.59546043 1.54563430 
0.78533298 10.50094514 1.51441027 
0.78600005 10.40775044 1.48374260 
0.78666711 10.31584200 1.45370994 
0.78733415 10.22521591 1.42427124 
0.78800117 10.13587218 1.39542651 
0.78866818 10.04774505 1.36722930 
0.78933516 9.96083996 1.33964938 
0.79000213 9.87515690 1.31268673 
0.79066907 9.79063549 1.28639540 
0.79133599 9.70728084 1.26072605 
0.79200289 9.62509295 1.23567867 
0.79266981 9.54399163 1.21130448 
0.79333670 9.46399372 1.18756841 
0.79400357 9.38509921 1.16447045 
0.79467041 9.30725569 1.14203299 
0.79533723 9.23043911 1.12022571 
0.79600402 9.15464947 1.09904861 
0.79667078 9.07986244 1.07853348 
0.79733752 9.00603733 1.05863579 
0.79800423 8.93317412 1.03935553 
0.79866952 8.86140235 1.02075442 
0.79933477 8.79051697 1.00274959 
0.80000000 8.72051796 0.98534103 
0.80066560 8.65135214 0.96852939 
0.80133118 8.58300401 0.95227237 
0.80199673 8.51547355 0.93656997 
0.80266390 8.44857224 0.92142184 
0.80333105 8.38244952 0.90677394 
0.80399817 8.31710540 0.89262627 
0.80466527 8.25249360 0.87902043 
0.80533234 8.18860445 0.86586316 
0.80599940 8.12543793 0.85315447 
0.80666644 8.06298543 0.84092131 
0.80733346 8.00120601 0.82908131 
0.80800046 7.94009966 0.81763449 
0.80866745 7.87966631 0.80659511 
0.80933442 7.81987021 0.79588981 
0.81000138 7.76071134 0.78551858 
0.81066833 7.70218569 0.77548311 
0.81133527 7.64426198 0.76572833 
0.81200220 7.58694022 0.75625424 
0.81266912 7.53022474 0.74704607 
0.81333604 7.47407609 0.73806038 
0.81400295 7.41849427 0.72929717 
0.81466982 7.36350068 0.72075453 
0.81533669 7.30905041 0.71236849 
0.81600356 7.25514345 0.70413906 
0.81667042 7.20177460 0.69607914 
0.81733729 7.14893025 0.68813752 
0.81800416 7.09661040 0.68031419 
0.81866944 7.04494285 0.67261966 
0.81933471 6.99377522 0.66499999 
0.82000000 6.94310750 0.65745517 
0.82066526 6.89295517 0.64998574 
0.82133054 6.84328712 0.64256146 
0.82199581 6.79410335 0.63518233 
0.82266277 6.74530642 0.62784763 
0.82332973 6.69698469 0.62053018 
0.82399669 6.64913816 0.61322996 
0.82466366 6.60176572 0.60597548 
0.82533064 6.55485262 0.59873722 
0.82599763 6.50839886 0.59151518 
0.82666461 6.46241089 0.58432151 
0.82733161 6.41686002 0.57713858 
0.82799861 6.37174625 0.56996641 
0.82866561 6.32708450 0.56282051 
0.82933261 6.28283978 0.55568538 
0.82999962 6.23901209 0.54856101 
0.83066664 6.19563455 0.54146816 
0.83133365 6.15266064 0.53437993 
0.83200067 6.11009037 0.52729632 
0.83266769 6.06793186 0.52025429 
0.83333471 6.02617269 0.51322607 
0.83400174 5.98481287 0.50621167 
0.83466876 5.94385513 0.49923810 
0.83533579 5.90328301 0.49227741 
0.83600281 5.86309649 0.48532960 
0.83666984 5.82328865 0.47843199 
0.83733686 5.78386014 0.47155644 
0.83800389 5.74481094 0.46470293 
0.83866926 5.70623061 0.45791234 
0.83933463 5.66801245 0.45114982 
0.84000000 5.63015646 0.44441537 
0.84066536 5.59266458 0.43772963 
0.84133072 5.55552524 0.43107396 
0.84199608 5.51873845 0.42444836 
0.84266310 5.48221544 0.41786410 
0.84333011 5.44603944 0.41130880 
0.84399712 5.41021045 0.40478245 
0.84466413 5.37473148 0.39831829 
0.84533114 5.33959109 0.39188158 
0.84599815 5.30478927 0.38547233 
0.84666516 5.27032651 0.37912517 
0.84733216 5.23619858 0.37281024 
0.84799916 5.20240549 0.36652754 
0.84866616 5.16894736 0.36029807 
0.84933316 5.13581728 0.35410050 
0.85000016 5.10301527 0.34793483 
0.85066716 5.07054110 0.34182932 
0.85133416 5.03839158 0.33575345 
0.85200115 5.00656669 0.32970722 
0.85266815 4.97506270 0.32371775 
0.85333514 4.94387858 0.31775836 
0.85400213 4.91301435 0.31182903 
0.85466912 4.88246741 0.30595908 
0.85533611 4.85223568 0.30012082 
0.85600310 4.82231913 0.29431423 
0.85667009 4.79271804 0.28856302 
0.85733708 4.76342821 0.28284061 
0.85800406 4.73444966 0.27714701 
0.85866938 4.70585289 0.27152368 
0.85933469 4.67756183 0.26593254 
0.86000000 4.64957649 0.26037356 
0.86066532 4.62190051 0.25486666 
0.86133064 4.59453084 0.24938821 
0.86199596 4.56746748 0.24393820 
0.86266294 4.54063404 0.23853290 
0.86332991 4.51411389 0.23315349 
0.86399689 4.48790702 0.22779998 
0.86466387 4.46199672 0.22248636 
0.86533085 4.43639021 0.21720924 
0.86599783 4.41108748 0.21196863 
0.86666481 4.38611157 0.20676656 
0.86733179 4.36143806 0.20158271 
0.86799877 4.33706694 0.19641707 
0.86866575 4.31301053 0.19129937 
0.86933274 4.28926357 0.18619992 
0.86999972 4.26582606 0.18111873 
0.87066671 4.24270616 0.17608988 
0.87133370 4.21990433 0.17106907 
0.87200070 4.19742057 0.16605630 
0.87266769 4.17526040 0.16107813 
0.87333469 4.15341484 0.15610909 
0.87400169 4.13188389 0.15114919 
0.87466869 4.11069461 0.14621811 
0.87533570 4.08983113 0.14128612 
0.87600271 4.06929346 0.13635322 
0.87666972 4.04909342 0.13143837 
0.87733674 4.02922902 0.12651757 
0.87800376 4.00970027 0.12159081 
0.87866917 3.99056949 0.11667497 
0.87933458 3.97177855 0.11173997 
0.88000000 3.95332745 0.10678581 
0.88066520 3.93524140 0.10182280 
0.88133040 3.91750466 0.09682541 
0.88199561 3.90011722 0.09179366 
0.88266235 3.88306432 0.08671480 
0.88332909 3.86637118 0.08158198 
0.88399584 3.85003779 0.07639519 
0.88466260 3.83409977 0.07115792 
0.88532939 3.81852678 0.06584437 
0.88599618 3.80331883 0.06045455 
0.88666299 3.78853331 0.05498741 
0.88732983 3.77413001 0.04941655 
0.88799668 3.76010894 0.04374199 
0.88866355 3.74650264 0.03796452 
0.88933045 3.73328750 0.03206928 
0.88999737 3.72046354 0.02605625 
0.89066432 3.70808803 0.01992160 
0.89133129 3.69610626 0.01363181 
0.89199829 3.68451821 0.00718691 
0.89266528 3.67336685 0.00062184 
0.89333229 3.66262988 -0.00612497 
0.89399934 3.65230729 -0.01305354 
0.89466642 3.64238388 -0.02012545 
0.89533353 3.63286616 -0.02736793 
0.89600069 3.62375413 -0.03478100 
0.89666788 3.61506459 -0.04237777 
0.89733511 3.60675427 -0.05015187 
0.89800239 3.59882315 -0.05810329 
0.89866821 3.59129610 -0.06619774 
0.89933408 3.58412618 -0.07445288 
0.90000000 3.57731339 -0.08286870 
0.90066593 3.57084947 -0.09141724 
0.90133190 3.56470829 -0.10009231 
0.90199791 3.55888983 -0.10889390 
0.90266544 3.55334688 -0.11780122 
0.90333298 3.54808384 -0.12678178 
0.90400054 3.54310073 -0.13583557 
0.90466809 3.53833468 -0.14491374 
0.90533563 3.53379523 -0.15399332 
0.90600316 3.52948237 -0.16307431 
0.90667066 3.52533729 -0.17212129 
0.90733812 3.52136386 -0.18109911 
0.90800555 3.51756210 -0.19000777 
0.90867298 3.51387750 -0.19879701 
0.90934034 3.51032946 -0.20744901 
0.91000764 3.50691798 -0.21596375 
0.91067487 3.50358017 -0.22428335 
0.91134202 3.50034867 -0.23239227 
0.91200908 3.49722345 -0.24029051 
0.91267610 3.49414965 -0.24792722 
0.91334302 3.49116009 -0.25528624 
0.91400982 3.48825477 -0.26236757 
0.91467651 3.48539054 -0.26911456 
0.91534306 3.48260012 -0.27553077 
0.91600947 3.47988350 -0.28161621 
0.91667574 3.47719544 -0.28731183 
0.91734186 3.47457562 -0.29262271 
0.91800782 3.47202403 -0.29754884 
0.91867206 3.46951848 -0.30203334 
0.91933612 3.46707822 -0.30609974 
0.92000000 3.46470325 -0.30974802 
0.92066939 3.46235728 -0.31296286 
0.92133858 3.46007996 -0.31573285 
0.92200755 3.45787129 -0.31805798 
0.92268070 3.45571192 -0.31991873 
0.92335362 3.45362250 -0.32132589 
0.92402631 3.45160302 -0.32227947 
0.92469871 3.44965880 -0.32274693 
0.92537086 3.44778773 -0.32277954 
0.92604276 3.44598981 -0.32237731 
0.92671436 3.44425332 -0.32151261 
0.92738569 3.44258631 -0.32022548 
0.92805674 3.44098876 -0.31851591 
0.92872752 3.43948323 -0.31637257 
0.92939801 3.43801790 -0.31384128 
0.93006820 3.43659277 -0.31092205 
0.93073805 3.43525255 -0.30758272 
0.93140758 3.43395391 -0.30388534 
0.93207681 3.43269686 -0.29982990 
0.93274574 3.43148300 -0.29539167 
0.93341434 3.43029194 -0.29061261 
0.93408261 3.42912367 -0.28549273 
0.93475053 3.42800023 -0.28001418 
0.93541810 3.42686489 -0.27422238 
0.93608532 3.42571764 -0.26811733 
0.93675225 3.42458563 -0.26165775 
0.93741880 3.42341570 -0.25489227 
0.93808498 3.42220786 -0.24782087 
0.93872369 3.42101898 -0.24070948 
0.93936202 3.41975314 -0.23332175 
0.94000000 3.41841032 -0.22565768 
0.94061018 3.41710276 -0.21801139 
0.94122003 3.41566145 -0.21012337 
0.94182955 3.41408638 -0.20199361 
0.94243878 3.41240287 -0.19354841 
0.94304771 3.41054812 -0.18484732 
0.94365633 3.40852215 -0.17589034 
0.94426465 3.40633143 -0.16662727 
0.94487269 3.40387354 -0.15711681 
0.94548044 3.40114848 -0.14735896 
0.94608792 3.39819921 -0.13727356 
0.94669514 3.39487765 -0.12696284 
0.94730210 3.39118377 -0.11642682 
0.94790881 3.38718659 -0.10555748 
0.94851528 3.38268465 -0.09450269 
0.94912151 3.37767795 -0.08326243 
0.94972745 3.37224372 -0.07169014 
0.95033318 3.36617441 -0.05997008 
0.95093869 3.35947002 -0.04810224 
0.95154399 3.35218799 -0.03594321 
0.95214911 3.34407879 -0.02369283 
0.95275403 3.33514244 -0.01135108 
0.95335869 3.32571422 0.00124486 
0.95396318 3.31521330 0.01381893 
0.95456749 3.30363966 0.02637114 
0.95517165 3.29120024 0.03909753 
0.95577567 3.27764896 0.05176355 
0.95637954 3.26298581 0.06436921 
0.95698327 3.24728694 0.07703151 
0.95758687 3.23025737 0.08949523 
0.95819036 3.21189711 0.10176036 
0.95879367 3.19233978 0.11399908 
0.95939689 3.17131372 0.12593870 
0.96000000 3.14881891 0.13757923 
0.96060599 3.12486002 0.14914126 
0.96121188 3.09930308 0.16029733 
0.96181768 3.07214807 0.17104745 
0.96242612 3.04339310 0.18160796 
0.96303445 3.01293525 0.19166964 
0.96364266 2.98077452 0.20123246 
0.96425074 2.94707053 0.21048905 
0.96485868 2.91159408 0.21917483 
0.96546649 2.87434517 0.22728981 
0.96607420 2.83557530 0.23502765 
0.96668176 2.79499884 0.24213416 
0.96728916 2.75261580 0.24860934 
0.96789640 2.70860051 0.25467352 
0.96850346 2.66286272 0.26010612 
0.96911036 2.61540245 0.26490715 
0.96971714 2.56635124 0.26925542 
0.97032373 2.51564443 0.27293100 
0.97093013 2.46328201 0.27593389 
0.97153634 2.40942853 0.27841838 
0.97214233 2.35401030 0.28024577 
0.97274811 2.29702733 0.28141605 
0.97335375 2.23883085 0.28210430 
0.97395916 2.17915313 0.28201621 
0.97456434 2.11799419 0.28115178 
0.97516928 2.05594343 0.27998612 
0.97577398 1.99263998 0.27802012 
0.97637843 1.92808382 0.27525380 
0.97698270 1.86248884 0.27212562 
0.97758670 1.79599384 0.26833798 
0.97819043 1.72859883 0.26389086 
0.97879390 1.66048030 0.25905505 
0.97939709 1.59171237 0.25358964 
0.98000000 1.52229504 0.24749462 
0.98061244 1.45139220 0.24097500 
0.98122458 1.38018775 0.23380808 
0.98183642 1.30868169 0.22599389 
0.98245217 1.23668022 0.21787661 
0.98306762 1.16488947 0.20920039 
0.98368278 1.09330944 0.19996525 
0.98429764 1.02199177 0.19052745 
0.98491222 0.95148612 0.18068800 
0.98552651 0.88179250 0.17044688 
0.98614042 0.81314932 0.15994185 
0.98675405 0.74578058 0.14918862 
0.98736740 0.67968626 0.13818718 
0.98798047 0.61555642 0.12742444 
0.98859327 0.55332820 0.11645253 
0.98920579 0.49300161 0.10527145 
0.98981796 0.43532884 0.09448520 
0.99042986 0.38053467 0.08386457 
0.99104149 0.32861910 0.07340956 
0.99165272 0.27987095 0.06360790 
0.99226368 0.23470110 0.05411309 
0.99287438 0.19310955 0.04492514 
0.99345539 0.15691669 0.03735021 
0.99403615 0.12460827 0.03015678 
0.99461669 0.09618428 0.02334486 
0.99510527 0.07536363 0.01876254 
0.99559368 0.05722770 0.01438518 
0.99608194 0.04177646 0.01021276 
0.99646123 0.03162329 0.00793601 
0.99684042 0.02310551 0.00585085 
0.99721951 0.01622310 0.00395726 
0.99751351 0.01189992 0.00295951 
0.99780745 0.00838605 0.00207621 
0.99810133 0.00568150 0.00130737 
0.99837835 0.00372831 0.00082643 
0.99865532 0.00224930 0.00048052 
0.99893224 0.00124446 0.00026962 
0.99928824 0.00051372 0.00010796 
0.99964416 0.00009890 0.00001809 
1.00000000 0.00000000 0.00000000 
