0.012195  16.6975 -0.284149 16.3976 15.1423 -10.9383
0.036585  16.7287 -0.248122 16.5436 12.7742 -11.2962
0.060976  16.7591 -0.205564 16.665 10.4354 -11.3194
0.085366  16.7891 -0.161197 16.7598 8.19515 -10.7146
0.109756  16.8177 -0.118243 16.8276 6.12117 -9.26191
0.134146  16.8435 -0.0797418 16.8704 4.27586 -7.14461
0.158537  16.8653 -0.0491326 16.8942 2.71375 -4.3635
0.182927  16.8818 -0.027586 16.9064 1.47916 -0.926668
0.207317  16.8919 -0.0131858 16.9124 0.604644 1.79641
0.231707  16.8959 -0.0037599 16.9146 0.111659 1.73028
0.256098  16.8961 0.00233118 16.9146 0.0123079 -0.78535
0.280488  16.894 0.0085013 16.9131 0.309352 -2.4414
0.304878  16.8877 0.0194479 16.9094 0.995393 -0.864206
0.329268  16.8746 0.0377805 16.9009 2.05324 2.73327
0.353659  16.8547 0.0637719 16.8836 3.4561 5.95424
0.378049  16.8303 0.0976158 16.8511 5.16606 8.21204
0.402439  16.8031 0.138712 16.7966 7.13329 10.0058
0.426829  16.774 0.183601 16.7156 9.2985 11.1809
0.451220  16.7436 0.227459 16.6072 11.5965 11.4185
0.475610  16.7127 0.266633 16.4732 13.9587 11.095
0.500000  16.6811 0.297949 16.3162 16.3162 10.5931
0.524390  16.6486 0.317824 16.1404 18.6041 9.78424
0.548780  16.6157 0.324211 15.9515 20.7644 8.67695
0.573171  16.5834 0.31758 15.7564 22.7479 7.5945
0.597561  16.5534 0.298932 15.5626 24.516 6.55994
0.621951  16.5271 0.269022 15.3783 26.0422 5.36533
0.646341  16.5058 0.229793 15.2119 27.3098 4.11989
0.670732  16.4909 0.183799 15.0704 28.3099 3.03225
0.695122  16.4826 0.132104 14.9601 29.0396 2.01003
0.719512  16.4796 0.075095 14.8866 29.501 0.992285
0.743902  16.479 0.0148518 14.8545 29.698 0.151996
0.768293  16.4789 -0.0455158 14.8654 29.6327 -0.557378
0.792683  16.4804 -0.103872 14.9186 29.3039 -1.44068
0.817073  16.4861 -0.15865 15.011 28.7086 -2.5252
0.841463  16.4977 -0.207943 15.1378 27.8439 -3.60543
0.865854  16.5157 -0.250367 15.2926 26.7094 -4.71163
0.890244  16.5397 -0.285051 15.4688 25.3107 -5.94111
0.914634  16.5683 -0.310065 15.6589 23.6608 -7.12488
0.939024  16.5997 -0.322872 15.8545 21.7812 -8.15695
0.963415  16.6323 -0.322523 16.0473 19.7039 -9.19641
0.987805  16.6652 -0.309475 16.2304 17.4728 -10.2172
