0.012195  18.6122 -1.25974 17.6719 16.3196 -19.2105
0.036585  19.115 -1.20844 18.4109 14.2154 -19.9392
0.060976  19.5698 -1.08186 19.1225 11.9741 -20.1245
0.085366  19.9641 -0.89724 19.7537 9.65966 -19.4512
0.109756  20.2859 -0.673859 20.2602 7.36977 -17.9036
0.134146  20.5313 -0.442701 20.6137 5.22417 -15.7951
0.158537  20.7105 -0.247754 20.8157 3.34385 -12.7278
0.182927  20.8331 -0.116769 20.9044 1.82923 -8.13029
0.207317  20.9008 -0.0432337 20.934 0.748228 -3.29285
0.231707  20.9245 -0.00741604 20.9416 0.138146 -0.620006
0.256098  20.9262 0.00579664 20.9411 0.0153445 -0.0363218
0.280488  20.9144 0.0194458 20.9372 0.382964 1.44293
0.304878  20.8723 0.0686237 20.9242 1.23177 5.56072
0.329268  20.7796 0.176812 20.8718 2.53563 10.6314
0.353659  20.629 0.342975 20.7303 4.24337 14.4406
0.378049  20.4162 0.553213 20.4549 6.27106 16.8964
0.402439  20.1334 0.784438 20.0256 8.50484 18.7564
0.426829  19.7764 0.998473 19.4524 10.8205 19.9236
0.451220  19.3502 1.15633 18.7727 13.1084 20.1159
0.475610  18.8672 1.2407 18.041 15.2876 19.62
0.500000  18.3485 1.25244 17.3108 17.3108 18.6341
0.524390  17.8203 1.19542 16.626 19.1632 16.9894
0.548780  17.3067 1.07999 16.0194 20.853 14.7615
0.573171  16.8289 0.92876 15.5074 22.389 12.2987
0.597561  16.408 0.763636 15.0865 23.7654 9.78584
0.621951  16.0578 0.596666 14.7427 24.9653 7.37475
0.646341  15.7795 0.439328 14.4648 25.9695 5.2984
0.670732  15.5742 0.304845 14.2446 26.7588 3.51088
0.695122  15.4473 0.195544 14.0749 27.3204 1.85655
0.719512  15.389 0.10247 13.9577 27.6602 0.628934
0.743902  15.3692 0.0188316 13.9052 27.8011 0.115724
0.768293  15.3696 -0.0596706 13.9251 27.7578 -0.222648
0.792683  15.4056 -0.143932 14.0109 27.5203 -1.17382
0.817073  15.5024 -0.246298 14.1523 27.0671 -2.71326
0.841463  15.6686 -0.370498 14.3463 26.3885 -4.3966
0.865854  15.9059 -0.515363 14.5953 25.4905 -6.26493
0.890244  16.2205 -0.678582 14.9042 24.3869 -8.54581
0.914634  16.6112 -0.849397 15.2845 23.096 -11.0644
0.939024  17.0623 -1.00894 15.7508 21.6385 -13.5554
0.963415  17.5576 -1.14123 16.3109 20.0267 -15.9182
0.987805  18.0826 -1.23182 16.9587 18.2573 -17.8972
