0.012195  29.861 10.0076 76.5842 20.8008
0.036585  25.6248 8.94891 74.059 19.649
0.060976  21.336 7.59404 71.1938 18.138
0.085366  17.1785 6.08566 68.0574 16.26
0.109756  13.3816 4.58209 64.7189 13.8918
0.134146  10.2326 3.22144 61.375 11.3052
0.158537  7.86045 2.08974 58.4332 8.72716
0.182927  6.20219 1.21907 56.2208 5.86862
0.207317  5.19867 0.603307 54.7229 2.81657
0.231707  4.79047 0.201145 53.8201 0.578837
0.256098  4.78084 -0.080017 53.5964 -0.431966
0.280488  5.00916 -0.386158 54.1706 -1.51301
0.304878  5.62323 -0.86876 55.4531 -3.97299
0.329268  6.91737 -1.61431 57.3321 -7.28919
0.353659  8.98504 -2.62764 59.8622 -10.2053
0.378049  11.7537 -3.8773 63.007 -12.5986
0.402439  15.1897 -5.31662 66.4148 -15.0017
0.426829  19.2048 -6.84664 69.6841 -17.288
0.451220  23.5112 -8.30455 72.665 -19.0135
0.475610  27.7862 -9.52345 75.3554 -20.2332
0.500000  31.8452 -10.3844 77.7231 -21.1023
0.524390  35.538 -10.8075 79.7642 -21.3991
0.548780  38.6784 -10.7462 81.5511 -20.975
0.573171  41.188 -10.217 83.128 -19.9827
0.597561  43.1304 -9.29872 84.4921 -18.4296
0.621951  44.5575 -8.08341 85.6779 -16.1705
0.646341  45.4896 -6.65507 86.7319 -13.3411
0.670732  46.0256 -5.10892 87.6406 -10.2371
0.695122  46.3044 -3.53472 88.3739 -6.97906
0.719512  46.4052 -1.96804 88.9155 -3.7123
0.743902  46.4015 -0.397177 89.192 -0.689399
0.768293  46.3938 1.18185 89.1038 2.17461
0.792683  46.3765 2.75572 88.6714 5.27153
0.817073  46.2101 4.3244 88.0189 8.63187
0.841463  45.7859 5.88593 87.2093 11.8707
0.865854  45.0611 7.38728 86.2304 14.7792
0.890244  43.9277 8.72718 85.0977 17.3391
0.914634  42.2439 9.80391 83.8286 19.3356
0.939024  39.981 10.5327 82.374 20.5761
0.963415  37.1695 10.8357 80.6865 21.2044
0.987805  33.7835 10.659 78.7682 21.3297
