0.012195  29.1256 6.97974 79.1089 11.6499
0.036585  22.448 5.52205 74.2139 10.7647
0.060976  16.7165 4.11889 69.0361 9.69115
0.085366  12.0542 2.89481 63.7827 8.47314
0.109756  8.46899 1.91661 58.6776 7.04999
0.134146  5.91379 1.20348 53.9354 5.59421
0.158537  4.2181 0.720044 49.8396 4.27368
0.182927  3.14383 0.398703 46.7142 2.951
0.207317  2.53453 0.187111 44.7303 1.58262
0.231707  2.29207 0.0581068 43.787 0.489105
0.256098  2.27939 -0.0235166 43.6491 -0.220328
0.280488  2.41265 -0.115821 44.2175 -0.988051
0.304878  2.79033 -0.275322 45.6463 -2.17257
0.329268  3.60107 -0.538887 48.1636 -3.58755
0.353659  4.98585 -0.940076 51.7838 -4.96275
0.378049  7.08759 -1.53047 56.2443 -6.33077
0.402439  10.1146 -2.36801 61.2059 -7.74588
0.426829  14.2351 -3.4758 66.411 -9.09228
0.451220  19.4682 -4.80955 71.646 -10.2763
0.475610  25.6998 -6.25842 76.6982 -11.2525
0.500000  32.6981 -7.66398 81.4151 -11.911
0.524390  40.0918 -8.83719 85.7142 -12.193
0.548780  47.4274 -9.58819 89.518 -12.1305
0.573171  54.2715 -9.77999 92.7711 -11.6596
0.597561  60.2582 -9.36732 95.4944 -10.7065
0.621951  65.1324 -8.38986 97.7155 -9.41999
0.646341  68.8038 -6.95719 99.4071 -7.90283
0.670732  71.3031 -5.25314 100.608 -5.95091
0.695122  72.7214 -3.50339 101.491 -3.61478
0.719512  73.2955 -1.87117 102.159 -1.59333
0.743902  73.4352 -0.370353 102.489 -0.331256
0.768293  73.4244 1.10516 102.348 0.796707
0.792683  73.1232 2.67243 101.832 2.60047
0.817073  72.1339 4.36973 101.094 4.89198
0.841463  70.1753 6.11678 100.081 6.96149
0.865854  67.1256 7.72213 98.6226 8.64081
0.890244  62.8732 8.95527 96.6573 10.1188
0.914634  57.3951 9.65056 94.2036 11.2794
0.939024  50.9132 9.75061 91.2243 11.9274
0.963415  43.7946 9.27495 87.6781 12.1764
0.987805  36.3979 8.30047 83.6139 12.1261
