0.012195  20.9137 8.20979 61.8178 33.5336
0.036585  20.1153 7.93361 62.4986 31.5978
0.060976  19.1223 7.41477 63.5034 29.2194
0.085366  17.9261 6.6581 64.8374 26.3306
0.109756  16.6225 5.70057 66.3486 22.7021
0.134146  15.3306 4.61016 67.8877 18.7465
0.158537  14.1134 3.47457 69.462 14.5382
0.182927  13.1073 2.393 70.8272 9.45527
0.207317  12.4937 1.43511 71.4837 4.32656
0.231707  12.241 0.594277 71.4943 1.24678
0.256098  12.1691 -0.193286 71.5037 -0.0910115
0.280488  12.2862 -0.999589 71.627 -2.50412
0.304878  12.7529 -1.89271 71.2607 -7.04368
0.329268  13.5877 -2.91726 70.1463 -12.1041
0.353659  14.6829 -4.04389 68.6664 -16.6112
0.378049  15.9564 -5.17295 67.1245 -20.8066
0.402439  17.296 -6.2029 65.5658 -24.627
0.426829  18.5435 -7.06451 64.1271 -27.7907
0.451220  19.6282 -7.70796 62.9684 -30.4709
0.475610  20.5456 -8.1059 62.1121 -32.6838
0.500000  21.2545 -8.25973 61.6036 -34.1789
0.524390  21.743 -8.18106 61.5144 -35.0045
0.548780  22.0739 -7.88348 61.787 -35.1813
0.573171  22.2819 -7.38996 62.3358 -34.4344
0.597561  22.3692 -6.72209 63.1333 -32.6772
0.621951  22.3903 -5.89305 64.0735 -29.8972
0.646341  22.401 -4.92605 65.0035 -25.8871
0.670732  22.3961 -3.85708 65.8657 -20.8065
0.695122  22.3794 -2.71496 66.6058 -15.1095
0.719512  22.3783 -1.52198 67.1038 -8.75464
0.743902  22.3818 -0.305073 67.3114 -1.7097
0.768293  22.3744 0.91381 67.2478 5.31472
0.792683  22.3779 2.12091 66.8909 11.807
0.817073  22.3925 3.29493 66.2588 17.9773
0.841463  22.3951 4.4065 65.4522 23.6453
0.865854  22.396 5.42793 64.5355 28.1406
0.890244  22.3932 6.32855 63.5714 31.3876
0.914634  22.334 7.07743 62.704 33.665
0.939024  22.1859 7.65755 62.0353 34.8973
0.963415  21.9355 8.05606 61.5985 35.1429
0.987805  21.5257 8.24786 61.4977 34.7054
