0.012195  24.5844 3.52152 77.2499 5.97486
0.036585  17.961 2.56016 71.5033 5.3889
0.060976  12.8152 1.77479 65.7576 4.76819
0.085366  8.97454 1.18226 60.1956 4.10945
0.109756  6.2166 0.746502 55.0722 3.35713
0.134146  4.349 0.45073 50.5337 2.63305
0.158537  3.14163 0.273106 46.6457 2.02726
0.182927  2.37167 0.158234 43.5955 1.42753
0.207317  1.92541 0.0720406 41.6123 0.797122
0.231707  1.74087 0.0215916 40.6661 0.285995
0.256098  1.72401 -0.00505114 40.5112 -0.0942691
0.280488  1.8261 -0.0461892 41.068 -0.537039
0.304878  2.1156 -0.11339 42.5226 -1.10707
0.329268  2.7015 -0.204265 45.019 -1.7014
0.353659  3.68028 -0.349653 48.473 -2.3165
0.378049  5.19704 -0.58938 52.7113 -3.01506
0.402439  7.46843 -0.943662 57.5904 -3.73646
0.426829  10.7315 -1.44828 62.9499 -4.41533
0.451220  15.2166 -2.1491 68.5995 -5.09333
0.475610  21.1044 -3.03209 74.3733 -5.72851
0.500000  28.4305 -4.02494 80.1141 -6.17201
0.524390  37.0519 -5.05003 85.636 -6.41807
0.548780  46.6709 -5.98682 90.7733 -6.53957
0.573171  56.7856 -6.63526 95.4247 -6.42109
0.597561  66.6931 -6.82873 99.505 -5.94894
0.621951  75.7021 -6.52513 102.916 -5.28823
0.646341  83.2932 -5.72191 105.595 -4.54849
0.670732  89.0257 -4.43957 107.554 -3.50989
0.695122  92.6041 -2.89354 108.862 -2.14997
0.719512  94.2728 -1.46337 109.619 -0.966556
0.743902  94.8122 -0.307764 109.926 -0.243419
0.768293  94.7507 0.814368 109.83 0.470389
0.792683  93.7612 2.17664 109.307 1.61674
0.817073  91.1028 3.70948 108.293 2.93796
0.841463  86.3997 5.11811 106.686 4.01493
0.865854  79.7434 6.17584 104.364 4.88599
0.890244  71.3974 6.76304 101.288 5.68536
0.914634  61.8045 6.80695 97.534 6.25282
0.939024  51.6806 6.34333 93.1842 6.47273
0.963415  41.7752 5.53533 88.2718 6.48769
0.987805  32.6183 4.55413 82.8943 6.35722
