0.012195  16.2982 -0.155531 16.0249 14.7982 -12.2622
0.036585  16.2944 -0.140715 16.1065 12.4367 -11.1115
0.060976  16.293 -0.123124 16.1762 10.1293 -10.0078
0.085366  16.2927 -0.104243 16.2338 7.93796 -8.71079
0.109756  16.2931 -0.0850627 16.2795 5.92181 -6.33968
0.134146  16.2945 -0.066585 16.3144 4.13491 -3.6689
0.158537  16.2968 -0.0497386 16.3404 2.62482 -1.9101
0.182927  16.2992 -0.034664 16.3587 1.43129 -0.168218
0.207317  16.3007 -0.0208285 16.3697 0.585198 2.30366
0.231707  16.3014 -0.00784459 16.3744 0.10806 3.12144
0.256098  16.3015 0.00451678 16.3748 0.0119804 0.35532
0.280488  16.3012 0.0168744 16.3714 0.299455 -3.01474
0.304878  16.3003 0.0299706 16.3627 0.963134 -2.83492
0.329268  16.2988 0.0440914 16.3475 1.98602 0.246604
0.353659  16.2965 0.0593941 16.3251 3.34185 2.90386
0.378049  16.2944 0.0762981 16.2946 4.99541 4.63997
0.402439  16.2933 0.0947818 16.2544 6.90297 6.90963
0.426829  16.2933 0.113762 16.2031 9.01347 9.33616
0.451220  16.2943 0.131771 16.1398 11.2701 10.702
0.475610  16.2966 0.14768 16.0643 13.6121 11.4557
0.500000  16.3012 0.160301 15.9774 15.9774 12.3274
0.524390  16.3083 0.168093 15.8809 18.3051 12.6818
0.548780  16.317 0.169906 15.7777 20.5382 12.1316
0.573171  16.3265 0.165519 15.6714 22.6251 11.457
0.597561  16.3361 0.155182 15.566 24.5214 10.8866
0.621951  16.3449 0.139227 15.4661 26.1909 9.7593
0.646341  16.3521 0.11836 15.3763 27.6049 8.14406
0.670732  16.3573 0.0937089 15.3005 28.7422 6.64383
0.695122  16.3603 0.0663604 15.2422 29.5874 5.00104
0.719512  16.3617 0.0371949 15.2041 30.1301 2.76957
0.743902  16.3621 0.00708127 15.1876 30.3641 0.433122
0.768293  16.3621 -0.0231522 15.1933 30.2863 -1.58466
0.792683  16.3613 -0.0528249 15.2209 29.8979 -3.6627
0.817073  16.359 -0.0812089 15.2697 29.2032 -5.82794
0.841463  16.3549 -0.107367 15.3372 28.2107 -7.51247
0.865854  16.3489 -0.130268 15.4207 26.9331 -8.80477
0.890244  16.3409 -0.148862 15.5163 25.3885 -10.1945
0.914634  16.3314 -0.162134 15.6199 23.6018 -11.3568
0.939024  16.3217 -0.169429 15.7265 21.6053 -11.8746
0.963415  16.3126 -0.170626 15.8319 19.4394 -12.233
0.987805  16.3045 -0.165866 15.9326 17.1522 -12.6164
