0.012195  21.9212 1.66992 75.8096 2.96702
0.036585  15.8107 1.17767 69.9325 2.65942
0.060976  11.2189 0.797796 64.2017 2.33767
0.085366  7.86776 0.528997 58.7375 2.00145
0.109756  5.48248 0.332678 53.7539 1.63335
0.134146  3.87502 0.197869 49.3916 1.28385
0.158537  2.83839 0.122284 45.6763 0.986597
0.182927  2.167 0.0743617 42.719 0.698641
0.207317  1.76393 0.0330288 40.7169 0.406193
0.231707  1.58792 0.00960726 39.6961 0.15847
0.256098  1.56692 -0.000317474 39.5066 -0.0488772
0.280488  1.66489 -0.0219882 40.1102 -0.282598
0.304878  1.93608 -0.0554991 41.6288 -0.554582
0.329268  2.45572 -0.0916657 44.1019 -0.830947
0.353659  3.30003 -0.15316 47.4216 -1.12668
0.378049  4.60613 -0.263463 51.4826 -1.46716
0.402439  6.56483 -0.421224 56.1997 -1.81932
0.426829  9.39044 -0.645701 61.4288 -2.15796
0.451220  13.345 -0.978243 67.0179 -2.50374
0.475610  18.6894 -1.41763 72.8583 -2.83412
0.500000  25.5673 -1.93212 78.8016 -3.08189
0.524390  34.0132 -2.51473 84.6496 -3.24298
0.548780  43.9716 -3.12653 90.2641 -3.34219
0.573171  55.1216 -3.63858 95.5497 -3.32332
0.597561  66.8042 -3.93665 100.347 -3.13424
0.621951  78.2884 -3.99135 104.497 -2.8375
0.646341  88.8792 -3.73448 107.943 -2.47098
0.670732  97.6599 -3.05124 110.629 -1.94558
0.695122  103.685 -2.03682 112.438 -1.26136
0.719512  106.84 -1.03589 113.402 -0.6246
0.743902  108.004 -0.236257 113.773 -0.149739
0.768293  107.833 0.558332 113.709 0.332086
0.792683  105.831 1.55872 113.067 0.972432
0.817073  101.091 2.61996 111.64 1.65242
0.841463  93.5091 3.43567 109.388 2.20585
0.865854  83.7778 3.88714 106.34 2.64688
0.890244  72.6777 4.01317 102.511 3.01941
0.914634  60.9304 3.83425 97.9964 3.25884
0.939024  49.3916 3.39102 92.9632 3.33071
0.963415  38.8283 2.81446 87.5148 3.29943
0.987805  29.624 2.22662 81.7353 3.19007
