0.012195  19.397 -0.90185 18.7221 16.6594 -14.9439
0.036585  23.2924 -1.08835 22.0611 17.9273 -17.698
0.060976  29.2981 -2.02421 27.6941 17.6545 -23.4828
0.085366  39.5275 -3.15725 37.7675 17.4225 -27.8636
0.109756  54.6626 -4.58138 51.829 18.9344 -31.9072
0.134146  79.321 -8.15163 74.6602 19.9475 -39.7476
0.158537  121.065 -13.0283 115.937 18.1535 -48.2981
0.182927  174.941 -13.9293 171.604 14.1803 -50.4249
0.207317  219.3 -8.50002 218.301 8.57476 -42.9037
0.231707  238.278 -1.75834 238.602 2.09083 -24.1779
0.256098  237.186 1.82894 237.883 -0.750243 5.2945
0.280488  224.824 4.90078 224.855 3.96816 34.9803
0.304878  196.398 10.2265 194.261 12.3427 49.9705
0.329268  148.959 13.7795 144.389 17.3446 48.878
0.353659  98.4834 11.3478 93.4122 18.379 42.8835
0.378049  64.0948 6.09698 60.4671 18.9743 37.5141
0.402439  46.3113 3.27822 44.0815 19.2063 30.3937
0.426829  34.6388 2.71417 32.9069 17.7706 23.3755
0.451220  25.5255 1.77327 24.1531 16.6524 20.5364
0.475610  20.7108 0.720285 19.8344 17.2974 18.7487
0.500000  18.1219 0.702844 17.4279 17.4279 14.1762
0.524390  14.9967 0.815881 14.2878 16.1244 10.7262
0.548780  12.6428 0.316179 12.1147 15.8719 11.0332
0.573171  11.9912 0.0923182 11.6304 16.9535 9.95097
0.597561  11.1112 0.376708 10.6895 16.7611 5.67336
0.621951  9.63775 0.288777 9.23002 15.6122 3.94707
0.646341  9.21342 -0.0703789 8.97207 16.0621 5.39318
0.670732  9.41588 0.0350304 9.17357 17.2028 3.78241
0.695122  8.82096 0.232951 8.47688 16.666 -0.343532
0.719512  8.28266 -0.0163908 8.03103 15.8708 -0.495909
0.743902  8.73547 -0.16358 8.57672 16.8009 1.8162
0.768293  8.95228 0.0896448 8.66151 17.4923 0.245987
0.792683  8.4665 0.0961667 8.12432 16.3433 -2.97985
0.817073  8.64552 -0.199651 8.45659 15.7076 -2.41151
0.841463  9.48979 -0.161456 9.26847 16.759 -1.41954
0.865854  9.76404 0.018198 9.32582 16.9767 -4.67022
0.890244  10.0122 -0.199797 9.60771 15.7796 -7.88515
0.914634  11.2705 -0.408254 10.9979 15.7975 -7.24062
0.939024  12.6881 -0.264392 12.2039 17.0298 -7.55935
0.963415  13.8218 -0.354253 13.0966 16.8876 -11.6782
0.987805  15.9966 -0.77234 15.3835 15.9524 -14.6441
