0.012195  11.0212 5.00157 27.1054 62.7502
0.036585  11.1438 4.92639 29.8352 59.4942
0.060976  11.2561 4.7352 33.8303 54.5404
0.085366  11.3577 4.42794 39.1063 48.1453
0.109756  11.4474 4.0088 45.5519 40.6668
0.134146  11.5212 3.48531 52.849 32.5743
0.158537  11.5775 2.86658 60.4362 24.4549
0.182927  11.6176 2.166 67.5499 16.8929
0.207317  11.6417 1.40452 73.3112 10.1984
0.231707  11.6511 0.607231 76.8665 4.24479
0.256098  11.6513 -0.203564 77.6118 -1.38463
0.280488  11.6464 -1.00943 75.4132 -7.14879
0.304878  11.6319 -1.79082 70.6594 -13.455
0.329268  11.6005 -2.52443 64.1072 -20.5837
0.353659  11.551 -3.18681 56.6483 -28.4803
0.378049  11.4856 -3.75969 49.1225 -36.6718
0.402439  11.405 -4.2315 42.198 -44.518
0.426829  11.309 -4.59511 36.3102 -51.4971
0.451220  11.2004 -4.84518 31.6686 -57.2201
0.475610  11.0828 -4.97852 28.3159 -61.3541
0.500000  10.9583 -4.99569 26.189 -63.6825
0.524390  10.8303 -4.90011 25.1583 -64.1546
0.548780  10.7045 -4.69537 25.0597 -62.7938
0.573171  10.5856 -4.38568 25.7196 -59.6428
0.597561  10.4773 -3.9786 26.9577 -54.8257
0.621951  10.3831 -3.48514 28.572 -48.5494
0.646341  10.3059 -2.91709 30.3403 -41.0156
0.670732  10.2477 -2.28711 32.05 -32.4203
0.695122  10.2099 -1.61074 33.5191 -23.0081
0.719512  10.1911 -0.90476 34.5829 -13.0262
0.743902  10.1846 -0.183192 35.0843 -2.66998
0.768293  10.1853 0.542538 34.9229 7.82554
0.792683  10.1965 1.2598 34.1232 18.1113
0.817073  10.2259 1.95363 32.8272 27.848
0.841463  10.2752 2.60865 31.2144 36.8345
0.865854  10.3423 3.20993 29.4544 44.9217
0.890244  10.427 3.74279 27.7344 51.8808
0.914634  10.5297 4.19407 26.2784 57.4471
0.939024  10.6451 4.55325 25.3074 61.4281
0.963415  10.7671 4.81173 25.0065 63.7009
0.987805  10.8934 4.96259 25.5469 64.1625
