0	1.778887118E-018	0		0.7034024458	0.1693528087
100	0.0004659521815	-0.005195546195	7.206358954	-2.166165136
200	0.5557331396	-0.5791458243	47.04788692	-0.43831968
300	5.350222649	-4.382141244	71.86193735	-0.30312307
400	12.27237574	-9.233341783	86.66030362	-0.2388104
500	17.73878572	-11.08308517	101.5926755	-0.11970553
600	21.41420843	-9.827770738	118.7478755	-0.1044557
700	24.18809361	-7.899558647	134.0231036	-0.17933792
800	26.18326494	-6.651193979	142.3413355	-0.08192128
900	27.48175612	-5.50264702	143.0272266	0.11558148
1000	28.759223		-4.295934487	142.0653266	0.16487862
1100	30.69550479	-4.824883286	142.341756	-0.102175254
1200	33.4715064	-7.431083615	148.7498892	-0.32167267
1300	36.73575349	-9.355678246	154.2794613	-0.22531115
1400	40.42702629	-10.5675337	156.3488848	-0.17035718
1500	44.51338028	-12.05668584	159.8476473	-0.18216697
1600	48.33244128	-14.34366484	158.0219731	-0.02729972
1700	51.23936811	-16.27592642	151.3853022	0.08590298
1800	53.82995479	-15.13089213	156.1158922	-0.16587972
1900	56.4209429	-13.38014649	167.578178	-0.43010802
2000	58.24845182	-11.82791305	175.0824948	-0.18690964
2100	59.29705266	-8.964076147	173.747495	0.26284977
2200	60.19507435	-5.873569262	168.0437957	0.452894
2300	61.21475697	-4.470877175	164.4371907	0.08733494
2400	62.31350466	-4.705743544	170.1854336	-0.443896395
2500	63.46896813	-4.706644272	181.5868029	-0.6045040373
2600	64.31513173	-5.326847611	192.6534964	-0.298360126
2700	64.44027799	-5.938103657	191.6987369	0.005028406
2800	64.58578147	-4.505903459	192.4842216	-0.152266364
2900	64.85062957	-3.431953254	200.3134702	-0.305149213
3000	64.72290676	-4.984503058	204.7063775	-0.11854425
3100	63.35912222	-4.608566119	199.3471632	0.20960251
3200	59.38864862	-0.9841641551	186.9921717	0.53888623
3300	51.39503029	3.139546425	168.9616858	0.69982733
3400	41.05981348	6.19953509	154.7830823	0.59296286
3500	31.65618966	5.940969859	144.6559121	0.36802529
3600	24.50607161	3.851754127	136.727471	0.252750136
3700	18.86551763	2.772721856	127.4884744	0.273295223
3800	14.2889158	2.369593442	117.679707	0.276647214
3900	10.86160853	1.692557226	109.5568581	0.198670183
4000	8.475704418	1.0035476		104.0129218	0.126383927
4100	6.773283783	0.6242215754	99.42267498	0.106527955
4200	5.514237994	0.411258239	95.08261715	0.095537296
4300	4.588018945	0.2298740972	91.52552115	0.072159676
4400	3.949642012	0.06524872818	88.93992997	0.037618268
4500	3.60000752	-0.1061483019	88.15052497	-0.041883268
4600	3.48820301	-0.2172297575	92.24724684	-0.114403442
4700	3.448053471	-0.08314793836	99.07037222	-0.05792013
4800	2.955400998	0.1644537247	98.84954061	0.064062462
4900	1.271550493	0.1338156329	82.81598696	0.133355506
5000	0		0		0		0
