     0.000000	  17.621077	   0.686986	  16.788588	  16.759000	 -15.085000
     0.010000	  16.528586	   0.574081	  15.748897	  16.684000	 -13.948500
     0.020000	  15.507823	   0.524563	  14.786380	  16.598500	 -12.812000
     0.030000	  14.663075	   0.441280	  13.980905	  16.541500	 -11.827500
     0.040000	  13.871856	   0.406383	  13.233850	  16.474500	 -10.843000
     0.050000	  13.209654	   0.343137	  12.601311	  16.431000	  -9.983500
     0.060000	  12.588593	   0.317908	  12.014327	  16.379000	  -9.124000
     0.070000	  12.064609	   0.268541	  11.513014	  16.345500	  -8.371000
     0.080000	  11.573183	   0.249887	  11.048247	  16.306000	  -7.618000
     0.090000	  11.156608	   0.210328	  10.649098	  16.281500	  -6.955000
     0.100000	  10.766559	   0.196225	  10.280102	  16.252500	  -6.292000
     0.110000	  10.435538	   0.163722	   9.962466	  16.235500	  -5.706000
     0.120000	  10.126791	   0.152822	   9.670417	  16.216000	  -5.120000
     0.130000	   9.865556	   0.125483	   9.419356	  16.205500	  -4.600500
     0.140000	   9.623625	   0.116855	   9.190631	  16.194000	  -4.081000
     0.150000	   9.420611	   0.093380	   8.995154	  16.190000	  -3.617500
     0.160000	   9.234875	   0.086368	   8.819720	  16.185000	  -3.154000
     0.170000	   9.081440	   0.065871	   8.671589	  16.185000	  -2.740000
     0.180000	   8.943967	   0.060000	   8.541909	  16.186000	  -2.326000
     0.190000	   8.833488	   0.041904	   8.434807	  16.190000	  -1.954500
     0.200000	   8.738202	   0.036806	   8.345088	  16.194000	  -1.583000
     0.210000	   8.665488	   0.020723	   8.274105	  16.198500	  -1.249000
     0.220000	   8.607641	   0.016061	   8.219867	  16.203000	  -0.915000
     0.230000	   8.568704	   0.001652	   8.181309	  16.206500	  -0.609500
     0.240000	   8.544733	  -0.003006	   8.159323	  16.209500	  -0.304000
     0.250000	   8.537112	  -0.016247	   8.150959	  16.209000	  -0.010000
     0.260000	   8.544998	  -0.021528	   8.159570	  16.207500	   0.284000
     0.270000	   8.568483	  -0.034252	   8.181096	  16.203500	   0.587000
     0.280000	   8.608385	  -0.040918	   8.220601	  16.199000	   0.890000
     0.290000	   8.665077	  -0.053636	   8.273715	  16.192500	   1.220000
     0.300000	   8.739325	  -0.062297	   8.346289	  16.186500	   1.550000
     0.310000	   8.832894	  -0.075358	   8.434272	  16.180500	   1.915500
     0.320000	   8.945363	  -0.086431	   8.543544	  16.175000	   2.281000
     0.330000	   9.080651	  -0.100136	   8.670922	  16.172000	   2.688500
     0.340000	   9.236457	  -0.114065	   8.821758	  16.170000	   3.096000
     0.350000	   9.419610	  -0.128771	   8.994367	  16.172000	   3.550000
     0.360000	   9.625328	  -0.146189	   9.193052	  16.175000	   4.004000
     0.370000	   9.864332	  -0.162374	   9.418461	  16.184000	   4.512500
     0.380000	  10.128574	  -0.184230	   9.673220	  16.192000	   5.021000
     0.390000	  10.434083	  -0.202555	   9.961485	  16.208500	   5.592000
     0.400000	  10.768388	  -0.230237	  10.283304	  16.223500	   6.163000
     0.410000	  11.154914	  -0.251644	  10.648062	  16.249000	   6.806500
     0.420000	  11.575032	  -0.287159	  11.051888	  16.270500	   7.450000
     0.430000	  12.062669	  -0.313016	  11.511966	  16.306000	   8.178500
     0.440000	  12.590436	  -0.359278	  12.018475	  16.336000	   8.907000
     0.450000	  13.207460	  -0.391630	  12.600316	  16.384000	   9.735000
     0.460000	  13.873664	  -0.452943	  13.238609	  16.424000	  10.563000
     0.470000	  14.660622	  -0.494927	  13.980056	  16.486000	  11.507000
     0.480000	  15.509546	  -0.577787	  14.791907	  16.539000	  12.451000
     0.490000	  16.525862	  -0.634398	  15.748330	  16.619500	  13.535500
     0.500000	  17.622642	  -0.748893	  16.795107	  16.689500	  14.620000
     0.510000	  18.957668	  -0.828232	  18.049602	  16.793500	  15.875000
     0.520000	  20.400718	  -0.990444	  19.423834	  16.886500	  17.130000
     0.530000	  22.192515	  -1.106233	  21.104652	  17.020500	  18.600500
     0.540000	  24.134555	  -1.342524	  22.949928	  17.144500	  20.071000
     0.550000	  26.602558	  -1.518023	  25.260873	  17.316500	  21.813000
     0.560000	  29.287656	  -1.872200	  27.806457	  17.478500	  23.555000
     0.570000	  32.788718	  -2.148467	  31.080062	  17.695000	  25.649500
     0.580000	  36.614463	  -2.693640	  34.701474	  17.900500	  27.744000
     0.590000	  41.735737	  -3.138777	  39.489712	  18.160000	  30.273500
     0.600000	  47.357043	  -3.990531	  44.809301	  18.393000	  32.803000
     0.610000	  55.043617	  -4.714187	  52.020961	  18.658500	  35.851000
     0.620000	  63.500206	  -6.028690	  60.053081	  18.855500	  38.899000
     0.630000	  75.134552	  -7.144575	  71.086801	  19.016000	  42.415000
     0.640000	  87.900119	  -9.011507	  83.331491	  18.984000	  45.931000
     0.650000	 104.927519	 -10.493202	  99.879497	  18.745500	  49.559500
     0.660000	 123.317705	 -12.527082	 117.936666	  18.107000	  53.188000
     0.670000	 145.499466	 -13.676172	 140.442855	  16.987000	  55.800000
     0.680000	 168.541625	 -14.284861	 163.923146	  15.259500	  58.412000
     0.690000	 190.759439	 -13.672523	 187.780475	  12.806000	  57.595000
     0.700000	 211.954108	 -10.808365	 210.549775	  10.125000	  56.778000
     0.710000	 225.318129	  -7.936427	 225.143402	   6.977000	  52.072500
     0.720000	 235.963996	  -3.956419	 236.604615	   4.406000	  47.367000
     0.730000	 239.280561	  -1.844838	 239.652858	   2.152500	  33.501500
     0.740000	 241.170895	  -0.712626	 241.256591	   1.005500	  19.636000
     0.750000	 241.281737	  -0.435008	 241.386853	   1.051000	   4.363500
     0.760000	 241.161249	  -0.118147	 241.268739	   1.067500	 -10.909000
     0.770000	 239.284835	   1.039725	 239.667210	   2.308000	 -24.390000
     0.780000	 236.032892	   3.207330	 236.580022	   4.585000	 -37.871000
     0.790000	 225.514388	   7.119141	 225.243126	   7.220500	 -45.848500
     0.800000	 212.146145	  10.161167	 210.722525	  10.389500	 -53.826000
     0.810000	 191.148217	  13.044539	 187.999602	  13.080000	 -56.137000
     0.820000	 168.814315	  13.708217	 164.108013	  15.552000	 -58.448000
     0.830000	 145.809360	  13.184317	 140.614581	  17.283000	 -56.787000
     0.840000	 123.506297	  12.065909	 118.039767	  18.383500	 -55.126000
     0.850000	 105.095821	  10.137995	  99.963248	  19.002500	 -51.654000
     0.860000	  88.006737	   8.658177	  83.362316	  19.220000	 -48.182000
     0.870000	  75.207731	   6.876063	  71.116003	  19.234000	 -44.555500
     0.880000	  63.545869	   5.772027	  60.051682	  19.051000	 -40.929000
     0.890000	  55.074019	   4.515395	  52.027063	  18.835500	 -37.688000
     0.900000	  47.376394	   3.800068	  44.797767	  18.554500	 -34.447000
     0.910000	  41.748647	   2.986000	  39.488852	  18.307500	 -31.741000
     0.920000	  36.620942	   2.550386	  34.688638	  18.035000	 -29.035000
     0.930000	  32.795387	   2.028713	  31.078025	  17.818000	 -26.794500
     0.940000	  29.289433	   1.760591	  27.795114	  17.591500	 -24.554000
     0.950000	  26.606899	   1.420847	  25.259445	  17.420500	 -22.698500
     0.960000	  24.134165	   1.253227	  22.940464	  17.240000	 -20.843000
     0.970000	  22.195985	   1.025338	  21.104064	  17.109000	 -19.286000
     0.980000	  20.399541	   0.916930	  19.416023	  16.968000	 -17.729000
     0.990000	  18.960694	   0.759108	  18.049704	  16.869000	 -16.407000
     1.000000	  17.621077	   0.686986	  16.788588	  16.759000	 -15.085000
