     0.000000	  11.573703	   5.194379	  27.543500	 -60.990000
     0.010000	  11.631335	   5.199937	  28.208500	 -60.183423
     0.020000	  11.687377	   5.183444	  29.166500	 -59.376847
     0.030000	  11.741570	   5.147452	  30.220000	 -57.989601
     0.040000	  11.793829	   5.089500	  31.588000	 -56.602356
     0.050000	  11.843771	   5.012038	  33.060500	 -54.674137
     0.060000	  11.891456	   4.912927	  34.857500	 -52.745918
     0.070000	  11.936495	   4.794557	  36.760000	 -50.341609
     0.080000	  11.978999	   4.655068	  38.979500	 -47.937299
     0.090000	  12.018599	   4.496869	  41.299000	 -45.149037
     0.100000	  12.055469	   4.318355	  43.901500	 -42.360775
     0.110000	  12.089186	   4.122022	  46.586500	 -39.306952
     0.120000	  12.120126	   3.906544	  49.487000	 -36.253128
     0.130000	  12.147641	   3.674513	  52.439500	 -33.070634
     0.140000	  12.172530	   3.424974	  55.497500	 -29.888139
     0.150000	  12.193730	   3.160539	  58.567500	 -26.719026
     0.160000	  12.212642	   2.880749	  61.589500	 -23.549912
     0.170000	  12.227716	   2.588132	  64.572000	 -20.517647
     0.180000	  12.240933	   2.282814	  67.316000	 -17.485382
     0.190000	  12.250420	   1.967152	  69.967000	 -14.667904
     0.200000	  12.258434	   1.641823	  72.174000	 -11.850425
     0.210000	  12.263126	   1.308978	  74.236500	  -9.260904
     0.220000	  12.266600	   0.969686	  75.668500	  -6.671383
     0.230000	  12.267336	   0.625908	  76.915500	  -4.257080
     0.240000	  12.266985	   0.278870	  77.404000	  -1.842777
     0.250000	  12.264374	  -0.069546	  77.683000	   0.496223
     0.260000	  12.260734	  -0.418190	  77.170500	   2.835223
     0.270000	  12.254858	  -0.765040	  76.441500	   5.221425
     0.280000	  12.247983	  -1.109158	  74.992000	   7.607626
     0.290000	  12.238444	  -1.448205	  73.339500	  10.150100
     0.300000	  12.227946	  -1.781537	  71.124000	  12.692575
     0.310000	  12.214202	  -2.106516	  68.732500	  15.456096
     0.320000	  12.199579	  -2.422885	  65.985000	  18.219618
     0.330000	  12.181106	  -2.727789	  63.099500	  21.198853
     0.340000	  12.161916	  -3.021472	  60.074000	  24.178088
     0.350000	  12.138270	  -3.300866	  56.954500	  27.303974
     0.360000	  12.114178	  -3.566893	  53.885000	  30.429861
     0.370000	  12.085102	  -3.816127	  50.764500	  33.582866
     0.380000	  12.055906	  -4.050448	  47.844000	  36.735872
     0.390000	  12.021397	  -4.265772	  44.910500	  39.777044
     0.400000	  11.987058	  -4.465280	  42.277500	  42.818216
     0.410000	  11.947354	  -4.643859	  39.661500	  45.611459
     0.420000	  11.908013	  -4.806268	  37.404000	  48.404701
     0.430000	  11.863522	  -4.946110	  35.184500	  50.828891
     0.440000	  11.819491	  -5.069805	  33.346500	  53.253082
     0.450000	  11.770718	  -5.169639	  31.558500	  55.215363
     0.460000	  11.722447	  -5.253533	  30.150000	  57.177644
     0.470000	  11.669976	  -5.312676	  28.796500	  58.609399
     0.480000	  11.618035	  -5.356121	  27.802500	  60.041153
     0.490000	  11.562554	  -5.374375	  26.863500	  60.900577
     0.500000	  11.507639	  -5.377119	  26.254000	  61.760000
     0.510000	  11.449993	  -5.354721	  25.695000	  62.026423
     0.520000	  11.392963	  -5.316925	  25.427500	  62.292847
     0.530000	  11.334194	  -5.254545	  25.205500	  61.965601
     0.540000	  11.276106	  -5.176838	  25.233500	  61.638356
     0.550000	  11.217474	  -5.075615	  25.302000	  60.729637
     0.560000	  11.159602	  -4.959167	  25.574000	  59.820918
     0.570000	  11.102570	  -4.820761	  25.883500	  58.357109
     0.580000	  11.046394	  -4.667360	  26.348000	  56.893299
     0.590000	  10.992565	  -4.494021	  26.847500	  54.911041
     0.600000	  10.939718	  -4.306133	  27.450000	  52.928784
     0.610000	  10.890712	  -4.100747	  28.088500	  50.472456
     0.620000	  10.842846	  -3.881542	  28.774000	  48.016128
     0.630000	  10.800106	  -3.647637	  29.499500	  45.136134
     0.640000	  10.758697	  -3.400948	  30.213000	  42.256139
     0.650000	  10.723280	  -3.142608	  30.971500	  39.011021
     0.660000	  10.689397	  -2.872793	  31.658000	  35.765903
     0.670000	  10.661809	  -2.594465	  32.394000	  32.215147
     0.680000	  10.635948	  -2.306172	  33.000500	  28.664391
     0.690000	  10.616129	  -2.012391	  33.659500	  24.873408
     0.700000	  10.598195	  -1.710272	  34.140000	  21.082425
     0.710000	  10.585689	  -1.405393	  34.670000	  17.116900
     0.720000	  10.575181	  -1.093871	  34.985000	  13.151374
     0.730000	  10.569445	  -0.781918	  35.342500	   9.079575
     0.740000	  10.565770	  -0.465084	  35.468000	   5.007777
     0.750000	  10.566459	  -0.149788	  35.623500	   0.897777
     0.760000	  10.569227	   0.168515	  35.550000	  -3.212223
     0.770000	  10.576348	   0.483532	  35.492000	  -7.291420
     0.780000	  10.585522	   0.799496	  35.228000	 -11.370617
     0.790000	  10.599406	   1.110486	  34.964500	 -15.351096
     0.800000	  10.615262	   1.420122	  34.532500	 -19.331575
     0.810000	  10.636393	   1.723044	  34.091000	 -23.145596
     0.820000	  10.659351	   2.022057	  33.529000	 -26.959618
     0.830000	  10.688128	   2.312543	  32.952000	 -30.540857
     0.840000	  10.718513	   2.596355	  32.306000	 -34.122097
     0.850000	  10.755018	   2.869808	  31.644500	 -37.405479
     0.860000	  10.792845	   3.133721	  30.965500	 -40.688861
     0.870000	  10.836695	   3.385507	  30.276000	 -43.613866
     0.880000	  10.881527	   3.624935	  29.618500	 -46.538872
     0.890000	  10.931839	   3.850620	  28.959000	 -49.047548
     0.900000	  10.982760	   4.061330	  28.377000	 -51.556225
     0.910000	  11.038229	   4.256883	  27.804000	 -53.595963
     0.920000	  11.093923	   4.435185	  27.350500	 -55.635701
     0.930000	  11.152972	   4.597130	  26.921000	 -57.160391
     0.940000	  11.211866	   4.739982	  26.650000	 -58.685082
     0.950000	  11.272819	   4.865479	  26.417000	 -59.656363
     0.960000	  11.333247	   4.970515	  26.380000	 -60.627644
     0.970000	  11.394481	   5.057381	  26.397000	 -61.016899
     0.980000	  11.454831	   5.122876	  26.644500	 -61.406153
     0.990000	  11.514886	   5.169567	  26.962000	 -61.198077
     1.000000	  11.573703	   5.194379	  27.543500	 -60.990000
