     0.000000	  21.768064	   2.500091	  19.582500	  19.543500	 -27.573000
     0.010000	  20.729762	   2.310158	  18.612613	  19.728000	 -26.409000
     0.020000	  19.726056	   2.130405	  17.690171	  19.866000	 -25.245000
     0.030000	  18.836076	   1.947906	  16.882129	  19.988500	 -24.025500
     0.040000	  17.980414	   1.779919	  16.118442	  20.081500	 -22.806000
     0.050000	  17.232695	   1.611828	  15.456160	  20.171500	 -21.541000
     0.060000	  16.517330	   1.460071	  14.834564	  20.244500	 -20.276000
     0.070000	  15.900502	   1.309343	  14.300494	  20.324500	 -18.968500
     0.080000	  15.313234	   1.175270	  13.803432	  20.395000	 -17.661000
     0.090000	  14.813572	   1.042535	  13.380272	  20.481500	 -16.314000
     0.100000	  14.340393	   0.926006	  12.990639	  20.559500	 -14.967000
     0.110000	  13.943627	   0.810770	  12.661903	  20.661000	 -13.599000
     0.120000	  13.570300	   0.710963	  12.363371	  20.751500	 -12.231000
     0.130000	  13.262619	   0.612308	  12.113410	  20.867000	 -10.888500
     0.140000	  12.975540	   0.528169	  11.890344	  20.968000	  -9.546000
     0.150000	  12.744108	   0.445037	  11.704437	  21.089000	  -8.302000
     0.160000	  12.530743	   0.375426	  11.542099	  21.195500	  -7.058000
     0.170000	  12.363866	   0.306674	  11.407097	  21.310500	  -5.974500
     0.180000	  12.212875	   0.250393	  11.292456	  21.413000	  -4.891000
     0.190000	  12.100039	   0.194813	  11.197634	  21.509500	  -3.987500
     0.200000	  12.001333	   0.150530	  11.120337	  21.595000	  -3.084000
     0.210000	  11.933050	   0.106640	  11.057891	  21.664500	  -2.345500
     0.220000	  11.877528	   0.072406	  11.010797	  21.722500	  -1.607000
     0.230000	  11.845099	   0.037723	  10.975992	  21.761000	  -1.050000
     0.240000	  11.824598	   0.009296	  10.956096	  21.785000	  -0.493000
     0.250000	  11.819061	  -0.020861	  10.948244	  21.792500	  -0.053500
     0.260000	  11.825070	  -0.049361	  10.956187	  21.781000	   0.386000
     0.270000	  11.845465	  -0.079637	  10.975727	  21.753500	   0.940000
     0.280000	  11.878197	  -0.113864	  11.011108	  21.711500	   1.494000
     0.290000	  11.933432	  -0.148827	  11.057348	  21.648500	   2.217000
     0.300000	  12.001850	  -0.193415	  11.120812	  21.576500	   2.940000
     0.310000	  12.099777	  -0.237610	  11.196792	  21.485500	   3.821000
     0.320000	  12.212540	  -0.294524	  11.293137	  21.386000	   4.702000
     0.330000	  12.362583	  -0.350227	  11.405979	  21.276500	   5.757000
     0.340000	  12.529375	  -0.421004	  11.542995	  21.159500	   6.812000
     0.350000	  12.741596	  -0.489786	  11.703117	  21.044500	   8.022000
     0.360000	  12.972888	  -0.575631	  11.891466	  20.920500	   9.232000
     0.370000	  13.258616	  -0.658762	  12.111970	  20.810000	  10.541000
     0.380000	  13.566069	  -0.760824	  12.364630	  20.692000	  11.850000
     0.390000	  13.937818	  -0.859497	  12.660320	  20.592000	  13.190500
     0.400000	  14.334238	  -0.978870	  12.991846	  20.488000	  14.531000
     0.410000	  14.805578	  -1.094179	  13.378429	  20.400500	  15.858500
     0.420000	  15.304754	  -1.231818	  13.804379	  20.310000	  17.186000
     0.430000	  15.889862	  -1.364624	  14.298236	  20.230500	  18.479500
     0.440000	  16.506068	  -1.521035	  14.835055	  20.146000	  19.773000
     0.450000	  17.218866	  -1.671537	  15.453310	  20.065000	  21.028500
     0.460000	  17.965887	  -1.846057	  16.118281	  19.970000	  22.284000
     0.470000	  18.818445	  -2.012904	  16.878484	  19.869500	  23.500500
     0.480000	  19.707803	  -2.202468	  17.689149	  19.742000	  24.717000
     0.490000	  20.707703	  -2.381380	  18.607951	  19.597000	  25.886000
     0.500000	  21.745740	  -2.578774	  19.580400	  19.407000	  27.055000
     0.510000	  22.892142	  -2.760715	  20.670614	  19.185500	  28.156500
     0.520000	  24.075782	  -2.952523	  21.816038	  18.898500	  29.258000
     0.530000	  25.354366	  -3.121776	  23.081473	  18.563500	  30.255500
     0.540000	  26.665807	  -3.286649	  24.400408	  18.139500	  31.253000
     0.550000	  28.043595	  -3.419652	  25.828157	  17.650000	  32.085500
     0.560000	  29.445165	  -3.528230	  27.302221	  17.051500	  32.918000
     0.570000	  30.867373	  -3.594794	  28.853106	  16.370500	  33.499500
     0.580000	  32.298951	  -3.613344	  30.435401	  15.571500	  34.081000
     0.590000	  33.691078	  -3.582300	  32.035547	  14.679000	  34.299500
     0.600000	  35.073520	  -3.481979	  33.643332	  13.676500	  34.518000
     0.610000	  36.351178	  -3.332494	  35.183474	  12.580000	  34.246000
     0.620000	  37.597999	  -3.103768	  36.700598	  11.408500	  33.974000
     0.630000	  38.684126	  -2.839753	  38.051364	  10.161000	  33.085500
     0.640000	  39.720495	  -2.506168	  39.347860	   8.897500	  32.197000
     0.650000	  40.564270	  -2.166127	  40.395460	   7.593500	  30.616000
     0.660000	  41.346272	  -1.787106	  41.366936	   6.353500	  29.035000
     0.670000	  41.936744	  -1.438654	  42.056429	   5.126000	  26.708500
     0.680000	  42.463751	  -1.092967	  42.665429	   4.022000	  24.382000
     0.690000	  42.828495	  -0.808991	  43.030001	   2.989000	  21.336500
     0.700000	  43.137698	  -0.561286	  43.329007	   2.125500	  18.291000
     0.710000	  43.328068	  -0.383880	  43.474127	   1.399500	  14.316500
     0.720000	  43.476168	  -0.250648	  43.580538	   0.800000	  10.342000
     0.730000	  43.548525	  -0.168552	  43.625944	   0.365500	   6.770500
     0.740000	  43.592888	  -0.113900	  43.651801	   0.147500	   3.199000
     0.750000	  43.601434	  -0.076768	  43.659055	   0.054500	   0.515000
     0.760000	  43.592487	  -0.036754	  43.652180	   0.163000	  -2.169000
     0.770000	  43.547693	   0.015743	  43.626947	   0.395000	  -5.312000
     0.780000	  43.478843	   0.101845	  43.581069	   0.849500	  -8.455000
     0.790000	  43.330175	   0.231652	  43.475461	   1.468500	 -12.240000
     0.800000	  43.146192	   0.413694	  43.329063	   2.205500	 -16.025000
     0.810000	  42.836216	   0.656790	  43.032552	   3.092000	 -19.186000
     0.820000	  42.478065	   0.948347	  42.667085	   4.134500	 -22.347000
     0.830000	  41.952686	   1.288887	  42.061552	   5.257000	 -24.900500
     0.840000	  41.366466	   1.647998	  41.370773	   6.492000	 -27.454000
     0.850000	  40.589696	   2.021714	  40.403343	   7.746000	 -29.272500
     0.860000	  39.746402	   2.373939	  39.353606	   9.053500	 -31.091000
     0.870000	  38.718088	   2.703217	  38.061153	  10.327000	 -32.209000
     0.880000	  37.628592	   2.979003	  36.707454	  11.575500	 -33.327000
     0.890000	  36.390794	   3.205529	  35.194221	  12.753000	 -33.794000
     0.900000	  35.107036	   3.364914	  33.650610	  13.848500	 -34.261000
     0.910000	  33.732776	   3.465799	  32.046281	  14.853000	 -34.194500
     0.920000	  32.333282	   3.504113	  30.442320	  15.743500	 -34.128000
     0.930000	  30.907881	   3.488841	  28.863075	  16.541000	 -33.654000
     0.940000	  29.478262	   3.426890	  27.308211	  17.218000	 -33.180000
     0.950000	  28.080572	   3.323755	  25.836881	  17.813000	 -32.416500
     0.960000	  26.696074	   3.193148	  24.405126	  18.298000	 -31.653000
     0.970000	  25.386545	   3.035099	  23.088767	  18.717000	 -30.695500
     0.980000	  24.102257	   2.866638	  21.819401	  19.046500	 -29.738000
     0.990000	  22.919152	   2.682275	  20.676510	  19.328500	 -28.655500
     1.000000	  21.768064	   2.500091	  19.582500	  19.543500	 -27.573000
