     0.000000	  26.032152	   1.781807	  78.379000	  -2.443000
     0.010000	  23.120106	   1.334865	  75.965500	  -2.358923
     0.020000	  20.247545	   1.387096	  73.555500	  -2.274847
     0.030000	  17.853633	   1.013010	  71.152500	  -2.170101
     0.040000	  15.517438	   1.044633	  68.769500	  -2.065356
     0.050000	  13.604874	   0.743346	  66.419000	  -1.947142
     0.060000	  11.757664	   0.762881	  64.105500	  -1.828927
     0.070000	  10.269847	   0.528576	  61.849000	  -1.702113
     0.080000	   8.847088	   0.541643	  59.644500	  -1.575299
     0.090000	   7.717856	   0.364955	  57.521000	  -1.446037
     0.100000	   6.648178	   0.374899	  55.465000	  -1.316775
     0.110000	   5.810321	   0.245001	  53.512000	  -1.188952
     0.120000	   5.023762	   0.253575	  51.640000	  -1.061128
     0.130000	   4.415165	   0.159813	  49.890500	  -0.938138
     0.140000	   3.848803	   0.167769	  48.234500	  -0.815148
     0.150000	   3.416101	   0.100703	  46.718500	  -0.698026
     0.160000	   3.017142	   0.108243	  45.307000	  -0.580903
     0.170000	   2.717267	   0.060121	  44.050500	  -0.471143
     0.180000	   2.444076	   0.067185	  42.908000	  -0.361382
     0.190000	   2.244260	   0.031995	  41.932500	  -0.257404
     0.200000	   2.065993	   0.038407	  41.077500	  -0.153425
     0.210000	   1.942851	   0.011675	  40.399500	  -0.053400
     0.220000	   1.838290	   0.017179	  39.846500	   0.046626
     0.230000	   1.776375	  -0.004262	  39.474500	   0.143925
     0.240000	   1.732385	  -0.000065	  39.229000	   0.241223
     0.250000	   1.722994	  -0.018538	  39.164000	   0.338223
     0.260000	   1.733042	  -0.016393	  39.225000	   0.435223
     0.270000	   1.775333	  -0.033922	  39.467000	   0.538425
     0.280000	   1.839967	  -0.034884	  39.835000	   0.641626
     0.290000	   1.940962	  -0.053366	  40.385000	   0.752600
     0.300000	   2.068447	  -0.058630	  41.058000	   0.863575
     0.310000	   2.241355	  -0.080135	  41.910500	   0.984096
     0.320000	   2.447290	  -0.091462	  42.879500	   1.104618
     0.330000	   2.712907	  -0.118477	  44.020500	   1.236353
     0.340000	   3.021255	  -0.138562	  45.270000	   1.368088
     0.350000	   3.409588	  -0.174217	  46.679500	   1.510970
     0.360000	   3.854058	  -0.206764	  48.187000	   1.653852
     0.370000	   4.405441	  -0.255042	  49.841000	   1.807362
     0.380000	   5.030446	  -0.304726	  51.581500	   1.960872
     0.390000	   5.795836	  -0.370565	  53.451500	   2.122544
     0.400000	   6.656527	  -0.442735	  55.395000	   2.284216
     0.410000	   7.696426	  -0.531948	  57.449500	   2.449954
     0.420000	   8.857176	  -0.631912	  59.563000	   2.615692
     0.430000	  10.238551	  -0.750856	  61.766000	   2.780887
     0.440000	  11.769262	  -0.882670	  64.012500	   2.946082
     0.450000	  13.560012	  -1.037602	  66.325000	   3.104367
     0.460000	  15.529887	  -1.202380	  68.665000	   3.262653
     0.470000	  17.790833	  -1.398514	  71.047500	   3.407908
     0.480000	  20.259685	  -1.592464	  73.441000	   3.553162
     0.490000	  23.034600	  -1.832829	  75.851000	   3.678581
     0.500000	  26.042363	  -2.045391	  78.255500	   3.804000
     0.510000	  29.347186	  -2.329668	  80.651500	   3.902423
     0.520000	  32.902882	  -2.542257	  83.026000	   4.000847
     0.530000	  36.715686	  -2.865887	  85.368000	   4.067101
     0.540000	  40.787522	  -3.051732	  87.672500	   4.133356
     0.550000	  45.041039	  -3.405560	  89.920000	   4.161137
     0.560000	  49.549439	  -3.531018	  92.115000	   4.188918
     0.570000	  54.127752	  -3.901699	  94.231000	   4.175109
     0.580000	  58.942910	  -3.929167	  96.280500	   4.161299
     0.590000	  63.683524	  -4.300416	  98.230000	   4.103037
     0.600000	  68.628581	  -4.192692	 100.101000	   4.044775
     0.610000	  73.330494	  -4.547305	 101.853500	   3.941952
     0.620000	  78.190885	  -4.273068	 103.515500	   3.839128
     0.630000	  82.628867	  -4.595463	 105.043000	   3.692634
     0.640000	  87.168036	  -4.135488	 106.470500	   3.546139
     0.650000	  91.113208	  -4.414433	 107.749000	   3.359021
     0.660000	  95.094813	  -3.768333	 108.920000	   3.171903
     0.670000	  98.341891	  -3.999235	 109.933500	   2.950643
     0.680000	 101.559203	  -3.192321	 110.835500	   2.729382
     0.690000	 103.959857	  -3.378261	 111.576000	   2.481904
     0.700000	 106.271053	  -2.467756	 112.206000	   2.234425
     0.710000	 107.769940	  -2.617136	 112.681000	   1.974404
     0.720000	 109.138240	  -1.690532	 113.053000	   1.714383
     0.730000	 109.800023	  -1.818496	 113.289500	   1.444084
     0.740000	 110.310997	  -0.990483	 113.445000	   1.173785
     0.750000	 110.373940	  -1.091458	 113.486000	   0.999785
     0.760000	 110.256035	  -0.404993	 113.452500	   0.825785
     0.770000	 109.865985	  -0.363043	 113.306000	   0.568084
     0.780000	 109.107293	   0.371167	 113.077000	   0.310383
     0.790000	 107.901897	   0.412094	 112.713500	   0.027404
     0.800000	 106.238590	   1.256233	 112.252000	  -0.255575
     0.810000	 104.148001	   1.230754	 111.633000	  -0.514596
     0.820000	 101.547441	   2.073728	 110.904500	  -0.773618
     0.830000	  98.574307	   1.948486	 110.011000	  -1.017353
     0.840000	  95.097715	   2.749373	 109.009500	  -1.261088
     0.850000	  91.372743	   2.504972	 107.845000	  -1.471974
     0.860000	  87.182965	   3.218538	 106.577000	  -1.682861
     0.870000	  82.896811	   2.855863	 105.154500	  -1.858366
     0.880000	  78.210078	   3.462082	 103.636000	  -2.033872
     0.890000	  73.590341	   2.997358	 101.976000	  -2.168048
     0.900000	  68.646568	   3.487914	 100.231000	  -2.302225
     0.910000	  63.922659	   2.948958	  98.360000	  -2.394963
     0.920000	  58.955749	   3.328117	  96.415500	  -2.487701
     0.930000	  54.338013	   2.748409	  94.363000	  -2.538391
     0.940000	  49.555462	   3.028059	  92.251500	  -2.589082
     0.950000	  45.218441	   2.442017	  90.052000	  -2.599867
     0.960000	  40.786735	   2.638771	  87.807000	  -2.610653
     0.970000	  36.859749	   2.077397	  85.496500	  -2.584408
     0.980000	  32.896487	   2.209409	  83.157000	  -2.558162
     0.990000	  29.460053	   1.697171	  80.775000	  -2.500581
     1.000000	  26.032152	   1.781807	  78.379000	  -2.443000
