     0.000000	  32.827229	  10.023061	  77.806000	 -20.733000
     0.010000	  31.104157	   9.683382	  76.829000	 -20.435923
     0.020000	  29.327827	   9.317603	  75.833500	 -20.138847
     0.030000	  27.514707	   8.849645	  74.745000	 -19.664597
     0.040000	  25.664597	   8.372356	  73.633500	 -19.190347
     0.050000	  23.827243	   7.808915	  72.431500	 -18.556133
     0.060000	  21.972474	   7.257289	  71.204500	 -17.921918
     0.070000	  20.184377	   6.638927	  69.896500	 -17.146609
     0.080000	  18.399763	   6.055428	  68.566500	 -16.371299
     0.090000	  16.734183	   5.425473	  67.176000	 -15.476541
     0.100000	  15.091842	   4.852118	  65.773000	 -14.581784
     0.110000	  13.612750	   4.250692	  64.345000	 -13.590456
     0.120000	  12.173104	   3.723038	  62.925000	 -12.599128
     0.130000	  10.927027	   3.181501	  61.530500	 -11.533638
     0.140000	   9.731334	   2.724001	  60.174500	 -10.468148
     0.150000	   8.742317	   2.261430	  58.903500	  -9.352030
     0.160000	   7.808821	   1.885661	  57.707500	  -8.235912
     0.170000	   7.077673	   1.508679	  56.652500	  -7.083647
     0.180000	   6.401985	   1.215202	  55.698500	  -5.931382
     0.190000	   5.909930	   0.921281	  54.916500	  -4.790404
     0.200000	   5.469781	   0.704043	  54.242000	  -3.649425
     0.210000	   5.183198	   0.486595	  53.717500	  -2.451400
     0.220000	   4.942344	   0.337355	  53.253500	  -1.253374
     0.230000	   4.822149	   0.185414	  52.893000	  -0.419575
     0.240000	   4.741377	   0.080750	  52.581500	   0.414223
     0.250000	   4.728666	  -0.042076	  52.473000	   0.360219
     0.260000	   4.742208	  -0.152249	  52.539500	   0.306215
     0.270000	   4.820313	  -0.271589	  52.816000	   1.139416
     0.280000	   4.936993	  -0.418492	  53.134500	   1.972617
     0.290000	   5.172125	  -0.576629	  53.561500	   3.152596
     0.300000	   5.452546	  -0.795443	  54.043000	   4.332575
     0.310000	   5.878526	  -1.021685	  54.680500	   5.500596
     0.320000	   6.360756	  -1.319192	  55.414500	   6.668618
     0.330000	   7.018335	  -1.624660	  56.329000	   7.845353
     0.340000	   7.738342	  -2.008169	  57.332000	   9.022088
     0.350000	   8.648121	  -2.401486	  58.487000	  10.159974
     0.360000	   9.623954	  -2.872053	  59.705500	  11.297861
     0.370000	  10.790585	  -3.353823	  61.023000	  12.388366
     0.380000	  12.022435	  -3.903464	  62.368000	  13.478872
     0.390000	  13.428474	  -4.463352	  63.752000	  14.497548
     0.400000	  14.893936	  -5.071964	  65.134000	  15.516225
     0.410000	  16.499724	  -5.686370	  66.504500	  16.441963
     0.420000	  18.154409	  -6.321777	  67.856000	  17.367701
     0.430000	  19.901635	  -6.955349	  69.159000	  18.176887
     0.440000	  21.683650	  -7.576848	  70.434500	  18.986073
     0.450000	  23.502509	  -8.187002	  71.639500	  19.657358
     0.460000	  25.340225	  -8.750886	  72.817500	  20.328644
     0.470000	  27.158032	  -9.293853	  73.913000	  20.841399
     0.480000	  28.978836	  -9.759340	  74.985500	  21.354153
     0.490000	  30.728133	 -10.196070	  75.972000	  21.692077
     0.500000	  32.466247	 -10.530244	  76.941500	  22.030000
     0.510000	  34.090910	 -10.830922	  77.827000	  22.177923
     0.520000	  35.692960	 -11.011902	  78.701500	  22.325847
     0.530000	  37.151677	 -11.158477	  79.497500	  22.271601
     0.540000	  38.579589	 -11.176622	  80.286500	  22.217356
     0.550000	  39.846829	 -11.163360	  81.004500	  21.954142
     0.560000	  41.078297	 -11.020758	  81.716000	  21.690927
     0.570000	  42.143328	 -10.853212	  82.365500	  21.214613
     0.580000	  43.170493	 -10.561986	  83.007500	  20.738299
     0.590000	  44.035169	 -10.254942	  83.597000	  20.051541
     0.600000	  44.862220	  -9.834863	  84.175000	  19.364784
     0.610000	  45.538177	  -9.409756	  84.709500	  18.476956
     0.620000	  46.178501	  -8.885581	  85.228000	  17.589128
     0.630000	  46.684276	  -8.367680	  85.712000	  16.521134
     0.640000	  47.157613	  -7.766342	  86.172500	  15.453139
     0.650000	  47.516037	  -7.181768	  86.608000	  14.239026
     0.660000	  47.845990	  -6.529407	  87.012000	  13.024912
     0.670000	  48.082168	  -5.901974	  87.396000	  11.712647
     0.680000	  48.294334	  -5.220875	  87.740000	  10.400382
     0.690000	  48.434584	  -4.569114	  88.066000	   9.042904
     0.700000	  48.555623	  -3.875381	  88.341500	   7.685425
     0.710000	  48.627306	  -3.211006	  88.597000	   6.329904
     0.720000	  48.684670	  -2.514488	  88.791000	   4.974383
     0.730000	  48.714680	  -1.843464	  88.959500	   3.641084
     0.740000	  48.734536	  -1.149183	  89.058000	   2.307785
     0.750000	  48.743009	  -0.473362	  89.125500	   0.987285
     0.760000	  48.743451	   0.219781	  89.119000	  -0.333215
     0.770000	  48.734871	   0.899876	  89.081000	  -1.664920
     0.780000	  48.716068	   1.594400	  88.972000	  -2.996626
     0.790000	  48.674427	   2.273885	  88.834000	  -4.354600
     0.800000	  48.615972	   2.966437	  88.634500	  -5.712575
     0.810000	  48.514256	   3.638822	  88.411000	  -7.080596
     0.820000	  48.387737	   4.323548	  88.137000	  -8.448618
     0.830000	  48.198915	   4.981198	  87.841500	  -9.780853
     0.840000	  47.976712	   5.647735	  87.505500	 -11.113088
     0.850000	  47.674161	   6.276263	  87.145500	 -12.354474
     0.860000	  47.329153	   6.906741	  86.754000	 -13.595861
     0.870000	  46.886403	   7.484813	  86.333000	 -14.696866
     0.880000	  46.392114	   8.055499	  85.887000	 -15.797872
     0.890000	  45.784415	   8.557751	  85.403500	 -16.723048
     0.900000	  45.116721	   9.042247	  84.901000	 -17.648225
     0.910000	  44.323119	   9.442412	  84.352000	 -18.375963
     0.920000	  43.462399	   9.814769	  83.788500	 -19.103701
     0.930000	  42.468143	  10.088573	  83.170000	 -19.621887
     0.940000	  41.401809	  10.326239	  82.540000	 -20.140073
     0.950000	  40.201147	  10.454214	  81.844500	 -20.445863
     0.960000	  38.926542	  10.540874	  81.139000	 -20.751653
     0.970000	  37.525667	  10.511079	  80.359000	 -20.848408
     0.980000	  36.052977	  10.439291	  79.568000	 -20.945162
     0.990000	  34.472605	  10.249724	  78.694000	 -20.839081
     1.000000	  32.827229	  10.023061	  77.806000	 -20.733000
