0 16.2685 0.095581 15.9517 15.7322 0
0.005 16.2684 0.0949421 15.9465 15.7759 0
0.01 16.2682 0.0964459 15.9306 16.7803 0
0.015 16.2681 0.0997596 15.9133 17.2908 0
0.02 16.268 0.102326 15.8951 17.7783 0
0.025 16.2678 0.104957 15.8764 18.2594 0
0.03 16.2677 0.107361 15.8573 18.7332 0
0.035 16.2676 0.109591 15.8377 19.201 0
0.04 16.2674 0.111614 15.8179 19.6632 0
0.045 16.2673 0.11342 15.7977 20.1197 0
0.05 16.2671 0.114999 15.7773 20.5702 0
0.055 16.267 0.116339 15.7567 21.0145 0
0.06 16.2669 0.117433 15.7359 21.4521 0
0.065 16.2667 0.118271 15.7149 21.8826 0
0.07 16.2666 0.118846 15.6939 22.3057 0
0.075 16.2664 0.119152 15.6728 22.7211 0
0.08 16.2663 0.119183 15.6517 23.1282 0
0.085 16.2662 0.118934 15.6306 23.5268 0
0.09 16.266 0.118401 15.6095 23.9165 0
0.095 16.2659 0.117582 15.5886 24.2971 0
0.1 16.2658 0.116473 15.5678 24.6682 0
0.105 16.2656 0.115074 15.5472 25.0295 0
0.11 16.2655 0.113385 15.5269 25.3807 0
0.115 16.2654 0.111405 15.5068 25.7215 0
0.12 16.2653 0.109137 15.487 26.0518 0
0.125 16.2652 0.106582 15.4676 26.3712 0
0.13 16.2651 0.103745 15.4486 26.6796 0
0.135 16.265 0.100628 15.43 26.9767 0
0.14 16.2649 0.0972361 15.4119 27.2624 0
0.145 16.2648 0.093576 15.3943 27.5364 0
0.15 16.2647 0.0896538 15.3773 27.7986 0
0.155 16.2646 0.0854766 15.3608 28.0488 0
0.16 16.2645 0.0810524 15.345 28.2869 0
0.165 16.2644 0.07639 15.3298 28.5127 0
0.17 16.2644 0.0714988 15.3153 28.7261 0
0.175 16.2643 0.0663887 15.3015 28.927 0
0.18 16.2643 0.0610706 15.2884 29.1153 0
0.185 16.2642 0.0555555 15.2762 29.2909 0
0.19 16.2642 0.0498554 15.2647 29.4537 0
0.195 16.2641 0.0439825 15.2541 29.6036 0
0.2 16.2641 0.0379497 15.2443 29.7406 0
0.205 16.2641 0.0317701 15.2353 29.8646 0
0.21 16.264 0.0254574 15.2273 29.9755 0
0.215 16.264 0.0190255 15.2202 30.0733 0
0.22 16.264 0.0124888 15.214 30.1579 0
0.225 16.264 0.00586168 15.2087 30.2293 0
0.23 16.264 -0.00084099 15.2044 30.2875 0
0.235 16.264 -0.00760429 15.201 30.3325 0
0.24 16.264 -0.0144132 15.1986 30.3642 0
0.245 16.264 -0.0212525 15.1971 30.3826 0
0.25 16.264 -0.0281071 15.1966 30.3878 0
0.255 16.264 -0.0349622 15.1971 30.3796 0
0.26 16.264 -0.0418032 15.1986 30.3582 0
0.265 16.264 -0.048615 15.201 30.3235 0
0.27 16.264 -0.0553827 15.2044 30.2756 0
0.275 16.264 -0.062091 15.2087 30.2144 0
0.28 16.264 -0.0687252 15.214 30.14 0
0.285 16.264 -0.0752704 15.2202 30.0524 0
0.29 16.264 -0.0817121 15.2274 29.9517 0
0.295 16.2641 -0.088036 15.2354 29.8379 0
0.3 16.2641 -0.094228 15.2443 29.711 0
0.305 16.2641 -0.100275 15.2541 29.5712 0
0.31 16.2641 -0.106163 15.2648 29.4184 0
0.315 16.2642 -0.111879 15.2762 29.2528 0
0.32 16.2642 -0.117411 15.2885 29.0745 0
0.325 16.2643 -0.122748 15.3016 28.8834 0
0.33 16.2643 -0.127878 15.3154 28.6798 0
0.335 16.2644 -0.13279 15.3299 28.4637 0
0.34 16.2645 -0.137474 15.3451 28.2353 0
0.345 16.2645 -0.14192 15.3609 27.9946 0
0.35 16.2646 -0.146121 15.3774 27.7418 0
0.355 16.2647 -0.150067 15.3945 27.4772 0
0.36 16.2648 -0.153752 15.4121 27.2007 0
0.365 16.2649 -0.157169 15.4302 26.9127 0
0.37 16.265 -0.160312 15.4488 26.6132 0
0.375 16.2651 -0.163176 15.4678 26.3026 0
0.38 16.2652 -0.165757 15.4872 25.9809 0
0.385 16.2653 -0.168052 15.507 25.6485 0
0.39 16.2654 -0.170059 15.5271 25.3056 0
0.395 16.2656 -0.171776 15.5475 24.9524 0
0.4 16.2657 -0.173202 15.5681 24.5891 0
0.405 16.2658 -0.174337 15.5889 24.2162 0
0.41 16.266 -0.175183 15.6098 23.8339 0
0.415 16.2661 -0.175742 15.6309 23.4424 0
0.42 16.2662 -0.176017 15.652 23.0422 0
0.425 16.2664 -0.176011 15.6731 22.6336 0
0.43 16.2665 -0.175729 15.6943 22.2169 0
0.435 16.2666 -0.175177 15.7154 21.7925 0
0.44 16.2668 -0.17436 15.7363 21.3607 0
0.445 16.2669 -0.173287 15.7572 20.9221 0
0.45 16.2671 -0.171964 15.7779 20.477 0
0.455 16.2672 -0.170401 15.7984 20.0259 0
0.46 16.2674 -0.168607 15.8186 19.5691 0
0.465 16.2675 -0.166591 15.8386 19.1071 0
0.47 16.2676 -0.164364 15.8582 18.6405 0
0.475 16.2678 -0.161938 15.8776 18.1696 0
0.48 16.2679 -0.159323 15.8965 17.695 0
0.485 16.268 -0.156532 15.9151 17.2172 0
0.49 16.2682 -0.153578 15.9333 16.7366 0
0.495 16.2683 -0.150472 15.951 16.2538 0
0.5 16.2684 -0.14723 15.9683 15.7693 0
0.505 16.2685 -0.143862 15.985 15.2836 0
0.51 16.2687 -0.140384 16.0013 14.7973 0
0.515 16.2688 -0.136808 16.0171 14.3108 0
0.52 16.2689 -0.133149 16.0324 13.8248 0
0.525 16.269 -0.12942 16.0471 13.3397 0
0.53 16.2691 -0.125635 16.0612 12.8562 0
0.535 16.2692 -0.121807 16.0749 12.3747 0
0.54 16.2693 -0.117949 16.0879 11.8957 0
0.545 16.2694 -0.114074 16.1004 11.4199 0
0.55 16.2695 -0.110195 16.1124 10.9477 0
0.555 16.2696 -0.106324 16.1237 10.4797 0
0.56 16.2696 -0.102474 16.1345 10.0163 0
0.565 16.2697 -0.0986555 16.1448 9.55823 0
0.57 16.2698 -0.0948795 16.1545 9.10583 0
0.575 16.2698 -0.0911568 16.1637 8.65965 0
0.58 16.2699 -0.087497 16.1723 8.22019 0
0.585 16.2699 -0.0839096 16.1804 7.78792 0
0.59 16.27 -0.0804032 16.188 7.36333 0
0.595 16.27 -0.0769858 16.1951 6.94687 0
0.6 16.2701 -0.0736647 16.2017 6.539 0
0.605 16.2701 -0.0704466 16.2078 6.14015 0
0.61 16.2702 -0.0673376 16.2135 5.75077 0
0.615 16.2702 -0.0643429 16.2188 5.37125 0
0.62 16.2702 -0.0614672 16.2236 5.00201 0
0.625 16.2703 -0.0587143 16.228 4.64344 0
0.63 16.2703 -0.0560875 16.232 4.2959 0
0.635 16.2703 -0.0535894 16.2357 3.95977 0
0.64 16.2703 -0.0512218 16.239 3.63539 0
0.645 16.2703 -0.0489861 16.242 3.32309 0
0.65 16.2704 -0.0468829 16.2447 3.02319 0
0.655 16.2704 -0.0449122 16.2471 2.736 0
0.66 16.2704 -0.0430733 16.2493 2.46181 0
0.665 16.2704 -0.0413653 16.2511 2.2009 0
0.67 16.2704 -0.0397863 16.2528 1.95353 0
0.675 16.2704 -0.038334 16.2542 1.71995 0
0.68 16.2704 -0.0370056 16.2554 1.50038 0
0.685 16.2704 -0.0357978 16.2565 1.29506 0
0.69 16.2704 -0.0347066 16.2574 1.10419 0
0.695 16.2704 -0.0337276 16.2581 0.927954 0
0.7 16.2704 -0.0328556 16.2587 0.766536 0
0.705 16.2704 -0.032085 16.2592 0.620095 0
0.71 16.2704 -0.0314094 16.2596 0.488776 0
0.715 16.2704 -0.0308219 16.2599 0.372702 0
0.72 16.2704 -0.0303147 16.2601 0.271972 0
0.725 16.2704 -0.0298792 16.2602 0.18658 0
0.73 16.2704 -0.0295061 16.2603 0.116596 0
0.735 16.2704 -0.029185 16.2604 0.0601319 0
0.74 16.2704 -0.0289048 16.2604 0.0185857 0
0.745 16.2704 -0.028653 16.2604 -0.0256413 0
0.75 16.2704 -0.0284167 16.2604 0.143474 0
0.755 16.2704 -0.0281806 16.2604 -0.017694 0
0.76 16.2704 -0.0279299 16.2604 0.0314844 0
0.765 16.2704 -0.0276514 16.2604 0.0777746 0
0.77 16.2704 -0.0273329 16.2603 0.138129 0
0.775 16.2704 -0.0269634 16.2602 0.211694 0
0.78 16.2704 -0.0265324 16.2601 0.300453 0
0.785 16.2704 -0.0260307 16.2599 0.404398 0
0.79 16.2704 -0.0254496 16.2596 0.523565 0
0.795 16.2704 -0.0247814 16.2592 0.657877 0
0.8 16.2704 -0.024019 16.2587 0.807226 0
0.805 16.2704 -0.0231562 16.2581 0.971477 0
0.81 16.2704 -0.022187 16.2574 1.15048 0
0.815 16.2704 -0.0211065 16.2565 1.34405 0
0.82 16.2704 -0.01991 16.2554 1.55201 0
0.825 16.2704 -0.0185937 16.2542 1.77416 0
0.83 16.2704 -0.0171539 16.2528 2.01027 0
0.835 16.2704 -0.015588 16.2511 2.26012 0
0.84 16.2704 -0.0138934 16.2493 2.52345 0
0.845 16.2704 -0.0120684 16.2471 2.8 0
0.85 16.2704 -0.0101119 16.2448 3.08949 0
0.855 16.2704 -0.00802314 16.2421 3.39164 0
0.86 16.2703 -0.00580211 16.2391 3.70613 0
0.865 16.2703 -0.00344938 16.2357 4.03265 0
0.87 16.2703 -0.000966169 16.2321 4.37086 0
0.875 16.2703 0.00164568 16.228 4.7204 0
0.88 16.2703 0.00438363 16.2236 5.08093 0
0.885 16.2702 0.00724451 16.2188 5.45205 0
0.89 16.2702 0.0102244 16.2136 5.83338 0
0.895 16.2702 0.0133188 16.2079 6.22451 0
0.9 16.2701 0.0165224 16.2018 6.62502 0
0.905 16.2701 0.0198291 16.1952 7.0345 0
0.91 16.27 0.0232324 16.1881 7.45249 0
0.915 16.27 0.0267248 16.1805 7.87854 0
0.92 16.2699 0.0302984 16.1724 8.31218 0
0.925 16.2699 0.0339443 16.1638 8.75295 0
0.93 16.2698 0.0376532 16.1546 9.20036 0
0.935 16.2697 0.041415 16.145 9.65392 0
0.94 16.2697 0.045219 16.1347 10.1131 0
0.945 16.2696 0.049054 16.124 10.5775 0
0.95 16.2695 0.052908 16.1126 11.0465 0
0.955 16.2694 0.0567683 16.1007 11.5196 0
0.96 16.2693 0.0606215 16.0883 11.9965 0
0.965 16.2693 0.0644534 16.0753 12.4765 0
0.97 16.2692 0.0682476 16.0618 12.9593 0
0.975 16.2691 0.0719883 16.0478 13.4449 0
0.98 16.269 0.0756442 16.0334 13.9334 0
0.985 16.2688 0.079213 16.0185 14.4357 0
0.99 16.2687 0.0825099 16.0036 14.8589 0
0.995 16.2686 0.085788 15.9885 15.7759 0
1 16.2685 0.0875376 15.9861 15.7322 0
