0 0 16.1329 -0.170394 -0.0358711 15.9064 -0.19266 15.7299 0.0926989 0.887877
0 0.05 16.1368 -0.165006 0.00736728 15.8998 -0.184445 15.2945 0.0111085 -4.40809
0 0.1 16.1464 -0.144469 0.0388008 15.8783 -0.159918 15.054 -0.0176467 -7.75277
0 0.15 16.1573 -0.108186 0.0698421 15.8549 -0.119061 14.6956 -0.0317518 -10.0373
0 0.2 16.1654 -0.0581366 0.0910278 15.8374 -0.0638329 14.4941 -0.0207893 -11.3181
0 0.25 16.1684 1.47238e-07 0.0988031 15.8311 1.73e-07 14.4235 -2.28762e-05 -11.7348
0 0.3 16.1654 0.0581369 0.0910602 15.8374 0.0638336 14.4928 0.0208993 -11.3187
0 0.35 16.1573 0.108186 0.0697131 15.8549 0.119061 14.7007 0.0312582 -10.0342
0 0.4 16.1464 0.144469 0.0392818 15.8784 0.159919 15.0342 0.0199779 -7.76582
0 0.45 16.1368 0.165007 0.00557022 15.8995 0.184462 15.3682 -0.021726 -4.35454
0 0.5 16.1329 0.170395 -0.0291646 15.9082 0.192666 15.4752 -0.0550669 0.0995299
0 0.55 16.1365 0.165023 -0.0617216 15.8995 0.184464 15.4027 -0.0194689 4.00895
0 0.6 16.1457 0.144505 -0.08967 15.8784 0.159924 15.3953 0.0236847 6.48323
0 0.65 16.1563 0.108231 -0.112921 15.8549 0.119069 15.4119 0.0355889 8.0276
0 0.7 16.1642 0.0581683 -0.128384 15.8374 0.0638391 15.4281 0.023829 8.90019
0 0.75 16.1671 4.09354e-07 -0.133874 15.8311 2.97255e-07 15.4339 2.48204e-05 9.1845
0 0.8 16.1642 -0.0581674 -0.128353 15.8374 -0.0638385 15.4272 -0.0239647 8.90047
0 0.85 16.1563 -0.10823 -0.11305 15.8549 -0.119068 15.4159 -0.0348768 8.02681
0 0.9 16.1457 -0.144503 -0.0891975 15.8785 -0.159911 15.3797 -0.0273964 6.48583
0 0.95 16.1365 -0.165021 -0.0635369 15.8991 -0.184498 15.4578 0.0379403 4.02776
0 1 16.1329 -0.170394 -0.0223847 15.9137 -0.192135 14.6444 -0.136133 -1.12935
0.05 0 16.1334 -0.160456 -0.0326509 15.9085 -0.18151 15.4531 0.0653615 0.565982
0.05 0.05 16.1169 -0.156982 0.00962973 15.8252 -0.177158 16.7677 -0.00458492 -3.91859
0.05 0.1 16.1049 -0.139311 0.0427027 15.7252 -0.155899 17.9118 -0.0508092 -6.56127
0.05 0.15 16.0954 -0.105577 0.0750318 15.6293 -0.117152 18.7616 -0.0601895 -8.34998
0.05 0.2 16.0887 -0.0571806 0.0970075 15.5601 -0.0630889 19.298 -0.0397628 -9.37897
0.05 0.25 16.0862 -1.6942e-07 0.105004 15.5349 -2.85613e-07 19.4797 2.82151e-05 -9.71644
0.05 0.3 16.0887 0.0571802 0.0970382 15.5601 0.0630892 19.2978 0.0396613 -9.37919
0.05 0.35 16.0954 0.105576 0.0749106 15.6293 0.11715 18.7625 0.0604801 -8.34907
0.05 0.4 16.1049 0.139311 0.0431607 15.7253 0.155903 17.9082 0.0500498 -6.56557
0.05 0.45 16.1169 0.156982 0.00794125 15.8252 0.177128 16.7824 0.00543713 -3.90251
0.05 0.5 16.1334 0.160456 -0.0263098 15.9088 0.181489 15.4374 -0.0534588 -0.144699
0.05 0.55 16.1566 0.153707 -0.0549603 15.9676 0.170313 13.9213 -0.0542284 4.0299
0.05 0.6 16.1854 0.132741 -0.0773352 16.0075 0.144961 12.4411 -0.014181 6.98613
0.05 0.65 16.2133 0.0980364 -0.0953964 16.0363 0.106426 11.2516 0.00183631 8.75704
0.05 0.7 16.2334 0.0521535 -0.107164 16.0554 0.0565632 10.5076 0.00263671 9.69302
0.05 0.75 16.2406 -9.62232e-08 -0.111287 16.0623 -4.10293e-07 10.2543 5.88136e-05 9.98497
0.05 0.8 16.2334 -0.0521537 -0.107134 16.0554 -0.0565635 10.5074 -0.00287021 9.69289
0.05 0.85 16.2133 -0.0980368 -0.0955184 16.0363 -0.10643 11.2522 -0.000977319 8.75733
0.05 0.9 16.1854 -0.132741 -0.0768716 16.0075 -0.14496 12.4392 0.0108633 6.98163
0.05 0.95 16.1566 -0.153707 -0.0566538 15.9676 -0.170404 13.9283 0.0676757 4.04015
0.05 1 16.1334 -0.160456 -0.0199193 15.9085 -0.18151 15.5217 0.0656518 -0.992695
0.1 0 16.1347 -0.132887 -0.0309751 15.9103 -0.150377 15.1959 0.0413869 0.255683
0.1 0.05 16.1006 -0.131214 0.00650475 15.7522 -0.14959 17.9856 -0.0204447 -3.2996
0.1 0.1 16.0683 -0.117914 0.0399148 15.5653 -0.133338 20.2287 -0.0646042 -5.46387
0.1 0.15 16.0387 -0.0901948 0.0731094 15.3863 -0.100757 21.9209 -0.0741946 -6.93223
0.1 0.2 16.017 -0.0491056 0.0960208 15.2575 -0.0543415 22.9625 -0.0482929 -7.7829
0.1 0.25 16.009 -3.22112e-07 0.104329 15.2107 -2.6902e-07 23.3132 -2.40925e-06 -8.06092
0.1 0.3 16.017 0.049105 0.0960466 15.2575 0.0543406 22.9625 0.0482989 -7.78289
0.1 0.35 16.0387 0.0901941 0.0730069 15.3863 0.100757 21.9208 0.074177 -6.93228
0.1 0.4 16.0683 0.117913 0.0403018 15.5653 0.133334 20.2292 0.0646306 -5.46371
0.1 0.45 16.1006 0.131213 0.00505558 15.7522 0.149598 17.9833 0.0206038 -3.29915
0.1 0.5 16.1347 0.132886 -0.0255594 15.9102 0.150379 15.3391 -0.0442696 -0.27679
0.1 0.55 16.1739 0.125981 -0.046129 16.0244 0.138041 12.5362 -0.0759516 3.39566
0.1 0.6 16.2177 0.107183 -0.0571496 16.1046 0.114883 9.90642 -0.0428295 6.09992
0.1 0.65 16.2578 0.0778564 -0.0635171 16.1639 0.0826901 7.83262 -0.0182643 7.46
0.1 0.7 16.2856 0.0408747 -0.0663566 16.2029 0.0433342 6.5145 -0.00893074 8.01693
0.1 0.75 16.2955 -5.90652e-07 -0.0671526 16.2167 -7.11314e-07 6.06433 -1.75374e-05 8.15179
0.1 0.8 16.2856 -0.040876 -0.0663305 16.2029 -0.0433361 6.51457 0.00900803 8.01688
0.1 0.85 16.2578 -0.0778578 -0.0636197 16.1639 -0.0826928 7.8324 0.0179805 7.45979
0.1 0.9 16.2177 -0.107185 -0.056761 16.1047 -0.114893 9.90732 0.0440099 6.10024
0.1 0.95 16.1739 -0.125982 -0.0475757 16.0245 -0.138031 12.5327 0.0719047 3.39721
0.1 1 16.1347 -0.132887 -0.0201268 15.9103 -0.150377 15.4579 0.0421004 -0.793899
0.15 0 16.1362 -0.093525 -0.0294605 15.9121 -0.105576 14.9685 0.0316737 0.0747824
0.15 0.05 16.0897 -0.0928612 -0.00160622 15.6898 -0.10695 18.9091 -0.0210524 -2.37681
0.15 0.1 16.0414 -0.0842188 0.0243448 15.4231 -0.0962682 22.0041 -0.0574614 -3.88643
0.15 0.15 15.9958 -0.064817 0.0501124 15.1668 -0.0729656 24.2936 -0.0655964 -4.9146
0.15 0.2 15.9624 -0.0353673 0.0677036 14.9829 -0.0393379 25.68 -0.0427117 -5.50811
0.15 0.25 15.95 -3.3788e-07 0.0740033 14.9162 -3.44696e-07 26.1422 -7.20921e-07 -5.7014
0.15 0.3 15.9624 0.0353667 0.0677235 14.9829 0.0393373 25.68 0.0427116 -5.50812
0.15 0.35 15.9958 0.0648164 0.0500334 15.1668 0.0729647 24.2936 0.0655915 -4.91458
0.15 0.4 16.0414 0.0842182 0.0246412 15.4231 0.096269 22.0041 0.0574798 -3.88644
0.15 0.45 16.0897 0.0928605 -0.0027098 15.6898 0.10695 18.9096 0.0209452 -2.37702
0.15 0.5 16.1362 0.0935242 -0.025348 15.9121 0.105578 15.2264 -0.0318056 -0.29149
0.15 0.55 16.1867 0.0876621 -0.0381381 16.0671 0.09467 11.3481 -0.0716275 2.4121
0.15 0.6 16.2403 0.0734731 -0.0413248 16.1692 0.0768587 7.82175 -0.0515647 4.55463
0.15 0.65 16.287 0.0523713 -0.040614 16.2404 0.0540019 5.10256 -0.0170113 5.25571
0.15 0.7 16.3181 0.0270224 -0.0385843 16.2851 0.0277289 3.34371 -0.00516109 5.16331
0.15 0.75 16.3288 -8.54804e-07 -0.0372634 16.3005 -9.54747e-07 2.72665 6.46899e-06 4.93894
0.15 0.8 16.3181 -0.0270242 -0.0385641 16.2851 -0.0277309 3.34369 0.00513534 5.16324
0.15 0.85 16.287 -0.0523729 -0.0406922 16.2404 -0.0540046 5.10264 0.0171127 5.25572
0.15 0.9 16.2403 -0.0734744 -0.0410276 16.1692 -0.0768603 7.82135 0.0512451 4.55443
0.15 0.95 16.1867 -0.0876631 -0.039239 16.0671 -0.0946734 11.349 0.0727882 2.41042
0.15 1 16.1362 -0.093525 -0.0212358 15.9121 -0.105576 15.49 0.0327772 -0.662049
0.2 0 16.1377 -0.0477229 -0.0286332 15.9136 -0.0539484 14.7742 0.0196253 0.0222276
0.2 0.05 16.0838 -0.0476414 -0.0134794 15.6476 -0.0554139 19.4919 -0.00907364 -1.2182
0.2 0.1 16.0263 -0.043474 0.000525688 15.3247 -0.050215 23.1085 -0.0305387 -1.98378
0.2 0.15 15.9712 -0.0336296 0.0142693 15.014 -0.0381103 25.7468 -0.0361345 -2.50539
0.2 0.2 15.9309 -0.018346 0.023275 14.7915 -0.0205284 27.3254 -0.0238131 -2.80531
0.2 0.25 15.9163 -2.84569e-07 0.0264562 14.7111 -2.60843e-07 27.848 -3.72527e-07 -2.90265
0.2 0.3 15.9309 0.0183455 0.0232856 14.7915 0.0205278 27.3254 0.0238116 -2.80531
0.2 0.35 15.9712 0.0336291 0.0142272 15.014 0.03811 25.7468 0.0361359 -2.50539
0.2 0.4 16.0263 0.0434735 0.000683938 15.3247 0.050215 23.1086 0.0305277 -1.98378
0.2 0.45 16.0838 0.0476408 -0.0140718 15.6476 0.0554144 19.4918 0.00910594 -1.21815
0.2 0.5 16.1377 0.0477222 -0.0264241 15.9136 0.0539477 15.146 -0.0201858 -0.169232
0.2 0.55 16.1943 0.04443 -0.0324906 16.0936 0.0474154 10.5368 -0.0447326 1.25206
0.2 0.6 16.2528 0.0368929 -0.0319329 16.2047 0.0377566 6.40366 -0.0404322 2.48099
0.2 0.65 16.3022 0.0258787 -0.0285704 16.277 0.0260093 3.30336 -0.0176807 2.48406
0.2 0.7 16.3335 0.0130697 -0.0248604 16.32 0.0128724 1.32528 0.00304535 1.72037
0.2 0.75 16.3439 -8.44621e-07 -0.0233374 16.3335 -9.00905e-07 0.671922 -1.93725e-06 1.23495
0.2 0.8 16.3335 -0.0130713 -0.0248497 16.32 -0.0128741 1.32528 -0.00303569 1.72035
0.2 0.85 16.3022 -0.0258801 -0.0286124 16.277 -0.0260108 3.30332 0.0176553 2.48399
0.2 0.9 16.2528 -0.036894 -0.0317742 16.2047 -0.037758 6.40379 0.0405347 2.48084
0.2 0.95 16.1943 -0.0444308 -0.0330823 16.0936 -0.0474157 10.5366 0.0444126 1.25195
0.2 1 16.1377 -0.0477229 -0.0242111 15.9136 -0.0539484 15.5165 0.0206113 -0.360292
0.25 0 16.1384 -9.6594e-05 -0.028162 15.9142 -0.000141957 14.7052 0.00913094 0.049248
0.25 0.05 16.0818 -0.000101475 -0.0280116 15.6326 -0.000171051 19.6877 0.0088443 0.0679554
0.25 0.1 16.0216 -9.75938e-05 -0.0278473 15.2894 -0.000179284 23.4782 0.00731677 0.0821083
0.25 0.15 15.9639 -8.3397e-05 -0.0276935 14.9592 -0.000151346 26.2289 0.00510318 0.092383
0.25 0.2 15.9224 -4.92359e-05 -0.0275903 14.723 -8.67891e-05 27.8677 0.0025958 0.0985131
0.25 0.25 15.9074 -2.21187e-07 -0.0275548 14.6377 -2.05399e-07 28.4089 -4.46924e-07 0.100537
0.25 0.3 15.9224 4.87961e-05 -0.0275902 14.723 8.64357e-05 27.8677 -0.00259636 0.0985126
0.25 0.35 15.9639 8.29539e-05 -0.0276936 14.9592 0.000151056 26.2289 -0.00510478 0.0923839
0.25 0.4 16.0216 9.71144e-05 -0.0278471 15.2894 0.000179154 23.4782 -0.0073139 0.0821111
0.25 0.45 16.0818 0.000100909 -0.0280129 15.6326 0.000170809 19.6877 -0.00885594 0.0679632
0.25 0.5 16.1384 9.59045e-05 -0.0281591 15.9142 0.000141658 15.1179 -0.00938426 0.0507793
0.25 0.55 16.1969 8.02421e-05 -0.0282862 16.1027 0.000112026 10.2569 -0.00906211 0.0315503
0.25 0.6 16.2567 6.09215e-05 -0.0284041 16.2158 8.9669e-05 5.91658 -0.00895623 0.0121356
0.25 0.65 16.3063 4.41578e-05 -0.0284909 16.2869 6.60307e-05 2.72342 -0.00850637 -0.00251297
0.25 0.7 16.3369 2.46061e-05 -0.0285367 16.3276 3.21198e-05 0.724748 -0.0046456 -0.00942221
0.25 0.75 16.347 -7.15258e-07 -0.028547 16.3397 -7.5666e-07 0.148807 1.72131e-06 -0.012077
0.25 0.8 16.3369 -2.5983e-05 -0.0285367 16.3276 -3.35792e-05 0.72474 0.00464431 -0.00942223
0.25 0.85 16.3063 -4.53824e-05 -0.0284911 16.287 -6.73766e-05 2.72343 0.00851666 -0.0025399
0.25 0.9 16.2567 -6.19498e-05 -0.0284038 16.2158 -9.08196e-05 5.91657 0.00893002 0.0120542
0.25 0.95 16.1969 -8.10857e-05 -0.0282869 16.1027 -0.000113047 10.257 0.0091459 0.031415
0.25 1 16.1384 -9.6594e-05 -0.0281558 15.9142 -0.000141957 15.5308 0.00964356 0.0520265
0.3 0 16.1377 0.047524 -0.0276937 15.9136 0.0536755 14.7748 -0.00234316 0.0776187
0.3 0.05 16.0837 0.0474365 -0.0425647 15.6476 0.0550897 19.4831 0.02606 1.35278
0.3 0.1 16.0261 0.0432868 -0.0562294 15.3247 0.0498761 23.0939 0.0446003 2.14536
0.3 0.15 15.9709 0.0334867 -0.069637 15.014 0.0378246 25.7281 0.0459963 2.68663
0.3 0.2 15.9306 0.018268 -0.0783974 14.7915 0.0203644 27.3044 0.0288383 2.99832
0.3 0.25 15.916 -1.55363e-07 -0.0814899 14.7111 -1.34859e-07 27.8263 -2.62613e-07 3.09956
0.3 0.3 15.9306 -0.0182683 -0.078408 14.7915 -0.0203647 27.3044 -0.0288389 2.99832
0.3 0.35 15.9709 -0.0334871 -0.0695947 15.0139 -0.0378249 25.7281 -0.0459966 2.68663
0.3 0.4 16.0261 -0.0432873 -0.0563879 15.3247 -0.0498764 23.0939 -0.0446021 2.14536
0.3 0.45 16.0837 -0.0474371 -0.0419737 15.6476 -0.0550901 19.4831 -0.0260579 1.35279
0.3 0.5 16.1377 -0.0475247 -0.0299 15.9136 -0.0536762 15.1456 0.00240205 0.271246
0.3 0.55 16.1944 -0.0442608 -0.0240737 16.0936 -0.0471988 10.548 0.0279713 -1.1864
0.3 0.6 16.2529 -0.0367663 -0.0248511 16.2047 -0.0375834 6.42579 0.025129 -2.45058
0.3 0.65 16.3023 -0.0257974 -0.0283865 16.277 -0.0258826 3.32849 0.00449411 -2.47911
0.3 0.7 16.3336 -0.0130297 -0.0321957 16.32 -0.012805 1.34714 -0.0106636 -1.72863
0.3 0.75 16.344 -6.70439e-07 -0.0337471 16.3335 -7.03193e-07 0.690944 3.17754e-07 -1.2475
0.3 0.8 16.3336 0.0130283 -0.0322063 16.32 0.0128036 1.34714 0.0106661 -1.72863
0.3 0.85 16.3023 0.0257961 -0.0283443 16.277 0.0258812 3.32849 -0.00449433 -2.47913
0.3 0.9 16.2529 0.0367652 -0.0250095 16.2047 0.0375822 6.42581 -0.0251217 -2.45062
0.3 0.95 16.1944 0.0442599 -0.0234825 16.0936 0.0471979 10.548 -0.0279941 -1.18644
0.3 1 16.1377 0.047524 -0.0321057 15.9136 0.0536755 15.5163 -0.00246076 0.464853
0.35 0 16.1363 0.093333 -0.0268468 15.9121 0.105342 14.9656 -0.0165055 0.024415
0.35 0.05 16.0896 0.0926686 -0.0544852 15.6898 0.106676 18.8928 0.0357062 2.50789
0.35 0.1 16.0411 0.0840497 -0.0802226 15.4231 0.0959871 21.9758 0.0699477 4.04021
0.35 0.15 15.9953 0.0646916 -0.105785 15.1668 0.0727282 24.2575 0.074425 5.0853
0.35 0.2 15.9617 0.0353001 -0.12323 14.9828 0.039202 25.6394 0.0472467 5.68912
0.35 0.25 15.9492 -7.13597e-08 -0.129475 14.9161 -6.50565e-08 26.1001 -1.2569e-07 5.88583
0.35 0.3 15.9617 -0.0353002 -0.12325 14.9828 -0.0392021 25.6394 -0.047247 5.68912
0.35 0.35 15.9953 -0.0646918 -0.105706 15.1668 -0.0727284 24.2575 -0.0744255 5.0853
0.35 0.4 16.0411 -0.0840501 -0.0805173 15.4231 -0.0959873 21.9758 -0.0699479 4.04021
0.35 0.45 16.0896 -0.0926691 -0.0533852 15.6898 -0.106677 18.8928 -0.0357078 2.50789
0.35 0.5 16.1363 -0.0933337 -0.0309526 15.9121 -0.105343 15.2259 0.0167911 0.394884
0.35 0.55 16.1868 -0.0874854 -0.0184186 16.067 -0.0944753 11.3691 0.0585195 -2.33886
0.35 0.6 16.2405 -0.0733285 -0.0155433 16.1692 -0.0766989 7.86011 0.0414159 -4.50947
0.35 0.65 16.2873 -0.0522667 -0.0165455 16.2404 -0.0538811 5.14857 0.00950922 -5.23259
0.35 0.7 16.3184 -0.0269672 -0.0187749 16.2852 -0.0276627 3.39214 0.00102488 -5.15571
0.35 0.75 16.3291 -6.51394e-07 -0.0201702 16.3005 -6.92984e-07 2.77479 4.11182e-07 -4.93627
0.35 0.8 16.3184 0.0269659 -0.0187946 16.2852 0.0276613 3.39214 -0.00102458 -5.15571
0.35 0.85 16.2873 0.0522655 -0.0164669 16.2404 0.0538798 5.14857 -0.00950909 -5.2326
0.35 0.9 16.2405 0.0733274 -0.015838 16.1692 0.0766978 7.86012 -0.0414174 -4.50948
0.35 0.95 16.1868 0.0874845 -0.0173184 16.067 0.0944745 11.3691 -0.0585137 -2.33887
0.35 1 16.1363 0.093333 -0.0350583 15.9121 0.105342 15.4861 -0.0170796 0.765319
0.4 0 16.1347 0.132726 -0.0254071 15.9102 0.150203 15.2097 -0.0331451 -0.142281
0.4 0.05 16.1004 0.131064 -0.0626648 15.7522 0.149404 17.9597 0.0319883 3.42397
0.4 0.1 16.0677 0.117792 -0.0956817 15.5653 0.133139 20.1893 0.0745873 5.60489
0.4 0.15 16.0378 0.0901119 -0.128448 15.3862 0.100595 21.8699 0.0813777 7.08581
0.4 0.2 16.0159 0.0490639 -0.151013 15.2574 0.0542484 22.9052 0.0520397 7.94405
0.4 0.25 16.0078 2.33539e-08 -0.159191 15.2106 2.24819e-08 23.2537 3.58521e-08 8.22465
0.4 0.3 16.0159 -0.0490639 -0.15104 15.2574 -0.0542484 22.9052 -0.0520397 7.94405
0.4 0.35 16.0378 -0.0901119 -0.128344 15.3862 -0.100595 21.8699 -0.0813778 7.08581
0.4 0.4 16.0677 -0.117792 -0.0960717 15.5653 -0.133139 20.1893 -0.0745877 5.60489
0.4 0.45 16.1004 -0.131065 -0.0612092 15.7522 -0.149404 17.9597 -0.0319885 3.42397
0.4 0.5 16.1347 -0.132726 -0.0308402 15.9102 -0.150203 15.3387 0.0334261 0.382143
0.4 0.55 16.1741 -0.125822 -0.0103913 16.0244 -0.137887 12.5641 0.0678183 -3.31172
0.4 0.6 16.2181 -0.107039 0.00059441 16.1046 -0.11475 9.95489 0.0376843 -6.03616
0.4 0.65 16.2584 -0.0777414 0.00699648 16.1638 -0.082586 7.89197 0.0149306 -7.41249
0.4 0.7 16.2862 -0.0408096 0.00989108 16.2029 -0.0432759 6.57913 0.00718436 -7.98032
0.4 0.75 16.2961 -6.10069e-07 0.0107122 16.2167 -6.39201e-07 6.13068 -8.85395e-08 -8.11908
0.4 0.8 16.2862 0.0408084 0.00986509 16.2029 0.0432746 6.57914 -0.00718468 -7.98032
0.4 0.85 16.2584 0.0777403 0.00710048 16.1638 0.0825849 7.89198 -0.0149311 -7.41249
0.4 0.9 16.2181 0.107038 0.00020454 16.1046 0.11475 9.9549 -0.0376844 -6.03617
0.4 0.95 16.1741 0.125821 -0.00893545 16.0244 0.137887 12.5641 -0.0678199 -3.31172
0.4 1 16.1347 0.132726 -0.036273 15.9102 0.150203 15.4676 -0.0337073 0.906554
0.45 0 16.1334 0.160361 -0.0234258 15.9088 0.181395 15.4002 -0.0476599 -0.38707
0.45 0.05 16.1167 0.156901 -0.0659307 15.8252 0.17703 16.7537 0.0125775 4.01923
0.45 0.1 16.1043 0.139262 -0.0997506 15.7253 0.155811 17.8597 0.0568069 6.69014
0.45 0.15 16.0944 0.105556 -0.133022 15.6293 0.117075 18.7009 0.0655537 8.47958
0.45 0.2 16.0874 0.0571748 -0.155775 15.5601 0.0630475 19.2286 0.0423578 9.51347
0.45 0.25 16.0848 1.13191e-07 -0.164067 15.5349 1.16952e-07 19.4081 1.36888e-07 9.85192
0.45 0.3 16.0874 -0.0571746 -0.155805 15.5601 -0.0630473 19.2286 -0.0423576 9.51347
0.45 0.35 16.0944 -0.105555 -0.132901 15.6293 -0.117075 18.7009 -0.0655537 8.47959
0.45 0.4 16.1043 -0.139262 -0.100205 15.7253 -0.155811 17.8597 -0.056807 6.69014
0.45 0.45 16.1167 -0.156902 -0.0642347 15.8252 -0.17703 16.7537 -0.0125778 4.01924
0.45 0.5 16.1334 -0.160361 -0.0297562 15.9088 -0.181395 15.4372 0.0477738 0.251801
0.45 0.55 16.1569 -0.153604 -0.00153699 15.9676 -0.170224 13.9527 0.051423 -3.93427
0.45 0.6 16.1859 -0.132634 0.0198608 16.0075 -0.144879 12.4942 0.0133599 -6.90187
0.45 0.65 16.2141 -0.0979415 0.0367561 16.0363 -0.106358 11.3177 -0.00197723 -8.68205
0.45 0.7 16.2343 -0.0520962 0.0475866 16.0554 -0.0565236 10.5808 -0.00267029 -9.624
0.45 0.75 16.2416 -5.26032e-07 0.0513522 16.0623 -5.34772e-07 10.3298 -3.4731e-07 -9.91801
0.45 0.8 16.2343 0.0520952 0.0475563 16.0554 0.0565226 10.5808 0.00266965 -9.624
0.45 0.85 16.2141 0.0979406 0.0368773 16.0363 0.106357 11.3177 0.0019767 -8.68205
0.45 0.9 16.1859 0.132633 0.0194066 16.0075 0.144878 12.4942 -0.0133605 -6.90187
0.45 0.95 16.1569 0.153604 0.000159259 15.9676 0.170224 13.9527 -0.0514228 -3.93428
0.45 1 16.1334 0.160361 -0.0360863 15.9088 0.181395 15.474 -0.0478882 0.890659
0.5 0 16.1329 0.170395 -0.0215363 15.9082 0.192666 15.4761 -0.0550701 -0.628837
0.5 0.05 16.1365 0.165023 -0.0636028 15.8995 0.184464 15.3693 -0.0194271 4.23491
0.5 0.1 16.1457 0.144505 -0.0922188 15.8784 0.159924 15.1872 0.0233643 7.17565
0.5 0.15 16.1563 0.108231 -0.119704 15.8549 0.119069 15.0219 0.0346879 9.08003
0.5 0.2 16.1642 0.0581682 -0.13798 15.8374 0.0638392 14.9224 0.0230512 10.1574
0.5 0.25 16.1671 1.85877e-07 -0.144639 15.8311 2.04978e-07 14.8894 1.20398e-07 10.5071
0.5 0.3 16.1642 -0.0581679 -0.138012 15.8374 -0.0638388 14.9224 -0.023051 10.1574
0.5 0.35 16.1563 -0.10823 -0.119577 15.8549 -0.119069 15.0219 -0.0346878 9.08004
0.5 0.4 16.1457 -0.144505 -0.0926948 15.8784 -0.159924 15.1872 -0.0233644 7.17566
0.5 0.45 16.1365 -0.165023 -0.0618262 15.8995 -0.184464 15.3693 0.019427 4.23492
0.5 0.5 16.1329 -0.170395 -0.0281674 15.9082 -0.192666 15.4753 0.0550674 0.0538931
0.5 0.55 16.1368 -0.165007 0.00545138 15.8995 -0.184462 15.4007 0.0217715 -4.12808
0.5 0.6 16.1464 -0.144469 0.0362247 15.8784 -0.159919 15.2403 -0.0202517 -7.07058
0.5 0.65 16.1573 -0.108186 0.0630049 15.8549 -0.119062 15.0888 -0.0320846 -8.97658
0.5 0.7 16.1654 -0.0581372 0.081363 15.8374 -0.0638338 14.997 -0.0216217 -10.055
0.5 0.75 16.1684 -4.10864e-07 0.0879619 15.8311 -4.05587e-07 14.9667 -4.43005e-07 -10.405
0.5 0.8 16.1654 0.0581364 0.0813314 15.8374 0.063833 14.9971 0.0216209 -10.055
0.5 0.85 16.1573 0.108186 0.0631319 15.8549 0.119061 15.0888 0.032084 -8.97658
0.5 0.9 16.1464 0.144469 0.0357488 15.8784 0.159918 15.2403 0.0202513 -7.07058
0.5 0.95 16.1368 0.165007 0.00722823 15.8995 0.184462 15.4007 -0.0217716 -4.12808
0.5 1 16.1329 0.170395 -0.0347982 15.9082 0.192666 15.4744 -0.0550642 0.736606
0.55 0 16.1334 0.160456 -0.0202446 15.9088 0.181489 15.4758 -0.053591 -0.783397
0.55 0.05 16.1566 0.153708 -0.0566286 15.9676 0.170313 13.9213 -0.0542295 4.02988
0.55 0.1 16.1854 0.132741 -0.0760698 16.0075 0.144961 12.4411 -0.01418 6.98612
0.55 0.15 16.2133 0.0980365 -0.0937337 16.0363 0.106426 11.2516 0.00183165 8.75703
0.55 0.2 16.2334 0.0521537 -0.104554 16.0554 0.0565636 10.5076 0.00265182 9.69302
0.55 0.25 16.2406 2.46404e-07 -0.108402 16.0623 2.7654e-07 10.2543 -1.84578e-08 9.98495
0.55 0.3 16.2334 -0.0521532 -0.104584 16.0554 -0.056563 10.5076 -0.00265174 9.69302
0.55 0.35 16.2133 -0.0980361 -0.0936125 16.0363 -0.106426 11.2515 -0.00183154 8.75703
0.55 0.4 16.1854 -0.132741 -0.0765243 16.0075 -0.144961 12.4411 0.01418 6.98612
0.55 0.45 16.1566 -0.153707 -0.054932 15.9676 -0.170313 13.9213 0.0542293 4.0299
0.55 0.5 16.1334 -0.160456 -0.0265768 15.9088 -0.181489 15.4374 0.0534586 -0.14471
0.55 0.55 16.1169 -0.156982 0.00797328 15.8252 -0.177128 16.7824 -0.005437 -3.90252
0.55 0.6 16.1049 -0.139311 0.0439801 15.7253 -0.155903 17.9082 -0.0500507 -6.56557
0.55 0.65 16.0954 -0.105577 0.0767084 15.6293 -0.11715 18.7625 -0.0604777 -8.34907
0.55 0.7 16.0887 -0.0571805 0.099637 15.5601 -0.0630894 19.2978 -0.0396703 -9.37921
0.55 0.75 16.0862 -2.95713e-07 0.107909 15.5349 -2.77953e-07 19.4798 -4.46295e-07 -9.71639
0.55 0.8 16.0887 0.05718 0.0996068 15.5601 0.0630889 19.2978 0.0396695 -9.37921
0.55 0.85 16.0954 0.105576 0.0768297 15.6293 0.117149 18.7625 0.0604771 -8.34907
0.55 0.9 16.1049 0.139311 0.0435258 15.7253 0.155903 17.9082 0.0500505 -6.56557
0.55 0.95 16.1169 0.156982 0.00967008 15.8252 0.177128 16.7824 0.00543761 -3.90252
0.55 1 16.1334 0.160456 -0.0329088 15.9088 0.181489 15.399 -0.053325 0.493954
0.6 0 16.1347 0.132886 -0.020051 15.9102 0.150379 15.4693 -0.0446439 -0.800456
0.6 0.05 16.1739 0.125981 -0.047593 16.0244 0.138041 12.5362 -0.0759506 3.39563
0.6 0.1 16.2177 0.107184 -0.0569765 16.1046 0.114883 9.90642 -0.0428309 6.0999
0.6 0.15 16.2578 0.0778567 -0.064099 16.1639 0.0826906 7.83263 -0.0182638 7.45999
0.6 0.2 16.2856 0.0408752 -0.0670218 16.2029 0.0433348 6.5145 -0.00893636 8.01694
0.6 0.25 16.2955 3.12465e-07 -0.0679255 16.2167 3.40881e-07 6.06434 -9.31374e-08 8.15181
0.6 0.3 16.2856 -0.0408746 -0.0670477 16.2029 -0.0433341 6.5145 0.00893606 8.01694
0.6 0.35 16.2578 -0.0778561 -0.0639949 16.1639 -0.0826899 7.83262 0.0182639 7.45999
0.6 0.4 16.2177 -0.107183 -0.0573666 16.1046 -0.114883 9.90641 0.0428302 6.09991
0.6 0.45 16.1739 -0.12598 -0.0461364 16.0244 -0.13804 12.5362 0.0759516 3.39565
0.6 0.5 16.1347 -0.132886 -0.0254877 15.9102 -0.150379 15.3391 0.0442695 -0.276799
0.6 0.55 16.1006 -0.131213 0.00504715 15.7522 -0.149598 17.9833 -0.0206038 -3.29915
0.6 0.6 16.0683 -0.117913 0.0400824 15.5653 -0.133334 20.2292 -0.0646305 -5.46371
0.6 0.65 16.0387 -0.0901942 0.0725252 15.3863 -0.100757 21.9208 -0.0741774 -6.93229
0.6 0.7 16.017 -0.0491053 0.0953503 15.2575 -0.0543409 22.9625 -0.0482988 -7.7829
0.6 0.75 16.009 -1.91959e-07 0.103551 15.2107 -1.66159e-07 23.3132 -3.37364e-07 -8.06093
0.6 0.8 16.017 0.0491049 0.0953244 15.2575 0.0543406 22.9625 0.0482982 -7.7829
0.6 0.85 16.0387 0.090194 0.0726294 15.3863 0.100757 21.9208 0.0741771 -6.93229
0.6 0.9 16.0683 0.117913 0.0396923 15.5653 0.133334 20.2292 0.0646306 -5.46371
0.6 0.95 16.1006 0.131213 0.00650404 15.7522 0.149598 17.9833 0.0206037 -3.29916
0.6 1 16.1347 0.132886 -0.0309241 15.9102 0.150379 15.209 -0.0438928 0.246829
0.65 0 16.1362 0.0935246 -0.0212571 15.9121 0.105579 15.4874 -0.0323507 -0.660313
0.65 0.05 16.1867 0.0876625 -0.0392371 16.0671 0.0946705 11.3482 -0.0716297 2.41206
0.65 0.1 16.2403 0.0734735 -0.0409712 16.1692 0.0768593 7.82176 -0.0515639 4.55461
0.65 0.15 16.287 0.0523719 -0.0405638 16.2404 0.0540026 5.10257 -0.017014 5.25571
0.65 0.2 16.3181 0.0270233 -0.0383783 16.2851 0.0277298 3.34371 -0.0051599 5.16331
0.65 0.25 16.3288 3.95907e-07 -0.0370552 16.3005 4.21241e-07 2.72663 -3.36371e-07 4.93896
0.65 0.3 16.3181 -0.0270225 -0.0383979 16.2851 -0.0277289 3.34371 0.00515963 5.16331
0.65 0.35 16.287 -0.0523711 -0.0404851 16.2404 -0.0540017 5.10256 0.0170123 5.25571
0.65 0.4 16.2403 -0.0734728 -0.0412661 16.1692 -0.0768585 7.82175 0.0515651 4.55462
0.65 0.45 16.1867 -0.0876619 -0.0381359 16.0671 -0.0946697 11.3481 0.0716275 2.41209
0.65 0.5 16.1362 -0.093524 -0.0253671 15.9121 -0.105578 15.2264 0.0318055 -0.291497
0.65 0.55 16.0897 -0.0928604 -0.00270741 15.6898 -0.10695 18.9096 -0.0209451 -2.37702
0.65 0.6 16.0414 -0.0842182 0.0247005 15.4231 -0.096269 22.0041 -0.0574797 -3.88644
0.65 0.65 15.9958 -0.0648164 0.0501632 15.1668 -0.0729648 24.2936 -0.0655916 -4.91458
0.65 0.7 15.9624 -0.0353669 0.0679112 14.9829 -0.0393376 25.68 -0.0427119 -5.50812
0.65 0.75 15.95 -8.20727e-08 0.0742132 14.9162 -7.31547e-08 26.1422 -1.62703e-07 -5.7014
0.65 0.8 15.9624 0.0353668 0.0678916 14.9829 0.0393374 25.68 0.0427117 -5.50812
0.65 0.85 15.9958 0.0648164 0.050242 15.1668 0.0729648 24.2936 0.0655915 -4.91458
0.65 0.9 16.0414 0.0842184 0.0244057 15.4231 0.0962691 22.0041 0.05748 -3.88645
0.65 0.95 16.0897 0.0928608 -0.00160595 15.6898 0.106951 18.9096 0.0209481 -2.37703
0.65 1 16.1362 0.0935246 -0.0294768 15.9121 0.105579 14.9654 -0.0312603 0.0772643
0.7 0 16.1377 0.0477228 -0.024206 15.9136 0.0539483 15.5171 -0.0206739 -0.360458
0.7 0.05 16.1943 0.0444306 -0.0330837 16.0936 0.0474161 10.5368 -0.0447223 1.25199
0.7 0.1 16.2528 0.0368936 -0.0317908 16.2047 0.0377574 6.40369 -0.0404415 2.48096
0.7 0.15 16.3022 0.0258796 -0.0286496 16.277 0.0260102 3.30335 -0.0176787 2.48406
0.7 0.2 16.3335 0.0130708 -0.0249032 16.32 0.0128735 1.32528 0.00304318 1.72038
0.7 0.25 16.3439 4.99511e-07 -0.023397 16.3335 5.20655e-07 0.671922 2.28587e-07 1.23497
0.7 0.3 16.3335 -0.0130698 -0.0249137 16.32 -0.0128724 1.32528 -0.00304608 1.72037
0.7 0.35 16.3022 -0.0258786 -0.0286071 16.277 -0.0260092 3.30335 0.0176807 2.48406
0.7 0.4 16.2528 -0.0368927 -0.0319495 16.2047 -0.0377564 6.40367 0.0404326 2.48099
0.7 0.45 16.1943 -0.0444298 -0.0324911 16.0936 -0.0474152 10.5368 0.0447325 1.25205
0.7 0.5 16.1377 -0.0477221 -0.0264185 15.9136 -0.0539475 15.146 0.0201858 -0.169236
0.7 0.55 16.0838 -0.0476407 -0.0140724 15.6476 -0.0554143 19.4918 -0.00910586 -1.21815
0.7 0.6 16.0263 -0.0434735 0.000667115 15.3247 -0.0502149 23.1086 -0.0305276 -1.98378
0.7 0.65 15.9712 -0.0336291 0.0141903 15.014 -0.0381101 25.7468 -0.036136 -2.50539
0.7 0.7 15.9309 -0.0183456 0.0232321 14.7915 -0.020528 27.3254 -0.0238118 -2.80531
0.7 0.75 15.9163 5.34115e-08 0.0263965 14.7111 1.08324e-08 27.848 1.11881e-07 -2.90265
0.7 0.8 15.9309 0.0183457 0.0232216 14.7915 0.020528 27.3254 0.0238119 -2.80531
0.7 0.85 15.9712 0.0336293 0.0142328 15.014 0.0381101 25.7468 0.0361365 -2.50539
0.7 0.9 16.0263 0.0434739 0.000508611 15.3247 0.0502151 23.1085 0.0305284 -1.98379
0.7 0.95 16.0838 0.0476413 -0.0134792 15.6476 0.0554148 19.4918 0.00909968 -1.21817
0.7 1 16.1377 0.0477228 -0.02863 15.9136 0.0539483 14.775 -0.0196851 0.0219359
0.75 0 16.1384 9.66047e-05 -0.0281588 15.9142 0.000142201 15.5305 -0.00966494 0.0519883
0.75 0.05 16.1969 8.1083e-05 -0.0282865 16.1027 0.000113121 10.257 -0.00909344 0.0314929
0.75 0.1 16.2567 6.1928e-05 -0.0283954 16.2158 9.08089e-05 5.91658 -0.00893078 0.0120552
0.75 0.15 16.3063 4.53335e-05 -0.0284726 16.2869 6.73309e-05 2.72344 -0.00852172 -0.00252144
0.75 0.2 16.3369 2.59123e-05 -0.02851 16.3276 3.35014e-05 0.724739 -0.00464152 -0.00942317
0.75 0.25 16.347 6.38098e-07 -0.0285171 16.3397 6.68523e-07 0.148811 -2.75967e-06 -0.0120747
0.75 0.3 16.3369 -2.46735e-05 -0.02851 16.3276 -3.21979e-05 0.724742 0.00464605 -0.00942061
0.75 0.35 16.3063 -4.42046e-05 -0.0284725 16.2869 -6.60842e-05 2.72341 0.00850622 -0.0025115
0.75 0.4 16.2567 -6.09467e-05 -0.0283957 16.2158 -8.9703e-05 5.91659 0.00895643 0.0121376
0.75 0.45 16.1969 -8.02507e-05 -0.0282859 16.1027 -0.000112044 10.2569 0.0090621 0.031548
0.75 0.5 16.1384 -9.59016e-05 -0.0281618 15.9142 -0.000141658 15.1179 0.00938417 0.0507782
0.75 0.55 16.0818 -0.000100897 -0.0280126 15.6326 -0.000170793 19.6877 0.00885591 0.0679648
0.75 0.6 16.0216 -9.70941e-05 -0.0278387 15.2894 -0.000179131 23.4782 0.00731395 0.0821129
0.75 0.65 15.9639 -8.29286e-05 -0.0276752 14.9592 -0.000151042 26.2289 0.00510482 0.0923854
0.75 0.7 15.9224 -4.87774e-05 -0.0275635 14.723 -8.64535e-05 27.8677 0.00259645 0.0985133
0.75 0.75 15.9074 2.19504e-07 -0.027525 14.6377 9.88435e-08 28.4089 2.29988e-07 0.100538
0.75 0.8 15.9224 4.92112e-05 -0.0275634 14.723 8.66082e-05 27.8677 -0.00259538 0.0985102
0.75 0.85 15.9639 8.33675e-05 -0.0276749 14.9592 0.00015107 26.2289 -0.00510496 0.0923775
0.75 0.9 16.0216 9.75883e-05 -0.0278383 15.2894 0.000179205 23.4782 -0.00731327 0.082092
0.75 0.95 16.0818 0.000101491 -0.0280114 15.6326 0.00017092 19.6876 -0.00883087 0.0678986
0.75 1 16.1384 9.66047e-05 -0.0281646 15.9142 0.000142201 14.7049 -0.00915115 0.0492502
0.8 0 16.1377 -0.0475239 -0.0320981 15.9136 -0.0536751 15.517 0.00259127 0.464986
0.8 0.05 16.1944 -0.0442597 -0.0234827 16.0936 -0.0471977 10.5477 0.0280618 -1.18679
0.8 0.1 16.2529 -0.0367649 -0.0250263 16.2047 -0.0375816 6.42598 0.025047 -2.45058
0.8 0.15 16.3023 -0.0257958 -0.0283811 16.277 -0.0258808 3.32844 0.0045259 -2.47918
0.8 0.2 16.3336 -0.013028 -0.0322597 16.32 -0.0128032 1.34716 -0.0106774 -1.72865
0.8 0.25 16.344 8.40248e-07 -0.0338069 16.3335 8.67527e-07 0.690937 3.54826e-06 -1.2475
0.8 0.3 16.3336 0.0130296 -0.0322492 16.32 0.0128049 1.34713 0.0106635 -1.72863
0.8 0.35 16.3023 0.0257972 -0.0284236 16.277 0.0258824 3.32849 -0.00449372 -2.47911
0.8 0.4 16.2529 0.0367661 -0.0248681 16.2047 0.0375832 6.42579 -0.0251292 -2.45058
0.8 0.45 16.1944 0.0442606 -0.0240744 16.0936 0.0471986 10.548 -0.0279711 -1.18639
0.8 0.5 16.1377 0.0475246 -0.0298946 15.9136 0.0536761 15.1456 -0.00240214 0.271248
0.8 0.55 16.0837 0.047437 -0.0419744 15.6476 0.05509 19.4831 0.0260578 1.3528
0.8 0.6 16.0261 0.0432873 -0.0564047 15.3247 0.0498764 23.0939 0.0446021 2.14537
0.8 0.65 15.9709 0.0334872 -0.0696316 15.014 0.037825 25.7281 0.0459969 2.68663
0.8 0.7 15.9306 0.0182685 -0.0784613 14.7915 0.0203648 27.3044 0.028839 2.99832
0.8 0.75 15.916 4.26346e-07 -0.0815495 14.7111 2.54006e-07 27.8263 1.30192e-06 3.09956
0.8 0.8 15.9306 -0.0182677 -0.0784507 14.7915 -0.0203645 27.3044 -0.0288393 2.99832
0.8 0.85 15.9709 -0.0334865 -0.0696733 15.0139 -0.037825 25.7281 -0.0459927 2.68661
0.8 0.9 16.0261 -0.0432867 -0.0562459 15.3246 -0.0498769 23.0939 -0.0446014 2.14534
0.8 0.95 16.0837 -0.0474364 -0.0425636 15.6476 -0.0550896 19.4832 -0.0261279 1.35276
0.8 1 16.1377 -0.0475239 -0.0276866 15.9136 -0.0536751 14.7756 0.00246747 0.0778116
0.85 0 16.1362 -0.0933328 -0.0350794 15.9121 -0.105343 15.4836 0.0164752 0.763182
0.85 0.05 16.1868 -0.0874842 -0.0173159 16.067 -0.0944725 11.3705 0.0582692 -2.33825
0.85 0.1 16.2405 -0.0733268 -0.0157778 16.1692 -0.076697 7.85955 0.0416034 -4.5099
0.85 0.15 16.2873 -0.0522647 -0.016337 16.2404 -0.0538784 5.14877 0.00942437 -5.23252
0.85 0.2 16.3184 -0.0269653 -0.0186068 16.2852 -0.0276606 3.39208 0.00105215 -5.15577
0.85 0.25 16.3291 9.60431e-07 -0.0199606 16.3005 1.0083e-06 2.7748 -8.35289e-06 -4.93627
0.85 0.3 16.3184 0.0269672 -0.0185876 16.2852 0.0276626 3.39213 -0.00102232 -5.15571
0.85 0.35 16.2873 0.0522665 -0.016416 16.2404 0.0538808 5.14857 -0.00951025 -5.23259
0.85 0.4 16.2405 0.0733282 -0.0154844 16.1692 0.0766986 7.86011 -0.0414161 -4.50946
0.85 0.45 16.1868 0.0874851 -0.0184164 16.067 0.0944751 11.3691 -0.0585194 -2.33885
0.85 0.5 16.1363 0.0933335 -0.030972 15.9121 0.105342 15.2259 -0.0167911 0.39489
0.85 0.55 16.0896 0.092669 -0.0533833 15.6898 0.106677 18.8928 0.0357076 2.5079
0.85 0.6 16.0411 0.0840501 -0.080459 15.4231 0.0959874 21.9758 0.0699479 4.04021
0.85 0.65 15.9953 0.064692 -0.105578 15.1668 0.0727286 24.2575 0.0744255 5.0853
0.85 0.7 15.9617 0.0353006 -0.123064 14.9828 0.0392024 25.6393 0.0472483 5.68912
0.85 0.75 15.9492 6.57895e-07 -0.129267 14.9161 4.78716e-07 26.1001 -1.00991e-06 5.88583
0.85 0.8 15.9617 -0.0352994 -0.123044 14.9828 -0.0392017 25.6394 -0.0472393 5.68911
0.85 0.85 15.9953 -0.0646909 -0.105657 15.1668 -0.0727291 24.2574 -0.0744361 5.0853
0.85 0.9 16.0411 -0.0840492 -0.0801625 15.4231 -0.0959883 21.9759 -0.0699332 4.04012
0.85 0.95 16.0896 -0.0926682 -0.0544833 15.6898 -0.10668 18.8922 -0.0355027 2.5075
0.85 1 16.1362 -0.0933328 -0.0268669 15.9121 -0.105343 14.9626 0.0159208 0.0220877
0.9 0 16.1347 -0.132725 -0.036188 15.9102 -0.150202 15.4789 0.0364448 0.912915
0.9 0.05 16.1741 -0.125821 -0.00893975 16.0244 -0.137887 12.5587 0.0682336 -3.31714
0.9 0.1 16.2181 -0.107037 -1.52133e-05 16.1046 -0.114744 9.957 0.0372146 -6.03463
0.9 0.15 16.2584 -0.0777393 0.00661928 16.1638 -0.0825838 7.89136 0.0151067 -7.41294
0.9 0.2 16.2862 -0.0408077 0.00916839 16.2029 -0.0432737 6.5793 0.00712911 -7.98027
0.9 0.25 16.2961 8.70966e-07 0.00993332 16.2167 8.86536e-07 6.13064 1.69628e-05 -8.11911
0.9 0.3 16.2862 0.0408095 0.00919427 16.2029 0.0432758 6.57914 -0.00718961 -7.98032
0.9 0.35 16.2584 0.0777411 0.00651439 16.1638 0.0825858 7.89197 -0.0149296 -7.41249
0.9 0.4 16.2181 0.107039 0.000374606 16.1046 0.11475 9.95489 -0.0376852 -6.03616
0.9 0.45 16.1741 0.125822 -0.0104 16.0244 0.137887 12.5641 -0.0678183 -3.31171
0.9 0.5 16.1347 0.132726 -0.0307687 15.9102 0.150203 15.3387 -0.0334261 0.38215
0.9 0.55 16.1004 0.131065 -0.0612169 15.7522 0.149404 17.9597 0.0319886 3.42398
0.9 0.6 16.0677 0.117792 -0.0962892 15.5653 0.133139 20.1893 0.0745876 5.6049
0.9 0.65 16.0378 0.0901122 -0.128823 15.3862 0.100596 21.8699 0.0813789 7.08582
0.9 0.7 16.0159 0.0490644 -0.151731 15.2574 0.0542488 22.9052 0.0520383 7.94405
0.9 0.75 16.0078 8.03055e-07 -0.159965 15.2106 6.44081e-07 23.2537 8.53205e-06 8.22466
0.9 0.8 16.0159 -0.0490628 -0.151706 15.2574 -0.0542475 22.9051 -0.0520605 7.94404
0.9 0.85 16.0378 -0.0901106 -0.128926 15.3862 -0.100595 21.8701 -0.0813106 7.08574
0.9 0.9 16.0677 -0.117791 -0.0959018 15.5653 -0.133144 20.1887 -0.0746729 5.60499
0.9 0.95 16.1004 -0.131064 -0.0626648 15.7522 -0.149403 17.9624 -0.0323175 3.42383
0.9 1 16.1347 -0.132725 -0.0253256 15.9102 -0.150202 15.2226 0.0358414 -0.134581
0.95 0 16.1334 -0.16036 -0.03635 15.9089 -0.18139 15.4237 0.0365474 0.826827
0.95 0.05 16.1569 -0.153603 0.000189613 15.9675 -0.170199 13.9745 0.0512673 -3.91231
0.95 0.1 16.1859 -0.132632 0.0202286 16.0075 -0.144879 12.4873 0.013903 -6.90768
0.95 0.15 16.2141 -0.0979399 0.0386739 16.0363 -0.106354 11.3195 -0.00221087 -8.68087
0.95 0.2 16.2343 -0.0520949 0.0501548 16.0554 -0.0565224 10.5804 -0.00259176 -9.6243
0.95 0.25 16.2416 5.52552e-07 0.0542567 16.0623 7.1993e-07 10.3299 -2.41903e-05 -9.91794
0.95 0.3 16.2343 0.052096 0.0501848 16.0554 0.0565235 10.5808 0.00267736 -9.62402
0.95 0.35 16.2141 0.0979412 0.0385533 16.0363 0.106358 11.3177 0.00197453 -8.68204
0.95 0.4 16.1859 0.132634 0.0206798 16.0075 0.144879 12.4942 -0.0133595 -6.90186
0.95 0.45 16.1569 0.153604 -0.00150528 15.9676 0.170224 13.9527 -0.0514236 -3.93427
0.95 0.5 16.1334 0.160361 -0.0300235 15.9088 0.181395 15.4372 -0.0477734 0.251811
0.95 0.55 16.1167 0.156902 -0.0642067 15.8252 0.17703 16.7537 0.0125778 4.01924
0.95 0.6 16.1043 0.139263 -0.0993947 15.7253 0.155811 17.8597 0.0568076 6.69015
0.95 0.65 16.0944 0.105556 -0.131118 15.6293 0.117075 18.7009 0.0655523 8.47959
0.95 0.7 16.0874 0.0571751 -0.153225 15.5601 0.0630478 19.2286 0.0423638 9.51347
0.95 0.75 16.0848 7.32473e-07 -0.161183 15.5349 7.00056e-07 19.408 -1.86023e-05 9.85193
0.95 0.8 16.0874 -0.0571735 -0.153195 15.5601 -0.0630467 19.2287 -0.0422865 9.51348
0.95 0.85 16.0944 -0.105554 -0.131241 15.6293 -0.117073 18.7002 -0.0657933 8.47954
0.95 0.9 16.1043 -0.139261 -0.0989374 15.7253 -0.155812 17.8626 -0.0560482 6.68988
0.95 0.95 16.1167 -0.1569 -0.0659083 15.8252 -0.177056 16.7413 -0.0132447 4.01438
0.95 1 16.1334 -0.16036 -0.0236761 15.9089 -0.18139 15.3453 0.0363616 -0.457992
1 0 16.1329 -0.170394 -0.0337528 15.9064 -0.19266 15.7255 0.092673 0.513338
1 0.05 16.1368 -0.165006 0.00711404 15.8998 -0.184445 15.3731 0.0111656 -3.89431
1 0.1 16.1464 -0.144469 0.0326855 15.8783 -0.159918 15.4618 -0.0181247 -6.3739
1 0.15 16.1573 -0.108186 0.0564248 15.8549 -0.119061 15.4728 -0.0334311 -7.91971
1 0.2 16.1654 -0.0581366 0.0716323 15.8374 -0.0638329 15.5024 -0.0222356 -8.79088
1 0.25 16.1684 1.47238e-07 0.0771206 15.8311 1.73e-07 15.5092 -2.45982e-05 -9.07545
1 0.3 16.1654 0.0581369 0.0716651 15.8374 0.0638336 15.5014 0.0223538 -8.7911
1 0.35 16.1573 0.108186 0.0562963 15.8549 0.119061 15.4768 0.0329084 -7.91898
1 0.4 16.1464 0.144469 0.0331671 15.8784 0.159919 15.4464 0.0205256 -6.37532
1 0.45 16.1368 0.165007 0.00533221 15.8995 0.184462 15.4332 -0.0218179 -3.9016
1 0.5 16.1329 0.170395 -0.0271705 15.9082 0.192666 15.4753 -0.0550673 0.00827843
1 0.55 16.1365 0.165023 -0.0619313 15.8995 0.184464 15.3358 -0.0193843 4.46089
1 0.6 16.1457 0.144505 -0.0957201 15.8784 0.159924 14.9792 0.0230445 7.86809
1 0.65 16.1563 0.108231 -0.126234 15.8549 0.119069 14.632 0.0337879 10.1325
1 0.7 16.1642 0.0581683 -0.147641 15.8374 0.0638391 14.4164 0.0222663 11.4147
1 0.75 16.1671 4.09354e-07 -0.155404 15.8311 2.97255e-07 14.3455 2.30701e-05 11.8294
1 0.8 16.1642 -0.0581674 -0.147609 15.8374 -0.0638385 14.4152 -0.0223927 11.4154
1 0.85 16.1563 -0.10823 -0.126363 15.8549 -0.119068 14.6371 -0.0331147 10.1295
1 0.9 16.1457 -0.144503 -0.0952401 15.8785 -0.159911 14.9594 -0.0266477 7.88113
1 0.95 16.1365 -0.165021 -0.0637655 15.8991 -0.184498 15.4076 0.037817 4.40713
1 1 16.1329 -0.170394 -0.0205517 15.9064 -0.19266 15.7319 0.0927106 -0.806749
