0 0 23.6961 -0.589875 -0.22774 76.0283 -1.51654 1.32698
0 0.05 23.8894 -0.362131 0.291252 76.0481 -0.961229 0.41958
0 0.1 24.2685 -0.226433 0.790142 76.1405 -0.605031 -0.399792
0 0.15 24.6056 -0.140552 1.1555 76.2223 -0.375693 -1.05158
0 0.2 24.8258 -0.0692444 1.38094 76.2677 -0.184565 -1.47066
0 0.25 24.9014 4.16225e-09 1.45679 76.2815 1.1375e-08 -1.61514
0 0.3 24.8258 0.0692444 1.38105 76.2677 0.184565 -1.47066
0 0.35 24.6056 0.140552 1.15505 76.2223 0.375693 -1.05158
0 0.4 24.2685 0.226434 0.791815 76.1405 0.605032 -0.399793
0 0.45 23.8895 0.362133 0.28501 76.0482 0.961231 0.419581
0 0.5 23.6962 0.589878 -0.204443 76.0284 1.51654 1.32698
0 0.55 23.8541 0.361557 -0.731816 76.0155 0.960775 2.23411
0 0.6 24.1925 0.225482 -1.34017 76.0777 0.604286 3.05514
0 0.65 24.4976 0.139723 -1.83747 76.1353 0.374948 3.70807
0 0.7 24.6965 0.0687945 -2.17271 76.1649 0.184162 4.1274
0 0.75 24.7647 4.73853e-09 -2.29087 76.1732 1.33877e-08 4.27186
0 0.8 24.6965 -0.0687945 -2.1726 76.1649 -0.184162 4.1274
0 0.85 24.4976 -0.139723 -1.83792 76.1353 -0.374948 3.70807
0 0.9 24.1925 -0.225481 -1.3385 76.0777 -0.604285 3.05514
0 0.95 23.854 -0.361556 -0.738059 76.0154 -0.960775 2.23411
0 1 23.6961 -0.589875 -0.181141 76.0283 -1.51654 1.32698
0.05 0 23.7108 -0.441084 -0.217244 75.9811 -1.16013 1.34
0.05 0.05 19.9847 -0.249654 0.257285 72.7141 -0.758217 0.452273
0.05 0.1 16.7321 -0.107966 0.579283 69.3951 -0.383304 -0.283558
0.05 0.15 14.495 -0.0480711 0.757646 66.7957 -0.190463 -0.81803
0.05 0.2 13.1643 -0.0182343 0.83947 65.0991 -0.0778975 -1.13796
0.05 0.25 12.7241 1.24639e-08 0.862838 64.5087 5.24642e-08 -1.24391
0.05 0.3 13.1643 0.0182342 0.839517 65.0991 0.0778974 -1.13796
0.05 0.35 14.495 0.0480709 0.757454 66.7957 0.190462 -0.81803
0.05 0.4 16.7321 0.107966 0.580003 69.3951 0.383304 -0.283558
0.05 0.45 19.9848 0.249655 0.254602 72.7142 0.758215 0.452273
0.05 0.5 23.7109 0.441086 -0.207229 75.9813 1.16013 1.34001
0.05 0.55 28.276 0.42673 -0.844956 79.2725 1.00955 2.29498
0.05 0.6 33.7285 0.376503 -1.67197 82.6469 0.797042 3.23481
0.05 0.65 38.643 0.297611 -2.51044 85.3352 0.575377 4.02966
0.05 0.7 42.1108 0.166005 -3.14791 87.0696 0.303077 4.56289
0.05 0.75 43.3641 -1.2267e-08 -3.38649 87.6688 -2.45825e-08 4.75079
0.05 0.8 42.1108 -0.166005 -3.14786 87.0696 -0.303077 4.56289
0.05 0.85 38.643 -0.297611 -2.51063 85.3352 -0.575376 4.02966
0.05 0.9 33.7285 -0.376502 -1.67125 82.6469 -0.797041 3.2348
0.05 0.95 28.2759 -0.426729 -0.84764 79.2724 -1.00955 2.29498
0.05 1 23.7108 -0.441084 -0.19721 75.9811 -1.16013 1.34
0.1 0 23.7176 -0.324656 -0.211591 75.8758 -0.870872 1.34409
0.1 0.05 16.6546 -0.148485 0.176751 69.4219 -0.521156 0.552532
0.1 0.1 11.4886 -0.0441273 0.314806 63.1741 -0.207679 -0.0539613
0.1 0.15 8.31596 -0.0117873 0.335524 58.1767 -0.0699574 -0.454474
0.1 0.2 6.6493 -0.00194183 0.317852 54.9448 -0.013192 -0.673898
0.1 0.25 6.1354 7.54341e-09 0.308055 53.8263 4.78213e-08 -0.742595
0.1 0.3 6.6493 0.00194183 0.31787 54.9448 0.0131921 -0.673898
0.1 0.35 8.31596 0.0117871 0.335454 58.1767 0.0699562 -0.454474
0.1 0.4 11.4886 0.0441275 0.31507 63.1741 0.20768 -0.0539613
0.1 0.45 16.6547 0.148485 0.175771 69.422 0.521156 0.552533
0.1 0.5 23.7177 0.324658 -0.207935 75.876 0.870873 1.34409
0.1 0.55 32.9767 0.452255 -0.91317 82.2981 0.962163 2.25192
0.1 0.6 44.2239 0.524972 -1.93416 88.4254 0.907417 3.18424
0.1 0.65 55.226 0.489481 -3.11364 93.349 0.721883 3.99893
0.1 0.7 63.3679 0.300834 -4.0763 96.5244 0.401416 4.55625
0.1 0.75 66.3836 -3.32677e-08 -4.45405 97.6217 -4.16124e-08 4.7545
0.1 0.8 63.3679 -0.300834 -4.07629 96.5244 -0.401416 4.55625
0.1 0.85 55.226 -0.489481 -3.11371 93.349 -0.721882 3.99893
0.1 0.9 44.2239 -0.524972 -1.9339 88.4254 -0.907417 3.18424
0.1 0.95 32.9766 -0.452255 -0.914151 82.2981 -0.962163 2.25192
0.1 1 23.7176 -0.324656 -0.204274 75.8758 -0.870872 1.34409
0.15 0 23.7144 -0.211261 -0.208115 75.7601 -0.581391 1.34046
0.15 0.05 14.2062 -0.0788975 0.0829812 66.6468 -0.318138 0.705092
0.15 0.1 8.24031 -0.0183858 0.151161 58.1375 -0.111742 0.241675
0.15 0.15 5.00978 -0.00262811 0.141292 51.3156 -0.022296 -0.0465208
0.15 0.2 3.50947 0.000800813 0.121241 46.9351 0.00911892 -0.194372
0.15 0.25 3.08107 -6.85319e-10 0.113384 45.4288 -1.8079e-08 -0.23853
0.15 0.3 3.50947 -0.000800784 0.121243 46.9351 -0.00911857 -0.194372
0.15 0.35 5.00978 0.00262799 0.141284 51.3156 0.0222949 -0.0465209
0.15 0.4 8.24031 0.0183861 0.151189 58.1375 0.111744 0.241675
0.15 0.45 14.2062 0.0788975 0.0828796 66.6468 0.318137 0.705092
0.15 0.5 23.7146 0.211262 -0.207737 75.7603 0.581392 1.34047
0.15 0.55 37.1795 0.393222 -0.848045 84.7285 0.774271 2.0963
0.15 0.6 53.867 0.573657 -1.82803 92.8941 0.851638 2.88257
0.15 0.65 70.7248 0.621656 -2.95505 99.3804 0.747362 3.5737
0.15 0.7 83.3864 0.394758 -3.86447 103.518 0.420213 4.04605
0.15 0.75 88.0814 -5.41803e-08 -4.19359 104.93 -5.46035e-08 4.21372
0.15 0.8 83.3864 -0.394758 -3.86447 103.518 -0.420213 4.04605
0.15 0.85 70.7248 -0.621656 -2.95505 99.3805 -0.747362 3.5737
0.15 0.9 53.867 -0.573657 -1.82801 92.8941 -0.851639 2.88257
0.15 0.95 37.1794 -0.393222 -0.848148 84.7285 -0.774271 2.0963
0.15 1 23.7144 -0.211261 -0.207353 75.7601 -0.581391 1.34046
0.2 0 23.7015 -0.0971458 -0.206043 75.6667 -0.283995 1.3311
0.2 0.05 12.7457 -0.0294606 -0.0115353 64.8059 -0.140764 0.89698
0.2 0.1 6.53336 -0.00709921 0.036025 54.8592 -0.0563006 0.574271
0.2 0.15 3.49359 -0.00299077 0.0346807 46.9596 -0.0337245 0.366865
0.2 0.2 2.20519 -0.0026144 0.0267005 41.915 -0.0378808 0.256169
0.2 0.25 1.8589 -6.12599e-09 0.0231989 40.1932 -1.18801e-07 0.221753
0.2 0.3 2.20519 0.00261442 0.0266991 41.915 0.0378812 0.256169
0.2 0.35 3.4936 0.00299068 0.0346861 46.9596 0.0337235 0.366865
0.2 0.4 6.53335 0.00709949 0.0360045 54.8592 0.0563025 0.574271
0.2 0.45 12.7458 0.0294605 -0.0114584 64.8059 0.140763 0.89698
0.2 0.5 23.7016 0.0971465 -0.206332 75.6669 0.283996 1.3311
0.2 0.55 40.1053 0.224273 -0.652946 86.2948 0.43193 1.83956
0.2 0.6 60.6088 0.397275 -1.33166 95.6831 0.544349 2.35751
0.2 0.65 81.1612 0.526147 -2.05582 102.948 0.558334 2.80299
0.2 0.7 96.1592 0.440382 -2.48761 107.429 0.390256 3.09897
0.2 0.75 101.203 -1.94109e-08 -2.52979 108.834 -1.79161e-08 3.19859
0.2 0.8 96.1592 -0.440382 -2.48761 107.429 -0.390256 3.09897
0.2 0.85 81.1612 -0.526146 -2.05582 102.948 -0.558334 2.80299
0.2 0.9 60.6088 -0.397276 -1.33168 95.6831 -0.544349 2.35751
0.2 0.95 40.1053 -0.224273 -0.652869 86.2947 -0.431931 1.83956
0.2 1 23.7015 -0.0971458 -0.206617 75.6667 -0.283995 1.3311
0.25 0 23.6941 0.0154481 -0.206113 75.6304 0.0141309 1.31949
0.25 0.05 12.2615 0.0077656 -0.106395 64.1589 0.0117532 1.11938
0.25 0.1 6.00775 0.00323071 -0.0520515 53.7214 0.00832277 0.93737
0.25 0.15 3.07247 0.00116563 -0.0265074 45.5079 0.00485865 0.79416
0.25 0.2 1.88698 0.000347038 -0.0161505 40.3793 0.00200931 0.70473
0.25 0.25 1.58564 3.54683e-10 -0.0135096 38.7086 -2.49452e-10 0.675592
0.25 0.3 1.88698 -0.000347039 -0.0161503 40.3793 -0.00200931 0.70473
0.25 0.35 3.07247 -0.00116563 -0.0265083 45.5079 -0.00485865 0.79416
0.25 0.4 6.00774 -0.0032307 -0.0520483 53.7214 -0.00832277 0.93737
0.25 0.45 12.2615 -0.00776566 -0.106406 64.1589 -0.0117531 1.11938
0.25 0.5 23.6942 -0.0154482 -0.206071 75.6306 -0.0141309 1.31949
0.25 0.55 41.1633 -0.0245249 -0.359186 86.8392 -0.0145383 1.51513
0.25 0.6 63.0197 -0.0300439 -0.551761 96.629 -0.0124525 1.68613
0.25 0.65 84.6649 -0.0261794 -0.742878 104.091 -0.00817645 1.81656
0.25 0.7 99.6031 -0.0125268 -0.873913 108.505 -0.00366641 1.89373
0.25 0.75 104.022 -2.10839e-11 -0.911642 109.763 -1.13458e-10 1.91572
0.25 0.8 99.6031 0.0125268 -0.873912 108.505 0.0036664 1.89373
0.25 0.85 84.6649 0.0261794 -0.742879 104.091 0.00817647 1.81656
0.25 0.9 63.0197 0.0300439 -0.551758 96.629 0.0124525 1.68613
0.25 0.95 41.1633 0.0245249 -0.359197 86.8392 0.0145382 1.51513
0.25 1 23.6941 0.0154481 -0.206027 75.6304 0.0141309 1.31949
0.3 0 23.7019 0.126447 -0.206428 75.6669 0.310858 1.30925
0.3 0.05 12.7387 0.0447953 -0.209797 64.7972 0.163317 1.36425
0.3 0.1 6.52671 0.0138521 -0.149692 54.8453 0.0726429 1.33988
0.3 0.15 3.48889 0.00561787 -0.0959837 46.9433 0.04385 1.27169
0.3 0.2 2.20174 0.00352282 -0.0659699 41.8975 0.0431361 1.20638
0.3 0.25 1.85594 6.72879e-09 -0.0565793 40.1757 1.20568e-07 1.18074
0.3 0.3 2.20174 -0.00352284 -0.0659683 41.8975 -0.0431364 1.20638
0.3 0.35 3.48889 -0.00561777 -0.0959904 46.9433 -0.043849 1.27169
0.3 0.4 6.5267 -0.0138524 -0.149666 54.8453 -0.0726448 1.33988
0.3 0.45 12.7387 -0.0447953 -0.209894 64.7972 -0.163316 1.36425
0.3 0.5 23.7021 -0.126448 -0.206073 75.6671 -0.310859 1.30925
0.3 0.55 40.1272 -0.269945 -0.0472286 86.3066 -0.459386 1.17197
0.3 0.6 60.6616 -0.453589 0.270004 95.7069 -0.568219 0.982062
0.3 0.65 81.2403 -0.57839 0.630174 102.982 -0.575578 0.790503
0.3 0.7 96.2451 -0.470703 0.795449 107.47 -0.399568 0.651177
0.3 0.75 101.279 1.88669e-08 0.747682 108.877 1.67373e-08 0.600691
0.3 0.8 96.2451 0.470703 0.79545 107.47 0.399568 0.651177
0.3 0.85 81.2403 0.57839 0.630167 102.982 0.575577 0.790503
0.3 0.9 60.6616 0.45359 0.27003 95.7069 0.56822 0.982062
0.3 0.95 40.1271 0.269945 -0.047323 86.3066 0.459386 1.17197
0.3 1 23.7019 0.126447 -0.205717 75.6669 0.310858 1.30925
0.35 0 23.7154 0.235872 -0.204991 75.7604 0.604073 1.30343
0.35 0.05 14.1915 0.0933477 -0.329432 66.6298 0.337694 1.62038
0.35 0.1 8.22439 0.0257034 -0.292713 58.1093 0.126436 1.78651
0.35 0.15 4.99656 0.00586649 -0.225438 51.2815 0.0317502 1.8364
0.35 0.2 3.49873 0.000382616 -0.178341 46.8988 -0.00471192 1.83127
0.35 0.25 3.07121 1.03305e-09 -0.162659 45.3921 2.35756e-08 1.82283
0.35 0.3 3.49873 -0.000382648 -0.178343 46.8988 0.00471155 1.83127
0.35 0.35 4.99656 -0.00586635 -0.225431 51.2815 -0.0317491 1.8364
0.35 0.4 8.22438 -0.0257038 -0.292738 58.1093 -0.126439 1.78651
0.35 0.45 14.1916 -0.0933478 -0.329343 66.6298 -0.337693 1.62038
0.35 0.5 23.7155 -0.235873 -0.205331 75.7607 -0.604075 1.30343
0.35 0.55 37.2175 -0.429747 0.199363 84.7506 -0.797256 0.860903
0.35 0.6 53.9589 -0.618677 0.887032 92.9384 -0.872069 0.359778
0.35 0.65 70.8765 -0.664856 1.71742 99.4443 -0.763228 -0.104965
0.35 0.7 83.5855 -0.42179 2.40251 103.595 -0.428989 -0.432967
0.35 0.75 88.2974 5.43137e-08 2.64755 105.012 5.32953e-08 -0.551381
0.35 0.8 83.5855 0.42179 2.40251 103.595 0.428989 -0.432967
0.35 0.85 70.8765 0.664856 1.71743 99.4443 0.763228 -0.104965
0.35 0.9 53.9589 0.618678 0.887008 92.9384 0.87207 0.359778
0.35 0.95 37.2174 0.429747 0.199455 84.7506 0.797256 0.860903
0.35 1 23.7154 0.235872 -0.205672 75.7604 0.604073 1.30343
0.4 0 23.7188 0.342303 -0.201752 75.8763 0.887607 1.30417
0.4 0.05 16.6317 0.160581 -0.46744 69.3975 0.535643 1.86983
0.4 0.1 11.4584 0.0514716 -0.518348 63.1318 0.218792 2.25748
0.4 0.15 8.28561 0.0156307 -0.488232 58.123 0.0776447 2.48287
0.4 0.2 6.62082 0.00357426 -0.44534 54.8852 0.0170461 2.58903
0.4 0.25 6.10781 -7.94025e-09 -0.428099 53.765 -4.75887e-08 2.61853
0.4 0.3 6.62082 -0.00357427 -0.445358 54.8852 -0.0170462 2.58903
0.4 0.35 8.28561 -0.0156305 -0.488162 58.123 -0.0776435 2.48287
0.4 0.4 11.4584 -0.0514719 -0.518611 63.1318 -0.218793 2.25748
0.4 0.45 16.6318 -0.160581 -0.466465 69.3976 -0.535642 1.86984
0.4 0.5 23.7189 -0.342305 -0.205403 75.8765 -0.88761 1.30418
0.4 0.55 33.0218 -0.476383 0.336513 82.3274 -0.978523 0.620773
0.4 0.6 44.3309 -0.553745 1.1574 88.4839 -0.922378 -0.0978655
0.4 0.65 55.4059 -0.516309 2.13979 93.4334 -0.734084 -0.741193
0.4 0.7 63.6081 -0.317253 2.95639 96.6269 -0.408295 -1.18816
0.4 0.75 66.6476 3.36569e-08 3.28013 97.7307 4.27917e-08 -1.34831
0.4 0.8 63.6081 0.317253 2.95637 96.6269 0.408295 -1.18816
0.4 0.85 55.4059 0.516309 2.13986 93.4334 0.734084 -0.741193
0.4 0.9 44.3309 0.553745 1.15714 88.4839 0.922377 -0.0978655
0.4 0.95 33.0217 0.476383 0.337493 82.3274 0.978523 0.620773
0.4 1 23.7188 0.342303 -0.209053 75.8763 0.887607 1.30417
0.45 0 23.7119 0.449015 -0.197155 75.9815 1.16705 1.31223
0.45 0.05 19.9548 0.256675 -0.601178 72.6842 0.764994 2.08505
0.45 0.1 16.6813 0.113236 -0.852058 69.3405 0.388911 2.70378
0.45 0.15 14.4333 0.0513565 -0.972816 66.723 0.194871 3.14624
0.45 0.2 13.098 0.0198277 -1.01635 65.0156 0.0801175 3.40601
0.45 0.25 12.6566 -1.31515e-08 -1.0262 64.4216 -4.98763e-08 3.49102
0.45 0.3 13.098 -0.0198277 -1.01639 65.0156 -0.0801174 3.40601
0.45 0.35 14.4333 -0.0513563 -0.972626 66.723 -0.19487 3.14624
0.45 0.4 16.6813 -0.113236 -0.852772 69.3405 -0.388912 2.70378
0.45 0.45 19.9549 -0.256675 -0.598525 72.6842 -0.764992 2.08505
0.45 0.5 23.712 -0.449017 -0.207068 75.9817 -1.16705 1.31223
0.45 0.55 28.3196 -0.438115 0.355848 79.3057 -1.01808 0.472327
0.45 0.6 33.8267 -0.389153 1.10123 82.7115 -0.804862 -0.350155
0.45 0.65 38.7995 -0.308556 1.87306 85.4273 -0.582087 -1.052
0.45 0.7 42.3125 -0.172397 2.46608 87.1804 -0.306714 -1.52546
0.45 0.75 43.5829 1.25341e-08 2.68912 87.7861 2.28187e-08 -1.69276
0.45 0.8 42.3125 0.172397 2.46604 87.1804 0.306713 -1.52546
0.45 0.85 38.7995 0.308555 1.87325 85.4273 0.582087 -1.052
0.45 0.9 33.8267 0.389152 1.10052 82.7115 0.804861 -0.350155
0.45 0.95 28.3195 0.438114 0.358506 79.3057 1.01808 0.472327
0.45 1 23.7119 0.449015 -0.216981 75.9815 1.16705 1.31223
0.5 0 23.6961 0.589876 -0.183464 76.0284 1.51654 1.32698
0.5 0.05 23.854 0.361557 -0.722759 76.0156 0.960777 2.23411
0.5 0.1 24.1926 0.225482 -1.27475 76.0778 0.604286 3.05515
0.5 0.15 24.4977 0.139723 -1.70902 76.1354 0.374949 3.70808
0.5 0.2 24.6966 0.0687949 -1.99015 76.165 0.184163 4.12741
0.5 0.25 24.7648 -2.29764e-09 -2.08755 76.1734 -4.10583e-09 4.27187
0.5 0.3 24.6966 -0.0687949 -1.99027 76.165 -0.184163 4.12741
0.5 0.35 24.4977 -0.139723 -1.70858 76.1354 -0.374949 3.70808
0.5 0.4 24.1926 -0.225482 -1.27642 76.0779 -0.604287 3.05515
0.5 0.45 23.8541 -0.361558 -0.716517 76.0156 -0.960777 2.23411
0.5 0.5 23.6962 -0.589879 -0.206764 76.0286 -1.51654 1.32698
0.5 0.55 23.8896 -0.362134 0.300448 76.0483 -0.961233 0.419581
0.5 0.6 24.2686 -0.226435 0.855521 76.1407 -0.605034 -0.399793
0.5 0.65 24.6057 -0.140553 1.28407 76.2224 -0.375694 -1.05158
0.5 0.7 24.8259 -0.0692447 1.56381 76.2678 -0.184565 -1.47066
0.5 0.75 24.9015 -3.26882e-09 1.66052 76.2817 -6.30626e-09 -1.61514
0.5 0.8 24.8259 0.0692448 1.5637 76.2678 0.184565 -1.47066
0.5 0.85 24.6057 0.140553 1.28452 76.2224 0.375694 -1.05158
0.5 0.9 24.2686 0.226434 0.853848 76.1406 0.605033 -0.399793
0.5 0.95 23.8895 0.362133 0.306691 76.0483 0.961233 0.419581
0.5 1 23.6961 0.589876 -0.230063 76.0284 1.51654 1.32698
0.55 0 23.7108 0.441085 -0.196588 75.9811 1.16013 1.34
0.55 0.05 28.2759 0.426729 -0.851738 79.2725 1.00955 2.29498
0.55 0.1 33.7285 0.376502 -1.68833 82.647 0.797041 3.23481
0.55 0.15 38.643 0.297611 -2.54517 85.3353 0.575377 4.02966
0.55 0.2 42.1109 0.166005 -3.19674 87.0697 0.303077 4.56289
0.55 0.25 43.3642 1.37287e-08 -3.44096 87.6688 2.36631e-08 4.75079
0.55 0.3 42.1109 -0.166005 -3.19679 87.0697 -0.303078 4.56289
0.55 0.35 38.643 -0.297612 -2.54498 85.3353 -0.575377 4.02966
0.55 0.4 33.7286 -0.376503 -1.68905 82.647 -0.797042 3.23481
0.55 0.45 28.276 -0.426731 -0.849053 79.2725 -1.00955 2.29498
0.55 0.5 23.7109 -0.441087 -0.206606 75.9813 -1.16013 1.34001
0.55 0.55 19.9848 -0.249655 0.250468 72.7142 -0.758213 0.452274
0.55 0.6 16.7321 -0.107966 0.562937 69.3951 -0.383303 -0.283558
0.55 0.65 14.495 -0.0480709 0.722888 66.7957 -0.190461 -0.818031
0.55 0.7 13.1643 -0.0182342 0.790553 65.0991 -0.0778969 -1.13796
0.55 0.75 12.7242 -1.2015e-08 0.808254 64.5087 -4.77219e-08 -1.24391
0.55 0.8 13.1643 0.0182342 0.790505 65.0991 0.0778969 -1.13796
0.55 0.85 14.495 0.0480711 0.72308 66.7957 0.190462 -0.818031
0.55 0.9 16.7321 0.107966 0.562216 69.3951 0.383303 -0.283558
0.55 0.95 19.9848 0.249655 0.25315 72.7141 0.758216 0.452273
0.55 1 23.7108 0.441085 -0.216622 75.9811 1.16013 1.34
0.6 0 23.7176 0.324657 -0.20444 75.8758 0.870872 1.34409
0.6 0.05 32.9767 0.452255 -0.913051 82.2981 0.962163 2.25192
0.6 0.1 44.2239 0.524971 -1.92932 88.4254 0.907416 3.18424
0.6 0.15 55.2261 0.48948 -3.10445 93.349 0.721881 3.99893
0.6 0.2 63.3679 0.300833 -4.06318 96.5244 0.401415 4.55625
0.6 0.25 66.3836 3.09509e-08 -4.43944 97.6217 3.94585e-08 4.7545
0.6 0.3 63.3679 -0.300833 -4.06319 96.5244 -0.401415 4.55625
0.6 0.35 55.2261 -0.48948 -3.10438 93.349 -0.721882 3.99893
0.6 0.4 44.2239 -0.524971 -1.92958 88.4254 -0.907416 3.18424
0.6 0.45 32.9767 -0.452256 -0.91207 82.2982 -0.962163 2.25192
0.6 0.5 23.7178 -0.324658 -0.208101 75.876 -0.870875 1.34409
0.6 0.55 16.6547 -0.148485 0.176882 69.422 -0.521156 0.552533
0.6 0.6 11.4886 -0.0441279 0.319647 63.1742 -0.207681 -0.0539612
0.6 0.65 8.31596 -0.0117873 0.344722 58.1767 -0.0699574 -0.454474
0.6 0.7 6.6493 -0.00194194 0.330997 54.9448 -0.0131928 -0.673898
0.6 0.75 6.1354 -6.41846e-09 0.322689 53.8263 -4.14239e-08 -0.742595
0.6 0.8 6.6493 0.00194192 0.33098 54.9448 0.0131927 -0.673898
0.6 0.85 8.31596 0.0117875 0.344793 58.1767 0.0699585 -0.454474
0.6 0.9 11.4886 0.0441277 0.319384 63.1742 0.20768 -0.0539613
0.6 0.95 16.6547 0.148485 0.177861 69.4219 0.521157 0.552533
0.6 1 23.7176 0.324657 -0.211758 75.8758 0.870872 1.34409
0.65 0 23.7145 0.211261 -0.207308 75.7601 0.581391 1.34047
0.65 0.05 37.1795 0.393222 -0.848442 84.7285 0.774272 2.0963
0.65 0.1 53.867 0.573658 -1.82924 92.8941 0.851639 2.88257
0.65 0.15 70.7248 0.621656 -2.95755 99.3804 0.747362 3.5737
0.65 0.2 83.3864 0.394758 -3.868 103.518 0.420213 4.04605
0.65 0.25 88.0814 4.88493e-08 -4.19752 104.93 4.91433e-08 4.21372
0.65 0.3 83.3864 -0.394758 -3.868 103.518 -0.420213 4.04605
0.65 0.35 70.7248 -0.621656 -2.95754 99.3804 -0.747362 3.5737
0.65 0.4 53.867 -0.573657 -1.82927 92.8941 -0.851639 2.88257
0.65 0.45 37.1795 -0.393223 -0.84834 84.7285 -0.774272 2.0963
0.65 0.5 23.7146 -0.211262 -0.207691 75.7603 -0.581393 1.34047
0.65 0.55 14.2062 -0.0788973 0.0825819 66.6469 -0.318136 0.705092
0.65 0.6 8.2403 -0.0183861 0.149957 58.1375 -0.111744 0.241675
0.65 0.65 5.00978 -0.002628 0.138789 51.3156 -0.0222949 -0.0465209
0.65 0.7 3.50947 0.000800773 0.117709 46.9351 0.00911848 -0.194372
0.65 0.75 3.08107 1.27479e-09 0.109444 45.4288 2.46715e-08 -0.23853
0.65 0.8 3.50946 -0.000800801 0.117707 46.9351 -0.00911882 -0.194372
0.65 0.85 5.00978 0.00262811 0.138796 51.3156 0.0222959 -0.0465208
0.65 0.9 8.24031 0.0183858 0.149929 58.1375 0.111742 0.241675
0.65 0.95 14.2062 0.0788974 0.0826834 66.6468 0.318137 0.705092
0.65 1 23.7145 0.211261 -0.20807 75.7601 0.581391 1.34047
0.7 0 23.7015 0.097146 -0.206629 75.6667 0.283995 1.3311
0.7 0.05 40.1053 0.224273 -0.652784 86.2947 0.431931 1.83956
0.7 0.1 60.6088 0.397276 -1.33133 95.6831 0.54435 2.35751
0.7 0.15 81.1612 0.526147 -2.0551 102.948 0.558334 2.80299
0.7 0.2 96.1592 0.440383 -2.4866 107.429 0.390256 3.09897
0.7 0.25 101.203 1.78875e-08 -2.52867 108.834 1.66471e-08 3.19859
0.7 0.3 96.1592 -0.440383 -2.4866 107.429 -0.390256 3.09897
0.7 0.35 81.1612 -0.526147 -2.05511 102.948 -0.558334 2.80299
0.7 0.4 60.6088 -0.397275 -1.33131 95.6831 -0.544349 2.35751
0.7 0.45 40.1053 -0.224273 -0.65286 86.2948 -0.431931 1.83956
0.7 0.5 23.7016 -0.0971466 -0.206344 75.6669 -0.283996 1.3311
0.7 0.55 12.7458 -0.0294602 -0.0113729 64.8059 -0.140762 0.89698
0.7 0.6 6.53334 -0.00709941 0.0363564 54.8592 -0.056302 0.574271
0.7 0.65 3.4936 -0.00299065 0.0353988 46.9596 -0.0337232 0.366865
0.7 0.7 2.20519 -0.00261439 0.0277087 41.915 -0.0378807 0.256169
0.7 0.75 1.8589 5.76339e-09 0.0243244 40.1932 1.10665e-07 0.221753
0.7 0.8 2.20519 0.00261437 0.0277101 41.915 0.0378805 0.256169
0.7 0.85 3.49359 0.00299073 0.0353934 46.9596 0.0337241 0.366865
0.7 0.9 6.53335 0.00709917 0.0363769 54.8592 0.0563004 0.574271
0.7 0.95 12.7458 0.0294603 -0.0114499 64.8059 0.140763 0.89698
0.7 1 23.7015 0.097146 -0.206055 75.6667 0.283995 1.3311
0.75 0 23.6941 -0.0154481 -0.20602 75.6305 -0.0141309 1.31949
0.75 0.05 41.1633 -0.0245246 -0.359239 86.8392 -0.0145376 1.51513
0.75 0.1 63.0197 -0.0300437 -0.551934 96.629 -0.0124523 1.68613
0.75 0.15 84.6649 -0.0261795 -0.743235 104.091 -0.00817649 1.81656
0.75 0.2 99.6031 -0.0125269 -0.874417 108.505 -0.00366644 1.89373
0.75 0.25 104.022 2.09121e-11 -0.912204 109.763 8.79952e-11 1.91572
0.75 0.3 99.6031 0.0125269 -0.874417 108.505 0.00366644 1.89373
0.75 0.35 84.6649 0.0261795 -0.743234 104.091 0.00817648 1.81656
0.75 0.4 63.0197 0.0300437 -0.551937 96.629 0.0124522 1.68613
0.75 0.45 41.1633 0.0245244 -0.359228 86.8392 0.0145376 1.51513
0.75 0.5 23.6942 0.0154481 -0.206064 75.6306 0.0141309 1.31949
0.75 0.55 12.2615 0.0077659 -0.106449 64.1589 0.0117542 1.11938
0.75 0.6 6.00774 0.0032307 -0.0522244 53.7214 0.00832279 0.93737
0.75 0.65 3.07247 0.00116558 -0.0268645 45.5079 0.00485804 0.79416
0.75 0.7 1.88698 0.000347017 -0.0166547 40.3793 0.00200895 0.70473
0.75 0.75 1.58564 -4.93317e-10 -0.0140718 38.7086 -3.01956e-09 0.675592
0.75 0.8 1.88698 -0.000347015 -0.0166549 40.3793 -0.00200894 0.70473
0.75 0.85 3.07247 -0.00116558 -0.0268637 45.5079 -0.00485807 0.79416
0.75 0.9 6.00775 -0.0032307 -0.0522275 53.7214 -0.00832276 0.93737
0.75 0.95 12.2615 -0.0077658 -0.106437 64.1589 -0.0117541 1.11938
0.75 1 23.6941 -0.0154481 -0.206105 75.6305 -0.0141309 1.31949
0.8 0 23.7019 -0.126447 -0.205729 75.6669 -0.310858 1.30925
0.8 0.05 40.1271 -0.269944 -0.0472372 86.3066 -0.459385 1.17197
0.8 0.1 60.6616 -0.45359 0.270382 95.7069 -0.56822 0.982062
0.8 0.15 81.2403 -0.57839 0.63088 102.982 -0.575577 0.790503
0.8 0.2 96.2451 -0.470703 0.79646 107.47 -0.399568 0.651177
0.8 0.25 101.279 -1.76983e-08 0.748807 108.877 -1.55924e-08 0.600691
0.8 0.3 96.2451 0.470703 0.796458 107.47 0.399568 0.651177
0.8 0.35 81.2403 0.57839 0.630887 102.982 0.575577 0.790503
0.8 0.4 60.6616 0.453589 0.270356 95.7069 0.568219 0.982062
0.8 0.45 40.1272 0.269944 -0.0471426 86.3066 0.459385 1.17197
0.8 0.5 23.7021 0.126448 -0.206085 75.6671 0.310859 1.30925
0.8 0.55 12.7387 0.0447956 -0.209809 64.7972 0.163317 1.36425
0.8 0.6 6.5267 0.0138525 -0.149314 54.8453 0.0726453 1.33988
0.8 0.65 3.48889 0.0056178 -0.0952782 46.9433 0.0438493 1.27169
0.8 0.7 2.20174 0.00352287 -0.0649601 41.8975 0.0431368 1.20638
0.8 0.75 1.85594 -6.47777e-09 -0.0554557 40.1757 -1.1542e-07 1.18074
0.8 0.8 2.20174 -0.00352284 -0.0649618 41.8975 -0.0431365 1.20638
0.8 0.85 3.48889 -0.00561789 -0.0952715 46.9433 -0.0438502 1.27169
0.8 0.9 6.52671 -0.0138522 -0.14934 54.8453 -0.0726436 1.33988
0.8 0.95 12.7387 -0.0447956 -0.209713 64.7972 -0.163318 1.36425
0.8 1 23.7019 -0.126447 -0.20644 75.6669 -0.310858 1.30925
0.85 0 23.7154 -0.235871 -0.205625 75.7604 -0.604072 1.30343
0.85 0.05 37.2174 -0.429747 0.199158 84.7506 -0.797255 0.860902
0.85 0.1 53.9589 -0.618678 0.885777 92.9384 -0.87207 0.359778
0.85 0.15 70.8765 -0.664856 1.71493 99.4443 -0.763228 -0.104965
0.85 0.2 83.5855 -0.42179 2.39898 103.595 -0.428989 -0.432967
0.85 0.25 88.2974 -4.97711e-08 2.64361 105.012 -4.89262e-08 -0.551381
0.85 0.3 83.5855 0.42179 2.39898 103.595 0.428989 -0.432967
0.85 0.35 70.8765 0.664856 1.71493 99.4443 0.763228 -0.104965
0.85 0.4 53.9589 0.618677 0.885801 92.9384 0.872069 0.359778
0.85 0.45 37.2175 0.429747 0.199065 84.7506 0.797255 0.860903
0.85 0.5 23.7155 0.235872 -0.205285 75.7606 0.604074 1.30343
0.85 0.55 14.1915 0.093348 -0.329637 66.6298 0.337695 1.62038
0.85 0.6 8.22439 0.0257038 -0.293971 58.1093 0.126439 1.78651
0.85 0.65 4.99656 0.00586636 -0.227924 51.2815 0.0317492 1.8364
0.85 0.7 3.49873 0.000382647 -0.181871 46.8988 -0.00471154 1.83127
0.85 0.75 3.07122 -1.37313e-09 -0.166591 45.3921 -2.57392e-08 1.82283
0.85 0.8 3.49873 -0.000382618 -0.18187 46.8988 0.00471188 1.83127
0.85 0.85 4.99656 -0.00586648 -0.227931 51.2815 -0.0317502 1.8364
0.85 0.9 8.22439 -0.0257035 -0.293946 58.1093 -0.126437 1.78651
0.85 0.95 14.1915 -0.0933479 -0.329727 66.6298 -0.337695 1.62038
0.85 1 23.7154 -0.235871 -0.204945 75.7604 -0.604072 1.30343
0.9 0 23.7188 -0.342303 -0.209218 75.8763 -0.887607 1.30417
0.9 0.05 33.0217 -0.476383 0.338604 82.3274 -0.978523 0.620773
0.9 0.1 44.3309 -0.553745 1.16171 88.4839 -0.922378 -0.0978655
0.9 0.15 55.4058 -0.516309 2.14913 93.4334 -0.734084 -0.741193
0.9 0.2 63.6081 -0.317253 2.9695 96.6269 -0.408295 -1.18816
0.9 0.25 66.6476 -3.04593e-08 3.29476 97.7306 -3.77729e-08 -1.34831
0.9 0.3 63.6081 0.317253 2.96952 96.6269 0.408295 -1.18816
0.9 0.35 55.4058 0.51631 2.14906 93.4334 0.734085 -0.741193
0.9 0.4 44.3309 0.553745 1.16197 88.4839 0.922378 -0.0978655
0.9 0.45 33.0218 0.476383 0.337624 82.3274 0.978523 0.620773
0.9 0.5 23.7189 0.342304 -0.205568 75.8764 0.887608 1.30417
0.9 0.55 16.6318 0.160581 -0.465364 69.3975 0.535641 1.86984
0.9 0.6 11.4584 0.0514715 -0.51403 63.1318 0.218792 2.25748
0.9 0.65 8.2856 0.0156303 -0.478903 58.123 0.0776423 2.48287
0.9 0.7 6.62082 0.00357416 -0.432253 54.8852 0.0170455 2.58903
0.9 0.75 6.10781 6.67627e-09 -0.413495 53.765 3.79891e-08 2.61853
0.9 0.8 6.62082 -0.00357415 -0.432235 54.8852 -0.0170454 2.58903
0.9 0.85 8.2856 -0.0156305 -0.478973 58.123 -0.0776434 2.48287
0.9 0.9 11.4584 -0.0514712 -0.513767 63.1318 -0.21879 2.25748
0.9 0.95 16.6317 -0.160581 -0.46634 69.3975 -0.535642 1.86983
0.9 1 23.7188 -0.342303 -0.201917 75.8763 -0.887607 1.30417
0.95 0 23.7118 -0.449014 -0.216357 75.9815 -1.16705 1.31223
0.95 0.05 28.3194 -0.438113 0.354372 79.3056 -1.01808 0.472326
0.95 0.1 33.8267 -0.389152 1.08345 82.7114 -0.80486 -0.350155
0.95 0.15 38.7994 -0.308555 1.83868 85.4272 -0.582086 -1.052
0.95 0.2 42.3125 -0.172397 2.41707 87.1803 -0.306713 -1.52546
0.95 0.25 43.5828 -1.17951e-08 2.63454 87.7861 -2.45484e-08 -1.69276
0.95 0.3 42.3125 0.172397 2.41712 87.1803 0.306713 -1.52546
0.95 0.35 38.7994 0.308555 1.83849 85.4272 0.582087 -1.052
0.95 0.4 33.8267 0.389152 1.08416 82.7115 0.804861 -0.350155
0.95 0.45 28.3195 0.438115 0.351714 79.3057 1.01808 0.472327
0.95 0.5 23.7119 0.449016 -0.206444 75.9817 1.16705 1.31223
0.95 0.55 19.9548 0.256675 -0.602621 72.6842 0.764994 2.08505
0.95 0.6 16.6813 0.113236 -0.869849 69.3405 0.388913 2.70378
0.95 0.65 14.4332 0.0513564 -1.00716 66.723 0.194871 3.14623
0.95 0.7 13.0979 0.0198278 -1.06527 65.0155 0.0801179 3.40601
0.95 0.75 12.6566 1.24128e-08 -1.08067 64.4216 4.98892e-08 3.49102
0.95 0.8 13.0979 -0.0198278 -1.06523 65.0155 -0.080118 3.40601
0.95 0.85 14.4332 -0.0513566 -1.00735 66.723 -0.194871 3.14623
0.95 0.9 16.6812 -0.113236 -0.869136 69.3405 -0.388913 2.70378
0.95 0.95 19.9548 -0.256675 -0.605275 72.6841 -0.764996 2.08505
0.95 1 23.7118 -0.449014 -0.196531 75.9815 -1.16705 1.31223
1 0 23.6961 -0.589875 -0.232385 76.0283 -1.51654 1.32698
1 0.05 23.8894 -0.362131 0.32213 76.0481 -0.961229 0.41958
1 0.1 24.2685 -0.226433 0.917554 76.1405 -0.605031 -0.399792
1 0.15 24.6056 -0.140552 1.41353 76.2223 -0.375693 -1.05158
1 0.2 24.8258 -0.0692444 1.74646 76.2677 -0.184565 -1.47066
1 0.25 24.9014 4.16225e-09 1.86425 76.2815 1.1375e-08 -1.61514
1 0.3 24.8258 0.0692444 1.74657 76.2677 0.184565 -1.47066
1 0.35 24.6056 0.140552 1.41309 76.2223 0.375693 -1.05158
1 0.4 24.2685 0.226434 0.919226 76.1405 0.605032 -0.399793
1 0.45 23.8895 0.362133 0.315886 76.0482 0.961231 0.419581
1 0.5 23.6962 0.589878 -0.209085 76.0284 1.51654 1.32698
1 0.55 23.8541 0.361557 -0.701216 76.0155 0.960775 2.23411
1 0.6 24.1925 0.225482 -1.21266 76.0777 0.604286 3.05514
1 0.65 24.4976 0.139723 -1.57967 76.1353 0.374948 3.70807
1 0.7 24.6965 0.0687945 -1.80781 76.1649 0.184162 4.1274
1 0.75 24.7647 4.73853e-09 -1.88423 76.1732 1.33877e-08 4.27186
1 0.8 24.6965 -0.0687945 -1.8077 76.1649 -0.184162 4.1274
1 0.85 24.4976 -0.139723 -1.58011 76.1353 -0.374948 3.70807
1 0.9 24.1925 -0.225481 -1.21099 76.0777 -0.604285 3.05514
1 0.95 23.854 -0.361556 -0.707457 76.0154 -0.960775 2.23411
1 1 23.6961 -0.589875 -0.185786 76.0283 -1.51654 1.32698
