0 0 14.7644 -0.719426 -0.201908 64.3048 -16.2339 1.12236
0 0.05 14.7725 -0.696995 1.53181 60.4406 -14.7037 -22.0313
0 0.1 14.7836 -0.611938 2.95025 52.3753 -10.9988 -37.1387
0 0.15 14.791 -0.460401 4.1134 45.5668 -6.90828 -44.7715
0 0.2 14.7933 -0.248643 4.85955 41.5642 -3.26132 -48.1362
0 0.25 14.7934 6.22076e-09 5.12007 40.2773 -8.60017e-08 -49.0825
0 0.3 14.7933 0.248643 4.85997 41.5642 3.26132 -48.1362
0 0.35 14.791 0.460401 4.11169 45.5668 6.90828 -44.7715
0 0.4 14.7836 0.611938 2.95667 52.3753 10.9988 -37.1387
0 0.45 14.7725 0.696995 1.50781 60.4406 14.7037 -22.0313
0 0.5 14.7644 0.719426 -0.112342 64.3048 16.2339 1.12236
0 0.55 14.7677 0.698284 -1.74618 59.8356 14.5163 23.8995
0 0.6 14.7727 0.614678 -3.21574 51.6362 10.7567 38.4171
0 0.65 14.7741 0.463727 -4.37294 44.9114 6.7186 45.6952
0 0.7 14.7717 0.250956 -5.10631 40.9927 3.16325 48.9053
0 0.75 14.7699 8.68095e-09 -5.35677 39.7358 2.10471e-08 49.8097
0 0.8 14.7717 -0.250956 -5.10588 40.9927 -3.16325 48.9053
0 0.85 14.7741 -0.463727 -4.37466 44.9114 -6.7186 45.6952
0 0.9 14.7727 -0.614678 -3.20931 51.6362 -10.7567 38.4171
0 0.95 14.7677 -0.698284 -1.77018 59.8356 -14.5163 23.8995
0 1 14.7644 -0.719426 -0.0227762 64.3048 -16.2339 1.12236
0.05 0 14.7684 -0.681087 -0.186823 63.1044 -14.0825 6.48043
0.05 0.05 14.7042 -0.672022 1.48727 63.3618 -14.9972 -16.4601
0.05 0.1 14.6417 -0.606394 2.88295 57.6745 -13.0346 -34.7965
0.05 0.15 14.5788 -0.469814 4.00821 51.1954 -9.15033 -45.7015
0.05 0.2 14.5267 -0.259608 4.70961 46.8685 -4.60945 -50.987
0.05 0.25 14.5055 7.21726e-09 4.9485 45.4068 -5.55512e-08 -52.5316
0.05 0.3 14.5267 0.259608 4.71 46.8685 4.60945 -50.987
0.05 0.35 14.5788 0.469814 4.00666 51.1954 9.15033 -45.7015
0.05 0.4 14.6417 0.606394 2.88876 57.6745 13.0346 -34.7965
0.05 0.45 14.7042 0.672022 1.46559 63.3618 14.9972 -16.4601
0.05 0.5 14.7684 0.681087 -0.105894 63.1044 14.0825 6.48043
0.05 0.55 14.8407 0.647002 -1.63804 56.0837 10.991 25.3403
0.05 0.6 14.91 0.554899 -2.97461 47.7028 7.39695 36.0608
0.05 0.65 14.9668 0.408107 -4.01621 41.5309 4.34497 41.1654
0.05 0.7 15.0033 0.216773 -4.68027 38.0377 1.97791 43.3832
0.05 0.75 15.0157 8.32497e-09 -4.90911 36.9236 2.39613e-08 44.0065
0.05 0.8 15.0033 -0.216773 -4.67988 38.0377 -1.97791 43.3832
0.05 0.85 14.9668 -0.408107 -4.01776 41.5309 -4.34497 41.1654
0.05 0.9 14.91 -0.554899 -2.96881 47.7028 -7.39695 36.0608
0.05 0.95 14.8407 -0.647002 -1.65973 56.0837 -10.991 25.3403
0.05 1 14.7684 -0.681087 -0.0249652 63.1044 -14.0825 6.48043
0.1 0 14.7786 -0.570024 -0.143529 60.403 -9.75425 8.14114
0.1 0.05 14.6494 -0.570413 1.29366 64.3793 -11.9759 -10.4879
0.1 0.1 14.5151 -0.5289 2.50003 63.1179 -12.4022 -28.6421
0.1 0.15 14.3748 -0.422965 3.44504 59.0055 -10.2441 -42.1775
0.1 0.2 14.2548 -0.239711 4.01653 55.2162 -5.76494 -50.0393
0.1 0.25 14.2055 8.61802e-09 4.2065 53.7438 -2.31885e-08 -52.5697
0.1 0.3 14.2548 0.239711 4.01683 55.2162 5.76494 -50.0393
0.1 0.35 14.3748 0.422965 3.44386 59.0055 10.2441 -42.1775
0.1 0.4 14.5151 0.5289 2.50444 63.1179 12.4022 -28.6421
0.1 0.45 14.6494 0.570413 1.27721 64.3793 11.9759 -10.4879
0.1 0.5 14.7786 0.570024 -0.0821398 60.403 9.75425 8.14114
0.1 0.55 14.907 0.52972 -1.37444 52.7288 6.95923 22.0086
0.1 0.6 15.0233 0.44408 -2.45473 45.2019 4.42443 29.898
0.1 0.65 15.1163 0.320103 -3.25709 39.7814 2.4912 33.831
0.1 0.7 15.1759 0.167719 -3.74841 36.6646 1.10139 35.6122
0.1 0.75 15.1964 7.27597e-09 -3.91389 35.6571 2.2525e-08 36.1227
0.1 0.8 15.1759 -0.167719 -3.74812 36.6646 -1.10139 35.6122
0.1 0.85 15.1163 -0.320103 -3.25826 39.7814 -2.4912 33.831
0.1 0.9 15.0233 -0.44408 -2.45033 45.2019 -4.42443 29.898
0.1 0.95 14.907 -0.52972 -1.39089 52.7288 -6.95923 22.0086
0.1 1 14.7786 -0.570024 -0.0207502 60.403 -9.75425 8.14114
0.15 0 14.7901 -0.403337 -0.120669 57.5635 -5.72671 6.73141
0.15 0.05 14.6127 -0.408347 0.931759 63.8787 -7.74899 -5.8495
0.15 0.1 14.4226 -0.388431 1.81709 67.4478 -9.3461 -19.9746
0.15 0.15 14.2124 -0.319991 2.48462 68.063 -9.24304 -33.1171
0.15 0.2 14.0241 -0.184825 2.86904 66.9506 -6.04847 -42.7788
0.15 0.25 13.946 9.25639e-09 2.99147 66.19 2.93099e-09 -46.4197
0.15 0.3 14.0241 0.184825 2.86923 66.9506 6.04847 -42.7788
0.15 0.35 14.2124 0.319991 2.48387 68.063 9.24304 -33.1171
0.15 0.4 14.4226 0.388431 1.8199 67.4478 9.34609 -19.9746
0.15 0.45 14.6127 0.408347 0.921243 63.8787 7.74899 -5.8495
0.15 0.5 14.7901 0.403337 -0.0814216 57.5635 5.72671 6.7314
0.15 0.55 14.9561 0.367643 -1.01328 50.2134 3.87491 15.8161
0.15 0.6 15.1009 0.302827 -1.75652 43.8076 2.36005 21.2937
0.15 0.65 15.2137 0.215326 -2.27661 39.2229 1.2596 24.299
0.15 0.7 15.2851 0.111871 -2.57957 36.5328 0.528236 25.7901
0.15 0.75 15.3095 5.52662e-09 -2.67884 35.6493 1.62532e-08 26.2412
0.15 0.8 15.2851 -0.111871 -2.57938 36.5328 -0.528236 25.7901
0.15 0.85 15.2137 -0.215326 -2.27736 39.2229 -1.2596 24.299
0.15 0.9 15.1009 -0.302827 -1.75371 43.8076 -2.36005 21.2937
0.15 0.95 14.9561 -0.367643 -1.0238 50.2134 -3.87491 15.8161
0.15 1 14.7901 -0.403337 -0.0421742 57.5635 -5.72671 6.73141
0.2 0 14.7977 -0.205923 -0.116649 55.5786 -2.56404 3.98427
0.2 0.05 14.5956 -0.211033 0.442389 62.9986 -3.6593 -2.24143
0.2 0.1 14.3734 -0.205674 0.913737 70.0183 -4.86689 -9.80683
0.2 0.15 14.1128 -0.172696 1.25987 75.7704 -5.54567 -18.031
0.2 0.2 13.8758 -0.0994385 1.45003 79.3639 -4.19203 -25.4622
0.2 0.25 13.7805 7.27748e-09 1.50802 80.4945 1.21142e-08 -28.7624
0.2 0.3 13.8758 0.0994385 1.45012 79.3639 4.19203 -25.4622
0.2 0.35 14.1128 0.172696 1.25952 75.7704 5.54567 -18.031
0.2 0.4 14.3734 0.205674 0.915056 70.0183 4.86689 -9.80683
0.2 0.45 14.5956 0.211033 0.437463 62.9986 3.6593 -2.24143
0.2 0.5 14.7977 0.205923 -0.0982631 55.5786 2.56404 3.98427
0.2 0.55 14.9828 0.184998 -0.588762 48.6868 1.68178 8.46282
0.2 0.6 15.1406 0.150752 -0.964309 43.165 0.98191 11.3087
0.2 0.65 15.2617 0.106505 -1.21238 39.345 0.483236 13.0199
0.2 0.7 15.338 0.0551423 -1.34972 37.1515 0.181988 13.9656
0.2 0.75 15.364 2.97989e-09 -1.39344 36.4398 6.4257e-09 14.2739
0.2 0.8 15.338 -0.0551423 -1.34963 37.1515 -0.181988 13.9656
0.2 0.85 15.2617 -0.106505 -1.21274 39.345 -0.483236 13.0199
0.2 0.9 15.1406 -0.150752 -0.962989 43.165 -0.98191 11.3087
0.2 0.95 14.9828 -0.184998 -0.593688 48.6868 -1.68178 8.46282
0.2 1 14.7977 -0.205923 -0.0798773 55.5786 -2.56404 3.98427
0.25 0 14.7995 -0.00192758 -0.129335 54.9035 0.0784321 0.861324
0.25 0.05 14.5922 -0.00193924 -0.117639 62.5845 0.108093 0.963516
0.25 0.1 14.3599 -0.0018349 -0.105249 70.7422 0.147304 1.07981
0.25 0.15 14.0792 -0.00150862 -0.0947117 78.6509 0.173016 1.22905
0.25 0.2 13.8286 -0.000975477 -0.0880022 84.8038 0.135131 1.3979
0.25 0.25 13.7315 -4.72324e-10 -0.0858305 87.1877 6.16814e-10 1.48466
0.25 0.3 13.8286 0.000975477 -0.0880021 84.8038 -0.135131 1.3979
0.25 0.35 14.0792 0.00150862 -0.0947122 78.6509 -0.173016 1.22905
0.25 0.4 14.3599 0.0018349 -0.105247 70.7422 -0.147304 1.07981
0.25 0.45 14.5922 0.00193924 -0.117647 62.5845 -0.108093 0.963516
0.25 0.5 14.7995 0.00192758 -0.129308 54.9035 -0.0784321 0.861324
0.25 0.55 14.9888 0.00175078 -0.13691 48.2186 -0.0632795 0.765818
0.25 0.6 15.1491 0.00144099 -0.139771 43.0326 -0.053857 0.692348
0.25 0.65 15.2719 0.00103168 -0.140038 39.5431 -0.040254 0.651394
0.25 0.7 15.3491 0.000540315 -0.139618 37.6057 -0.0214043 0.634291
0.25 0.75 15.3755 -5.79584e-10 -0.139398 36.993 -5.16221e-09 0.629927
0.25 0.8 15.3491 -0.000540317 -0.139618 37.6057 0.0214043 0.634291
0.25 0.85 15.2719 -0.00103168 -0.140038 39.5431 0.040254 0.651394
0.25 0.9 15.1491 -0.00144099 -0.139769 43.0326 0.053857 0.692348
0.25 0.95 14.9888 -0.00175078 -0.136917 48.2186 0.0632795 0.765818
0.25 1 14.7995 -0.00192758 -0.12928 54.9035 0.0784321 0.861324
0.3 0 14.7978 0.20211 -0.141749 55.6542 2.72551 -2.23265
0.3 0.05 14.5948 0.207297 -0.678953 62.9065 3.86627 4.19342
0.3 0.1 14.3709 0.202559 -1.12706 69.6746 5.11723 11.917
0.3 0.15 14.1073 0.170569 -1.45294 75.1252 5.79384 20.2691
0.3 0.2 13.8677 0.0983785 -1.62938 78.4386 4.35232 27.7899
0.3 0.25 13.7717 -8.41439e-09 -1.68262 79.4468 -1.23432e-08 31.1201
0.3 0.3 13.8677 -0.0983785 -1.62947 78.4386 -4.35232 27.7899
0.3 0.35 14.1073 -0.170569 -1.45259 75.1252 -5.79384 20.2691
0.3 0.4 14.3709 -0.202559 -1.12838 69.6746 -5.11723 11.917
0.3 0.45 14.5948 -0.207297 -0.674029 62.9065 -3.86627 4.19342
0.3 0.5 14.7978 -0.20211 -0.160129 55.6542 -2.72551 -2.23265
0.3 0.55 14.9835 -0.181355 0.315039 48.8353 -1.81526 -6.9299
0.3 0.6 15.1417 -0.147647 0.682927 43.3281 -1.0933 -9.9493
0.3 0.65 15.2631 -0.10423 0.928053 39.5111 -0.563188 -11.763
0.3 0.7 15.3396 -0.0539348 1.06455 37.3223 -0.223041 -12.7592
0.3 0.75 15.3657 -4.1557e-09 1.10813 36.6131 -1.63235e-08 -13.0826
0.3 0.8 15.3396 0.0539348 1.06446 37.3223 0.223041 -12.7592
0.3 0.85 15.2631 0.10423 0.928405 39.5111 0.563188 -11.763
0.3 0.9 15.1417 0.147647 0.681608 43.3281 1.0933 -9.9493
0.3 0.95 14.9835 0.181355 0.319963 48.8353 1.81526 -6.9299
0.3 1 14.7978 0.20211 -0.178509 55.6542 2.72551 -2.23265
0.35 0 14.7903 0.399768 -0.137718 57.7052 5.89789 -4.89072
0.35 0.05 14.6106 0.405189 -1.17259 63.6703 7.91811 7.86556
0.35 0.1 14.4166 0.386357 -2.03931 66.8181 9.4705 21.9413
0.35 0.15 14.2006 0.319203 -2.69015 67.0835 9.28456 34.8687
0.35 0.2 14.0069 0.184671 -3.06256 65.765 6.03236 44.2793
0.35 0.25 13.9265 -1.0631e-08 -3.18058 64.9425 -6.71709e-09 47.8038
0.35 0.3 14.0069 -0.184671 -3.06275 65.765 -6.03236 44.2793
0.35 0.35 14.2006 -0.319203 -2.68939 67.0835 -9.28456 34.8687
0.35 0.4 14.4166 -0.386357 -2.04213 66.8181 -9.4705 21.9413
0.35 0.45 14.6106 -0.405189 -1.16205 63.6703 -7.91811 7.86556
0.35 0.5 14.7903 -0.399768 -0.177057 57.7052 -5.89789 -4.89072
0.35 0.55 14.9581 -0.363833 0.740024 50.5155 -4.03026 -14.2752
0.35 0.6 15.1044 -0.299235 1.47158 44.1256 -2.48696 -20.0009
0.35 0.65 15.2182 -0.212498 1.98273 39.5181 -1.34513 -23.1522
0.35 0.7 15.2902 -0.110307 2.27999 36.8095 -0.569974 -24.717
0.35 0.75 15.3148 -6.73335e-09 2.37729 35.9196 -2.50384e-08 -25.1908
0.35 0.8 15.2902 0.110307 2.2798 36.8095 0.569974 -24.717
0.35 0.85 15.2182 0.212498 1.98348 39.5181 1.34513 -23.1522
0.35 0.9 15.1044 0.299235 1.46876 44.1256 2.48696 -20.0009
0.35 0.95 14.9581 0.363833 0.750565 50.5155 4.03026 -14.2752
0.35 1 14.7903 0.399768 -0.216395 57.7052 5.89789 -4.89072
0.4 0 14.779 0.567285 -0.112636 60.5776 9.92337 -6.15245
0.4 0.05 14.6459 0.568268 -1.53934 64.0196 12.0554 12.5615
0.4 0.1 14.5058 0.528292 -2.73603 62.3177 12.3549 30.3865
0.4 0.15 14.3581 0.423772 -3.67125 58.0203 10.1175 43.4773
0.4 0.2 14.2313 0.240727 -4.23431 54.2061 5.66248 51.0147
0.4 0.25 14.1791 -1.01175e-08 -4.42079 52.7422 1.56472e-08 53.4309
0.4 0.3 14.2313 -0.240727 -4.2346 54.2061 -5.66248 51.0147
0.4 0.35 14.3581 -0.423772 -3.67007 58.0203 -10.1175 43.4773
0.4 0.4 14.5058 -0.528292 -2.74046 62.3177 -12.3549 30.3865
0.4 0.45 14.6459 -0.568268 -1.52281 64.0196 -12.0554 12.5615
0.4 0.5 14.779 -0.567285 -0.174309 60.5776 -9.92337 -6.15245
0.4 0.55 14.9104 -0.526172 1.1043 53.1826 -7.15037 -20.4331
0.4 0.6 15.0296 -0.440179 2.16905 45.6648 -4.58651 -28.6802
0.4 0.65 15.1249 -0.316697 2.95714 40.1788 -2.59924 -32.8029
0.4 0.7 15.1861 -0.165722 3.43889 37.0118 -1.15363 -34.6671
0.4 0.75 15.2071 -8.46791e-09 3.60109 35.987 -2.9896e-08 -35.2008
0.4 0.8 15.1861 0.165722 3.4386 37.0118 1.15363 -34.6671
0.4 0.85 15.1249 0.316697 2.95832 40.1788 2.59924 -32.8029
0.4 0.9 15.0296 0.440179 2.16462 45.6648 4.58651 -28.6802
0.4 0.95 14.9104 0.526172 1.12082 53.1826 7.15037 -20.4331
0.4 1 14.779 0.567285 -0.235982 60.5776 9.92337 -6.15245
0.45 0 14.7687 0.679599 -0.0739995 63.2366 14.2014 -4.32072
0.45 0.05 14.6998 0.671501 -1.74397 62.8445 14.9344 18.4974
0.45 0.1 14.6307 0.607561 -3.13876 56.8481 12.8439 36.2831
0.45 0.15 14.5604 0.472121 -4.26589 50.3636 8.95345 46.7277
0.45 0.2 14.5019 0.26149 -4.97026 46.1026 4.49382 51.768
0.45 0.25 14.4782 -8.62933e-09 -5.21061 44.6707 4.61445e-08 53.2396
0.45 0.3 14.5019 -0.26149 -4.97065 46.1026 -4.49382 51.768
0.45 0.35 14.5604 -0.472121 -4.26434 50.3636 -8.95345 46.7277
0.45 0.4 14.6307 -0.607561 -3.14459 56.8481 -12.8439 36.2831
0.45 0.45 14.6998 -0.671501 -1.72221 62.8445 -14.9344 18.4974
0.45 0.5 14.7687 -0.679599 -0.155222 63.2366 -14.2014 -4.32072
0.45 0.55 14.8451 -0.644294 1.36841 56.6566 -11.2114 -23.661
0.45 0.6 14.919 -0.551217 2.69177 48.3072 -7.60958 -34.8685
0.45 0.65 14.9799 -0.404441 3.7165 42.0405 -4.49304 -40.2242
0.45 0.7 15.0193 -0.214461 4.36563 38.474 -2.05074 -42.5436
0.45 0.75 15.0329 -9.48112e-09 4.58843 37.3351 -3.07935e-08 -43.1934
0.45 0.8 15.0193 0.214461 4.36524 38.474 2.05074 -42.5436
0.45 0.85 14.9799 0.404441 3.71806 42.0405 4.49304 -40.2242
0.45 0.9 14.919 0.551217 2.68594 48.3072 7.60958 -34.8685
0.45 0.95 14.8451 0.644294 1.39018 56.6566 11.2114 -23.661
0.45 1 14.7687 0.679599 -0.236445 63.2366 14.2014 -4.32072
0.5 0 14.7644 0.719426 -0.0386626 64.3048 16.2339 1.12236
0.5 0.05 14.7677 0.698284 -1.78067 59.8356 14.5163 23.8995
0.5 0.1 14.7727 0.614678 -3.21388 51.6362 10.7567 38.4172
0.5 0.15 14.7741 0.463727 -4.38327 44.9114 6.7186 45.6953
0.5 0.2 14.7717 0.250956 -5.12592 40.9927 3.16325 48.9053
0.5 0.25 14.7699 -7.49675e-09 -5.3831 39.7359 7.70055e-08 49.8098
0.5 0.3 14.7717 -0.250956 -5.12635 40.9927 -3.16325 48.9053
0.5 0.35 14.7741 -0.463727 -4.38155 44.9114 -6.7186 45.6953
0.5 0.4 14.7727 -0.614678 -3.22031 51.6362 -10.7567 38.4172
0.5 0.45 14.7677 -0.698284 -1.75668 59.8356 -14.5163 23.8995
0.5 0.5 14.7644 -0.719426 -0.128227 64.3049 -16.2339 1.12236
0.5 0.55 14.7725 -0.696995 1.49599 60.4406 -14.7037 -22.0313
0.5 0.6 14.7836 -0.611938 2.94993 52.3753 -10.9988 -37.1387
0.5 0.65 14.791 -0.460401 4.10067 45.5668 -6.90828 -44.7714
0.5 0.7 14.7933 -0.248643 4.83768 41.5642 -3.26132 -48.1362
0.5 0.75 14.7934 -9.80681e-09 5.09162 40.2773 -2.95829e-08 -49.0825
0.5 0.8 14.7933 0.248643 4.83725 41.5642 3.26132 -48.1362
0.5 0.85 14.791 0.460401 4.10238 45.5668 6.90828 -44.7714
0.5 0.9 14.7836 0.611938 2.94351 52.3753 10.9988 -37.1387
0.5 0.95 14.7725 0.696995 1.51998 60.4406 14.7037 -22.0313
0.5 1 14.7644 0.719426 -0.217792 64.3048 16.2339 1.12236
0.55 0 14.7684 0.681087 -0.0207084 63.1044 14.0825 6.48043
0.55 0.05 14.8407 0.647002 -1.65692 56.0837 10.991 25.3403
0.55 0.1 14.91 0.554899 -2.96758 47.7028 7.39695 36.0608
0.55 0.15 14.9668 0.408107 -4.01545 41.531 4.34497 41.1654
0.55 0.2 15.0033 0.216773 -4.67451 38.0377 1.97791 43.3832
0.55 0.25 15.0157 -6.79428e-09 -4.90206 36.9237 1.00031e-07 44.0065
0.55 0.3 15.0033 -0.216773 -4.6749 38.0377 -1.97791 43.3832
0.55 0.35 14.9668 -0.408107 -4.0139 41.531 -4.34497 41.1654
0.55 0.4 14.91 -0.554899 -2.97339 47.7028 -7.39695 36.0608
0.55 0.45 14.8407 -0.647002 -1.63523 56.0837 -10.991 25.3403
0.55 0.5 14.7684 -0.681087 -0.101637 63.1044 -14.0825 6.48043
0.55 0.55 14.7042 -0.672022 1.46876 63.3618 -14.9972 -16.4601
0.55 0.6 14.6417 -0.606394 2.89056 57.6744 -13.0346 -34.7965
0.55 0.65 14.5788 -0.469814 4.00962 51.1954 -9.15033 -45.7015
0.55 0.7 14.5267 -0.259608 4.71597 46.8684 -4.60945 -50.987
0.55 0.75 14.5055 -9.56918e-09 4.95613 45.4068 -2.76601e-08 -52.5316
0.55 0.8 14.5267 0.259608 4.71559 46.8684 4.60945 -50.987
0.55 0.85 14.5788 0.469814 4.01117 51.1954 9.15033 -45.7015
0.55 0.9 14.6417 0.606394 2.88475 57.6744 13.0346 -34.7965
0.55 0.95 14.7042 0.672022 1.49044 63.3617 14.9972 -16.4601
0.55 1 14.7684 0.681087 -0.182566 63.1044 14.0825 6.48043
0.6 0 14.7786 0.570024 -0.0218912 60.403 9.75425 8.14114
0.6 0.05 14.907 0.52972 -1.39164 52.7288 6.95923 22.0086
0.6 0.1 15.0233 0.44408 -2.45066 45.2019 4.42443 29.898
0.6 0.15 15.1163 0.320103 -3.25888 39.7814 2.4912 33.831
0.6 0.2 15.1759 0.167719 -3.74956 36.6646 1.10139 35.6123
0.6 0.25 15.1964 -6.15566e-09 -3.91578 35.6571 1.04672e-07 36.1227
0.6 0.3 15.1759 -0.167719 -3.74985 36.6646 -1.10139 35.6123
0.6 0.35 15.1163 -0.320103 -3.25771 39.7814 -2.4912 33.831
0.6 0.4 15.0233 -0.44408 -2.45506 45.2019 -4.42443 29.898
0.6 0.45 14.907 -0.52972 -1.37519 52.7288 -6.95923 22.0086
0.6 0.5 14.7786 -0.570024 -0.0832809 60.403 -9.75425 8.14114
0.6 0.55 14.6494 -0.570413 1.27636 64.3793 -11.9759 -10.4879
0.6 0.6 14.5151 -0.5289 2.50395 63.1179 -12.4022 -28.6421
0.6 0.65 14.3748 -0.422965 3.44307 59.0055 -10.2441 -42.1775
0.6 0.7 14.2548 -0.239711 4.01522 55.2162 -5.76494 -50.0392
0.6 0.75 14.2055 -8.94961e-09 4.20446 53.7438 -2.42194e-08 -52.5697
0.6 0.8 14.2548 0.239711 4.01493 55.2162 5.76494 -50.0392
0.6 0.85 14.3748 0.422965 3.44425 59.0055 10.2441 -42.1775
0.6 0.9 14.5151 0.5289 2.49955 63.1179 12.4022 -28.6421
0.6 0.95 14.6494 0.570413 1.29281 64.3793 11.9759 -10.4879
0.6 1 14.7786 0.570024 -0.14467 60.403 9.75425 8.14114
0.65 0 14.7901 0.403337 -0.041867 57.5635 5.72671 6.7314
0.65 0.05 14.9561 0.367643 -1.02359 50.2134 3.87491 15.8161
0.65 0.1 15.1009 0.302827 -1.75362 43.8076 2.36005 21.2937
0.65 0.15 15.2137 0.215326 -2.27719 39.2229 1.2596 24.2991
0.65 0.2 15.2851 0.111871 -2.579 36.5328 0.528236 25.7901
0.65 0.25 15.3095 -5.13917e-09 -2.67833 35.6493 8.48703e-08 26.2412
0.65 0.3 15.2851 -0.111871 -2.57918 36.5328 -0.528236 25.7901
0.65 0.35 15.2137 -0.215326 -2.27644 39.2229 -1.2596 24.2991
0.65 0.4 15.1009 -0.302827 -1.75644 43.8076 -2.36005 21.2937
0.65 0.45 14.9561 -0.367643 -1.01308 50.2134 -3.87491 15.8161
0.65 0.5 14.7901 -0.403337 -0.0811145 57.5635 -5.72671 6.7314
0.65 0.55 14.6127 -0.408347 0.921471 63.8787 -7.74899 -5.8495
0.65 0.6 14.4226 -0.388431 1.82003 67.4478 -9.34609 -19.9746
0.65 0.65 14.2124 -0.319991 2.48408 68.063 -9.24304 -33.1171
0.65 0.7 14.0241 -0.184825 2.86966 66.9506 -6.04847 -42.7788
0.65 0.75 13.946 -7.72928e-09 2.99202 66.19 -1.92605e-08 -46.4197
0.65 0.8 14.0241 0.184825 2.86947 66.9506 6.04847 -42.7788
0.65 0.85 14.2124 0.319991 2.48483 68.063 9.24304 -33.1171
0.65 0.9 14.4226 0.388431 1.81722 67.4477 9.34609 -19.9746
0.65 0.95 14.6127 0.408347 0.931987 63.8787 7.74899 -5.8495
0.65 1 14.7901 0.403337 -0.120362 57.5635 5.72671 6.7314
0.7 0 14.7977 0.205923 -0.079965 55.5786 2.56404 3.98427
0.7 0.05 14.9828 0.184998 -0.593747 48.6868 1.68178 8.46282
0.7 0.1 15.1406 0.150752 -0.963015 43.165 0.98191 11.3088
0.7 0.15 15.2617 0.106505 -1.21278 39.3451 0.483236 13.0199
0.7 0.2 15.338 0.0551423 -1.34975 37.1515 0.181988 13.9656
0.7 0.25 15.364 -3.33933e-09 -1.39359 36.4398 4.52799e-08 14.2739
0.7 0.3 15.338 -0.0551423 -1.34983 37.1515 -0.181988 13.9656
0.7 0.35 15.2617 -0.106505 -1.21243 39.3451 -0.483236 13.0199
0.7 0.4 15.1406 -0.150752 -0.964335 43.165 -0.98191 11.3088
0.7 0.45 14.9828 -0.184998 -0.58882 48.6868 -1.68178 8.46282
0.7 0.5 14.7977 -0.205923 -0.0983509 55.5786 -2.56404 3.98427
0.7 0.55 14.5956 -0.211033 0.437398 62.9986 -3.6593 -2.24143
0.7 0.6 14.3734 -0.205674 0.91502 70.0183 -4.86689 -9.80683
0.7 0.65 14.1128 -0.172696 1.25946 75.7704 -5.54567 -18.031
0.7 0.7 13.8758 -0.0994385 1.45 79.3638 -4.19203 -25.4622
0.7 0.75 13.7805 -5.72586e-09 1.50787 80.4945 -1.34322e-08 -28.7624
0.7 0.8 13.8758 0.0994385 1.44991 79.3638 4.19203 -25.4622
0.7 0.85 14.1128 0.172696 1.25981 75.7704 5.54567 -18.031
0.7 0.9 14.3734 0.205674 0.9137 70.0183 4.86689 -9.80683
0.7 0.95 14.5956 0.211033 0.442324 62.9986 3.6593 -2.24143
0.7 1 14.7977 0.205923 -0.116737 55.5786 2.56404 3.98427
0.75 0 14.7995 0.00192758 -0.129237 54.9035 -0.0784321 0.861324
0.75 0.05 14.9888 0.00175078 -0.136886 48.2186 -0.0632796 0.765818
0.75 0.1 15.1491 0.00144099 -0.139753 43.0326 -0.0538571 0.692348
0.75 0.15 15.2719 0.00103168 -0.140011 39.5431 -0.0402541 0.651394
0.75 0.2 15.3491 0.000540316 -0.13956 37.6057 -0.0214044 0.634291
0.75 0.25 15.3755 -6.0039e-10 -0.139322 36.993 -4.38175e-09 0.629927
0.75 0.3 15.3491 -0.000540317 -0.13956 37.6057 0.0214044 0.634291
0.75 0.35 15.2719 -0.00103168 -0.140011 39.5431 0.0402541 0.651394
0.75 0.4 15.1491 -0.00144099 -0.139755 43.0326 0.0538571 0.692348
0.75 0.45 14.9888 -0.00175078 -0.136879 48.2186 0.0632796 0.765818
0.75 0.5 14.7995 -0.00192758 -0.129264 54.9035 0.0784321 0.861324
0.75 0.55 14.5922 -0.00193924 -0.117616 62.5845 0.108093 0.963516
0.75 0.6 14.3599 -0.0018349 -0.105232 70.7422 0.147304 1.07981
0.75 0.65 14.0792 -0.00150863 -0.0946851 78.6509 0.173016 1.22905
0.75 0.7 13.8286 -0.000975478 -0.0879436 84.8038 0.135131 1.3979
0.75 0.75 13.7315 -5.49695e-10 -0.0857548 87.1877 -3.87798e-09 1.48466
0.75 0.8 13.8286 0.000975477 -0.0879437 84.8038 -0.135131 1.3979
0.75 0.85 14.0792 0.00150862 -0.0946846 78.6509 -0.173016 1.22905
0.75 0.9 14.3599 0.0018349 -0.105234 70.7422 -0.147304 1.07981
0.75 0.95 14.5922 0.00193924 -0.117609 62.5845 -0.108093 0.963516
0.75 1 14.7995 0.00192758 -0.129291 54.9035 -0.0784321 0.861324
0.8 0 14.7978 -0.20211 -0.178596 55.6541 -2.72551 -2.23265
0.8 0.05 14.9835 -0.181355 0.319899 48.8353 -1.81526 -6.9299
0.8 0.1 15.1417 -0.147646 0.681572 43.3281 -1.0933 -9.9493
0.8 0.15 15.2631 -0.10423 0.928345 39.5111 -0.563188 -11.763
0.8 0.2 15.3396 -0.0539348 1.06434 37.3223 -0.223041 -12.7592
0.8 0.25 15.3657 2.1419e-09 1.10797 36.6131 -5.38895e-08 -13.0827
0.8 0.3 15.3396 0.0539348 1.06442 37.3223 0.223041 -12.7592
0.8 0.35 15.2631 0.10423 0.927993 39.5111 0.563188 -11.763
0.8 0.4 15.1417 0.147646 0.682891 43.3281 1.0933 -9.9493
0.8 0.45 14.9835 0.181355 0.314974 48.8353 1.81526 -6.9299
0.8 0.5 14.7978 0.20211 -0.160217 55.6542 2.72551 -2.23265
0.8 0.55 14.5948 0.207297 -0.674087 62.9065 3.86627 4.19342
0.8 0.6 14.3709 0.202559 -1.12841 69.6746 5.11723 11.917
0.8 0.65 14.1073 0.170569 -1.45264 75.1252 5.79384 20.2691
0.8 0.7 13.8677 0.0983785 -1.62958 78.4386 4.35232 27.7899
0.8 0.75 13.7717 4.68863e-09 -1.68277 79.4468 5.12999e-09 31.1201
0.8 0.8 13.8677 -0.0983785 -1.62949 78.4386 -4.35232 27.7899
0.8 0.85 14.1073 -0.170569 -1.45299 75.1252 -5.79384 20.2691
0.8 0.9 14.3709 -0.202559 -1.12709 69.6746 -5.11723 11.917
0.8 0.95 14.5948 -0.207297 -0.679012 62.9065 -3.86627 4.19342
0.8 1 14.7978 -0.20211 -0.141837 55.6541 -2.72551 -2.23265
0.85 0 14.7903 -0.399768 -0.216088 57.7051 -5.89789 -4.89072
0.85 0.05 14.9581 -0.363833 0.750793 50.5155 -4.03026 -14.2752
0.85 0.1 15.1044 -0.299235 1.46889 44.1256 -2.48696 -20.0009
0.85 0.15 15.2182 -0.212498 1.98369 39.5182 -1.34513 -23.1522
0.85 0.2 15.2902 -0.110307 2.28023 36.8095 -0.569974 -24.717
0.85 0.25 15.3148 3.96725e-09 2.37784 35.9197 -9.32186e-08 -25.1908
0.85 0.3 15.2902 0.110307 2.28042 36.8095 0.569974 -24.717
0.85 0.35 15.2182 0.212498 1.98294 39.5182 1.34513 -23.1522
0.85 0.4 15.1044 0.299235 1.47171 44.1256 2.48696 -20.0009
0.85 0.45 14.9581 0.363833 0.740253 50.5155 4.03026 -14.2752
0.85 0.5 14.7903 0.399768 -0.176749 57.7052 5.89789 -4.89072
0.85 0.55 14.6106 0.405189 -1.16185 63.6703 7.91811 7.86556
0.85 0.6 14.4166 0.386357 -2.04204 66.8181 9.4705 21.9413
0.85 0.65 14.2006 0.319203 -2.68923 67.0835 9.28456 34.8686
0.85 0.7 14.0069 0.184671 -3.06236 65.765 6.03236 44.2792
0.85 0.75 13.9265 6.64036e-09 -3.18007 64.9425 1.00615e-08 47.8038
0.85 0.8 14.0069 -0.184671 -3.06217 65.765 -6.03236 44.2792
0.85 0.85 14.2006 -0.319203 -2.68998 67.0835 -9.28456 34.8686
0.85 0.9 14.4166 -0.386357 -2.03922 66.8181 -9.4705 21.9413
0.85 0.95 14.6106 -0.405189 -1.17239 63.6703 -7.91811 7.86556
0.85 1 14.7903 -0.399768 -0.137411 57.7051 -5.89789 -4.89072
0.9 0 14.779 -0.567285 -0.237123 60.5776 -9.92337 -6.15244
0.9 0.05 14.9104 -0.526172 1.11997 53.1826 -7.15037 -20.4331
0.9 0.1 15.0296 -0.440179 2.16414 45.6648 -4.58651 -28.6802
0.9 0.15 15.1249 -0.316697 2.95753 40.1788 -2.59924 -32.8029
0.9 0.2 15.1861 -0.165722 3.437 37.0118 -1.15363 -34.6672
0.9 0.25 15.2071 4.98687e-09 3.59905 35.987 -1.13018e-07 -35.2008
0.9 0.3 15.1861 0.165722 3.43729 37.0118 1.15363 -34.6672
0.9 0.35 15.1249 0.316697 2.95634 40.1788 2.59924 -32.8029
0.9 0.4 15.0296 0.440179 2.16857 45.6649 4.58651 -28.6802
0.9 0.45 14.9104 0.526172 1.10345 53.1826 7.15037 -20.4331
0.9 0.5 14.779 0.567285 -0.17545 60.5776 9.92337 -6.15244
0.9 0.55 14.6459 0.568268 -1.52357 64.0196 12.0554 12.5614
0.9 0.6 14.5058 0.528292 -2.74079 62.3177 12.3549 30.3865
0.9 0.65 14.3581 0.423772 -3.67069 58.0203 10.1175 43.4773
0.9 0.7 14.2313 0.240727 -4.23604 54.2061 5.66248 51.0147
0.9 0.75 14.1791 7.86127e-09 -4.42269 52.7422 1.44087e-08 53.4309
0.9 0.8 14.2313 -0.240727 -4.23575 54.2061 -5.66248 51.0147
0.9 0.85 14.3581 -0.423772 -3.67187 58.0203 -10.1175 43.4773
0.9 0.9 14.5058 -0.528292 -2.73636 62.3177 -12.3549 30.3865
0.9 0.95 14.6459 -0.568268 -1.54009 64.0196 -12.0554 12.5614
0.9 1 14.779 -0.567285 -0.113777 60.5776 -9.92337 -6.15244
0.95 0 14.7687 -0.679599 -0.232189 63.2366 -14.2014 -4.32072
0.95 0.05 14.8451 -0.644294 1.39335 56.6566 -11.2114 -23.661
0.95 0.1 14.919 -0.551217 2.68775 48.3073 -7.60958 -34.8685
0.95 0.15 14.9799 -0.404441 3.72101 42.0405 -4.49304 -40.2243
0.95 0.2 15.0193 -0.214461 4.37122 38.474 -2.05074 -42.5436
0.95 0.25 15.0329 5.59827e-09 4.59605 37.3351 -1.08497e-07 -43.1934
0.95 0.3 15.0193 0.214461 4.37161 38.474 2.05074 -42.5436
0.95 0.35 14.9799 0.404441 3.71945 42.0405 4.49304 -40.2243
0.95 0.4 14.919 0.551217 2.69358 48.3073 7.60958 -34.8685
0.95 0.45 14.8451 0.644294 1.37158 56.6566 11.2114 -23.661
0.95 0.5 14.7687 0.679599 -0.150966 63.2366 14.2014 -4.32072
0.95 0.55 14.6998 0.671501 -1.71939 62.8445 14.9344 18.4974
0.95 0.6 14.6307 0.607561 -3.14336 56.8481 12.8439 36.2831
0.95 0.65 14.5604 0.472121 -4.26203 50.3636 8.95345 46.7277
0.95 0.7 14.5019 0.26149 -4.96528 46.1025 4.49381 51.768
0.95 0.75 14.4782 8.46536e-09 -5.20356 44.6706 1.74876e-08 53.2395
0.95 0.8 14.5019 -0.26149 -4.96489 46.1025 -4.49381 51.768
0.95 0.85 14.5604 -0.472121 -4.26358 50.3636 -8.95345 46.7277
0.95 0.9 14.6307 -0.607561 -3.13753 56.8481 -12.8439 36.2831
0.95 0.95 14.6998 -0.671501 -1.74116 62.8445 -14.9344 18.4974
0.95 1 14.7687 -0.679599 -0.0697426 63.2366 -14.2014 -4.32072
1 0 14.7644 -0.719426 -0.233676 64.3048 -16.2339 1.12236
1 0.05 14.7725 -0.696995 1.50816 60.4406 -14.7037 -22.0313
1 0.1 14.7836 -0.611938 2.93677 52.3753 -10.9988 -37.1387
1 0.15 14.791 -0.460401 4.09136 45.5668 -6.90828 -44.7715
1 0.2 14.7933 -0.248643 4.81496 41.5642 -3.26132 -48.1362
1 0.25 14.7934 6.22076e-09 5.06317 40.2773 -8.60017e-08 -49.0825
1 0.3 14.7933 0.248643 4.81539 41.5642 3.26132 -48.1362
1 0.35 14.791 0.460401 4.08964 45.5668 6.90828 -44.7715
1 0.4 14.7836 0.611938 2.9432 52.3753 10.9988 -37.1387
1 0.45 14.7725 0.696995 1.48416 60.4406 14.7037 -22.0313
1 0.5 14.7644 0.719426 -0.144112 64.3048 16.2339 1.12236
1 0.55 14.7677 0.698284 -1.76717 59.8356 14.5163 23.8995
1 0.6 14.7727 0.614678 -3.22489 51.6362 10.7567 38.4171
1 0.65 14.7741 0.463727 -4.39016 44.9114 6.7186 45.6952
1 0.7 14.7717 0.250956 -5.14639 40.9927 3.16325 48.9053
1 0.75 14.7699 8.68095e-09 -5.40943 39.7358 2.10471e-08 49.8097
1 0.8 14.7717 -0.250956 -5.14596 40.9927 -3.16325 48.9053
1 0.85 14.7741 -0.463727 -4.39188 44.9114 -6.7186 45.6952
1 0.9 14.7727 -0.614678 -3.21846 51.6362 -10.7567 38.4171
1 0.95 14.7677 -0.698284 -1.79117 59.8356 -14.5163 23.8995
1 1 14.7644 -0.719426 -0.054549 64.3048 -16.2339 1.12236
