0 0 16.6086 -1.26714 -0.0490393 16.3524 -1.25447 15.9718 -1.14238 1.85815
0 0.05 16.6369 -1.2295 0.0740693 16.3115 -1.20784 15.747 -1.15075 -4.28494
0 0.1 16.6975 -1.083 0.169304 16.2461 -1.05776 15.7848 -1.01453 -7.05742
0 0.15 16.7609 -0.815751 0.269356 16.2002 -0.792737 15.7874 -0.764302 -8.82458
0 0.2 16.8089 -0.440031 0.33896 16.1743 -0.426057 15.8461 -0.413126 -9.77745
0 0.25 16.8268 6.60604e-07 0.364677 16.1662 6.89582e-07 15.8698 -1.71883e-05 -10.0815
0 0.3 16.8089 0.440033 0.339056 16.1743 0.426059 15.8453 0.413206 -9.77773
0 0.35 16.7609 0.815753 0.268972 16.2002 0.79274 15.7905 0.763985 -8.82335
0 0.4 16.6975 1.083 0.170742 16.2461 1.05776 15.7728 1.01592 -7.06265
0 0.45 16.6369 1.22951 0.0686967 16.3113 1.20785 15.7926 1.14461 -4.26285
0 0.5 16.6086 1.26714 -0.0289861 16.3536 1.25452 15.7693 1.16213 0.0340658
0 0.55 16.6354 1.22948 -0.125575 16.3115 1.20783 15.7042 1.14422 4.26894
0 0.6 16.694 1.08297 -0.226054 16.2463 1.05777 15.6821 1.01646 7.13981
0 0.65 16.7554 0.815722 -0.324628 16.2003 0.792775 15.6206 0.76069 9.14406
0 0.7 16.8018 0.440011 -0.396992 16.1743 0.426085 15.5819 0.409071 10.3341
0 0.75 16.8191 2.679e-07 -0.423981 16.1661 1.23184e-07 15.5679 1.76066e-05 10.7323
0 0.8 16.8018 -0.44001 -0.396897 16.1743 -0.426084 15.5812 -0.409152 10.3342
0 0.85 16.7554 -0.815721 -0.325013 16.2002 -0.792776 15.6234 -0.760331 9.14339
0 0.9 16.694 -1.08297 -0.22462 16.2464 -1.05777 15.671 -1.01814 7.14264
0 0.95 16.6354 -1.22948 -0.130944 16.3113 -1.20785 15.7443 -1.13624 4.26131
0 1 16.6086 -1.26714 -0.00889359 16.3571 -1.25443 15.2094 -1.2417 -2.04833
0.05 0 16.6087 -1.19516 -0.0494865 16.3527 -1.18352 15.717 -1.07846 1.96803
0.05 0.05 16.4643 -1.15957 0.0642729 16.0845 -1.13299 17.0755 -1.19236 -3.44703
0.05 0.1 16.3226 -1.01832 0.150713 15.7732 -0.983575 18.0835 -1.1358 -5.74962
0.05 0.15 16.1881 -0.762917 0.240372 15.491 -0.729514 18.7864 -0.895956 -7.23578
0.05 0.2 16.091 -0.409549 0.302067 15.2949 -0.388802 19.2083 -0.496205 -8.05923
0.05 0.25 16.0556 1.24015e-07 0.324736 15.2249 6.26495e-08 19.3465 3.27888e-06 -8.3247
0.05 0.3 16.091 0.409549 0.30216 15.2949 0.388802 19.2081 0.496199 -8.05933
0.05 0.35 16.1881 0.762917 0.240002 15.491 0.729514 18.7871 0.895954 -7.23536
0.05 0.4 16.3226 1.01832 0.152104 15.7733 0.983577 18.0807 1.13593 -5.7514
0.05 0.45 16.4643 1.15957 0.0590879 16.0845 1.13298 17.0867 1.19127 -3.44019
0.05 0.5 16.6087 1.19516 -0.030113 16.3529 1.18351 15.7493 1.09059 0.197919
0.05 0.55 16.8043 1.15856 -0.118365 16.5355 1.14356 14.3419 0.955238 4.65657
0.05 0.6 17.0579 1.01881 -0.205831 16.7184 1.00455 13.2125 0.766544 7.64611
0.05 0.65 17.3093 0.765753 -0.286846 16.921 0.755086 12.2491 0.520284 9.5702
0.05 0.7 17.4958 0.412284 -0.343174 17.0811 0.40663 11.6435 0.261763 10.6232
0.05 0.75 17.5647 -2.54274e-07 -0.363306 17.1419 -3.62949e-07 11.4344 1.44129e-05 10.956
0.05 0.8 17.4958 -0.412285 -0.343081 17.0811 -0.406631 11.6434 -0.261822 10.6232
0.05 0.85 17.3093 -0.765756 -0.287216 16.921 -0.75509 12.2497 -0.520072 9.57017
0.05 0.9 17.0579 -1.01881 -0.204437 16.7184 -1.00455 13.2101 -0.767407 7.64568
0.05 0.95 16.8043 -1.15857 -0.12355 16.5355 -1.1436 14.3505 -0.951726 4.65712
0.05 1 16.6087 -1.19516 -0.0107293 16.3527 -1.18352 15.8603 -1.08829 -1.61452
0.1 0 16.6102 -0.994206 -0.0481351 16.3509 -0.984277 15.5564 -0.893791 1.75272
0.1 0.05 16.3127 -0.963904 0.0439932 15.8781 -0.936382 18.2332 -1.06959 -2.54645
0.1 0.1 15.9902 -0.841706 0.106612 15.3551 -0.80336 20.0817 -1.06864 -4.18279
0.1 0.15 15.6877 -0.624966 0.167289 14.8873 -0.587836 21.3413 -0.864167 -5.1667
0.1 0.2 15.4726 -0.332882 0.205255 14.5683 -0.310004 22.0515 -0.483173 -5.68443
0.1 0.25 15.3951 -2.07315e-07 0.218596 14.4558 -1.89749e-07 22.2796 4.6771e-07 -5.84565
0.1 0.3 15.4726 0.332881 0.205341 14.5683 0.310003 22.0515 0.483169 -5.68442
0.1 0.35 15.6877 0.624966 0.166945 14.8873 0.587835 21.3412 0.864184 -5.16672
0.1 0.4 15.9902 0.841705 0.107904 15.3551 0.803359 20.0822 1.06856 -4.18278
0.1 0.45 16.3127 0.963903 0.0391673 15.8782 0.936381 18.2311 1.06996 -2.54619
0.1 0.5 16.6102 0.994205 -0.0301203 16.3508 0.984275 15.7004 0.899893 0.198159
0.1 0.55 16.9507 0.958999 -0.0969506 16.7326 0.950612 13.0129 0.690647 4.25863
0.1 0.6 17.3635 0.835649 -0.152915 17.126 0.830177 10.7932 0.481248 6.95363
0.1 0.65 17.7601 0.619592 -0.195299 17.5308 0.617586 8.79221 0.270259 8.43495
0.1 0.7 18.0456 0.329072 -0.217375 17.8344 0.328866 7.44305 0.11369 9.00484
0.1 0.75 18.1488 -8.59929e-07 -0.223804 17.9464 -8.20008e-07 6.96799 -4.39772e-06 9.09137
0.1 0.8 18.0456 -0.329075 -0.217289 17.8344 -0.328868 7.44311 -0.113675 9.00482
0.1 0.85 17.7601 -0.619596 -0.195643 17.5308 -0.617589 8.792 -0.270323 8.43498
0.1 0.9 17.3635 -0.835653 -0.151622 17.126 -0.830183 10.794 -0.480993 6.95344
0.1 0.95 16.9507 -0.959002 -0.101777 16.7326 -0.950608 13.01 -0.691715 4.26016
0.1 1 16.6102 -0.994206 -0.0121066 16.3509 -0.984277 15.8234 -0.909134 -1.34756
0.15 0 16.6147 -0.700058 -0.0448885 16.3469 -0.693033 15.4755 -0.621375 1.2537
0.15 0.05 16.197 -0.677184 0.0215684 15.712 -0.655625 19.1019 -0.792224 -1.67027
0.15 0.1 15.7416 -0.58771 0.0548169 15.0298 -0.555516 21.6068 -0.811436 -2.66796
0.15 0.15 15.3243 -0.432515 0.0839311 14.4345 -0.40098 23.2751 -0.663601 -3.23919
0.15 0.2 15.0353 -0.228415 0.0981172 14.0377 -0.209264 24.2055 -0.371688 -3.52648
0.15 0.25 14.9328 -3.58824e-07 0.102243 13.8997 -3.2767e-07 24.5034 -1.1152e-06 -3.61379
0.15 0.3 15.0353 0.228414 0.0981902 14.0377 0.209263 24.2055 0.371688 -3.52648
0.15 0.35 15.3244 0.432514 0.0836396 14.4345 0.40098 23.2751 0.663592 -3.23919
0.15 0.4 15.7416 0.587709 0.0559106 15.0298 0.555515 21.6067 0.811462 -2.66795
0.15 0.45 16.197 0.677183 0.0174863 15.712 0.655625 19.1024 0.79213 -1.67036
0.15 0.5 16.6147 0.700058 -0.0296544 16.347 0.693034 15.6501 0.628781 0.0736086
0.15 0.55 17.0655 0.669553 -0.0732674 16.884 0.666063 11.9135 0.422435 3.0904
0.15 0.6 17.5861 0.573405 -0.0966384 17.4243 0.572975 8.73812 0.240206 5.0728
0.15 0.65 18.0659 0.413203 -0.103062 17.9475 0.414489 5.83335 0.0942794 5.7657
0.15 0.7 18.3913 0.212146 -0.095174 18.3121 0.213076 3.78611 0.0233716 5.41071
0.15 0.75 18.5022 -1.13013e-06 -0.0860078 18.438 -1.0995e-06 3.05077 8.9493e-07 4.81409
0.15 0.8 18.3913 -0.212149 -0.0951008 18.3121 -0.213078 3.7861 -0.0233773 5.4107
0.15 0.85 18.0659 -0.413205 -0.103353 17.9475 -0.414491 5.83342 -0.0942613 5.76569
0.15 0.9 17.5861 -0.573406 -0.0955446 17.4243 -0.572976 8.73789 -0.24028 5.07283
0.15 0.95 17.0655 -0.669553 -0.0773486 16.884 -0.666065 11.9142 -0.422128 3.08987
0.15 1 16.6147 -0.700058 -0.0144207 16.3469 -0.693033 15.83 -0.635611 -1.10836
0.2 0 16.6204 -0.357275 -0.0384628 16.3422 -0.353941 15.423 -0.311863 0.639889
0.2 0.05 16.1227 -0.344578 -0.00145243 15.603 -0.333615 19.6388 -0.412291 -0.809525
0.2 0.1 15.5941 -0.297642 0.0101448 14.8232 -0.279893 22.5474 -0.427599 -1.26592
0.2 0.15 15.1194 -0.217841 0.017536 14.1538 -0.199843 24.4572 -0.350751 -1.52782
0.2 0.2 14.7992 -0.113688 0.0165942 13.7137 -0.103393 25.515 -0.19589 -1.66087
0.2 0.25 14.6894 -3.57388e-07 0.0155133 13.5618 -3.16291e-07 25.8526 -4.33624e-07 -1.70215
0.2 0.3 14.7992 0.113687 0.0166389 13.7137 0.103392 25.515 0.195888 -1.66087
0.2 0.35 15.1194 0.217841 0.0173575 14.1538 0.199842 24.4572 0.350753 -1.52782
0.2 0.4 15.5941 0.297642 0.0108145 14.8232 0.279892 22.5474 0.427591 -1.26592
0.2 0.45 16.1227 0.344577 -0.00395239 15.603 0.333615 19.6387 0.412314 -0.809506
0.2 0.5 16.6204 0.357274 -0.0291318 16.3422 0.35394 15.6268 0.315929 -0.00776461
0.2 0.55 17.1425 0.338448 -0.0517317 16.9794 0.337748 11.2205 0.189407 1.54252
0.2 0.6 17.7199 0.284315 -0.0565768 17.6007 0.285431 7.39343 0.0794311 2.53125
0.2 0.65 18.2322 0.197161 -0.0474125 18.1705 0.198645 3.87741 0.00580986 2.53511
0.2 0.7 18.553 0.094624 -0.0285824 18.5305 0.0947761 1.40145 -0.00232671 1.43004
0.2 0.75 18.6497 -1.02987e-06 -0.0195903 18.637 -1.02074e-06 0.622771 -5.199e-07 0.571821
0.2 0.8 18.553 -0.0946258 -0.0285377 18.5305 -0.0947779 1.40145 0.00232801 1.43004
0.2 0.85 18.2322 -0.197162 -0.0475911 18.1705 -0.198647 3.87739 -0.00581537 2.53511
0.2 0.9 17.7199 -0.284316 -0.0559072 17.6007 -0.285432 7.39351 -0.0794109 2.53123
0.2 0.95 17.1425 -0.338449 -0.0542321 16.9794 -0.337749 11.2204 -0.189491 1.54258
0.2 1 16.6204 -0.357275 -0.0198003 16.3422 -0.353941 15.8292 -0.320077 -0.655012
0.25 0 16.6233 -0.000240896 -0.0290157 16.3398 -0.000530545 15.4142 0.00950242 0.0528511
0.25 0.05 16.096 -0.000238111 -0.0279736 15.5648 -0.000562777 19.8157 0.00837664 0.0690383
0.25 0.1 15.546 -0.000203171 -0.0269435 14.7523 -0.0005501 22.8602 0.00651764 0.0805806
0.25 0.15 15.0578 -0.000182191 -0.02607 14.0585 -0.000439379 24.8468 0.00421441 0.088413
0.25 0.2 14.7366 -0.000118301 -0.0255304 13.6045 -0.000242439 25.9438 0.00201365 0.0927405
0.25 0.25 14.629 -2.64877e-07 -0.0253607 13.4482 -2.42517e-07 26.2932 -5.4434e-07 0.0941091
0.25 0.3 14.7366 0.000117776 -0.0255303 13.6045 0.000241958 25.9438 -0.00201434 0.0927403
0.25 0.35 15.0578 0.000181677 -0.0260702 14.0585 0.000438897 24.8468 -0.00421597 0.088412
0.25 0.4 15.546 0.000202654 -0.0269429 14.7523 0.000549614 22.8602 -0.00651628 0.0805815
0.25 0.45 16.096 0.000237555 -0.0279756 15.5648 0.000562236 19.8158 -0.00838252 0.0690307
0.25 0.5 16.6233 0.000240216 -0.0290083 16.3398 0.000530124 15.6241 -0.00963119 0.0540398
0.25 0.55 17.1708 0.000164515 -0.030058 17.0123 0.000520887 10.9989 -0.0130868 0.0367921
0.25 0.6 17.765 7.88101e-05 -0.0311506 17.6589 0.000508128 6.96808 -0.0179597 0.018651
0.25 0.65 18.2832 6.25197e-05 -0.0320418 18.2384 0.000390812 3.21026 -0.0180532 -0.00154007
0.25 0.7 18.5899 6.39566e-05 -0.032521 18.5801 0.000175498 0.558336 -0.00897114 -0.0118008
0.25 0.75 18.6773 -8.35247e-07 -0.0326182 18.6734 -8.37517e-07 -0.06142 1.4679e-07 -0.0144885
0.25 0.8 18.5899 -6.55705e-05 -0.0325211 18.5801 -0.000177116 0.558333 0.00897064 -0.011797
0.25 0.85 18.2832 -6.39262e-05 -0.032042 18.2384 -0.000392223 3.21026 0.0180544 -0.0015404
0.25 0.9 17.765 -7.9961e-05 -0.0311501 17.6589 -0.000509275 6.96807 0.0179539 0.0186513
0.25 0.95 17.1708 -0.000165412 -0.0300598 17.0123 -0.000521769 10.999 0.0131081 0.036774
0.25 1 16.6233 -0.000240896 -0.0290009 16.3398 -0.000530545 15.8343 0.00976139 0.0551213
0.3 0 16.6204 0.356749 -0.0195373 16.3422 0.352904 15.4243 0.329338 -0.534095
0.3 0.05 16.1222 0.344047 -0.0546132 15.603 0.332511 19.6297 0.428184 0.946359
0.3 0.1 15.5933 0.2972 -0.064192 14.8232 0.278807 22.534 0.440048 1.42505
0.3 0.15 15.1182 0.217509 -0.0698134 14.1537 0.198977 24.4413 0.358875 1.70211
0.3 0.2 14.798 0.113498 -0.0677079 13.7136 0.102917 25.4979 0.199789 1.84354
0.3 0.25 14.6882 -1.55976e-07 -0.0662347 13.5617 -1.52157e-07 25.8351 -2.51651e-07 1.88746
0.3 0.3 14.798 -0.113498 -0.0677525 13.7136 -0.102917 25.4979 -0.19979 1.84354
0.3 0.35 15.1182 -0.21751 -0.0696349 14.1537 -0.198977 24.4413 -0.358876 1.70211
0.3 0.4 15.5933 -0.297201 -0.0648614 14.8232 -0.278808 22.534 -0.44005 1.42505
0.3 0.45 16.1222 -0.344047 -0.0521141 15.603 -0.332511 19.6297 -0.428184 0.946361
0.3 0.5 16.6204 -0.35675 -0.0288641 16.3422 -0.352905 15.6262 -0.333646 0.115684
0.3 0.55 17.143 -0.33805 -0.00826092 16.9794 -0.336727 11.237 -0.212761 -1.46752
0.3 0.6 17.7207 -0.284083 -0.00555141 17.6007 -0.284427 7.42388 -0.11007 -2.48998
0.3 0.65 18.2331 -0.197015 -0.0165578 18.1706 -0.197865 3.91353 -0.0345768 -2.5277
0.3 0.7 18.5537 -0.0945393 -0.0365006 18.5306 -0.0943793 1.43144 -0.0126814 -1.44127
0.3 0.75 18.6502 -8.69911e-07 -0.0458137 18.6371 -8.73116e-07 0.645683 -2.96421e-08 -0.587687
0.3 0.8 18.5537 0.0945375 -0.0365453 18.5306 0.0943775 1.43144 0.0126814 -1.44127
0.3 0.85 18.2331 0.197014 -0.0163794 18.1706 0.197863 3.91353 0.0345762 -2.52771
0.3 0.9 17.7207 0.284081 -0.00622072 17.6007 0.284426 7.4239 0.110071 -2.48999
0.3 0.95 17.143 0.338049 -0.00576173 16.9794 0.336726 11.237 0.212755 -1.46752
0.3 1 16.6204 0.356749 -0.0381908 16.3422 0.352904 15.8279 0.337956 0.765499
0.35 0 16.6148 0.699469 -0.01307 16.347 0.692102 15.4747 0.635457 -1.14997
0.35 0.05 16.1962 0.676583 -0.0779621 15.712 0.654617 19.0847 0.805706 1.80355
0.35 0.1 15.7398 0.587207 -0.109416 15.0298 0.554508 21.5794 0.82246 2.82076
0.35 0.15 15.3217 0.432141 -0.136856 14.4344 0.400167 23.2423 0.670896 3.40559
0.35 0.2 15.0322 0.228208 -0.149854 14.0375 0.208814 24.1698 0.37523 3.70047
0.35 0.25 14.9294 -6.4754e-08 -0.153547 13.8995 -6.78308e-08 24.4669 -8.5716e-08 3.79019
0.35 0.3 15.0322 -0.228208 -0.149927 14.0375 -0.208814 24.1698 -0.37523 3.70047
0.35 0.35 15.3217 -0.432141 -0.136565 14.4344 -0.400167 23.2423 -0.670897 3.40559
0.35 0.4 15.7398 -0.587207 -0.11051 15.0298 -0.554508 21.5794 -0.822461 2.82076
0.35 0.45 16.1962 -0.676584 -0.0738783 15.712 -0.654618 19.0847 -0.805707 1.80355
0.35 0.5 16.6148 -0.69947 -0.0283116 16.347 -0.692102 15.6496 -0.642644 0.0341724
0.35 0.55 17.0664 -0.669049 0.0135564 16.8839 -0.665131 11.9443 -0.43879 -3.01013
0.35 0.6 17.5876 -0.573028 0.0348884 17.4243 -0.572018 8.79247 -0.260447 -5.0189
0.35 0.65 18.0679 -0.412914 0.0394529 17.9475 -0.41369 5.89904 -0.112429 -5.73985
0.35 0.7 18.3933 -0.211961 0.0303342 18.3123 -0.212632 3.85465 -0.0329618 -5.40603
0.35 0.75 18.5042 -1.00002e-06 0.0207386 18.4382 -1.00351e-06 3.11696 -1.31851e-07 -4.8154
0.35 0.8 18.3933 0.211959 0.0302612 18.3123 0.21263 3.85465 0.0329615 -5.40603
0.35 0.85 18.0679 0.412912 0.0397446 17.9475 0.413689 5.89904 0.112428 -5.73985
0.35 0.9 17.5876 0.573027 0.0337947 17.4243 0.572016 8.79248 0.260446 -5.01891
0.35 0.95 17.0664 0.669048 0.0176405 16.8839 0.66513 11.9443 0.438792 -3.01012
0.35 1 16.6148 0.699469 -0.0435532 16.347 0.692102 15.8246 0.649828 1.21832
0.4 0 16.6103 0.993701 -0.00980113 16.3508 0.983567 15.5712 0.901566 -1.64129
0.4 0.05 16.3116 0.963376 -0.100773 15.8783 0.935603 18.2049 1.08054 2.67345
0.4 0.1 15.9875 0.841255 -0.161992 15.3552 0.802566 20.0404 1.07756 4.32509
0.4 0.15 15.6835 0.624621 -0.221379 14.8872 0.587183 21.2896 0.870312 5.31959
0.4 0.2 15.4674 0.332689 -0.258478 14.5681 0.309637 21.9947 0.48619 5.84332
0.4 0.25 15.3895 -1.42241e-08 -0.271523 14.4556 -6.59056e-09 22.2212 1.96813e-08 6.00648
0.4 0.3 15.4674 -0.332689 -0.258564 14.5681 -0.309637 21.9947 -0.48619 5.84332
0.4 0.35 15.6835 -0.624622 -0.221034 14.8872 -0.587183 21.2897 -0.870313 5.31959
0.4 0.4 15.9875 -0.841256 -0.163287 15.3552 -0.802567 20.0404 -1.07756 4.3251
0.4 0.45 16.3116 -0.963377 -0.0959401 15.8783 -0.935604 18.2049 -1.08055 2.67345
0.4 0.5 16.6103 -0.993701 -0.0278387 16.3508 -0.983568 15.7006 -0.909057 -0.0901786
0.4 0.55 16.9519 -0.958523 0.0377013 16.7324 -0.949892 13.0532 -0.699137 -4.16955
0.4 0.6 17.3659 -0.835258 0.0920523 17.1258 -0.829393 10.8621 -0.49206 -6.88196
0.4 0.65 17.7635 -0.619277 0.132787 17.5307 -0.616889 8.87806 -0.28033 -8.38242
0.4 0.7 18.0497 -0.328878 0.153565 17.8344 -0.328459 7.53758 -0.119263 -8.96614
0.4 0.75 18.153 -1.04821e-06 0.159497 17.9464 -1.04242e-06 7.06543 -3.96492e-07 -9.0578
0.4 0.8 18.0497 0.328876 0.153479 17.8344 0.328457 7.53758 0.119262 -8.96614
0.4 0.85 17.7635 0.619275 0.133133 17.5307 0.616887 8.87806 0.280329 -8.38242
0.4 0.9 17.3659 0.835256 0.090758 17.1258 0.829391 10.8621 0.49206 -6.88196
0.4 0.95 16.9519 0.958522 0.0425345 16.7324 0.949891 13.0532 0.699136 -4.16954
0.4 1 16.6103 0.993701 -0.0458762 16.3508 0.983567 15.83 0.916548 1.46095
0.45 0 16.6087 1.19486 -0.00847874 16.3529 1.18313 15.6805 1.09024 -1.84657
0.45 0.05 16.4629 1.15927 -0.121844 16.0846 1.13255 17.0525 1.19842 3.55965
0.45 0.1 16.3192 1.01804 -0.207937 15.7734 0.983145 18.0244 1.1421 5.87955
0.45 0.15 16.1828 0.762692 -0.29699 15.4909 0.729158 18.7162 0.900077 7.36954
0.45 0.2 16.0842 0.409418 -0.357964 15.2947 0.3886 19.1289 0.498217 8.19714
0.45 0.25 16.0483 -4.34456e-08 -0.380295 15.2247 -1.77028e-08 19.2647 -5.59625e-08 8.46369
0.45 0.3 16.0842 -0.409418 -0.358057 15.2947 -0.3886 19.1289 -0.498218 8.19714
0.45 0.35 16.1828 -0.762692 -0.296619 15.4909 -0.729159 18.7162 -0.900077 7.36954
0.45 0.4 16.3192 -1.01805 -0.209328 15.7734 -0.983146 18.0245 -1.1421 5.87955
0.45 0.45 16.4629 -1.15927 -0.116653 16.0846 -1.13255 17.0525 -1.19842 3.55965
0.45 0.5 16.6087 -1.19486 -0.0278543 16.3529 -1.18313 15.7496 -1.09505 -0.0896088
0.45 0.55 16.8057 -1.15829 0.0594575 16.5353 -1.14317 14.3852 -0.957197 -4.55691
0.45 0.6 17.0611 -1.01858 0.145617 16.7182 -1.0041 13.2857 -0.770135 -7.55449
0.45 0.65 17.3141 -0.765572 0.225557 16.9209 -0.754662 12.342 -0.524277 -9.48757
0.45 0.7 17.5019 -0.412177 0.28133 17.081 -0.406373 11.748 -0.264134 -10.5466
0.45 0.75 17.5712 -8.93028e-07 0.301322 17.1419 -8.60532e-07 11.5426 -6.39297e-07 -10.8816
0.45 0.8 17.5019 0.412175 0.281237 17.081 0.406372 11.748 0.264133 -10.5466
0.45 0.85 17.3141 0.76557 0.225928 16.9209 0.75466 12.342 0.524276 -9.48757
0.45 0.9 17.0611 1.01858 0.144226 16.7182 1.0041 13.2857 0.770134 -7.55449
0.45 0.95 16.8057 1.15829 0.0646491 16.5353 1.14317 14.3852 0.957197 -4.55691
0.45 1 16.6087 1.19486 -0.0472297 16.3529 1.18313 15.8188 1.09986 1.66736
0.5 0 16.6086 1.26714 -0.00894819 16.3536 1.25451 15.7711 1.16226 -1.76927
0.5 0.05 16.6354 1.22948 -0.131536 16.3115 1.20783 15.7277 1.14593 4.32127
0.5 0.1 16.694 1.08297 -0.226096 16.2463 1.05777 15.6932 1.01718 7.15709
0.5 0.15 16.7554 0.815722 -0.326411 16.2003 0.792775 15.6621 0.762713 9.03953
0.5 0.2 16.8018 0.440011 -0.397222 16.1743 0.426085 15.6649 0.41125 10.1118
0.5 0.25 16.8191 -1.73767e-07 -0.423646 16.1661 -1.39747e-07 15.6683 -2.12843e-07 10.4629
0.5 0.3 16.8018 -0.440011 -0.397318 16.1743 -0.426085 15.6649 -0.41125 10.1118
0.5 0.35 16.7554 -0.815722 -0.326028 16.2003 -0.792775 15.6621 -0.762713 9.03953
0.5 0.4 16.694 -1.08297 -0.227534 16.2463 -1.05777 15.6932 -1.01718 7.15709
0.5 0.45 16.6354 -1.22948 -0.126167 16.3115 -1.20783 15.7277 -1.14593 4.32128
0.5 0.5 16.6086 -1.26714 -0.0289836 16.3536 -1.25452 15.7688 -1.16209 0.0542118
0.5 0.55 16.6369 -1.22951 0.0680807 16.3113 -1.20785 15.7682 -1.14285 -4.21118
0.5 0.6 16.6975 -1.083 0.169187 16.2461 -1.05776 15.7611 -1.01517 -7.04608
0.5 0.65 16.7609 -0.815753 0.267416 16.2002 -0.79274 15.7487 -0.761967 -8.92884
0.5 0.7 16.8089 -0.440033 0.338499 16.1743 -0.426058 15.7624 -0.411041 -10.0013
0.5 0.75 16.8268 -5.7376e-07 0.36475 16.1662 -5.22552e-07 15.7695 -6.05421e-07 -10.3523
0.5 0.8 16.8089 0.440032 0.338404 16.1743 0.426057 15.7624 0.41104 -10.0013
0.5 0.85 16.7609 0.815752 0.2678 16.2002 0.792739 15.7487 0.761966 -8.92884
0.5 0.9 16.6975 1.083 0.167749 16.2461 1.05776 15.7611 1.01517 -7.04608
0.5 0.95 16.6369 1.22951 0.0734491 16.3113 1.20785 15.7682 1.14284 -4.21118
0.5 1 16.6086 1.26714 -0.049019 16.3536 1.25451 15.7666 1.16192 1.87769
0.55 0 16.6087 1.19516 -0.010747 16.3529 1.18351 15.8227 1.09567 -1.55729
0.55 0.05 16.8043 1.15856 -0.123395 16.5355 1.14356 14.3419 0.955237 4.65656
0.55 0.1 17.0579 1.01881 -0.204044 16.7184 1.00455 13.2125 0.766544 7.6461
0.55 0.15 17.3093 0.765752 -0.286841 16.921 0.755085 12.2491 0.520282 9.5702
0.55 0.2 17.4958 0.412283 -0.342994 17.0811 0.40663 11.6435 0.261766 10.6232
0.55 0.25 17.5647 -3.4671e-07 -0.363396 17.1419 -3.20869e-07 11.4344 -2.83702e-07 10.956
0.55 0.3 17.4958 -0.412284 -0.343086 17.0811 -0.40663 11.6435 -0.261767 10.6232
0.55 0.35 17.3093 -0.765753 -0.28647 16.921 -0.755086 12.2491 -0.520282 9.5702
0.55 0.4 17.0579 -1.01881 -0.205434 16.7184 -1.00455 13.2125 -0.766544 7.6461
0.55 0.45 16.8043 -1.15856 -0.118206 16.5355 -1.14356 14.3419 -0.955237 4.65656
0.55 0.5 16.6087 -1.19516 -0.0301135 16.3529 -1.18351 15.7493 -1.09059 0.197911
0.55 0.55 16.4643 -1.15957 0.0592531 16.0845 -1.13298 17.0867 -1.19127 -3.4402
0.55 0.6 16.3226 -1.01832 0.15252 15.7733 -0.983576 18.0807 -1.13592 -5.75139
0.55 0.65 16.1881 -0.762917 0.240418 15.491 -0.729514 18.7871 -0.895953 -7.23536
0.55 0.7 16.091 -0.409549 0.302309 15.2949 -0.388802 19.2081 -0.496199 -8.05934
0.55 0.75 16.0556 -2.55085e-07 0.324716 15.2249 -2.15718e-07 19.3466 -3.24503e-07 -8.32467
0.55 0.8 16.091 0.409548 0.302216 15.2949 0.388801 19.2081 0.496199 -8.05934
0.55 0.85 16.1881 0.762916 0.240789 15.491 0.729513 18.7871 0.895952 -7.23535
0.55 0.9 16.3226 1.01832 0.151131 15.7733 0.983576 18.0807 1.13592 -5.75139
0.55 0.95 16.4643 1.15957 0.0644422 16.0845 1.13298 17.0867 1.19127 -3.4402
0.55 1 16.6087 1.19516 -0.0494799 16.3529 1.18351 15.6758 1.0855 1.95311
0.6 0 16.6102 0.994204 -0.0121019 16.3508 0.984275 15.8333 0.90751 -1.35024
0.6 0.05 16.9507 0.958998 -0.101821 16.7326 0.950612 13.0129 0.690646 4.25861
0.6 0.1 17.3635 0.835649 -0.151728 17.126 0.830177 10.7932 0.481248 6.95363
0.6 0.15 17.7601 0.619591 -0.195744 17.5308 0.617585 8.79221 0.270259 8.43495
0.6 0.2 18.0456 0.329072 -0.217312 17.8344 0.328865 7.44304 0.113688 9.00484
0.6 0.25 18.1488 -4.20809e-07 -0.223779 17.9464 -4.10828e-07 6.96799 -1.79497e-07 9.09137
0.6 0.3 18.0456 -0.329072 -0.217398 17.8344 -0.328866 7.44304 -0.113689 9.00484
0.6 0.35 17.7601 -0.619592 -0.195399 17.5308 -0.617585 8.79221 -0.270259 8.43495
0.6 0.4 17.3635 -0.835649 -0.153021 17.126 -0.830177 10.7932 -0.481248 6.95363
0.6 0.45 16.9507 -0.958998 -0.0969931 16.7326 -0.950612 13.0129 -0.690646 4.25862
0.6 0.5 16.6102 -0.994204 -0.03012 16.3508 -0.984275 15.7004 -0.899893 0.198146
0.6 0.55 16.3127 -0.963903 0.0391232 15.8782 -0.93638 18.2311 -1.06996 -2.54619
0.6 0.6 15.9902 -0.841705 0.107792 15.3551 -0.803358 20.0822 -1.06856 -4.18278
0.6 0.65 15.6877 -0.624965 0.166833 14.8873 -0.587835 21.3412 -0.864183 -5.16672
0.6 0.7 15.4726 -0.332881 0.205301 14.5683 -0.310003 22.0515 -0.483168 -5.68443
0.6 0.75 15.3951 -4.33882e-08 0.218601 14.4558 -3.51111e-08 22.2796 -3.35167e-08 -5.84566
0.6 0.8 15.4726 0.332881 0.205214 14.5683 0.310003 22.0515 0.483168 -5.68443
0.6 0.85 15.6877 0.624965 0.167178 14.8873 0.587835 21.3411 0.864183 -5.16672
0.6 0.9 15.9902 0.841705 0.106499 15.3551 0.803358 20.0822 1.06856 -4.18278
0.6 0.95 16.3127 0.963903 0.043951 15.8782 0.93638 18.231 1.06996 -2.54619
0.6 1 16.6102 0.994204 -0.048138 16.3508 0.984275 15.5675 0.892276 1.74652
0.65 0 16.6147 0.700057 -0.014421 16.347 0.693033 15.8275 0.635912 -1.10782
0.65 0.05 17.0655 0.669552 -0.0773378 16.884 0.666063 11.9135 0.422435 3.09037
0.65 0.1 17.5861 0.573404 -0.0955168 17.4243 0.572974 8.73814 0.240206 5.0728
0.65 0.15 18.0659 0.413202 -0.103327 17.9475 0.414488 5.83335 0.0942788 5.7657
0.65 0.2 18.3913 0.212146 -0.0950946 18.3121 0.213076 3.78611 0.023372 5.41071
0.65 0.25 18.5022 -2.90969e-07 -0.0860141 18.438 -2.88487e-07 3.05076 -6.91765e-08 4.81409
0.65 0.3 18.3913 -0.212146 -0.0951673 18.3121 -0.213076 3.78611 -0.023372 5.4107
0.65 0.35 18.0659 -0.413202 -0.103035 17.9475 -0.414488 5.83335 -0.094279 5.7657
0.65 0.4 17.5861 -0.573404 -0.0966098 17.4243 -0.572974 8.73813 -0.240205 5.0728
0.65 0.45 17.0655 -0.669552 -0.073256 16.884 -0.666063 11.9135 -0.422435 3.09038
0.65 0.5 16.6147 -0.700057 -0.0296544 16.347 -0.693033 15.6501 -0.628782 0.0735927
0.65 0.55 16.197 -0.677183 0.0174983 15.712 -0.655624 19.1024 -0.792129 -1.67036
0.65 0.6 15.7416 -0.587709 0.0559407 15.0298 -0.555515 21.6067 -0.811461 -2.66795
0.65 0.65 15.3244 -0.432514 0.0836696 14.4345 -0.400979 23.2751 -0.663592 -3.23919
0.65 0.7 15.0353 -0.228414 0.0982009 14.0377 -0.209263 24.2055 -0.371688 -3.52648
0.65 0.75 14.9328 6.78588e-08 0.102241 13.8997 5.32679e-08 24.5034 1.21446e-07 -3.6138
0.65 0.8 15.0353 0.228414 0.098128 14.0377 0.209263 24.2055 0.371688 -3.52648
0.65 0.85 15.3243 0.432514 0.0839611 14.4345 0.400979 23.2751 0.663592 -3.23919
0.65 0.9 15.7416 0.587709 0.0548473 15.0298 0.555515 21.6066 0.81146 -2.66795
0.65 0.95 16.197 0.677183 0.02158 15.712 0.655624 19.1024 0.792129 -1.67036
0.65 1 16.6147 0.700057 -0.0448876 16.347 0.693033 15.4726 0.621653 1.25498
0.7 0 16.6204 0.357274 -0.0198 16.3421 0.35394 15.8299 0.320035 -0.655163
0.7 0.05 17.1425 0.338449 -0.0542355 16.9794 0.337748 11.2206 0.189411 1.5425
0.7 0.1 17.7199 0.284315 -0.0559154 17.6007 0.285431 7.39345 0.0794294 2.53127
0.7 0.15 18.2322 0.197161 -0.0475989 18.1705 0.198645 3.8774 0.00581069 2.53511
0.7 0.2 18.553 0.0946245 -0.0285397 18.5304 0.0947766 1.40144 -0.00232687 1.43004
0.7 0.25 18.6497 4.44844e-08 -0.0195886 18.637 4.45266e-08 0.622771 9.66795e-08 0.571821
0.7 0.3 18.553 -0.0946243 -0.0285842 18.5304 -0.0947764 1.40144 0.00232658 1.43004
0.7 0.35 18.2322 -0.19716 -0.0474202 18.1705 -0.198645 3.8774 -0.00580996 2.53511
0.7 0.4 17.7199 -0.284315 -0.056585 17.6007 -0.285431 7.39344 -0.0794308 2.53126
0.7 0.45 17.1425 -0.338448 -0.0517351 16.9794 -0.337748 11.2206 -0.189407 1.54251
0.7 0.5 16.6204 -0.357274 -0.0291318 16.3421 -0.353939 15.6268 -0.31593 -0.00777604
0.7 0.55 16.1227 -0.344577 -0.00395569 15.603 -0.333614 19.6387 -0.412313 -0.809506
0.7 0.6 15.5941 -0.297642 0.0108059 14.8232 -0.279892 22.5474 -0.42759 -1.26592
0.7 0.65 15.1194 -0.217841 0.017349 14.1538 -0.199842 24.4572 -0.350752 -1.52782
0.7 0.7 14.7992 -0.113687 0.0166359 13.7137 -0.103392 25.515 -0.195889 -1.66087
0.7 0.75 14.6894 1.25121e-07 0.0155138 13.5618 1.0601e-07 25.8526 2.30372e-07 -1.70216
0.7 0.8 14.7992 0.113687 0.0165912 13.7137 0.103392 25.515 0.195889 -1.66087
0.7 0.85 15.1194 0.217841 0.0175275 14.1538 0.199842 24.4572 0.350753 -1.52782
0.7 0.9 15.5941 0.297642 0.0101361 14.8232 0.279892 22.5474 0.42759 -1.26592
0.7 0.95 16.1227 0.344577 -0.0014553 15.603 0.333615 19.6387 0.412311 -0.809502
0.7 1 16.6204 0.357274 -0.0384631 16.3421 0.35394 15.4238 0.311824 0.639622
0.75 0 16.6233 0.000240928 -0.029001 16.3398 0.000530604 15.834 -0.0097646 0.055118
0.75 0.05 17.1708 0.000165407 -0.0300583 17.0123 0.00052186 10.9991 -0.0130941 0.0368117
0.75 0.1 17.765 7.98743e-05 -0.0311459 17.6589 0.000509158 6.96806 -0.0179544 0.0186417
0.75 0.15 18.2832 6.37617e-05 -0.0320379 18.2384 0.000392065 3.21026 -0.018055 -0.00153687
0.75 0.2 18.5898 6.53321e-05 -0.0325198 18.5801 0.000176873 0.558332 -0.00897025 -0.0117991
0.75 0.25 18.6773 5.55868e-07 -0.0326188 18.6734 5.58225e-07 -0.0614194 -3.69759e-07 -0.0144876
0.75 0.3 18.5898 -6.42446e-05 -0.0325198 18.5801 -0.000175785 0.558334 0.00897116 -0.0118001
0.75 0.35 18.2832 -6.277e-05 -0.0320377 18.2384 -0.000391059 3.21025 0.018053 -0.00153941
0.75 0.4 17.765 -7.90077e-05 -0.0311464 17.6589 -0.000508326 6.96808 0.0179597 0.0186516
0.75 0.45 17.1708 -0.00016467 -0.0300563 17.0123 -0.000521045 10.999 0.0130867 0.0367928
0.75 0.5 16.6233 -0.000240339 -0.0290083 16.3398 -0.000530248 15.6241 0.00963102 0.0540398
0.75 0.55 16.096 -0.000237651 -0.027974 15.5648 -0.000562327 19.8158 0.00838238 0.0690314
0.75 0.6 15.546 -0.000202723 -0.0269387 14.7523 -0.000549678 22.8602 0.00651618 0.0805822
0.75 0.65 15.0578 -0.000181729 -0.0260661 14.0585 -0.000438946 24.8468 0.00421587 0.0884127
0.75 0.7 14.7366 -0.000117834 -0.0255291 13.6045 -0.000242011 25.9438 0.00201428 0.0927408
0.75 0.75 14.629 1.68222e-07 -0.0253613 13.4482 1.50549e-07 26.2932 2.48675e-07 0.0941096
0.75 0.8 14.7366 0.000118158 -0.0255291 13.6045 0.000242311 25.9438 -0.00201355 0.0927408
0.75 0.85 15.0578 0.000182032 -0.026066 14.0585 0.00043921 24.8468 -0.00421567 0.0884127
0.75 0.9 15.546 0.000203054 -0.0269392 14.7523 0.000550005 22.8602 -0.00651566 0.0805827
0.75 0.95 16.096 0.000238082 -0.027972 15.5648 0.00056263 19.8157 -0.00837573 0.0690176
0.75 1 16.6233 0.000240928 -0.0290157 16.3398 0.000530604 15.4139 -0.00950551 0.0528538
0.8 0 16.6204 -0.356749 -0.0381904 16.3422 -0.352903 15.8286 -0.337905 0.765636
0.8 0.05 17.143 -0.338048 -0.00576472 16.9794 -0.336725 11.2367 -0.212746 -1.46764
0.8 0.1 17.7207 -0.284081 -0.00622929 17.6007 -0.284425 7.42401 -0.110082 -2.48997
0.8 0.15 18.2331 -0.197013 -0.0163878 18.1706 -0.197862 3.91349 -0.0345716 -2.52772
0.8 0.2 18.5537 -0.0945368 -0.0365482 18.5306 -0.0943768 1.43145 -0.0126831 -1.44127
0.8 0.25 18.6502 1.18767e-06 -0.0458131 18.6371 1.18347e-06 0.645679 6.14785e-07 -0.587685
0.8 0.3 18.5537 0.094539 -0.0365036 18.5306 0.094379 1.43144 0.0126813 -1.44127
0.8 0.35 18.2331 0.197015 -0.0165665 18.1706 0.197864 3.91352 0.0345767 -2.5277
0.8 0.4 17.7207 0.284082 -0.00555996 17.6007 0.284426 7.42389 0.11007 -2.48998
0.8 0.45 17.143 0.338049 -0.00826421 16.9794 0.336726 11.237 0.212761 -1.46751
0.8 0.5 16.6204 0.356749 -0.0288642 16.3422 0.352904 15.6262 0.333646 0.115696
0.8 0.55 16.1222 0.344047 -0.0521175 15.603 0.332511 19.6297 0.428184 0.946363
0.8 0.6 15.5933 0.2972 -0.0648696 14.8232 0.278807 22.534 0.440049 1.42505
0.8 0.65 15.1182 0.21751 -0.0696428 14.1537 0.198977 24.4413 0.358875 1.70211
0.8 0.7 14.798 0.113498 -0.0677545 13.7136 0.102917 25.4979 0.19979 1.84354
0.8 0.75 14.6882 2.84472e-07 -0.066233 13.5617 2.6959e-07 25.8351 7.08727e-07 1.88746
0.8 0.8 14.798 -0.113498 -0.0677099 13.7136 -0.102917 25.4979 -0.199789 1.84354
0.8 0.85 15.1182 -0.217509 -0.0698211 14.1537 -0.198976 24.4413 -0.358873 1.70211
0.8 0.9 15.5933 -0.2972 -0.0642003 14.8232 -0.278807 22.534 -0.44005 1.42505
0.8 0.95 16.1222 -0.344046 -0.054616 15.603 -0.33251 19.6298 -0.428195 0.946385
0.8 1 16.6204 -0.356749 -0.0195371 16.3422 -0.352903 15.4251 -0.329291 -0.533846
0.85 0 16.6148 -0.699468 -0.0435543 16.347 -0.692102 15.8222 -0.650132 1.2177
0.85 0.05 17.0664 -0.669047 0.0176519 16.8839 -0.665128 11.9455 -0.438794 -3.00959
0.85 0.1 17.5876 -0.573025 0.0338254 17.4243 -0.572015 8.79211 -0.260422 -5.01905
0.85 0.15 18.0679 -0.41291 0.0397748 17.9475 -0.413687 5.89914 -0.112438 -5.73983
0.85 0.2 18.3933 -0.211957 0.030272 18.3123 -0.212629 3.85461 -0.0329578 -5.40604
0.85 0.25 18.5042 1.67719e-06 0.0207369 18.4382 1.66433e-06 3.11696 -7.81866e-07 -4.8154
0.85 0.3 18.3933 0.21196 0.0303446 18.3123 0.212632 3.85464 0.0329621 -5.40602
0.85 0.35 18.0679 0.412913 0.0394827 17.9475 0.413689 5.89903 0.112428 -5.73985
0.85 0.4 17.5876 0.573027 0.0349185 17.4243 0.572017 8.79248 0.260446 -5.0189
0.85 0.45 17.0664 0.669048 0.0135684 16.8839 0.66513 11.9443 0.438791 -3.01011
0.85 0.5 16.6148 0.699469 -0.0283118 16.347 0.692102 15.6497 0.642645 0.0341889
0.85 0.55 16.1962 0.676583 -0.0738669 15.712 0.654617 19.0847 0.805706 1.80355
0.85 0.6 15.7398 0.587207 -0.110481 15.0298 0.554507 21.5794 0.82246 2.82076
0.85 0.65 15.3217 0.432141 -0.136538 14.4344 0.400167 23.2423 0.670896 3.40559
0.85 0.7 15.0322 0.228208 -0.14992 14.0375 0.208814 24.1698 0.375231 3.70047
0.85 0.75 14.9294 4.97572e-07 -0.153553 13.8995 4.68292e-07 24.4669 8.28213e-08 3.7902
0.85 0.8 15.0322 -0.228207 -0.149847 14.0375 -0.208813 24.1698 -0.375227 3.70047
0.85 0.85 15.3217 -0.43214 -0.13683 14.4344 -0.400166 23.2422 -0.670901 3.4056
0.85 0.9 15.7398 -0.587206 -0.109387 15.0298 -0.554507 21.5795 -0.822446 2.82074
0.85 0.95 16.1962 -0.676583 -0.0779515 15.712 -0.654618 19.0841 -0.8057 1.80349
0.85 1 16.6148 -0.699468 -0.0130704 16.347 -0.692102 15.4719 -0.635738 -1.15126
0.9 0 16.6103 -0.9937 -0.0458736 16.3508 -0.983563 15.8396 -0.915031 1.46327
0.9 0.05 16.9519 -0.958521 0.0424924 16.7324 -0.949891 13.0491 -0.699299 -4.17196
0.9 0.1 17.3659 -0.835254 0.0906464 17.1258 -0.829388 10.8633 -0.492082 -6.88142
0.9 0.15 17.7635 -0.619272 0.133021 17.5307 -0.616885 8.87773 -0.280312 -8.38253
0.9 0.2 18.0497 -0.328874 0.153439 17.8344 -0.328455 7.53766 -0.119266 -8.96612
0.9 0.25 18.153 1.76015e-06 0.159502 17.9464 1.70792e-06 7.0654 2.62352e-06 -9.0578
0.9 0.3 18.0497 0.328878 0.153525 17.8344 0.328459 7.53758 0.119262 -8.96614
0.9 0.35 17.7635 0.619276 0.132675 17.5307 0.616888 8.87806 0.280329 -8.38242
0.9 0.4 17.3659 0.835257 0.0919406 17.1258 0.829392 10.8621 0.492059 -6.88195
0.9 0.45 16.9519 0.958522 0.037657 16.7324 0.949891 13.0532 0.699136 -4.16954
0.9 0.5 16.6103 0.993701 -0.0278386 16.3508 0.983567 15.7006 0.909057 -0.0901662
0.9 0.55 16.3116 0.963376 -0.0959827 15.8783 0.935603 18.2049 1.08054 2.67345
0.9 0.6 15.9875 0.841255 -0.163393 15.3552 0.802566 20.0404 1.07756 4.3251
0.9 0.65 15.6835 0.624621 -0.221134 14.8872 0.587183 21.2896 0.870312 5.3196
0.9 0.7 15.4674 0.332689 -0.258587 14.5681 0.309637 21.9947 0.486189 5.84332
0.9 0.75 15.3895 6.46011e-07 -0.271498 14.4556 6.10667e-07 22.2212 3.37115e-06 6.00648
0.9 0.8 15.4674 -0.332688 -0.258501 14.5681 -0.309635 21.9947 -0.486196 5.84333
0.9 0.85 15.6835 -0.624619 -0.221479 14.8872 -0.587181 21.2898 -0.870282 5.31957
0.9 0.9 15.9875 -0.841253 -0.1621 15.3552 -0.802566 20.0398 -1.07763 4.32518
0.9 0.95 16.3116 -0.963375 -0.100812 15.8782 -0.935601 18.2073 -1.08039 2.67337
0.9 1 16.6103 -0.9937 -0.00979997 16.3508 -0.983563 15.582 -0.900152 -1.63551
0.95 0 16.6087 -1.19486 -0.0472303 16.3532 -1.18313 15.78 -1.10634 1.65408
0.95 0.05 16.8057 -1.15829 0.064814 16.5353 -1.14316 14.3994 -0.956105 -4.54808
0.95 0.1 17.061 -1.01858 0.144643 16.7182 -1.0041 13.2817 -0.77027 -7.55651
0.95 0.15 17.3141 -0.765568 0.226344 16.9209 -0.754658 12.3431 -0.524261 -9.48715
0.95 0.2 17.5019 -0.412174 0.281386 17.0811 -0.406371 11.7477 -0.264131 -10.5467
0.95 0.25 17.5712 1.31921e-06 0.301302 17.1419 1.29712e-06 11.5427 -1.54565e-07 -10.8815
0.95 0.3 17.5019 0.412177 0.281479 17.0811 0.406373 11.748 0.264134 -10.5466
0.95 0.35 17.3141 0.765571 0.225973 16.9209 0.754661 12.342 0.524277 -9.48757
0.95 0.4 17.0611 1.01858 0.146033 16.7182 1.0041 13.2857 0.770135 -7.55449
0.95 0.45 16.8057 1.15829 0.0596225 16.5353 1.14317 14.3852 0.957197 -4.55691
0.95 0.5 16.6087 1.19486 -0.027855 16.3529 1.18313 15.7496 1.09505 -0.0896023
0.95 0.55 16.4629 1.15927 -0.116494 16.0846 1.13255 17.0525 1.19842 3.55965
0.95 0.6 16.3192 1.01804 -0.208931 15.7734 0.983145 18.0244 1.1421 5.87955
0.95 0.65 16.1828 0.762692 -0.296244 15.4909 0.729158 18.7162 0.900076 7.36954
0.95 0.7 16.0842 0.409418 -0.357969 15.2947 0.3886 19.1289 0.498219 8.19714
0.95 0.75 16.0483 5.63162e-07 -0.380384 15.2247 5.54144e-07 19.2646 -6.69115e-06 8.46369
0.95 0.8 16.0842 -0.409416 -0.357876 15.2947 -0.388599 19.129 -0.498188 8.19712
0.95 0.85 16.1828 -0.762689 -0.296616 15.4909 -0.729156 18.7156 -0.900179 7.36965
0.95 0.9 16.3192 -1.01804 -0.207541 15.7734 -0.983142 18.0269 -1.14171 5.87919
0.95 0.95 16.4629 -1.15927 -0.12169 16.0847 -1.13256 17.0425 -1.19968 3.55956
0.95 1 16.6087 -1.19486 -0.00847247 16.3532 -1.18313 15.6381 -1.09639 -1.87613
1 0 16.6086 -1.26714 -0.0490015 16.3524 -1.25447 15.8854 -1.13621 1.81145
1 0.05 16.6369 -1.2295 0.0728349 16.3115 -1.20784 15.7023 -1.14749 -4.16464
1 0.1 16.6975 -1.083 0.166193 16.2461 -1.05776 15.7605 -1.01297 -7.02739
1 0.15 16.7609 -0.815751 0.266244 16.2002 -0.792737 15.7042 -0.760273 -9.03492
1 0.2 16.8089 -0.440031 0.337846 16.1743 -0.426057 15.6803 -0.408803 -10.2246
1 0.25 16.8268 6.60604e-07 0.364823 16.1662 6.89582e-07 15.6687 -1.69705e-05 -10.6233
1 0.3 16.8089 0.440033 0.337943 16.1743 0.426059 15.6796 0.408884 -10.2248
1 0.35 16.7609 0.815753 0.265861 16.2002 0.79274 15.707 0.759948 -9.03435
1 0.4 16.6975 1.083 0.167632 16.2461 1.05776 15.7495 1.01442 -7.02951
1 0.45 16.6369 1.22951 0.0674646 16.3113 1.20785 15.7438 1.14108 -4.15951
1 0.5 16.6086 1.26714 -0.0289813 16.3536 1.25452 15.7684 1.16206 0.0743673
1 0.55 16.6354 1.22948 -0.12676 16.3115 1.20783 15.7512 1.14765 4.37361
1 0.6 16.694 1.08297 -0.229015 16.2463 1.05777 15.7043 1.0179 7.17437
1 0.65 16.7554 0.815722 -0.327428 16.2003 0.792775 15.7037 0.764738 8.93498
1 0.7 16.8018 0.440011 -0.397643 16.1743 0.426085 15.7477 0.413421 9.88964
1 0.75 16.8191 2.679e-07 -0.42331 16.1661 1.23184e-07 15.769 1.7834e-05 10.1934
1 0.8 16.8018 -0.44001 -0.397547 16.1743 -0.426084 15.7469 -0.413502 9.88992
1 0.85 16.7554 -0.815721 -0.327812 16.2002 -0.792776 15.7068 -0.764387 8.93371
1 0.9 16.694 -1.08297 -0.227571 16.2464 -1.05777 15.6923 -1.01952 7.17976
1 0.95 16.6354 -1.22948 -0.132158 16.3113 -1.20785 15.7957 -1.13994 4.35171
1 1 16.6086 -1.26714 -0.00895291 16.3524 -1.25447 15.9752 -1.14263 -1.76485
