0 10.6281 4.77714 37.4156 0
0.0025 10.6217 4.77951 37.5333 0
0.005 10.6153 4.78147 37.6868 0
0.0075 10.6087 4.78156 37.8453 0
0.01 10.602 4.78017 38.009 0
0.0125 10.5952 4.77719 38.178 0
0.015 10.5883 4.77265 38.3524 0
0.0175 10.5813 4.76656 38.5322 0
0.02 10.5742 4.75892 38.7176 0
0.0225 10.567 4.74973 38.9087 0
0.025 10.5597 4.739 39.1057 0
0.0275 10.5523 4.72674 39.3086 0
0.03 10.5447 4.71296 39.5175 0
0.0325 10.5371 4.69767 39.7327 0
0.035 10.5294 4.68089 39.9542 0
0.0375 10.5216 4.66261 40.1821 0
0.04 10.5138 4.64286 40.4166 0
0.0425 10.5058 4.62165 40.6579 0
0.045 10.4978 4.599 40.9061 0
0.0475 10.4897 4.57492 41.1613 0
0.05 10.4815 4.54943 41.4237 0
0.0525 10.4733 4.52255 41.6934 0
0.055 10.465 4.4943 41.9706 0
0.0575 10.4566 4.46468 42.2555 0
0.06 10.4482 4.43374 42.5481 0
0.0625 10.4398 4.40147 42.8488 0
0.065 10.4313 4.36792 43.1576 0
0.0675 10.4227 4.33309 43.4746 0
0.07 10.4141 4.29701 43.8002 0
0.0725 10.4056 4.25971 44.1344 0
0.075 10.3969 4.2212 44.4775 0
0.0775 10.3883 4.18151 44.8295 0
0.08 10.3796 4.14067 45.1906 0
0.0825 10.371 4.0987 45.5612 0
0.085 10.3623 4.05562 45.9412 0
0.0875 10.3537 4.01146 46.3308 0
0.09 10.3451 3.96624 46.7303 0
0.0925 10.3364 3.92 47.1398 0
0.095 10.3279 3.87275 47.5595 0
0.0975 10.3193 3.82452 47.9894 0
0.1 10.3108 3.77534 48.4298 0
0.1025 10.3023 3.72523 48.8808 0
0.105 10.2939 3.67422 49.3425 0
0.1075 10.2855 3.62234 49.8151 0
0.11 10.2772 3.56961 50.2986 0
0.1125 10.2689 3.51606 50.7931 0
0.115 10.2607 3.46172 51.2988 0
0.1175 10.2526 3.4066 51.8157 0
0.12 10.2446 3.35074 52.3438 0
0.1225 10.2367 3.29416 52.8831 0
0.125 10.2289 3.23689 53.4338 0
0.1275 10.2212 3.17896 53.9957 0
0.13 10.2136 3.12037 54.5688 0
0.1325 10.2062 3.06117 55.153 0
0.135 10.1988 3.00138 55.7482 0
0.1375 10.1916 2.94102 56.3542 0
0.14 10.1845 2.88011 56.9709 0
0.1425 10.1776 2.81868 57.598 0
0.145 10.1708 2.75674 58.2352 0
0.1475 10.1641 2.69433 58.8823 0
0.15 10.1576 2.63147 59.5387 0
0.1525 10.1513 2.56817 60.2041 0
0.155 10.1451 2.50446 60.8779 0
0.1575 10.1391 2.44035 61.5596 0
0.16 10.1333 2.37588 62.2485 0
0.1625 10.1276 2.31106 62.944 0
0.165 10.1222 2.2459 63.6451 0
0.1675 10.1169 2.18043 64.3511 0
0.17 10.1118 2.11466 65.061 0
0.1725 10.1069 2.04862 65.7737 0
0.175 10.1021 1.98232 66.4881 0
0.1775 10.0976 1.91578 67.2031 0
0.18 10.0933 1.84901 67.9172 0
0.1825 10.0891 1.78203 68.6292 0
0.185 10.0852 1.71485 69.3374 0
0.1875 10.0814 1.6475 70.0405 0
0.19 10.0778 1.57998 70.7366 0
0.1925 10.0745 1.5123 71.4241 0
0.195 10.0713 1.44449 72.1013 0
0.1975 10.0683 1.37655 72.7661 0
0.2 10.0655 1.3085 73.4167 0
0.2025 10.0629 1.24035 74.0511 0
0.205 10.0605 1.17211 74.6672 0
0.2075 10.0583 1.10378 75.2631 0
0.21 10.0562 1.03539 75.8367 0
0.2125 10.0543 0.966935 76.3859 0
0.215 10.0526 0.898432 76.9087 0
0.2175 10.0511 0.829887 77.403 0
0.22 10.0497 0.76131 77.8669 0
0.2225 10.0485 0.692708 78.2984 0
0.225 10.0474 0.624088 78.6958 0
0.2275 10.0464 0.555458 79.0574 0
0.23 10.0456 0.486824 79.3815 0
0.2325 10.045 0.418192 79.6667 0
0.235 10.0444 0.349567 79.9116 0
0.2375 10.0439 0.280955 80.1152 0
0.24 10.0436 0.21236 80.2764 0
0.2425 10.0433 0.143785 80.3946 0
0.245 10.0431 0.0752327 80.469 0
0.2475 10.043 0.00670573 80.4993 0
0.25 10.0429 -0.0617954 80.4854 0
0.2525 10.0429 -0.130272 80.4273 0
0.255 10.0429 -0.198728 80.3252 0
0.2575 10.0429 -0.267175 80.1798 0
0.26 10.043 -0.335628 79.9915 0
0.2625 10.043 -0.40409 79.7613 0
0.265 10.0431 -0.472562 79.4903 0
0.2675 10.0433 -0.541044 79.1797 0
0.27 10.0436 -0.609533 78.8308 0
0.2725 10.044 -0.678028 78.4452 0
0.275 10.0444 -0.746524 78.0245 0
0.2775 10.045 -0.815018 77.5706 0
0.28 10.0457 -0.883504 77.0852 0
0.2825 10.0465 -0.951976 76.5704 0
0.285 10.0474 -1.02043 76.0281 0
0.2875 10.0485 -1.08886 75.4604 0
0.29 10.0498 -1.15725 74.8693 0
0.2925 10.0512 -1.2256 74.257 0
0.295 10.0527 -1.29391 73.6254 0
0.2975 10.0544 -1.36215 72.9766 0
0.3 10.0563 -1.43033 72.3126 0
0.3025 10.0584 -1.49843 71.6354 0
0.305 10.0606 -1.56645 70.9469 0
0.3075 10.063 -1.63436 70.249 0
0.31 10.0656 -1.70217 69.5433 0
0.3125 10.0684 -1.76985 68.8317 0
0.315 10.0714 -1.83739 68.1157 0
0.3175 10.0746 -1.90479 67.3969 0
0.32 10.078 -1.97203 66.6767 0
0.3225 10.0815 -2.03909 65.9564 0
0.325 10.0853 -2.10595 65.2374 0
0.3275 10.0892 -2.17261 64.5208 0
0.33 10.0934 -2.23905 63.8076 0
0.3325 10.0977 -2.30525 63.099 0
0.335 10.1023 -2.37119 62.3958 0
0.3375 10.107 -2.43686 61.6988 0
0.34 10.1119 -2.50223 61.0089 0
0.3425 10.117 -2.56729 60.3266 0
0.345 10.1223 -2.63202 59.6526 0
0.3475 10.1277 -2.6964 58.9875 0
0.35 10.1334 -2.7604 58.3317 0
0.3525 10.1392 -2.82401 57.6857 0
0.355 10.1452 -2.88721 57.0497 0
0.3575 10.1513 -2.94997 56.4242 0
0.36 10.1576 -3.01227 55.8093 0
0.3625 10.1641 -3.07409 55.2053 0
0.365 10.1708 -3.1354 54.6124 0
0.3675 10.1775 -3.19618 54.0307 0
0.37 10.1845 -3.2564 53.4602 0
0.3725 10.1915 -3.31605 52.9011 0
0.375 10.1987 -3.37509 52.3534 0
0.3775 10.2061 -3.4335 51.8171 0
0.38 10.2135 -3.49126 51.2921 0
0.3825 10.2211 -3.54833 50.7785 0
0.385 10.2288 -3.6047 50.2761 0
0.3875 10.2366 -3.66033 49.785 0
0.39 10.2444 -3.71519 49.3049 0
0.3925 10.2524 -3.76927 48.8359 0
0.395 10.2605 -3.82254 48.3777 0
0.3975 10.2686 -3.87496 47.9302 0
0.4 10.2769 -3.92651 47.4934 0
0.4025 10.2851 -3.97716 47.0671 0
0.405 10.2935 -4.02689 46.651 0
0.4075 10.3019 -4.07567 46.2451 0
0.41 10.3104 -4.12346 45.8493 0
0.4125 10.3189 -4.17025 45.4632 0
0.415 10.3274 -4.21601 45.0868 0
0.4175 10.336 -4.26071 44.7198 0
0.42 10.3446 -4.30431 44.3622 0
0.4225 10.3532 -4.34681 44.0137 0
0.425 10.3618 -4.38816 43.6741 0
0.4275 10.3704 -4.42835 43.3434 0
0.43 10.379 -4.46735 43.0213 0
0.4325 10.3877 -4.50514 42.7076 0
0.435 10.3963 -4.54168 42.4021 0
0.4375 10.4049 -4.57696 42.1048 0
0.44 10.4135 -4.61095 41.8154 0
0.4425 10.422 -4.64363 41.5338 0
0.445 10.4305 -4.67498 41.2598 0
0.4475 10.439 -4.70497 40.9932 0
0.45 10.4474 -4.73358 40.7339 0
0.4525 10.4558 -4.7608 40.4818 0
0.455 10.4642 -4.78661 40.2366 0
0.4575 10.4725 -4.81098 39.9983 0
0.46 10.4807 -4.8339 39.7667 0
0.4625 10.4888 -4.85535 39.5416 0
0.465 10.4969 -4.87531 39.3229 0
0.4675 10.5049 -4.89377 39.1105 0
0.47 10.5129 -4.91072 38.9042 0
0.4725 10.5208 -4.92614 38.704 0
0.475 10.5285 -4.94002 38.5097 0
0.4775 10.5362 -4.95234 38.3211 0
0.48 10.5438 -4.96311 38.1381 0
0.4825 10.5513 -4.97231 37.9607 0
0.485 10.5588 -4.97993 37.7888 0
0.4875 10.5661 -4.98596 37.6221 0
0.49 10.5733 -4.9904 37.4607 0
0.4925 10.5804 -4.99325 37.3043 0
0.495 10.5874 -4.9945 37.153 0
0.4975 10.5943 -4.99415 37.0065 0
0.5 10.6011 -4.9922 36.8649 0
0.5025 10.6078 -4.98866 36.728 0
0.505 10.6144 -4.98351 36.5958 0
0.5075 10.6208 -4.97678 36.4681 0
0.51 10.6271 -4.96845 36.3449 0
0.5125 10.6334 -4.95854 36.2261 0
0.515 10.6395 -4.94705 36.1116 0
0.5175 10.6455 -4.934 36.0013 0
0.52 10.6513 -4.91939 35.8952 0
0.5225 10.6571 -4.90323 35.7932 0
0.525 10.6627 -4.88554 35.6953 0
0.5275 10.6682 -4.86632 35.6013 0
0.53 10.6736 -4.8456 35.5113 0
0.5325 10.6789 -4.82339 35.4251 0
0.535 10.684 -4.7997 35.3428 0
0.5375 10.6891 -4.77456 35.2641 0
0.54 10.694 -4.74798 35.1892 0
0.5425 10.6988 -4.71998 35.1179 0
0.545 10.7034 -4.69059 35.0502 0
0.5475 10.708 -4.65983 34.9861 0
0.55 10.7124 -4.62772 34.9255 0
0.5525 10.7167 -4.59428 34.8684 0
0.555 10.7209 -4.55955 34.8146 0
0.5575 10.725 -4.52354 34.7643 0
0.56 10.7289 -4.48628 34.7173 0
0.5625 10.7328 -4.44781 34.6737 0
0.565 10.7365 -4.40815 34.6333 0
0.5675 10.7401 -4.36732 34.5962 0
0.57 10.7436 -4.32537 34.5623 0
0.5725 10.747 -4.28231 34.5316 0
0.575 10.7503 -4.23819 34.504 0
0.5775 10.7535 -4.19303 34.4796 0
0.58 10.7566 -4.14685 34.4583 0
0.5825 10.7596 -4.09971 34.44 0
0.585 10.7624 -4.05162 34.4248 0
0.5875 10.7652 -4.00262 34.4126 0
0.59 10.7679 -3.95274 34.4034 0
0.5925 10.7704 -3.90202 34.3972 0
0.595 10.7729 -3.85049 34.3939 0
0.5975 10.7753 -3.79817 34.3936 0
0.6 10.7776 -3.74511 34.3961 0
0.6025 10.7798 -3.69133 34.4015 0
0.605 10.7819 -3.63688 34.4098 0
0.6075 10.7839 -3.58177 34.4209 0
0.61 10.7858 -3.52604 34.4347 0
0.6125 10.7877 -3.46973 34.4514 0
0.615 10.7894 -3.41286 34.4707 0
0.6175 10.7911 -3.35547 34.4927 0
0.62 10.7927 -3.29758 34.5175 0
0.6225 10.7943 -3.23923 34.5448 0
0.625 10.7957 -3.18044 34.5747 0
0.6275 10.7971 -3.12125 34.6072 0
0.63 10.7985 -3.06167 34.6421 0
0.6325 10.7997 -3.00174 34.6796 0
0.635 10.8009 -2.94149 34.7194 0
0.6375 10.802 -2.88094 34.7616 0
0.64 10.8031 -2.82011 34.8061 0
0.6425 10.8041 -2.75903 34.8529 0
0.645 10.8051 -2.69772 34.9018 0
0.6475 10.8059 -2.63621 34.9528 0
0.65 10.8068 -2.57451 35.0058 0
0.6525 10.8076 -2.51265 35.0608 0
0.655 10.8083 -2.45064 35.1176 0
0.6575 10.809 -2.38851 35.1763 0
0.66 10.8096 -2.32628 35.2365 0
0.6625 10.8102 -2.26395 35.2984 0
0.665 10.8108 -2.20155 35.3616 0
0.6675 10.8113 -2.1391 35.4263 0
0.67 10.8118 -2.07659 35.4921 0
0.6725 10.8122 -2.01406 35.559 0
0.675 10.8126 -1.95151 35.6268 0
0.6775 10.813 -1.88896 35.6954 0
0.68 10.8133 -1.8264 35.7646 0
0.6825 10.8137 -1.76386 35.8342 0
0.685 10.8139 -1.70135 35.9041 0
0.6875 10.8142 -1.63886 35.9742 0
0.69 10.8144 -1.57641 36.0441 0
0.6925 10.8146 -1.51401 36.1138 0
0.695 10.8148 -1.45165 36.183 0
0.6975 10.815 -1.38935 36.2515 0
0.7 10.8151 -1.32711 36.3191 0
0.7025 10.8153 -1.26493 36.3856 0
0.705 10.8154 -1.20281 36.4507 0
0.7075 10.8155 -1.14076 36.5143 0
0.71 10.8156 -1.07877 36.5762 0
0.7125 10.8156 -1.01686 36.636 0
0.715 10.8157 -0.955012 36.6936 0
0.7175 10.8158 -0.893232 36.7488 0
0.72 10.8158 -0.831519 36.8014 0
0.7225 10.8158 -0.76987 36.8511 0
0.725 10.8159 -0.708284 36.8977 0
0.7275 10.8159 -0.646759 36.9411 0
0.73 10.8159 -0.585291 36.9811 0
0.7325 10.8159 -0.523877 37.0175 0
0.735 10.8159 -0.462514 37.0502 0
0.7375 10.8159 -0.401198 37.079 0
0.74 10.8159 -0.339924 37.1038 0
0.7425 10.8159 -0.278689 37.1244 0
0.745 10.8159 -0.217487 37.1409 0
0.7475 10.8159 -0.156314 37.1531 0
0.75 10.8159 -0.095165 37.161 0
0.7525 10.8159 -0.0340351 37.1646 0
0.755 10.8159 0.0270807 37.1638 0
0.7575 10.8159 0.0881875 37.1587 0
0.76 10.8159 0.14929 37.1493 0
0.7625 10.8159 0.210394 37.1357 0
0.765 10.8159 0.271504 37.118 0
0.7675 10.8159 0.332623 37.0962 0
0.77 10.8159 0.393758 37.0704 0
0.7725 10.8159 0.45491 37.0409 0
0.775 10.8159 0.516085 37.0077 0
0.7775 10.8159 0.577286 36.971 0
0.78 10.8159 0.638516 36.931 0
0.7825 10.8159 0.699777 36.8878 0
0.785 10.8159 0.761072 36.8417 0
0.7875 10.8158 0.822402 36.7929 0
0.79 10.8158 0.883769 36.7416 0
0.7925 10.8158 0.945174 36.6879 0
0.795 10.8157 1.00662 36.6322 0
0.7975 10.8157 1.0681 36.5746 0
0.8 10.8156 1.12961 36.5154 0
0.8025 10.8155 1.19117 36.4547 0
0.805 10.8154 1.25275 36.3929 0
0.8075 10.8153 1.31437 36.33 0
0.81 10.8152 1.37601 36.2664 0
0.8125 10.815 1.43767 36.2023 0
0.815 10.8149 1.49935 36.1377 0
0.8175 10.8147 1.56104 36.073 0
0.82 10.8145 1.62274 36.0084 0
0.8225 10.8143 1.68443 35.944 0
0.825 10.814 1.74611 35.8799 0
0.8275 10.8137 1.80777 35.8164 0
0.83 10.8134 1.8694 35.7537 0
0.8325 10.8131 1.93098 35.6918 0
0.835 10.8127 1.99252 35.631 0
0.8375 10.8123 2.05398 35.5713 0
0.84 10.8119 2.11537 35.5129 0
0.8425 10.8114 2.17666 35.4559 0
0.845 10.8109 2.23784 35.4005 0
0.8475 10.8104 2.2989 35.3468 0
0.85 10.8098 2.35981 35.2948 0
0.8525 10.8091 2.42056 35.2446 0
0.855 10.8085 2.48114 35.1964 0
0.8575 10.8077 2.54151 35.1502 0
0.86 10.807 2.60166 35.1062 0
0.8625 10.8061 2.66157 35.0643 0
0.865 10.8052 2.72121 35.0247 0
0.8675 10.8043 2.78057 34.9874 0
0.87 10.8033 2.83961 34.9525 0
0.8725 10.8023 2.89832 34.92 0
0.875 10.8011 2.95667 34.89 0
0.8775 10.8 3.01463 34.8626 0
0.88 10.7987 3.07217 34.8378 0
0.8825 10.7974 3.12927 34.8155 0
0.885 10.796 3.18591 34.796 0
0.8875 10.7946 3.24204 34.7792 0
0.89 10.7931 3.29765 34.7651 0
0.8925 10.7915 3.35271 34.7539 0
0.895 10.7898 3.40717 34.7454 0
0.8975 10.788 3.46102 34.7398 0
0.9 10.7862 3.51422 34.7371 0
0.9025 10.7843 3.56674 34.7373 0
0.905 10.7823 3.61856 34.7405 0
0.9075 10.7802 3.66963 34.7466 0
0.91 10.778 3.71993 34.7558 0
0.9125 10.7757 3.76943 34.768 0
0.915 10.7734 3.81809 34.7832 0
0.9175 10.7709 3.86589 34.8015 0
0.92 10.7684 3.91279 34.823 0
0.9225 10.7657 3.95876 34.8476 0
0.925 10.763 4.00377 34.8754 0
0.9275 10.7601 4.04779 34.9064 0
0.93 10.7572 4.09078 34.9406 0
0.9325 10.7541 4.13273 34.9781 0
0.935 10.7509 4.1736 35.0189 0
0.9375 10.7477 4.21335 35.0631 0
0.94 10.7443 4.25197 35.1106 0
0.9425 10.7408 4.28942 35.1616 0
0.945 10.7372 4.32567 35.216 0
0.9475 10.7335 4.3607 35.2739 0
0.95 10.7296 4.39449 35.3353 0
0.9525 10.7257 4.427 35.4003 0
0.955 10.7216 4.45822 35.4689 0
0.9575 10.7175 4.48812 35.5411 0
0.96 10.7132 4.51667 35.6171 0
0.9625 10.7087 4.54386 35.6969 0
0.965 10.7042 4.56967 35.7804 0
0.9675 10.6996 4.59407 35.8678 0
0.97 10.6948 4.61704 35.9592 0
0.9725 10.6899 4.63857 36.0545 0
0.975 10.6849 4.65865 36.1538 0
0.9775 10.6797 4.67725 36.2573 0
0.98 10.6745 4.69437 36.3649 0
0.9825 10.6691 4.70998 36.4768 0
0.985 10.6636 4.72408 36.593 0
0.9875 10.658 4.73666 36.7135 0
0.99 10.6522 4.74771 36.8386 0
0.9925 10.6464 4.75723 36.9681 0
0.995 10.6404 4.76512 37.1023 0
0.9975 10.6343 4.77177 37.2411 0
1 10.6281 4.7757 37.3539 0
