0 17.4987 0.700576 16.7667 16.8298 0
0.0025 17.2032 0.685464 16.4878 16.8346 0
0.005 16.9177 0.65968 16.2167 16.8414 0
0.0075 16.6416 0.638111 15.9547 16.767 0
0.01 16.3746 0.616568 15.7013 16.7623 0
0.0125 16.1163 0.596133 15.4562 16.7402 0
0.015 15.8663 0.576454 15.2189 16.7236 0
0.0175 15.6243 0.55757 14.9892 16.7065 0
0.02 15.3901 0.539421 14.7669 16.6903 0
0.0225 15.1633 0.521974 14.5515 16.6748 0
0.025 14.9436 0.505194 14.343 16.6599 0
0.0275 14.7307 0.489047 14.1409 16.6456 0
0.03 14.5244 0.473503 13.945 16.6319 0
0.0325 14.3245 0.458531 13.7552 16.6188 0
0.035 14.1307 0.444104 13.5712 16.6063 0
0.0375 13.9429 0.430197 13.3928 16.5944 0
0.04 13.7606 0.416783 13.2198 16.583 0
0.0425 13.5839 0.403841 13.0521 16.5722 0
0.045 13.4125 0.391347 12.8893 16.5619 0
0.0475 13.2462 0.37928 12.7314 16.5521 0
0.05 13.0848 0.367621 12.5782 16.5428 0
0.0525 12.9282 0.356352 12.4295 16.534 0
0.055 12.7763 0.345453 12.2853 16.5257 0
0.0575 12.6287 0.334909 12.1452 16.5179 0
0.06 12.4855 0.324703 12.0093 16.5105 0
0.0625 12.3465 0.31482 11.8773 16.5036 0
0.065 12.2116 0.305247 11.7492 16.4971 0
0.0675 12.0805 0.295968 11.6249 16.4911 0
0.07 11.9533 0.286971 11.5041 16.4855 0
0.0725 11.8298 0.278245 11.3869 16.4803 0
0.075 11.7098 0.269777 11.2731 16.4756 0
0.0775 11.5933 0.261556 11.1626 16.4713 0
0.08 11.4802 0.253572 11.0553 16.4674 0
0.0825 11.3703 0.245814 10.9511 16.4638 0
0.085 11.2637 0.238274 10.8499 16.4607 0
0.0875 11.1601 0.230942 10.7517 16.458 0
0.09 11.0596 0.223809 10.6564 16.4556 0
0.0925 10.9619 0.216868 10.5638 16.4537 0
0.095 10.8671 0.210111 10.474 16.4521 0
0.0975 10.7751 0.20353 10.3868 16.4509 0
0.1 10.6858 0.197119 10.3022 16.45 0
0.1025 10.5992 0.190871 10.22 16.4495 0
0.105 10.5151 0.18478 10.1404 16.4494 0
0.1075 10.4335 0.178839 10.0631 16.4496 0
0.11 10.3543 0.173043 9.98811 16.4501 0
0.1125 10.2775 0.167388 9.9154 16.451 0
0.115 10.203 0.161867 9.84491 16.4522 0
0.1175 10.1309 0.156476 9.77657 16.4537 0
0.12 10.0609 0.15121 9.71034 16.4555 0
0.1225 9.99305 0.146066 9.64616 16.4577 0
0.125 9.92735 0.14104 9.58399 16.4601 0
0.1275 9.86371 0.136126 9.52378 16.4629 0
0.13 9.80209 0.131323 9.46549 16.4659 0
0.1325 9.74245 0.126626 9.40907 16.4692 0
0.135 9.68473 0.122032 9.35448 16.4728 0
0.1375 9.6289 0.117539 9.30168 16.4766 0
0.14 9.57492 0.113144 9.25063 16.4806 0
0.1425 9.52274 0.108843 9.20128 16.4849 0
0.145 9.47234 0.104634 9.15361 16.4895 0
0.1475 9.42366 0.100516 9.10758 16.4942 0
0.15 9.37667 0.0964852 9.06314 16.4991 0
0.1525 9.33135 0.09254 9.02026 16.5042 0
0.155 9.28764 0.0886782 8.97892 16.5095 0
0.1575 9.24552 0.084898 8.93907 16.5149 0
0.16 9.20496 0.0811975 8.90068 16.5205 0
0.1625 9.16592 0.0775748 8.86373 16.5261 0
0.165 9.12837 0.0740281 8.82817 16.5319 0
0.1675 9.09228 0.0705558 8.79399 16.5378 0
0.17 9.05762 0.067156 8.76115 16.5438 0
0.1725 9.02435 0.0638272 8.72963 16.5498 0
0.175 8.99246 0.0605676 8.69939 16.5558 0
0.1775 8.9619 0.0573755 8.67041 16.5619 0
0.18 8.93267 0.0542492 8.64266 16.568 0
0.1825 8.90471 0.0511869 8.61612 16.574 0
0.185 8.87802 0.0481869 8.59076 16.5801 0
0.1875 8.85256 0.0452473 8.56656 16.586 0
0.19 8.82831 0.0423663 8.54349 16.5919 0
0.1925 8.80525 0.039542 8.52154 16.5977 0
0.195 8.78335 0.0367724 8.50069 16.6034 0
0.1975 8.76259 0.0340554 8.4809 16.609 0
0.2 8.74294 0.0313891 8.46217 16.6145 0
0.2025 8.72439 0.0287712 8.44447 16.6198 0
0.205 8.70692 0.0261996 8.42778 16.6249 0
0.2075 8.69051 0.023672 8.4121 16.6298 0
0.21 8.67513 0.0211861 8.39739 16.6345 0
0.2125 8.66077 0.0187396 8.38366 16.639 0
0.215 8.64742 0.0163302 8.37087 16.6432 0
0.2175 8.63505 0.0139553 8.35903 16.6472 0
0.22 8.62366 0.0116126 8.34811 16.651 0
0.2225 8.61324 0.00929948 8.33811 16.6544 0
0.225 8.60375 0.00701353 8.32902 16.6576 0
0.2275 8.59521 0.00475217 8.32082 16.6605 0
0.23 8.58759 0.00251285 8.31351 16.6631 0
0.2325 8.58089 0.000292974 8.30707 16.6653 0
0.235 8.57509 -0.00191004 8.30151 16.6673 0
0.2375 8.5702 -0.00409879 8.29682 16.6689 0
0.24 8.56621 -0.0062759 8.29298 16.6702 0
0.2425 8.5631 -0.00844399 8.29 16.6711 0
0.245 8.56088 -0.0106057 8.28788 16.6717 0
0.2475 8.55954 -0.0127636 8.2866 16.672 0
0.25 8.55908 -0.0149204 8.28618 16.6719 0
0.2525 8.55951 -0.0170788 8.2866 16.6715 0
0.255 8.56082 -0.0192412 8.28788 16.6707 0
0.2575 8.56301 -0.0214105 8.29 16.6695 0
0.26 8.56609 -0.0235893 8.29298 16.6681 0
0.2625 8.57005 -0.0257801 8.29682 16.6662 0
0.265 8.57491 -0.0279856 8.30152 16.6641 0
0.2675 8.58068 -0.0302085 8.30708 16.6616 0
0.27 8.58735 -0.0324514 8.31351 16.6588 0
0.2725 8.59494 -0.0347169 8.32083 16.6556 0
0.275 8.60345 -0.0370077 8.32903 16.6522 0
0.2775 8.6129 -0.0393262 8.33812 16.6485 0
0.28 8.62329 -0.0416752 8.34812 16.6444 0
0.2825 8.63465 -0.0440571 8.35904 16.6401 0
0.285 8.64698 -0.0464745 8.37088 16.6355 0
0.2875 8.6603 -0.0489299 8.38367 16.6307 0
0.29 8.67462 -0.0514258 8.3974 16.6256 0
0.2925 8.68997 -0.0539646 8.41211 16.6203 0
0.295 8.70635 -0.0565488 8.4278 16.6147 0
0.2975 8.72378 -0.0591806 8.44448 16.609 0
0.3 8.7423 -0.0618625 8.46218 16.6031 0
0.3025 8.7619 -0.0645966 8.48092 16.597 0
0.305 8.78263 -0.0673851 8.5007 16.5908 0
0.3075 8.80449 -0.0702303 8.52156 16.5844 0
0.31 8.82751 -0.0731343 8.54352 16.5779 0
0.3125 8.85172 -0.076099 8.56658 16.5713 0
0.315 8.87714 -0.0791265 8.59078 16.5646 0
0.3175 8.90379 -0.0822187 8.61614 16.5579 0
0.32 8.9317 -0.0853775 8.64269 16.5511 0
0.3225 8.9609 -0.088605 8.67044 16.5443 0
0.325 8.9914 -0.0919028 8.69942 16.5375 0
0.3275 9.02325 -0.0952727 8.72966 16.5307 0
0.33 9.05647 -0.0987167 8.76119 16.5239 0
0.3325 9.09109 -0.102236 8.79403 16.5171 0
0.335 9.12713 -0.105834 8.82821 16.5105 0
0.3375 9.16463 -0.109511 8.86377 16.5039 0
0.34 9.20362 -0.113268 8.90073 16.4974 0
0.3425 9.24413 -0.117109 8.93911 16.491 0
0.345 9.2862 -0.121035 8.97897 16.4847 0
0.3475 9.32985 -0.125048 9.02032 16.4785 0
0.35 9.37512 -0.129151 9.0632 16.4729 0
0.3525 9.42205 -0.13334 9.10767 16.4653 0
0.355 9.47067 -0.137616 9.15371 16.4631 0
0.3575 9.52101 -0.141996 9.20136 16.4555 0
0.36 9.57313 -0.146481 9.25069 16.4506 0
0.3625 9.62704 -0.151063 9.30174 16.4455 0
0.365 9.68281 -0.15575 9.35454 16.4407 0
0.3675 9.74046 -0.160543 9.40913 16.4362 0
0.37 9.80003 -0.165447 9.46555 16.432 0
0.3725 9.86158 -0.170464 9.52384 16.428 0
0.375 9.92515 -0.175597 9.58404 16.4242 0
0.3775 9.99078 -0.180852 9.64621 16.4208 0
0.38 10.0585 -0.186231 9.71039 16.4176 0
0.3825 10.1284 -0.191738 9.77662 16.4148 0
0.385 10.2005 -0.197379 9.84496 16.4122 0
0.3875 10.2749 -0.203158 9.91545 16.41 0
0.39 10.3516 -0.209079 9.98816 16.408 0
0.3925 10.4307 -0.215149 10.0631 16.4064 0
0.395 10.5122 -0.221372 10.1404 16.4052 0
0.3975 10.5962 -0.227755 10.2201 16.4043 0
0.4 10.6828 -0.234303 10.3022 16.4037 0
0.4025 10.772 -0.241023 10.3868 16.4034 0
0.405 10.8639 -0.247922 10.474 16.4035 0
0.4075 10.9586 -0.255007 10.5639 16.404 0
0.41 11.0562 -0.262286 10.6564 16.4049 0
0.4125 11.1566 -0.269766 10.7518 16.4061 0
0.415 11.2601 -0.277456 10.85 16.4076 0
0.4175 11.3666 -0.285365 10.9511 16.4096 0
0.42 11.4764 -0.293502 11.0553 16.412 0
0.4225 11.5894 -0.301878 11.1626 16.4147 0
0.425 11.7057 -0.310501 11.2732 16.4177 0
0.4275 11.8256 -0.319383 11.387 16.4214 0
0.43 11.949 -0.328536 11.5042 16.4253 0
0.4325 12.0761 -0.337972 11.625 16.4297 0
0.435 12.207 -0.347703 11.7493 16.4344 0
0.4375 12.3418 -0.357743 11.8774 16.4396 0
0.44 12.4807 -0.368106 12.0094 16.4453 0
0.4425 12.6238 -0.378806 12.1453 16.4514 0
0.445 12.7711 -0.38986 12.2854 16.4579 0
0.4475 12.923 -0.401283 12.4296 16.4649 0
0.45 13.0794 -0.413093 12.5783 16.4723 0
0.4525 13.2406 -0.425308 12.7315 16.4803 0
0.455 13.4067 -0.437948 12.8894 16.4887 0
0.4575 13.578 -0.451034 13.0522 16.4976 0
0.46 13.7545 -0.464586 13.22 16.5071 0
0.4625 13.9365 -0.478628 13.393 16.517 0
0.465 14.1242 -0.493183 13.5714 16.5275 0
0.4675 14.3178 -0.508278 13.7554 16.5385 0
0.47 14.5175 -0.523938 13.9452 16.5501 0
0.4725 14.7236 -0.540193 14.141 16.5623 0
0.475 14.9362 -0.557073 14.3431 16.575 0
0.4775 15.1557 -0.57461 14.5517 16.5884 0
0.48 15.3823 -0.592838 14.7671 16.6023 0
0.4825 15.6163 -0.611793 14.9894 16.6169 0
0.485 15.8579 -0.631513 15.2191 16.6321 0
0.4875 16.1076 -0.65204 15.4564 16.6481 0
0.49 16.3657 -0.673414 15.7016 16.6637 0
0.4925 16.6324 -0.695691 15.9551 16.6822 0
0.495 16.9081 -0.71885 16.2172 16.6731 0
0.4975 17.1934 -0.743009 16.488 16.7254 0
0.5 17.4884 -0.768274 16.7683 16.7384 0
0.5025 17.7938 -0.79463 17.0583 16.7602 0
0.505 18.1098 -0.82216 17.3586 16.781 0
0.5075 18.4372 -0.850924 17.6694 16.8031 0
0.51 18.7762 -0.880994 17.9914 16.8261 0
0.5125 19.1275 -0.912445 18.325 16.85 0
0.515 19.4917 -0.945358 18.6708 16.8748 0
0.5175 19.8693 -0.979817 19.0293 16.9006 0
0.52 20.261 -1.01591 19.4011 16.9274 0
0.5225 20.6674 -1.05374 19.787 16.9552 0
0.525 21.0894 -1.09341 20.1875 16.9841 0
0.5275 21.5275 -1.13503 20.6033 17.014 0
0.53 21.9827 -1.17872 21.0353 17.0451 0
0.5325 22.4559 -1.2246 21.4842 17.0773 0
0.535 22.9478 -1.2728 21.951 17.1108 0
0.5375 23.4595 -1.32348 22.4364 17.1454 0
0.54 23.992 -1.37679 22.9415 17.1813 0
0.5425 24.5463 -1.43289 23.4674 17.2185 0
0.545 25.1238 -1.49195 24.015 17.2569 0
0.5475 25.7254 -1.55417 24.5856 17.2968 0
0.55 26.3527 -1.61974 25.1804 17.338 0
0.5525 27.0069 -1.68888 25.8008 17.3806 0
0.555 27.6895 -1.76182 26.448 17.4246 0
0.5575 28.4022 -1.8388 27.1237 17.47 0
0.56 29.1466 -1.92009 27.8294 17.5169 0
0.5625 29.9244 -2.00595 28.5668 17.5653 0
0.565 30.7376 -2.09669 29.3378 17.6152 0
0.5675 31.5882 -2.19262 30.1441 17.6666 0
0.57 32.4783 -2.29408 30.988 17.7194 0
0.5725 33.4102 -2.40141 31.8715 17.7737 0
0.575 34.3864 -2.51501 32.797 17.8295 0
0.5775 35.4094 -2.63526 33.767 17.8866 0
0.58 36.482 -2.7626 34.7841 17.9451 0
0.5825 37.6071 -2.89746 35.8511 18.0049 0
0.585 38.7878 -3.04031 36.971 18.066 0
0.5875 40.0275 -3.19166 38.147 18.1281 0
0.59 41.3295 -3.352 39.3825 18.1912 0
0.5925 42.6976 -3.52188 40.6811 18.2552 0
0.595 44.1357 -3.70186 42.0465 18.3198 0
0.5975 45.648 -3.8925 43.4828 18.3848 0
0.6 47.2387 -4.09439 44.9943 18.4501 0
0.6025 48.9126 -4.30813 46.5854 18.5152 0
0.605 50.6743 -4.53431 48.261 18.58 0
0.6075 52.529 -4.77353 50.026 18.6439 0
0.61 54.4818 -5.02637 51.8858 18.7065 0
0.6125 56.5384 -5.29339 53.8457 18.7673 0
0.615 58.7044 -5.5751 55.9116 18.8258 0
0.6175 60.9855 -5.87198 58.0894 18.8813 0
0.62 63.3879 -6.18443 60.3853 18.933 0
0.6225 65.9177 -6.51273 62.8056 18.9801 0
0.625 68.581 -6.85707 65.3569 19.0218 0
0.6275 71.384 -7.21747 68.0456 19.0568 0
0.63 74.333 -7.59378 70.8786 19.0841 0
0.6325 77.4337 -7.98561 73.8622 19.1025 0
0.635 80.6921 -8.39232 77.0031 19.1105 0
0.6375 84.1135 -8.81294 80.3074 19.1066 0
0.64 87.7026 -9.24614 83.7811 19.0892 0
0.6425 91.4638 -9.69018 87.4294 19.0565 0
0.645 95.4003 -10.1428 91.2572 19.0066 0
0.6475 99.5145 -10.6014 95.2681 18.9375 0
0.65 103.807 -11.0624 99.4649 18.847 0
0.6525 108.278 -11.5221 103.849 18.7329 0
0.655 112.925 -11.9757 108.42 18.593 0
0.6575 117.744 -12.418 113.176 18.4249 0
0.66 122.727 -12.843 118.113 18.2263 0
0.6625 127.867 -13.2439 123.223 17.9949 0
0.665 133.151 -13.6135 128.497 17.7286 0
0.6675 138.564 -13.9439 133.923 17.4252 0
0.67 144.088 -14.2268 139.484 17.083 0
0.6725 149.702 -14.4538 145.161 16.7004 0
0.675 155.382 -14.6163 150.93 16.2764 0
0.6775 161.099 -14.7059 156.764 15.8103 0
0.68 166.824 -14.7149 162.633 15.3019 0
0.6825 172.522 -14.6365 168.503 14.7518 0
0.685 178.157 -14.465 174.337 14.1612 0
0.6875 183.694 -14.1965 180.095 13.532 0
0.69 189.092 -13.829 185.737 12.8669 0
0.6925 194.315 -13.363 191.22 12.1695 0
0.695 199.324 -12.8015 196.502 11.4442 0
0.6975 204.085 -12.15 201.544 10.6958 0
0.7 208.565 -11.4173 206.308 9.93025 0
0.7025 212.735 -10.6145 210.759 9.15367 0
0.705 216.572 -9.75546 214.87 8.37279 0
0.7075 220.058 -8.85586 218.617 7.59456 0
0.71 223.183 -7.93317 221.985 6.82603 0
0.7125 225.942 -7.00572 224.967 6.07416 0
0.715 228.338 -6.0921 227.562 5.34569 0
0.7175 230.381 -5.21037 229.779 4.64694 0
0.72 232.088 -4.37733 231.633 3.9837 0
0.7225 233.481 -3.60781 233.149 3.36115 0
0.725 234.587 -2.91408 234.354 2.78376 0
0.7275 235.44 -2.30531 235.283 2.25528 0
0.73 236.072 -1.78729 235.972 1.77878 0
0.7325 236.521 -1.36225 236.462 1.35672 0
0.735 236.823 -1.02896 236.79 0.991136 0
0.7375 237.012 -0.782991 236.996 0.684009 0
0.74 237.121 -0.617403 237.114 0.438326 0
0.7425 237.18 -0.520113 237.177 0.256391 0
0.745 237.21 -0.468395 237.209 0.130242 0
0.7475 237.225 -0.437765 237.224 0.0474746 0
0.75 237.23 -0.41424 237.229 0.0190931 0
0.7525 237.226 -0.390752 237.224 0.0948897 0
0.755 237.211 -0.360276 237.209 0.188976 0
0.7575 237.181 -0.308997 237.177 0.329232 0
0.76 237.124 -0.212505 237.114 0.528599 0
0.7625 237.017 -0.0478418 236.996 0.794059 0
0.765 236.831 0.197328 236.79 1.12153 0
0.7675 236.534 0.530119 236.462 1.50725 0
0.77 236.091 0.95511 235.972 1.94896 0
0.7725 235.465 1.47373 235.283 2.44447 0
0.775 234.621 2.08393 234.354 2.99122 0
0.7775 233.524 2.7801 233.149 3.58605 0
0.78 232.142 3.55323 231.633 4.22512 0
0.7825 230.446 4.39121 229.779 4.9039 0
0.785 228.415 5.27933 227.562 5.61715 0
0.7875 226.032 6.20086 224.967 6.35905 0
0.79 223.286 7.13781 221.985 7.12321 0
0.7925 220.173 8.07159 218.617 7.90288 0
0.795 216.699 8.98384 214.87 8.69109 0
0.7975 212.874 9.8571 210.759 9.48076 0
0.8 208.715 10.6755 206.308 10.265 0
0.8025 204.246 11.4251 201.544 11.037 0
0.805 199.495 12.0945 196.502 11.7907 0
0.8075 194.493 12.6752 191.22 12.5204 0
0.81 189.278 13.1611 185.737 13.221 0
0.8125 183.885 13.549 180.095 13.8883 0
0.815 178.352 13.8385 174.337 14.5188 0
0.8175 172.72 14.0313 168.503 15.1099 0
0.82 167.023 14.1312 162.633 15.6596 0
0.8225 161.299 14.1437 156.764 16.1669 0
0.825 155.581 14.0754 150.93 16.6313 0
0.8275 149.9 13.9339 145.161 17.053 0
0.83 144.283 13.7276 139.484 17.4326 0
0.8325 138.755 13.4649 133.923 17.7715 0
0.835 133.338 13.1542 128.497 18.0711 0
0.8375 128.049 12.8037 123.223 18.3334 0
0.84 122.904 12.4212 118.113 18.5604 0
0.8425 117.915 12.014 113.176 18.7543 0
0.845 113.09 11.5888 108.42 18.9175 0
0.8475 108.438 11.1516 103.849 19.0523 0
0.85 103.96 10.7077 99.4649 19.1612 0
0.8525 99.6613 10.2616 95.2681 19.2463 0
0.855 95.5409 9.81738 91.2572 19.3101 0
0.8575 91.5982 9.37837 87.4294 19.3546 0
0.86 87.831 8.94731 83.7811 19.3818 0
0.8625 84.2359 8.52646 80.3074 19.3938 0
0.865 80.8088 8.11757 77.0031 19.3922 0
0.8675 77.5448 7.72201 73.8622 19.3788 0
0.87 74.4386 7.34075 70.8786 19.3551 0
0.8725 71.4845 6.97448 68.0456 19.3224 0
0.875 68.6764 6.6236 65.3569 19.2822 0
0.8775 66.0083 6.28829 62.8056 19.2354 0
0.88 63.474 5.96856 60.3853 19.1832 0
0.8825 61.0673 5.66424 58.0894 19.1265 0
0.885 58.782 5.37506 55.9116 19.0661 0
0.8875 56.6121 5.10066 53.8457 19.0028 0
0.89 54.5518 4.84058 51.8858 18.9372 0
0.8925 52.5954 4.59432 50.026 18.8699 0
0.895 50.7374 4.36135 48.261 18.8015 0
0.8975 48.9725 4.14111 46.5854 18.7324 0
0.9 47.2957 3.93301 44.9942 18.6629 0
0.9025 45.7021 3.73647 43.4828 18.5934 0
0.905 44.1872 3.55093 42.0464 18.5242 0
0.9075 42.7465 3.3758 40.681 18.4556 0
0.91 41.376 3.21052 39.3825 18.3877 0
0.9125 40.0718 3.05457 38.147 18.3207 0
0.915 38.83 2.9074 36.971 18.2548 0
0.9175 37.6473 2.76853 35.851 18.1901 0
0.92 36.5203 2.63746 34.784 18.1267 0
0.9225 35.4459 2.51375 33.7669 18.0647 0
0.925 34.4212 2.39695 32.7969 18.0042 0
0.9275 33.4434 2.28666 31.8714 17.9451 0
0.93 32.51 2.18247 30.9879 17.8875 0
0.9325 31.6185 2.08403 30.1441 17.8315 0
0.935 30.7666 1.99097 29.3377 17.777 0
0.9375 29.9521 1.90299 28.5668 17.7241 0
0.94 29.1731 1.81976 27.8294 17.6728 0
0.9425 28.4276 1.741 27.1236 17.623 0
0.945 27.7138 1.66644 26.448 17.5747 0
0.9475 27.0301 1.59581 25.8007 17.5279 0
0.95 26.3749 1.52889 25.1803 17.4826 0
0.9525 25.7468 1.46545 24.5855 17.4388 0
0.955 25.1442 1.40528 24.0149 17.3964 0
0.9575 24.566 1.34818 23.4673 17.3553 0
0.96 24.0108 1.29397 22.9414 17.3157 0
0.9625 23.4776 1.24248 22.4363 17.2774 0
0.965 22.9652 1.19354 21.9508 17.2404 0
0.9675 22.4726 1.14701 21.4841 17.2046 0
0.97 21.9988 1.10275 21.0352 17.1701 0
0.9725 21.543 1.06061 20.6032 17.1368 0
0.975 21.1042 1.02049 20.1873 17.1047 0
0.9775 20.6817 0.982263 19.7868 17.0736 0
0.98 20.2747 0.945822 19.401 17.0437 0
0.9825 19.8825 0.911064 19.0291 17.0149 0
0.985 19.5044 0.877902 18.6706 16.9869 0
0.9875 19.1398 0.846219 18.3248 16.961 0
0.99 18.788 0.816032 17.9912 16.9314 0
0.9925 18.4486 0.786911 17.6692 16.9216 0
0.995 18.1209 0.760012 17.3585 16.8375 0
0.9975 17.8044 0.730991 17.0573 16.8346 0
1 17.4987 0.714704 16.7705 16.8298 0
