0 0 15.9856 -0.0118302 -0.0321106 15.7649 -0.0614543 15.8042 0.642423 1.10692
0 0.05 15.9858 -0.0114455 -0.00715933 15.7642 -0.0582048 15.0229 0.47653 -5.43722
0 0.1 15.9864 -0.00999303 0.013475 15.7534 -0.0491642 14.6832 0.344009 -9.33014
0 0.15 15.9871 -0.0074534 0.0337928 15.7419 -0.0355418 14.209 0.21562 -12.0722
0 0.2 15.9877 -0.00399186 0.0478816 15.7328 -0.0186327 13.9503 0.1048 -13.6292
0 0.25 15.9879 1.45639e-07 0.0530321 15.7295 -1.36993e-07 13.8585 2.08184e-08 -14.1441
0 0.3 15.9877 0.00399217 0.0478984 15.7328 0.018633 13.9487 -0.104759 -13.6303
0 0.35 15.9871 0.00745377 0.0337266 15.7419 0.0355393 14.2165 -0.215964 -12.0665
0 0.4 15.9864 0.0099935 0.0137163 15.7535 0.0491639 14.6514 -0.341452 -9.3571
0 0.45 15.9858 0.0114461 -0.00806608 15.7637 0.058214 15.1532 -0.491317 -5.29726
0 0.5 15.9856 0.0118308 -0.0287146 15.7679 0.0614744 15.391 -0.584415 0.0953962
0 0.55 15.9858 0.0114473 -0.0475721 15.7637 0.058225 15.2277 -0.492252 4.85734
0 0.6 15.9863 0.00999594 -0.0648122 15.7535 0.0491825 15.1481 -0.350928 7.87703
0 0.65 15.987 0.00745661 -0.0792926 15.7419 0.0355582 15.1573 -0.22837 9.76039
0 0.7 15.9876 0.00399418 -0.0890165 15.7329 0.018645 15.1878 -0.112973 10.8183
0 0.75 15.9878 4.23043e-07 -0.0924551 15.7295 9.03247e-07 15.2014 1.16628e-05 11.1623
0 0.8 15.9876 -0.00399334 -0.0890033 15.7329 -0.0186425 15.1867 0.112837 10.8187
0 0.85 15.987 -0.00745579 -0.0793615 15.7418 -0.035553 15.1616 0.229372 9.7617
0 0.9 15.9863 -0.00999516 -0.0646027 15.7536 -0.0491414 15.1297 0.343621 7.87587
0 0.95 15.9858 -0.0114466 -0.04857 15.7632 -0.0582505 15.283 0.533799 5.01101
0 1 15.9856 -0.0118302 -0.0251921 15.7772 -0.0598952 13.8388 0.027504 -2.09229
0.05 0 15.9856 -0.0111193 -0.0294199 15.7683 -0.0578576 15.3008 0.563903 0.440747
0.05 0.05 15.9847 -0.0108328 -0.00490421 15.7221 -0.0575172 16.4986 0.431211 -4.87857
0.05 0.1 15.9842 -0.00954349 0.017477 15.6673 -0.0506689 17.5485 0.289773 -8.04115
0.05 0.15 15.984 -0.00718016 0.0397963 15.6142 -0.0379375 18.3648 0.18986 -10.217
0.05 0.2 15.9839 -0.0038692 0.0555547 15.5758 -0.0203285 18.8914 0.0919873 -11.4855
0.05 0.25 15.9839 -8.29579e-09 0.0613338 15.5617 -9.28411e-07 19.0722 7.73029e-05 -11.9061
0.05 0.3 15.9839 0.0038692 0.0555699 15.5758 0.0203276 18.8913 -0.0922911 -11.4859
0.05 0.35 15.984 0.00718023 0.0397422 15.6143 0.0379282 18.3652 -0.188689 -10.2159
0.05 0.4 15.9842 0.00954364 0.0177001 15.6673 0.0506715 17.546 -0.29386 -8.05093
0.05 0.45 15.9847 0.010833 -0.0056525 15.7222 0.0574043 16.5101 -0.418016 -4.84757
0.05 0.5 15.9856 0.0111196 -0.0264934 15.7682 0.0578164 15.3165 -0.541793 -0.299063
0.05 0.55 15.9869 0.0106774 -0.0434963 15.8014 0.052203 13.8056 -0.520601 4.74977
0.05 0.6 15.9884 0.00924059 -0.0573611 15.8249 0.0420075 12.2285 -0.376562 8.32961
0.05 0.65 15.9899 0.00683683 -0.0682067 15.8412 0.0291141 10.9935 -0.238799 10.4919
0.05 0.7 15.991 0.0036415 -0.0751897 15.8508 0.014832 10.2363 -0.11564 11.6513
0.05 0.75 15.9914 1.83832e-07 -0.0776116 15.854 -5.98322e-07 9.98089 0.000130986 12.0182
0.05 0.8 15.991 -0.00364113 -0.0751746 15.8508 -0.0148323 10.2363 0.115096 11.6508
0.05 0.85 15.9899 -0.00683646 -0.0682646 15.8412 -0.0291223 10.9934 0.241189 10.4927
0.05 0.9 15.9884 -0.00924023 -0.0571195 15.8249 -0.0420085 12.2322 0.36612 8.30728
0.05 0.95 15.9869 -0.0106771 -0.044262 15.8016 -0.0524686 13.7916 0.578791 4.79024
0.05 1 15.9856 -0.0111193 -0.0234211 15.7683 -0.0578576 15.3687 0.566407 -1.50162
0.1 0 15.9857 -0.00913538 -0.0282455 15.769 -0.047698 14.9553 0.420037 -0.118373
0.1 0.05 15.9838 -0.00894843 -0.00546839 15.681 -0.0495955 17.656 0.318559 -4.14566
0.1 0.1 15.9823 -0.00795423 0.0185756 15.5761 -0.0455385 19.8724 0.225981 -6.76679
0.1 0.15 15.9811 -0.00603507 0.0432995 15.4744 -0.0350057 21.5913 0.141906 -8.56875
0.1 0.2 15.9804 -0.00327178 0.0612789 15.4003 -0.0190557 22.6723 0.0683327 -9.63768
0.1 0.25 15.9802 -8.7656e-08 0.0679155 15.3731 -7.45845e-07 23.0403 -1.41293e-05 -9.99211
0.1 0.3 15.9804 0.00327162 0.0612897 15.4003 0.0190531 22.6723 -0.0682607 -9.63768
0.1 0.35 15.9811 0.00603495 0.0432607 15.4744 0.0350041 21.5913 -0.142143 -8.56915
0.1 0.4 15.9823 0.00795417 0.0187308 15.5761 0.0455245 19.8727 -0.225025 -6.7647
0.1 0.45 15.9838 0.0089484 -0.00606555 15.681 0.0496355 17.6542 -0.321099 -4.14928
0.1 0.5 15.9857 0.00913538 -0.025997 15.7689 0.0477156 15.1414 -0.430404 -0.498328
0.1 0.55 15.9878 0.00871261 -0.0388511 15.8326 0.0410002 12.4704 -0.470731 3.88858
0.1 0.6 15.9901 0.00749182 -0.0459247 15.8772 0.0313311 9.82501 -0.368844 7.19724
0.1 0.65 15.9921 0.00551003 -0.0494901 15.9072 0.0206866 7.72245 -0.233107 8.99829
0.1 0.7 15.9936 0.00292131 -0.0509864 15.9245 0.0101742 6.42396 -0.111555 9.83265
0.1 0.75 15.9942 -6.10747e-08 -0.0513856 15.9301 -1.18988e-06 5.98983 -3.24378e-05 10.0715
0.1 0.8 15.9936 -0.00292142 -0.0509752 15.9245 -0.0101779 6.42392 0.111789 9.83238
0.1 0.85 15.9921 -0.00551011 -0.0495289 15.9072 -0.0206931 7.72288 0.232325 8.99637
0.1 0.9 15.9901 -0.00749186 -0.0457593 15.8772 -0.0313601 9.82341 0.373346 7.20208
0.1 0.95 15.9878 -0.00871262 -0.0394389 15.8328 -0.0409775 12.4676 0.456622 3.88252
0.1 1 15.9857 -0.00913538 -0.0236666 15.769 -0.047698 15.3113 0.430037 -0.885896
0.15 0 15.9857 -0.00630683 -0.027493 15.7699 -0.0333413 14.621 0.285927 -0.237995
0.15 0.05 15.9831 -0.00620559 -0.00986871 15.6456 -0.0361776 18.5469 0.217877 -3.01065
0.15 0.1 15.9808 -0.00556505 0.00990331 15.4945 -0.0342006 21.6847 0.151265 -4.84759
0.15 0.15 15.979 -0.00425593 0.0305101 15.3466 -0.0268074 24.0843 0.0934238 -6.12648
0.15 0.2 15.9777 -0.00231977 0.0456105 15.2384 -0.0147369 25.5765 0.0436381 -6.88406
0.15 0.25 15.9773 -1.01141e-07 0.051196 15.1988 -5.67901e-07 26.0812 5.3585e-06 -7.1352
0.15 0.3 15.9777 0.00231957 0.045619 15.2384 0.0147362 25.5765 -0.0436577 -6.88409
0.15 0.35 15.979 0.00425575 0.0304782 15.3466 0.0268062 24.0843 -0.0933612 -6.12623
0.15 0.4 15.9808 0.00556488 0.010022 15.4945 0.034209 21.6847 -0.15149 -4.84793
0.15 0.45 15.9831 0.00620541 -0.0103007 15.6456 0.0361858 18.5471 -0.217652 -3.01102
0.15 0.5 15.9857 0.00630664 -0.0259031 15.7698 0.0333514 14.9612 -0.291943 -0.482548
0.15 0.55 15.9884 0.00600299 -0.0346541 15.8561 0.0272704 11.3026 -0.345163 2.71319
0.15 0.6 15.9912 0.00516238 -0.0376207 15.9111 0.0197799 7.87453 -0.306075 5.36418
0.15 0.65 15.9936 0.00378772 -0.0375723 15.9442 0.0124076 5.15043 -0.203559 6.61828
0.15 0.7 15.9953 0.00200084 -0.0366572 15.9614 0.00585423 3.4796 -0.0999436 6.96718
0.15 0.75 15.996 -2.22541e-07 -0.0361416 15.9667 -1.44766e-06 2.91332 3.27791e-05 6.94561
0.15 0.8 15.9953 -0.00200126 -0.0366483 15.9614 -0.00585758 3.47965 0.0999067 6.96672
0.15 0.85 15.9936 -0.00378809 -0.0376006 15.9442 -0.0124132 5.1502 0.203996 6.61842
0.15 0.9 15.9912 -0.00516267 -0.0374973 15.9111 -0.019783 7.87433 0.305254 5.36214
0.15 0.95 15.9884 -0.00600321 -0.0350757 15.8562 -0.0272775 11.3033 0.348939 2.70607
0.15 1 15.9857 -0.00630683 -0.0243048 15.7699 -0.0333413 15.3028 0.299261 -0.738307
0.2 0 15.9857 -0.00315253 -0.0274509 15.7707 -0.0169852 14.369 0.145226 -0.150421
0.2 0.05 15.9827 -0.00310816 -0.0178241 15.6215 -0.0190005 19.113 0.113358 -1.55552
0.2 0.1 15.98 -0.00280853 -0.00652798 15.4377 -0.018326 22.8269 0.0789448 -2.49406
0.2 0.15 15.9777 -0.00216366 0.00528853 15.2568 -0.0145247 25.6434 0.0478534 -3.14875
0.2 0.2 15.9761 -0.00118505 0.013992 15.1243 -0.00802964 27.3819 0.0219841 -3.53647
0.2 0.25 15.9755 -7.66539e-08 0.0172097 15.0757 -9.08391e-09 27.9675 -2.49992e-06 -3.66465
0.2 0.3 15.9761 0.0011849 0.0139955 15.1243 0.0080298 27.3819 -0.0219783 -3.53643
0.2 0.35 15.9777 0.0021635 0.00527407 15.2568 0.0145271 25.6434 -0.0478796 -3.14877
0.2 0.4 15.98 0.00280834 -0.00647395 15.4377 0.01833 22.8269 -0.0789177 -2.49397
0.2 0.45 15.9827 0.00310793 -0.0180352 15.6215 0.0190077 19.113 -0.113455 -1.55532
0.2 0.5 15.9857 0.00315227 -0.0266782 15.7706 0.016989 14.8395 -0.150205 -0.273985
0.2 0.55 15.9887 0.00302749 -0.031087 15.8708 0.0133381 10.5065 -0.18142 1.39877
0.2 0.6 15.9917 0.00262833 -0.0317983 15.9294 0.00927814 6.60879 -0.186242 2.95426
0.2 0.65 15.9944 0.00193218 -0.0306733 15.9607 0.00558815 3.55505 -0.151018 3.56453
0.2 0.7 15.9962 0.00101797 -0.0293413 15.9751 0.00249711 1.626 -0.0699697 3.21501
0.2 0.75 15.9968 -2.79346e-07 -0.0287914 15.9788 -1.22128e-06 1.03041 1.54443e-05 2.76791
0.2 0.8 15.9962 -0.0010185 -0.029337 15.9751 -0.00249957 1.62593 0.0700264 3.21474
0.2 0.85 15.9944 -0.00193265 -0.0306865 15.9607 -0.00559041 3.55505 0.150984 3.56395
0.2 0.9 15.9917 -0.00262871 -0.0317413 15.9294 -0.00928045 6.60882 0.186593 2.95331
0.2 0.95 15.9887 -0.0030278 -0.0312915 15.8708 -0.0133364 10.5062 0.180458 1.39682
0.2 1 15.9857 -0.00315253 -0.0258901 15.7707 -0.0169852 15.3094 0.15473 -0.40025
0.25 0 15.9857 -1.45689e-05 -0.0279009 15.771 -4.7819e-05 14.2796 0.00997129 0.0471328
0.25 0.05 15.9826 -1.47193e-05 -0.0278552 15.6129 -6.31797e-05 19.3037 0.0096382 0.0662043
0.25 0.1 15.9798 -1.36836e-05 -0.0277986 15.4173 -6.95081e-05 23.2114 0.00803334 0.0808234
0.25 0.15 15.9773 -1.08188e-05 -0.0277371 15.2244 -6.08355e-05 26.166 0.00572968 0.091714
0.25 0.2 15.9756 -6.0338e-06 -0.0276913 15.0831 -3.53622e-05 27.985 0.0029589 0.0984243
0.25 0.25 15.975 -2.86714e-08 -0.0276741 15.0313 2.67854e-07 28.5969 4.70042e-07 0.100667
0.25 0.3 15.9756 5.96587e-06 -0.0276914 15.0831 3.63435e-05 27.985 -0.00296268 0.0984289
0.25 0.35 15.9773 1.07188e-05 -0.0277378 15.2244 6.26002e-05 26.166 -0.00572696 0.0917438
0.25 0.4 15.9798 1.35323e-05 -0.0277993 15.4173 7.25386e-05 23.2114 -0.00804764 0.0808589
0.25 0.45 15.9826 1.45057e-05 -0.0278584 15.6129 6.60383e-05 19.3038 -0.00964389 0.0663997
0.25 0.5 15.9857 1.42959e-05 -0.0279017 15.771 4.95008e-05 14.7976 -0.0103299 0.0495453
0.25 0.55 15.9888 1.34682e-05 -0.0279258 15.8758 3.16848e-05 10.233 -0.0101768 0.0318691
0.25 0.6 15.9918 1.13093e-05 -0.027936 15.9351 1.79588e-05 6.20752 -0.00935642 0.0151679
0.25 0.65 15.9945 7.97316e-06 -0.0279396 15.965 8.79598e-06 3.12538 -0.00757684 0.00221196
0.25 0.7 15.9964 3.83998e-06 -0.0279407 15.9776 2.82875e-06 1.31034 -0.00420893 -0.00337516
0.25 0.75 15.997 -2.90176e-07 -0.027941 15.9807 -9.87221e-07 0.887671 2.27376e-05 -0.00430097
0.25 0.8 15.9964 -4.3958e-06 -0.0279406 15.9776 -4.73956e-06 1.31035 0.00423057 -0.00349545
0.25 0.85 15.9945 -8.45949e-06 -0.0279395 15.965 -1.06129e-05 3.12534 0.0076263 0.00186166
0.25 0.9 15.9918 -1.17057e-05 -0.0279347 15.9351 -1.93266e-05 6.20744 0.00929091 0.0143018
0.25 0.95 15.9888 -1.37879e-05 -0.0279243 15.8758 -3.23869e-05 10.2329 0.0103963 0.0306987
0.25 1 15.9857 -1.45689e-05 -0.0278974 15.771 -4.7819e-05 15.3154 0.0106946 0.0505413
0.3 0 15.9857 0.00312244 -0.0283497 15.7707 0.0168941 14.369 -0.12631 0.245725
0.3 0.05 15.9827 0.00307792 -0.0378973 15.6215 0.0188853 19.1031 -0.0948989 1.68674
0.3 0.1 15.98 0.00278089 -0.0490686 15.4377 0.0181974 22.8102 -0.0633815 2.65275
0.3 0.15 15.9777 0.00214225 -0.0607558 15.2568 0.0144133 25.622 -0.0368049 3.32819
0.3 0.2 15.976 0.00117327 -0.0693577 15.1242 0.00796421 27.3577 -0.0162427 3.72854
0.3 0.25 15.9755 3.35579e-08 -0.0725382 15.0757 4.34522e-07 27.9424 -3.9669e-07 3.86104
0.3 0.3 15.976 -0.00117323 -0.0693617 15.1242 -0.0079632 27.3577 0.0162431 3.72855
0.3 0.35 15.9777 -0.00214225 -0.0607415 15.2568 -0.0144119 25.622 0.0368025 3.3282
0.3 0.4 15.98 -0.00278098 -0.049126 15.4377 -0.0181958 22.8103 0.0633804 2.6528
0.3 0.45 15.9827 -0.0030781 -0.0376896 15.6215 -0.0188839 19.1031 0.0948886 1.68688
0.3 0.5 15.9857 -0.00312268 -0.0291336 15.7707 -0.0168937 14.839 0.130422 0.37382
0.3 0.55 15.9887 -0.00300097 -0.0247655 15.8708 -0.0132742 10.5176 0.162245 -1.33237
0.3 0.6 15.9917 -0.0026072 -0.0240613 15.9294 -0.0092393 6.62943 0.169566 -2.91926
0.3 0.65 15.9944 -0.00191788 -0.0251771 15.9607 -0.00556745 3.57903 0.138399 -3.55296
0.3 0.7 15.9962 -0.00101085 -0.0264975 15.9751 -0.0024897 1.64862 0.0631659 -3.21729
0.3 0.75 15.9968 -3.07226e-07 -0.0270421 15.9788 -8.69594e-07 1.051 1.86696e-05 -2.77396
0.3 0.8 15.9962 0.00101026 -0.0265013 15.9751 0.00248792 1.64859 -0.063115 -3.21734
0.3 0.85 15.9944 0.00191736 -0.0251621 15.9607 0.00556571 3.57898 -0.138373 -3.5532
0.3 0.9 15.9917 0.00260678 -0.0241169 15.9294 0.0092378 6.62938 -0.169534 -2.9197
0.3 0.95 15.9887 0.00300065 -0.0245546 15.8708 0.0132735 10.5175 -0.162311 -1.3329
0.3 1 15.9857 0.00312244 -0.0299131 15.7707 0.0168941 15.3089 -0.134572 0.501196
0.35 0 15.9857 0.00627652 -0.0283119 15.7698 0.0332678 14.6198 -0.268506 0.330709
0.35 0.05 15.9831 0.00617555 -0.0458743 15.6456 0.036086 18.5281 -0.20122 3.13886
0.35 0.1 15.9808 0.00553852 -0.0656267 15.4945 0.0341057 21.6527 -0.137601 4.99828
0.35 0.15 15.9789 0.00423601 -0.0862018 15.3466 0.0267198 24.0434 -0.0834009 6.29372
0.35 0.2 15.9777 0.00230905 -0.101289 15.2384 0.0146872 25.5302 -0.0384809 7.06221
0.35 0.25 15.9772 9.76242e-08 -0.106868 15.1988 4.6907e-07 26.0332 1.496e-07 7.31691
0.35 0.3 15.9777 -0.00230888 -0.101297 15.2384 -0.0146862 25.5302 0.0384806 7.06221
0.35 0.35 15.9789 -0.00423591 -0.0861721 15.3466 -0.0267188 24.0434 0.0834006 6.29374
0.35 0.4 15.9808 -0.00553852 -0.0657411 15.4945 -0.0341047 21.6527 0.137599 4.99832
0.35 0.45 15.9831 -0.00617564 -0.0454519 15.6456 -0.0360854 18.5281 0.201216 3.13896
0.35 0.5 15.9857 -0.00627669 -0.0298947 15.7698 -0.0332678 14.9602 0.274752 0.584461
0.35 0.55 15.9884 -0.00597607 -0.0212065 15.8561 -0.027207 11.3237 0.329413 -2.63935
0.35 0.6 15.9912 -0.00514092 -0.0183169 15.9111 -0.0197348 7.91156 0.29388 -5.31735
0.35 0.65 15.9936 -0.00377294 -0.0184416 15.9442 -0.0123791 5.19357 0.195569 -6.59143
0.35 0.7 15.9954 -0.00199351 -0.019413 15.9614 -0.00584138 3.52496 0.0960273 -6.95235
0.35 0.75 15.996 -2.84319e-07 -0.0199494 15.9666 -8.09078e-07 2.95917 1.24468e-05 -6.93509
0.35 0.8 15.9954 0.00199297 -0.0194206 15.9614 0.00583976 3.52496 -0.0960067 -6.9524
0.35 0.85 15.9936 0.00377246 -0.0184112 15.9442 0.0123776 5.19356 -0.19555 -6.59155
0.35 0.9 15.9912 0.00514055 -0.0184299 15.9111 0.0197334 7.91154 -0.293872 -5.31756
0.35 0.95 15.9884 0.00597581 -0.0207818 15.8561 0.0272061 11.3237 -0.329398 -2.63963
0.35 1 15.9857 0.00627652 -0.0314749 15.7698 0.0332678 15.3005 -0.281008 0.837785
0.4 0 15.9857 0.0091096 -0.0275493 15.7689 0.0476525 14.9643 -0.412629 0.220783
0.4 0.05 15.9837 0.00892368 -0.050336 15.681 0.0495701 17.6276 -0.308117 4.27134
0.4 0.1 15.9822 0.00793325 -0.0741438 15.5761 0.045463 19.8282 -0.213792 6.90167
0.4 0.15 15.9811 0.00602003 -0.0986571 15.4744 0.0349557 21.5346 -0.133986 8.71763
0.4 0.2 15.9804 0.00326399 -0.116449 15.4002 0.0190267 22.6085 -0.0639975 9.79341
0.4 0.25 15.9801 1.65749e-07 -0.123018 15.3731 5.0653e-07 22.9741 2.69795e-08 10.1503
0.4 0.3 15.9804 -0.00326369 -0.116461 15.4002 -0.0190257 22.6085 0.0639975 9.79342
0.4 0.35 15.9811 -0.0060198 -0.098613 15.4744 -0.0349547 21.5346 0.133985 8.71765
0.4 0.4 15.9822 -0.00793312 -0.0743119 15.5761 -0.0454622 19.8282 0.21379 6.90171
0.4 0.45 15.9837 -0.00892365 -0.0497123 15.681 -0.0495697 17.6276 0.308114 4.27142
0.4 0.5 15.9857 -0.00910966 -0.0298817 15.7689 -0.0476526 15.1404 0.417481 0.603108
0.4 0.55 15.9878 -0.00868856 -0.0170049 15.8326 -0.0409434 12.4994 0.460326 -3.80448
0.4 0.6 15.9901 -0.00747188 -0.00981297 15.8772 -0.031283 9.87358 0.362011 -7.13447
0.4 0.65 15.9922 -0.00549584 -0.0060896 15.9072 -0.0206516 7.77973 0.229204 -8.95144
0.4 0.7 15.9937 -0.002914 -0.00446214 15.9245 -0.0101565 6.48501 0.109878 -9.79515
0.4 0.75 15.9942 -2.3127e-07 -0.00401216 15.9301 -7.00812e-07 6.05203 4.3519e-06 -10.0372
0.4 0.8 15.9937 0.00291356 -0.00447317 15.9245 0.0101551 6.48501 -0.109869 -9.79517
0.4 0.85 15.9922 0.00549547 -0.00604469 15.9072 0.0206503 7.77973 -0.229196 -8.95149
0.4 0.9 15.9901 0.00747161 -0.00997979 15.8772 0.031282 9.87358 -0.362003 -7.13457
0.4 0.95 15.9878 0.00868841 -0.0163795 15.8327 0.0409428 12.4994 -0.460327 -3.80463
0.4 1 15.9857 0.0091096 -0.0322121 15.7689 0.0476525 15.3165 -0.42234 0.985139
0.45 0 15.9856 0.0111045 -0.0262334 15.7682 0.0577823 15.2648 -0.532974 -0.0910637
0.45 0.05 15.9847 0.0108194 -0.0509697 15.7222 0.0573784 16.4781 -0.409693 4.96196
0.45 0.1 15.9842 0.00953316 -0.0739684 15.6673 0.0506541 17.493 -0.286177 8.17072
0.45 0.15 15.9839 0.00717353 -0.0970399 15.6142 0.0379182 18.2984 -0.182939 10.34
0.45 0.2 15.9839 0.00386615 -0.113416 15.5758 0.0203235 18.8166 -0.089214 11.6128
0.45 0.25 15.9839 2.39106e-07 -0.119429 15.5617 5.68799e-07 18.9949 -1.81039e-07 12.034
0.45 0.3 15.9839 -0.0038657 -0.11343 15.5758 -0.0203224 18.8166 0.0892134 11.6128
0.45 0.35 15.9839 -0.00717315 -0.0969851 15.6142 -0.0379172 18.2984 0.182938 10.34
0.45 0.4 15.9842 -0.00953289 -0.0741762 15.6673 -0.0506533 17.493 0.286175 8.17076
0.45 0.45 15.9847 -0.0108193 -0.0501971 15.7222 -0.0573779 16.4781 0.40969 4.96203
0.45 0.5 15.9856 -0.0111044 -0.0291208 15.7682 -0.0577822 15.3158 0.534752 0.406455
0.45 0.55 15.9869 -0.0106622 -0.012392 15.8014 -0.0521633 13.8394 0.516693 -4.65478
0.45 0.6 15.9884 -0.00922689 0.000808113 15.8249 -0.0419668 12.2836 0.37504 -8.24859
0.45 0.65 15.9899 -0.00682635 0.0108524 15.8412 -0.0290804 11.06 0.238472 -10.4213
0.45 0.7 15.9911 -0.00363577 0.0171937 15.8508 -0.0148133 10.3085 0.115648 -11.5868
0.45 0.75 15.9915 -1.54453e-07 0.0193714 15.854 -5.67654e-07 10.0549 1.82817e-06 -11.9556
0.45 0.8 15.9911 0.00363549 0.0171801 15.8508 0.0148122 10.3085 -0.115645 -11.5868
0.45 0.85 15.9899 0.00682614 0.010908 15.8412 0.0290795 11.06 -0.238469 -10.4213
0.45 0.9 15.9884 0.00922677 0.000601506 15.8249 0.0419661 12.2836 -0.375036 -8.24865
0.45 0.95 15.9869 0.0106622 -0.0116179 15.8014 0.052163 13.8394 -0.516688 -4.65488
0.45 1 15.9856 0.0111045 -0.0320066 15.7682 0.0577823 15.3668 -0.536533 0.903735
0.5 0 15.9856 0.0118307 -0.0248187 15.7679 0.0614745 15.3917 -0.584443 -0.493524
0.5 0.05 15.9858 0.0114472 -0.0485019 15.7637 0.0582253 15.1726 -0.490478 5.1294
0.5 0.1 15.9863 0.00999593 -0.066979 15.7535 0.0491829 14.8706 -0.344503 8.66531
0.5 0.15 15.987 0.00745659 -0.0845276 15.7419 0.0355587 14.6513 -0.220748 10.9586
0.5 0.2 15.9876 0.00399414 -0.0964189 15.7329 0.0186453 14.5292 -0.108078 12.2676
0.5 0.25 15.9878 3.16783e-07 -0.100726 15.7295 6.5883e-07 14.49 -7.60729e-07 12.6957
0.5 0.3 15.9876 -0.00399353 -0.0964339 15.7329 -0.018644 14.5292 0.108076 12.2676
0.5 0.35 15.987 -0.00745605 -0.0844687 15.7419 -0.0355575 14.6513 0.220746 10.9586
0.5 0.4 15.9863 -0.00999548 -0.0672017 15.7535 -0.0491819 14.8706 0.344501 8.66535
0.5 0.45 15.9858 -0.0114469 -0.0476731 15.7637 -0.0582246 15.1726 0.490475 5.12948
0.5 0.5 15.9856 -0.0118305 -0.0279154 15.7679 -0.0614741 15.391 0.584419 0.0542091
0.5 0.55 15.9858 -0.0114458 -0.0081738 15.7637 -0.0582138 15.2073 0.493067 -5.02422
0.5 0.6 15.9864 -0.00999328 0.011314 15.7535 -0.0491639 14.9273 0.34788 -8.56483
0.5 0.65 15.9871 -0.00745362 0.0285328 15.7419 -0.0355394 14.7213 0.223632 -10.8615
0.5 0.7 15.9877 -0.00399207 0.0404605 15.7328 -0.0186332 14.6066 0.109699 -12.1724
0.5 0.75 15.9879 -6.19056e-08 0.0447385 15.7295 -4.40189e-07 14.5698 7.98729e-07 -12.6011
0.5 0.8 15.9877 0.00399197 0.0404459 15.7328 0.0186324 14.6066 -0.109698 -12.1724
0.5 0.85 15.9871 0.00745359 0.0285926 15.7419 0.0355387 14.7213 -0.22363 -10.8615
0.5 0.9 15.9864 0.00999334 0.0110924 15.7535 0.0491635 14.9273 -0.347877 -8.56488
0.5 0.95 15.9858 0.0114459 -0.00734352 15.7637 0.0582138 15.2073 -0.493064 -5.0243
0.5 1 15.9856 0.0118307 -0.0310106 15.7679 0.0614745 15.3904 -0.584393 0.601714
0.55 0 15.9856 0.0111196 -0.023818 15.7682 0.0578167 15.3686 -0.543632 -0.79648
0.55 0.05 15.9869 0.0106775 -0.0442421 15.8014 0.0522036 13.8056 -0.520607 4.74963
0.55 0.1 15.9884 0.00924073 -0.0565125 15.8249 0.0420083 12.2284 -0.376565 8.32953
0.55 0.15 15.9899 0.006837 -0.066874 15.8412 0.0291149 10.9935 -0.238813 10.4918
0.55 0.2 15.991 0.0036417 -0.0731873 15.8508 0.0148329 10.2362 -0.115615 11.6513
0.55 0.25 15.9914 3.93818e-07 -0.0753939 15.854 7.59842e-07 9.98084 -1.89835e-06 12.0181
0.55 0.3 15.991 -0.00364093 -0.0732013 15.8508 -0.0148314 10.2362 0.115611 11.6513
0.55 0.35 15.9899 -0.0068363 -0.066819 15.8412 -0.0291135 10.9935 0.238809 10.4918
0.55 0.4 15.9884 -0.00924012 -0.0567203 15.8249 -0.0420069 12.2284 0.376561 8.32959
0.55 0.45 15.9869 -0.010677 -0.0434688 15.8014 -0.0522025 13.8056 0.520604 4.74974
0.55 0.5 15.9856 -0.0111192 -0.0267072 15.7682 -0.057816 15.3165 0.541791 -0.299107
0.55 0.55 15.9847 -0.0108327 -0.00562319 15.7222 -0.0574041 16.5102 0.418015 -4.8476
0.55 0.6 15.9842 -0.00954339 0.0183445 15.6673 -0.0506715 17.546 0.293858 -8.05095
0.55 0.65 15.984 -0.00718005 0.0411346 15.6143 -0.0379283 18.3652 0.188694 -10.2159
0.55 0.7 15.9839 -0.00386911 0.0575641 15.5758 -0.020328 18.8913 0.0922722 -11.4859
0.55 0.75 15.9839 3.76969e-08 0.0635573 15.5617 -3.57089e-07 19.0722 5.24062e-07 -11.9061
0.55 0.8 15.9839 0.00386921 0.0575506 15.5758 0.0203273 18.8913 -0.092271 -11.4859
0.55 0.85 15.984 0.00718022 0.0411905 15.6143 0.0379279 18.3652 -0.188693 -10.2159
0.55 0.9 15.9842 0.00954365 0.018138 15.6673 0.0506713 17.546 -0.293855 -8.05099
0.55 0.95 15.9847 0.0108331 -0.00484837 15.7222 0.0574044 16.5102 -0.418011 -4.84768
0.55 1 15.9856 0.0111196 -0.0295948 15.7682 0.0578167 15.2644 -0.539947 0.19801
0.6 0 15.9857 0.00913558 -0.0236038 15.7689 0.0477161 15.3182 -0.435424 -0.879772
0.6 0.05 15.9878 0.00871286 -0.0394829 15.8326 0.0410011 12.4704 -0.470733 3.88839
0.6 0.1 15.9901 0.00749212 -0.0459281 15.8772 0.0313322 9.82501 -0.368853 7.19712
0.6 0.15 15.9921 0.0055104 -0.0499061 15.9072 0.0206879 7.72244 -0.233114 8.99822
0.6 0.2 15.9936 0.00292175 -0.0515075 15.9245 0.0101757 6.42394 -0.111576 9.83263
0.6 0.25 15.9942 4.62599e-07 -0.0519795 15.9301 8.50859e-07 5.98978 -4.01215e-06 10.0716
0.6 0.3 15.9936 -0.00292085 -0.0515187 15.9245 -0.010174 6.42394 0.111567 9.83265
0.6 0.35 15.9921 -0.00550955 -0.0498616 15.9072 -0.0206862 7.72243 0.233106 8.99828
0.6 0.4 15.9901 -0.00749136 -0.046096 15.8772 -0.0313306 9.825 0.368845 7.19721
0.6 0.45 15.9878 -0.00871219 -0.0388581 15.8326 -0.0409997 12.4704 0.470731 3.88855
0.6 0.5 15.9857 -0.009135 -0.0259394 15.7689 -0.0477152 15.1414 0.430403 -0.498358
0.6 0.55 15.9838 -0.00894805 -0.006073 15.681 -0.0496353 17.6542 0.321099 -4.14929
0.6 0.6 15.9823 -0.00795387 0.0185586 15.5761 -0.0455244 19.8727 0.225025 -6.76472
0.6 0.65 15.9811 -0.00603473 0.0428881 15.4744 -0.0350043 21.5913 0.142142 -8.56916
0.6 0.7 15.9804 -0.00327148 0.060756 15.4003 -0.0190536 22.6723 0.0682656 -9.6377
0.6 0.75 15.9802 1.37372e-07 0.0673213 15.3731 -3.48066e-07 23.0403 5.69332e-07 -9.99216
0.6 0.8 15.9804 0.00327178 0.0607452 15.4003 0.019053 22.6723 -0.0682642 -9.63772
0.6 0.85 15.9811 0.00603509 0.0429336 15.4744 0.0350038 21.5913 -0.14214 -8.5692
0.6 0.9 15.9823 0.00795431 0.0183922 15.5761 0.0455243 19.8727 -0.225022 -6.76478
0.6 0.95 15.9838 0.00894857 -0.0054463 15.681 0.0496356 17.6542 -0.321095 -4.1494
0.6 1 15.9857 0.00913558 -0.0282728 15.7689 0.0477161 14.9646 -0.425372 -0.117277
0.65 0 15.9857 0.00630698 -0.0243321 15.7698 0.033352 15.3019 -0.29859 -0.734297
0.65 0.05 15.9884 0.00600336 -0.0350758 15.8561 0.0272716 11.3027 -0.34517 2.71289
0.65 0.1 15.9912 0.00516282 -0.0374602 15.9111 0.0197813 7.87456 -0.306084 5.36398
0.65 0.15 15.9936 0.00378826 -0.0375022 15.9442 0.0124092 5.15044 -0.203578 6.61819
0.65 0.2 15.9953 0.00200148 -0.0365061 15.9614 0.00585605 3.4796 -0.0999597 6.96718
0.65 0.25 15.996 5.15576e-07 -0.0359817 15.9667 9.19031e-07 2.91333 -1.01568e-05 6.94575
0.65 0.3 15.9953 -0.00200047 -0.0365137 15.9614 -0.00585419 3.4796 0.0999429 6.96722
0.65 0.35 15.9936 -0.0037873 -0.037472 15.9442 -0.0124073 5.15042 0.20356 6.61829
0.65 0.4 15.9912 -0.00516194 -0.0375743 15.9111 -0.0197795 7.87453 0.306075 5.36417
0.65 0.45 15.9884 -0.00600257 -0.034652 15.8561 -0.02727 11.3026 0.345163 2.71317
0.65 0.5 15.9857 -0.00630626 -0.0259184 15.7698 -0.0333511 14.9612 0.291943 -0.482566
0.65 0.55 15.9831 -0.00620504 -0.0102984 15.6456 -0.0361855 18.5471 0.217652 -3.01103
0.65 0.6 15.9808 -0.00556455 0.0100688 15.4945 -0.0342089 21.6847 0.151491 -4.84793
0.65 0.65 15.979 -0.00425547 0.0305791 15.3466 -0.0268063 24.0843 0.0933622 -6.12624
0.65 0.7 15.9777 -0.00231937 0.0457635 15.2384 -0.0147367 25.5764 0.0436572 -6.8841
0.65 0.75 15.9773 2.32944e-07 0.0513571 15.1988 -4.28522e-07 26.0812 7.81218e-07 -7.13522
0.65 0.8 15.9777 0.00231985 0.0457564 15.2384 0.0147359 25.5764 -0.0436554 -6.88412
0.65 0.85 15.979 0.004256 0.0306104 15.3466 0.0268056 24.0843 -0.0933595 -6.12628
0.65 0.9 15.9808 0.00556515 0.00995652 15.4945 0.0342085 21.6847 -0.151486 -4.84802
0.65 0.95 15.9831 0.00620571 -0.00987215 15.6456 0.0361858 18.5471 -0.217643 -3.01118
0.65 1 15.9857 0.00630698 -0.0275019 15.7698 0.033352 14.6205 -0.285293 -0.231332
0.7 0 15.9857 0.00315272 -0.0258872 15.7706 0.0169894 15.3097 -0.154936 -0.399217
0.7 0.05 15.9887 0.00302799 -0.0312965 15.8708 0.0133394 10.5066 -0.181399 1.39827
0.7 0.1 15.9917 0.0026289 -0.0317548 15.9294 0.00927983 6.60884 -0.186272 2.95391
0.7 0.15 15.9944 0.00193285 -0.0307168 15.9607 0.00558993 3.55509 -0.151037 3.56437
0.7 0.2 15.9962 0.00101873 -0.0293786 15.9751 0.00249903 1.62601 -0.0700024 3.21502
0.7 0.25 15.9968 5.47874e-07 -0.0288374 15.9788 9.5639e-07 1.03043 -1.17438e-05 2.76808
0.7 0.3 15.9962 -0.00101765 -0.0293823 15.9751 -0.00249706 1.62598 0.0699641 3.21505
0.7 0.35 15.9944 -0.00193182 -0.0307019 15.9607 -0.00558792 3.55504 0.151019 3.56455
0.7 0.4 15.9917 -0.00262794 -0.0318115 15.9294 -0.00927784 6.60878 0.186243 2.95426
0.7 0.45 15.9887 -0.00302711 -0.0310875 15.8708 -0.0133378 10.5065 0.18142 1.39876
0.7 0.5 15.9857 -0.0031519 -0.0266737 15.7706 -0.0169887 14.8396 0.150205 -0.273993
0.7 0.55 15.9827 -0.00310757 -0.0180357 15.6215 -0.0190074 19.113 0.113456 -1.55532
0.7 0.6 15.98 -0.00280798 -0.00648706 15.4377 -0.0183299 22.8269 0.0789184 -2.49397
0.7 0.65 15.9777 -0.00216316 0.00524562 15.2568 -0.0145271 25.6434 0.0478802 -3.14877
0.7 0.7 15.9761 -0.00118461 0.0139547 15.1243 -0.00803011 27.3819 0.0219797 -3.53644
0.7 0.75 15.9755 3.21179e-07 0.0171646 15.0757 -5.78165e-07 27.9675 1.1503e-06 -3.66467
0.7 0.8 15.9761 0.00118526 0.0139516 15.1243 0.00802886 27.3819 -0.0219771 -3.53646
0.7 0.85 15.9777 0.00216385 0.00526196 15.2568 0.0145257 25.6434 -0.0478765 -3.14883
0.7 0.9 15.98 0.00280872 -0.00654139 15.4377 0.0183287 22.8269 -0.0789116 -2.49409
0.7 0.95 15.9827 0.00310836 -0.0178231 15.6215 0.0190071 19.113 -0.113459 -1.55556
0.7 1 15.9857 0.00315272 -0.0274555 15.7706 0.0169894 14.3696 -0.145423 -0.149599
0.75 0 15.9857 1.48732e-05 -0.0279005 15.771 4.93814e-05 15.3155 -0.0107414 0.0503345
0.75 0.05 15.9888 1.40816e-05 -0.0279241 15.8758 3.31031e-05 10.2331 -0.0102567 0.0309884
0.75 0.1 15.9918 1.1988e-05 -0.0279286 15.9351 1.97237e-05 6.20757 -0.00931593 0.0145769
0.75 0.15 15.9945 8.7316e-06 -0.0279252 15.965 1.07374e-05 3.12542 -0.00762802 0.00198072
0.75 0.2 15.9964 4.66334e-06 -0.0279201 15.9776 4.81079e-06 1.31035 -0.00422502 -0.00344529
0.75 0.25 15.997 5.5906e-07 -0.0279182 15.9807 1.04389e-06 0.887729 -1.93624e-05 -0.00427457
0.75 0.3 15.9964 -3.56386e-06 -0.0279202 15.9776 -2.74569e-06 1.31036 0.00421513 -0.00335507
0.75 0.35 15.9945 -7.68611e-06 -0.0279253 15.965 -8.66351e-06 3.12536 0.00757927 0.00222788
0.75 0.4 15.9918 -1.10103e-05 -0.0279294 15.9351 -1.77809e-05 6.20751 0.00935807 0.015176
0.75 0.45 15.9888 -1.31592e-05 -0.0279255 15.8758 -3.14699e-05 10.233 0.0101776 0.031871
0.75 0.5 15.9857 -1.39806e-05 -0.0279039 15.771 -4.92599e-05 14.7976 0.0103304 0.049546
0.75 0.55 15.9826 -1.41825e-05 -0.0278581 15.6129 -6.57896e-05 19.3038 0.00964437 0.066401
0.75 0.6 15.9798 -1.31995e-05 -0.0277927 15.4173 -7.23164e-05 23.2114 0.00804826 0.0808591
0.75 0.65 15.9773 -1.03758e-05 -0.0277235 15.2244 -6.24702e-05 26.166 0.00572783 0.0917416
0.75 0.7 15.9756 -5.61395e-06 -0.0276707 15.0831 -3.64116e-05 27.985 0.00296361 0.098421
0.75 0.75 15.975 3.85854e-07 -0.0276509 15.0313 -7.23705e-07 28.5969 1.94018e-06 0.100658
0.75 0.8 15.9756 6.39045e-06 -0.02767 15.0831 3.46612e-05 27.985 -0.00295915 0.0983904
0.75 0.85 15.9773 1.1168e-05 -0.0277219 15.2244 6.00157e-05 26.166 -0.00572217 0.0916672
0.75 0.9 15.9798 1.40193e-05 -0.02779 15.4173 6.97012e-05 23.2114 -0.00803995 0.0806748
0.75 0.95 15.9826 1.50385e-05 -0.0278546 15.6129 6.39132e-05 19.3038 -0.00957476 0.0659896
0.75 1 15.9857 1.48732e-05 -0.0279027 15.771 4.93814e-05 14.2798 -0.0100151 0.0471675
0.8 0 15.9857 -0.00312201 -0.0299023 15.7706 -0.0168952 15.3092 0.134869 0.500072
0.8 0.05 15.9887 -0.00300023 -0.0245538 15.8708 -0.0132733 10.5177 0.162521 -1.33393
0.8 0.1 15.9917 -0.00260639 -0.0241296 15.9294 -0.00923673 6.62954 0.169301 -2.91982
0.8 0.15 15.9944 -0.001917 -0.0251899 15.9607 -0.00556514 3.57901 0.138441 -3.55335
0.8 0.2 15.9962 -0.00100995 -0.0265421 15.9751 -0.00248743 1.64867 0.0630985 -3.21747
0.8 0.25 15.9968 5.82912e-07 -0.0270878 15.9788 1.18635e-06 1.051 -5.94519e-06 -2.77399
0.8 0.3 15.9962 0.00101109 -0.0265387 15.9751 0.00248983 1.64861 -0.0631527 -3.21726
0.8 0.35 15.9944 0.00191809 -0.0252059 15.9607 0.00556751 3.57902 -0.138395 -3.55295
0.8 0.4 15.9917 0.00260741 -0.0240747 15.9294 0.00923938 6.62943 -0.169565 -2.91925
0.8 0.45 15.9887 0.0030012 -0.0247662 15.8708 0.0132743 10.5176 -0.162244 -1.33235
0.8 0.5 15.9857 0.00312294 -0.0291293 15.7707 0.0168939 14.839 -0.130421 0.373829
0.8 0.55 15.9827 0.00307838 -0.0376903 15.6215 0.0188841 19.1031 -0.0948881 1.68689
0.8 0.6 15.98 0.00278129 -0.0491393 15.4377 0.0181961 22.8103 -0.0633798 2.65281
0.8 0.65 15.9777 0.00214261 -0.0607702 15.2568 0.0144122 25.622 -0.0368015 3.3282
0.8 0.7 15.976 0.00117364 -0.0694028 15.1242 0.00796344 27.3577 -0.016242 3.72854
0.8 0.75 15.9755 4.453e-07 -0.0725839 15.0757 -5.90029e-07 27.9424 4.1774e-06 3.86101
0.8 0.8 15.976 -0.00117275 -0.0693987 15.1242 -0.00796556 27.3577 0.0162488 3.72851
0.8 0.85 15.9777 -0.00214172 -0.0607833 15.2568 -0.0144162 25.622 0.0368161 3.32809
0.8 0.9 15.98 -0.00278039 -0.0490807 15.4377 -0.0182017 22.8103 0.063409 2.65258
0.8 0.95 15.9827 -0.00307746 -0.0378934 15.6215 -0.0188879 19.1032 0.0947255 1.68618
0.8 1 15.9857 -0.00312201 -0.0283403 15.7706 -0.0168952 14.3696 0.126591 0.244704
0.85 0 15.9857 -0.00627597 -0.0314924 15.7698 -0.033271 15.2997 0.279853 0.831973
0.85 0.05 15.9884 -0.0059753 -0.0207768 15.8561 -0.027202 11.3246 0.328205 -2.64152
0.85 0.1 15.9912 -0.00514007 -0.0183792 15.9111 -0.0197315 7.91126 0.294376 -5.31845
0.85 0.15 15.9936 -0.00377203 -0.0183098 15.9442 -0.012375 5.19382 0.195239 -6.59139
0.85 0.2 15.9954 -0.0019926 -0.0192761 15.9614 -0.00583877 3.5249 0.0960819 -6.95264
0.85 0.25 15.996 5.74658e-07 -0.0197891 15.9666 1.3238e-06 2.95919 -3.10517e-05 -6.93511
0.85 0.3 15.9954 0.00199373 -0.0192694 15.9614 0.00584157 3.52495 -0.0960192 -6.95234
0.85 0.35 15.9936 0.00377311 -0.0183414 15.9442 0.0123792 5.19357 -0.195568 -6.59141
0.85 0.4 15.9912 0.0051411 -0.0182706 15.9111 0.0197348 7.91155 -0.293878 -5.31733
0.85 0.45 15.9884 0.00597628 -0.0212046 15.8561 0.027207 11.3237 -0.329412 -2.63932
0.85 0.5 15.9857 0.00627695 -0.0299103 15.7698 0.033268 14.9602 -0.274751 0.584479
0.85 0.55 15.9831 0.00617593 -0.0454502 15.6456 0.0360856 18.5281 -0.201215 3.13897
0.85 0.6 15.9808 0.00553886 -0.0656952 15.4945 0.0341051 21.6527 -0.137598 4.99833
0.85 0.65 15.9789 0.00423633 -0.0860724 15.3466 0.0267193 24.0434 -0.0834002 6.29374
0.85 0.7 15.9777 0.0023094 -0.101154 15.2384 0.0146869 25.5302 -0.0384775 7.06222
0.85 0.75 15.9772 5.27612e-07 -0.106709 15.1988 5.13422e-08 26.0332 -1.95845e-06 7.31689
0.85 0.8 15.9777 -0.00230836 -0.101146 15.2384 -0.014688 25.5302 0.0385061 7.06212
0.85 0.85 15.9789 -0.00423532 -0.0861029 15.3466 -0.0267253 24.0433 0.0834201 6.29366
0.85 0.9 15.9808 -0.00553786 -0.0655766 15.4945 -0.0341148 21.6528 0.137629 4.99781
0.85 0.95 15.9831 -0.00617495 -0.0458704 15.6455 -0.0360989 18.5281 0.202098 3.13726
0.85 1 15.9857 -0.00627597 -0.0283281 15.7698 -0.033271 14.6191 0.267404 0.325466
0.9 0 15.9857 -0.00910895 -0.0321108 15.7688 -0.0476613 15.3246 0.427658 0.984023
0.9 0.05 15.9878 -0.00868783 -0.0163747 15.8326 -0.0409423 12.4952 0.463306 -3.81409
0.9 0.1 15.9901 -0.0074711 -0.0101515 15.8772 -0.0312676 9.87632 0.359687 -7.13121
0.9 0.15 15.9922 -0.00549502 -0.00641538 15.9072 -0.0206481 7.77892 0.229836 -8.95283
0.9 0.2 15.9937 -0.00291321 -0.00500782 15.9245 -0.0101534 6.48519 0.109677 -9.7951
0.9 0.25 15.9942 4.91591e-07 -0.00460815 15.9301 1.13954e-06 6.05196 4.45732e-05 -10.0372
0.9 0.3 15.9937 0.00291419 -0.0049969 15.9245 0.0101566 6.485 -0.10989 -9.79511
0.9 0.35 15.9922 0.00549599 -0.00646307 15.9072 0.0206516 7.77971 -0.229199 -8.95141
0.9 0.4 15.9901 0.00747205 -0.00998587 15.8772 0.031283 9.87357 -0.362012 -7.13444
0.9 0.45 15.9878 0.00868879 -0.0170129 15.8326 0.0409434 12.4994 -0.460325 -3.80445
0.9 0.5 15.9857 0.00910993 -0.0298245 15.7689 0.0476527 15.1404 -0.417479 0.603138
0.9 0.55 15.9837 0.00892397 -0.0497199 15.681 0.04957 17.6276 -0.308113 4.27143
0.9 0.6 15.9822 0.00793351 -0.074484 15.5761 0.0454627 19.8282 -0.213789 6.90172
0.9 0.65 15.9811 0.0060203 -0.0989853 15.4744 0.0349554 21.5346 -0.133982 8.71766
0.9 0.7 15.9804 0.00326431 -0.116994 15.4002 0.0190268 22.6084 -0.0640019 9.79343
0.9 0.75 15.9801 5.86362e-07 -0.123613 15.3731 8.7167e-07 22.9741 2.02778e-05 10.1504
0.9 0.8 15.9804 -0.00326316 -0.116984 15.4002 -0.019025 22.6084 0.0639418 9.79331
0.9 0.85 15.9811 -0.00601918 -0.0990273 15.4744 -0.0349581 21.5347 0.1342 8.71723
0.9 0.9 15.9822 -0.00793244 -0.0743246 15.5761 -0.0454839 19.828 0.214016 6.90196
0.9 0.95 15.9837 -0.00892295 -0.0503253 15.6809 -0.0495815 17.6295 0.305784 4.26887
0.9 1 15.9857 -0.00910895 -0.0274548 15.7688 -0.0476613 14.9752 0.417907 0.219485
0.95 0 15.9856 -0.0111038 -0.0322129 15.7681 -0.0577729 15.3249 0.513999 0.680857
0.95 0.05 15.9869 -0.0106616 -0.0115955 15.8012 -0.0520765 13.8739 0.504454 -4.60113
0.95 0.1 15.9884 -0.00922631 0.00125934 15.8249 -0.0419696 12.2727 0.379282 -8.26309
0.95 0.15 15.9899 -0.00682579 0.0122968 15.8412 -0.0290738 11.0625 0.237222 -10.4191
0.95 0.2 15.9911 -0.00363524 0.0191738 15.8508 -0.0148122 10.3078 0.115971 -11.5874
0.95 0.25 15.9915 3.32744e-07 0.0215928 15.854 9.46592e-07 10.055 -8.81648e-05 -11.9555
0.95 0.3 15.9911 0.00363591 0.0191864 15.8508 0.0148132 10.3084 -0.115626 -11.5868
0.95 0.35 15.9899 0.0068265 0.0122437 15.8412 0.0290804 11.0599 -0.238479 -10.4212
0.95 0.4 15.9884 0.00922708 0.00145154 15.8249 0.0419668 12.2836 -0.375039 -8.24857
0.95 0.45 15.9869 0.0106624 -0.0123634 15.8014 0.0521634 13.8394 -0.516694 -4.65474
0.95 0.5 15.9856 0.0111047 -0.0293351 15.7682 0.0577824 15.3158 -0.534749 0.406498
0.95 0.55 15.9847 0.0108196 -0.0501703 15.7222 0.0573783 16.4781 -0.409688 4.96206
0.95 0.6 15.9842 0.00953332 -0.0735363 15.6673 0.0506538 17.493 -0.286172 8.17077
0.95 0.65 15.9839 0.0071737 -0.0955986 15.6142 0.037918 18.2984 -0.18294 10.34
0.95 0.7 15.9839 0.00386638 -0.111443 15.5758 0.0203236 18.8166 -0.089201 11.6129
0.95 0.75 15.9839 5.65274e-07 -0.117214 15.5617 1.57887e-06 18.9948 -4.59421e-05 12.0341
0.95 0.8 15.9839 -0.00386526 -0.11143 15.5758 -0.0203206 18.8167 0.0893803 11.6131
0.95 0.85 15.9839 -0.00717261 -0.0956608 15.6143 -0.0379092 18.2979 0.18232 10.3393
0.95 0.9 15.9842 -0.00953229 -0.0733184 15.6673 -0.0506589 17.4953 0.287958 8.16949
0.95 0.95 15.9847 -0.0108187 -0.0509712 15.7221 -0.0574766 16.4721 0.4186 4.9425
0.95 1 15.9856 -0.0111038 -0.0264061 15.7681 -0.0577729 15.216 0.510345 -0.312617
1 0 15.9856 -0.0118302 -0.0300487 15.7649 -0.0614543 15.8171 0.642947 0.0625086
1 0.05 15.9858 -0.0114455 -0.00743979 15.7642 -0.0582048 15.1781 0.481451 -4.70352
1 0.1 15.9864 -0.00999303 0.00866759 15.7534 -0.0491642 15.223 0.356654 -7.77516
1 0.15 15.9871 -0.0074534 0.0234019 15.7419 -0.0355418 15.2213 0.230983 -9.65642
1 0.2 15.9877 -0.00399186 0.0330026 15.7328 -0.0186327 15.2657 0.114682 -10.7142
1 0.25 15.9879 1.45639e-07 0.0364442 15.7295 -1.36993e-07 15.2803 2.29542e-08 -11.0584
1 0.3 15.9877 0.00399217 0.0330205 15.7328 0.018633 15.2647 -0.114642 -10.7144
1 0.35 15.9871 0.00745377 0.023338 15.7419 0.0355393 15.2261 -0.2313 -9.65644
1 0.4 15.9864 0.0099935 0.00891068 15.7535 0.0491639 15.2032 -0.354311 -7.77252
1 0.45 15.9858 0.0114461 -0.0082822 15.7637 0.058214 15.2613 -0.494822 -4.75113
1 0.5 15.9856 0.0118308 -0.0271168 15.7679 0.0614744 15.3911 -0.584422 0.0131239
1 0.55 15.9858 0.0114473 -0.0477748 15.7637 0.058225 15.1176 -0.488693 5.40167
1 0.6 15.9863 0.00999594 -0.0695923 15.7535 0.0491825 14.5931 -0.338069 9.45372
1 0.65 15.987 0.00745661 -0.0896461 15.7419 0.0355582 14.1453 -0.213122 12.1568
1 0.7 15.9876 0.00399418 -0.103853 15.7329 0.018645 13.8706 -0.103175 13.7171
1 0.75 15.9878 4.23043e-07 -0.108999 15.7295 9.03247e-07 13.7793 1.05718e-05 14.229
1 0.8 15.9876 -0.00399334 -0.103839 15.7329 -0.0186425 13.8691 0.103047 13.7181
1 0.85 15.987 -0.00745579 -0.0897114 15.7418 -0.035553 14.1519 0.214096 12.1535
1 0.9 15.9863 -0.00999516 -0.0693777 15.7536 -0.0491414 14.5648 0.33079 9.47551
1 0.95 15.9858 -0.0114466 -0.0487812 15.7632 -0.0582505 15.2347 0.532113 5.29788
1 1 15.9856 -0.0118302 -0.0240383 15.7649 -0.0614543 15.8094 0.642636 -0.965615
