0 0 17.2934 -3.26107 -0.0504696 17.0079 -3.20484 16.4865 -3.11402 1.77688
0 0.05 17.3681 -3.1588 0.165427 16.9272 -3.0716 16.2781 -2.98462 -5.55656
0 0.1 17.5906 -2.7679 0.397069 16.9105 -2.65781 16.7988 -2.66785 -8.8586
0 0.15 17.8966 -2.06699 0.645003 17.0076 -1.96217 17.3776 -2.02858 -11.0541
0 0.2 18.167 -1.10661 0.8245 17.1302 -1.04206 17.8667 -1.1013 -12.3005
0 0.25 18.2746 8.29173e-07 0.890927 17.1846 4.9214e-07 18.0509 3.20228e-05 -12.7125
0 0.3 18.167 1.10661 0.824637 17.1302 1.04206 17.866 1.10118 -12.3007
0 0.35 17.8966 2.06699 0.644457 17.0076 1.96217 17.3803 2.02895 -11.0529
0 0.4 17.5906 2.76791 0.399118 16.9105 2.65782 16.7881 2.66656 -8.86324
0 0.45 17.3681 3.15881 0.157781 16.9269 3.07157 16.3207 2.98913 -5.53715
0 0.5 17.2934 3.26107 -0.0219304 17.0091 3.20505 16.2712 3.08666 -0.561965
0 0.55 17.365 3.15851 -0.20873 16.9271 3.07152 16.4124 3.01459 5.20788
0 0.6 17.5827 2.76717 -0.49495 16.9107 2.6578 16.3107 2.59952 10.2366
0 0.65 17.8835 2.06607 -0.823764 17.0075 1.96214 16.1264 1.88971 14.0964
0 0.7 18.1499 1.10597 -1.08655 17.1299 1.04204 16.044 0.992918 16.4657
0 0.75 18.256 -3.13617e-07 -1.18759 17.1843 -3.89165e-08 16.0241 -2.79692e-05 17.2715
0 0.8 18.1499 -1.10597 -1.08642 17.1299 -1.04204 16.0434 -0.992812 16.4659
0 0.85 17.8835 -2.06607 -0.824311 17.0075 -1.96214 16.1291 -1.89007 14.0955
0 0.9 17.5827 -2.76717 -0.492907 16.9107 -2.65781 16.3001 -2.59828 10.2405
0 0.95 17.365 -3.15852 -0.216365 16.9269 -3.07149 16.4521 -3.01829 5.19212
0 1 17.2934 -3.26107 0.00664732 17.0127 -3.20559 15.7158 -3.02646 -3.15717
0.05 0 17.2763 -3.0893 -0.0830812 16.9732 -3.03118 16.0832 -2.88854 2.9898
0.05 0.05 16.7608 -2.89382 0.117409 16.2618 -2.79609 17.3625 -3.03264 -3.75926
0.05 0.1 16.2292 -2.42161 0.303696 15.5288 -2.30904 17.9467 -2.71242 -6.99623
0.05 0.15 15.811 -1.72981 0.510018 14.9464 -1.62942 18.3037 -2.02879 -9.32229
0.05 0.2 15.5628 -0.897346 0.659685 14.5918 -0.838298 18.5136 -1.08153 -10.7442
0.05 0.25 15.4827 3.394e-07 0.715523 14.4749 2.33176e-07 18.5854 1.01153e-05 -11.225
0.05 0.3 15.5628 0.897347 0.659839 14.5918 0.838299 18.5134 1.0815 -10.7442
0.05 0.35 15.811 1.72981 0.509402 14.9464 1.62942 18.3044 2.0289 -9.32194
0.05 0.4 16.2292 2.42161 0.306005 15.5289 2.30904 17.9438 2.71205 -6.99761
0.05 0.45 16.7608 2.89382 0.108788 16.2617 2.79608 17.3734 3.03384 -3.75423
0.05 0.5 17.2763 3.0893 -0.0508939 16.9735 3.03122 16.2047 2.91364 0.718014
0.05 0.55 17.9524 3.06722 -0.254107 17.5582 3.00311 15.2146 2.59435 6.76503
0.05 0.6 19.047 2.80038 -0.552655 18.4316 2.71323 14.8223 2.1798 11.4471
0.05 0.65 20.2929 2.18032 -0.866141 19.5104 2.09939 14.4595 1.55022 14.7853
0.05 0.7 21.2951 1.20266 -1.10834 20.3953 1.15382 14.3386 0.806205 16.703
0.05 0.75 21.6785 -1.23324e-06 -1.19916 20.738 -1.11028e-06 14.3109 -6.54155e-06 17.3291
0.05 0.8 21.2951 -1.20266 -1.10819 20.3953 -1.15382 14.3384 -0.806186 16.703
0.05 0.85 20.2929 -2.18032 -0.866757 19.5104 -2.09939 14.4602 -1.5503 14.7851
0.05 0.9 19.047 -2.80039 -0.550343 18.4317 -2.71324 14.8196 -2.17956 11.4477
0.05 0.95 17.9525 -3.06724 -0.26273 17.5582 -3.00313 15.2248 -2.59502 6.76269
0.05 1 17.2763 -3.0893 -0.0187043 16.9732 -3.03118 16.406 -2.9465 -1.57833
0.1 0 17.2252 -2.58848 -0.0958086 16.8816 -2.53609 15.949 -2.40481 3.05202
0.1 0.05 16.1686 -2.33872 0.0754818 15.6336 -2.2505 18.082 -2.64789 -2.36611
0.1 0.1 15.1074 -1.8768 0.178983 14.4224 -1.78202 18.9409 -2.38523 -4.49142
0.1 0.15 14.2593 -1.29415 0.279486 13.4802 -1.21583 19.3606 -1.78016 -5.92638
0.1 0.2 13.7365 -0.656258 0.34164 12.9052 -0.612562 19.5377 -0.944901 -6.79805
0.1 0.25 13.5623 4.01114e-08 0.363878 12.7143 5.46444e-08 19.5888 -2.09127e-06 -7.08817
0.1 0.3 13.7365 0.656258 0.341788 12.9052 0.612562 19.5377 0.944909 -6.79804
0.1 0.35 14.2593 1.29415 0.278894 13.4802 1.21583 19.3604 1.78013 -5.92641
0.1 0.4 15.1074 1.8768 0.181204 14.4224 1.78202 18.9415 2.38531 -4.49135
0.1 0.45 16.1686 2.33872 0.0671927 15.6336 2.2505 18.0796 2.64761 -2.36622
0.1 0.5 17.2252 2.58847 -0.0648659 16.8815 2.53607 16.0986 2.42719 1.15281
0.1 0.55 18.51 2.63865 -0.270062 18.1245 2.5912 14.184 1.98993 7.13368
0.1 0.6 20.4456 2.47184 -0.541802 19.919 2.41591 12.9323 1.52728 11.6772
0.1 0.65 22.6222 1.95856 -0.795946 22.0505 1.91708 11.433 0.942273 14.8387
0.1 0.7 24.3323 1.08445 -0.950217 23.7648 1.06486 10.3361 0.424627 16.3208
0.1 0.75 24.9721 -2.19801e-06 -0.996357 24.4173 -2.16189e-06 9.94238 6.28167e-07 16.592
0.1 0.8 24.3323 -1.08446 -0.950069 23.7649 -1.06486 10.3361 -0.424635 16.3208
0.1 0.85 22.6222 -1.95857 -0.796538 22.0505 -1.91709 11.4328 -0.942255 14.8388
0.1 0.9 20.4456 -2.47185 -0.53958 19.919 -2.41592 12.9331 -1.52736 11.6769
0.1 0.95 18.51 -2.63865 -0.278352 18.1245 -2.59121 14.181 -1.98971 7.13508
0.1 1 17.2252 -2.58848 -0.0339284 16.8816 -2.53609 16.2262 -2.44661 -0.739825
0.15 0 17.1536 -1.84317 -0.093245 16.7678 -1.8027 16.1346 -1.73333 2.45616
0.15 0.05 15.6721 -1.60992 0.0340327 15.1267 -1.54664 18.5036 -1.92187 -1.27417
0.15 0.1 14.3077 -1.25164 0.0819174 13.6583 -1.1864 19.6648 -1.74363 -2.37706
0.15 0.15 13.2664 -0.843429 0.122605 12.5744 -0.791995 20.2277 -1.30453 -3.01737
0.15 0.2 12.6382 -0.42181 0.141569 11.9317 -0.393963 20.4813 -0.693437 -3.34848
0.15 0.25 12.4308 -1.18246e-07 0.147516 11.7217 -1.11668e-07 20.5549 2.73733e-07 -3.44698
0.15 0.3 12.6382 0.421809 0.141685 11.9317 0.393962 20.4813 0.693434 -3.34848
0.15 0.35 13.2664 0.843429 0.122143 12.5744 0.791994 20.2278 1.30454 -3.01737
0.15 0.4 14.3077 1.25164 0.0836492 13.6583 1.1864 19.6646 1.74361 -2.37707
0.15 0.45 15.6721 1.60992 0.0275678 15.1267 1.54664 18.5042 1.92196 -1.27418
0.15 0.5 17.1536 1.84317 -0.069119 16.7678 1.80271 16.0379 1.72273 1.13057
0.15 0.55 18.9824 1.92104 -0.235216 18.5973 1.88939 13.3999 1.31513 5.90466
0.15 0.6 21.5941 1.8064 -0.413164 21.1677 1.7795 11.0866 0.86642 9.52814
0.15 0.65 24.4307 1.39544 -0.518389 24.092 1.38512 8.1246 0.390574 11.9437
0.15 0.7 26.4735 0.726756 -0.50678 26.2544 0.726256 5.6101 0.101823 12.236
0.15 0.75 27.1523 -2.24709e-06 -0.446494 26.9916 -2.21499e-06 4.51397 -9.49497e-07 10.9522
0.15 0.8 26.4735 -0.72676 -0.506664 26.2544 -0.72626 5.61009 -0.101822 12.236
0.15 0.85 24.4307 -1.39545 -0.51885 24.092 -1.38512 8.12466 -0.390581 11.9437
0.15 0.9 21.5941 -1.8064 -0.411433 21.1677 -1.7795 11.0864 -0.866398 9.52821
0.15 0.95 18.9824 -1.92104 -0.24168 18.5973 -1.88939 13.4007 -1.31521 5.90433
0.15 1 17.1536 -1.84317 -0.0449922 16.7678 -1.8027 15.9469 -1.71317 -0.196491
0.2 0 17.0917 -0.949808 -0.0677879 16.6754 -0.928294 16.3838 -0.901872 1.35588
0.2 0.05 15.3425 -0.810579 0.00169566 14.8032 -0.779106 18.7118 -0.99429 -0.511137
0.2 0.1 13.8497 -0.619971 0.015339 13.2299 -0.586985 20.1445 -0.911585 -0.901246
0.2 0.15 12.7519 -0.413737 0.0218555 12.1075 -0.387231 20.8903 -0.686788 -1.07415
0.2 0.2 12.1076 -0.204731 0.0180342 11.4575 -0.190805 21.274 -0.365357 -1.12373
0.2 0.25 11.9008 -1.661e-07 0.0158515 11.2481 -1.56454e-07 21.3957 -3.87695e-07 -1.13311
0.2 0.3 12.1076 0.20473 0.0180978 11.4575 0.190805 21.274 0.365356 -1.12373
0.2 0.35 12.7519 0.413737 0.0216013 12.1075 0.38723 20.8903 0.686785 -1.07415
0.2 0.4 13.8497 0.619971 0.0162927 13.2299 0.586984 20.1445 0.911591 -0.901249
0.2 0.45 15.3425 0.810579 -0.00186392 14.8032 0.779106 18.7117 0.994257 -0.511135
0.2 0.5 17.0917 0.949808 -0.0545013 16.6754 0.928292 16.0266 0.882341 0.665489
0.2 0.55 19.3074 1.00172 -0.148337 18.9211 0.986773 12.9458 0.635045 3.26459
0.2 0.6 22.3502 0.927686 -0.229604 21.9945 0.919475 9.77436 0.346925 5.19139
0.2 0.65 25.5043 0.672521 -0.243625 25.3117 0.673431 5.6529 0.0828781 6.51613
0.2 0.7 27.488 0.301707 -0.154347 27.4389 0.303388 2.04538 -0.0117597 5.46921
0.2 0.75 27.9694 -1.54139e-06 -0.0937781 27.9529 -1.54215e-06 0.726167 1.91422e-07 3.51647
0.2 0.8 27.488 -0.301709 -0.154283 27.4389 -0.303391 2.04539 0.0117588 5.4692
0.2 0.85 25.5043 -0.672522 -0.243879 25.3117 -0.673433 5.65288 -0.0828763 6.51613
0.2 0.9 22.3502 -0.927687 -0.22865 21.9945 -0.919476 9.77442 -0.346933 5.19137
0.2 0.95 19.3074 -1.00172 -0.151897 18.9211 -0.986774 12.9456 -0.635021 3.26464
0.2 1 17.0917 -0.949808 -0.0412152 16.6754 -0.928294 15.6678 -0.862463 -0.0245842
0.25 0 17.0676 0.000216444 -0.0298038 16.6397 -0.000689158 16.5035 0.0145315 0.0589507
0.25 0.05 15.2272 0.000123306 -0.0264547 14.6929 -0.000593688 18.7687 0.0101184 0.0661891
0.25 0.1 13.705 5.73294e-05 -0.0237351 13.0949 -0.000502315 20.3176 0.00697801 0.0716445
0.25 0.15 12.6055 -3.03837e-05 -0.0217706 11.9668 -0.000364788 21.1429 0.00398858 0.0748308
0.25 0.2 11.9753 -4.87281e-05 -0.0206478 11.319 -0.00019102 21.5818 0.0017375 0.0764728
0.25 0.25 11.7769 -1.30636e-07 -0.0202972 11.1112 -1.22569e-07 21.7231 -2.25331e-07 0.077001
0.25 0.3 11.9753 4.84741e-05 -0.0206477 11.319 0.000190782 21.5818 -0.00173806 0.0764729
0.25 0.35 12.6055 3.01667e-05 -0.0217707 11.9668 0.000364577 21.1429 -0.00398847 0.0748304
0.25 0.4 13.705 -5.74836e-05 -0.0237345 13.0949 0.000502183 20.3176 -0.0069806 0.0716455
0.25 0.45 15.2272 -0.000123396 -0.026457 14.6929 0.000593514 18.7688 -0.0101068 0.066186
0.25 0.5 17.0676 -0.000216439 -0.0297956 16.6397 0.000689734 16.0328 -0.0141729 0.0582415
0.25 0.55 19.4265 -0.000517047 -0.0341102 19.038 0.000916935 12.8107 -0.0219369 0.0483368
0.25 0.6 22.6183 -0.000837896 -0.0398508 22.2844 0.0012121 9.35671 -0.030497 0.0323407
0.25 0.65 25.8598 -0.000607215 -0.0454986 25.7141 0.00102728 4.73994 -0.0307384 0.0074644
0.25 0.7 27.7083 -8.46636e-05 -0.0484504 27.6916 0.000377842 0.797159 -0.0151189 -0.00735186
0.25 0.75 28.1016 -6.08175e-07 -0.048956 28.102 -6.07828e-07 -0.183456 -1.0791e-07 -0.00952167
0.25 0.8 27.7083 8.34649e-05 -0.0484505 27.6916 -0.000379042 0.797157 0.0151192 -0.00735016
0.25 0.85 25.8598 0.000606242 -0.0454988 25.7141 -0.00102823 4.73994 0.0307375 0.00746425
0.25 0.9 22.6183 0.000837313 -0.0398503 22.2844 -0.00121273 9.35669 0.030499 0.0323431
0.25 0.95 19.4265 0.000516911 -0.0341122 19.038 -0.000916906 12.8107 0.0219286 0.0483304
0.25 1 17.0676 0.000216444 -0.0297873 16.6397 -0.000689158 15.5624 0.0137029 0.0574746
0.3 0 17.0918 0.950136 0.00819465 16.6754 0.926954 16.3844 0.929214 -1.23966
0.3 0.05 15.3415 0.810702 -0.0549834 14.8031 0.777889 18.7002 1.01347 0.642968
0.3 0.1 13.8483 0.620007 -0.0634435 13.2298 0.585931 20.1302 0.925045 1.04355
0.3 0.15 12.7505 0.413682 -0.0663156 12.1075 0.386479 20.8751 0.694587 1.22232
0.3 0.2 12.1062 0.204659 -0.0604664 11.4574 0.190419 21.2588 0.368804 1.27469
0.3 0.25 11.8994 -6.98782e-08 -0.0576581 11.248 -6.44457e-08 21.3807 -1.34118e-07 1.28491
0.3 0.3 12.1062 -0.204659 -0.0605299 11.4574 -0.190419 21.2588 -0.368804 1.27469
0.3 0.35 12.7505 -0.413682 -0.0660616 12.1075 -0.386479 20.8751 -0.694588 1.22232
0.3 0.4 13.8483 -0.620007 -0.0643962 13.2298 -0.585931 20.1302 -0.925044 1.04355
0.3 0.45 15.3415 -0.810702 -0.0514267 14.8031 -0.777889 18.7002 -1.01348 0.642969
0.3 0.5 17.0918 -0.950136 -0.00507927 16.6754 -0.926955 16.0255 -0.908837 -0.54991
0.3 0.55 19.3091 -1.00265 0.0806284 18.9211 -0.985033 12.969 -0.676046 -3.16765
0.3 0.6 22.3532 -0.929214 0.150739 21.9945 -0.91714 9.8184 -0.402466 -5.12294
0.3 0.65 25.5079 -0.67372 0.153284 25.3117 -0.671371 5.71411 -0.136612 -6.4895
0.3 0.7 27.4904 -0.302018 0.0569622 27.4392 -0.3025 2.10097 -0.0163171 -5.47371
0.3 0.75 27.971 3.32251e-08 -0.0052124 27.9533 3.36866e-08 0.76356 1.66615e-08 -3.52734
0.3 0.8 27.4904 0.302017 0.0568986 27.4392 0.302499 2.10097 0.0163169 -5.47371
0.3 0.85 25.5079 0.67372 0.153538 25.3117 0.671371 5.7141 0.136612 -6.4895
0.3 0.9 22.3532 0.929213 0.149787 21.9945 0.91714 9.81841 0.402465 -5.12295
0.3 0.95 19.3091 1.00265 0.0841852 18.9211 0.985033 12.969 0.676048 -3.16765
0.3 1 17.0918 0.950136 -0.0183532 16.6754 0.926954 15.6664 0.888495 0.139852
0.35 0 17.1537 1.84325 0.0332925 16.7678 1.80149 16.1321 1.75481 -2.34566
0.35 0.05 15.6703 1.60974 -0.0886205 15.1267 1.54538 18.4814 1.93839 1.40413
0.35 0.1 14.3048 1.2514 -0.13114 13.6582 1.18523 19.6332 1.7553 2.51615
0.35 0.15 13.2627 0.84319 -0.167227 12.5743 0.79115 20.1922 1.31137 3.16109
0.35 0.2 12.6342 0.421661 -0.183086 11.9316 0.39353 20.4439 0.696505 3.49388
0.35 0.25 12.4266 -2.50362e-09 -0.187927 11.7215 -3.38291e-09 20.5171 -8.71466e-09 3.59276
0.35 0.3 12.6342 -0.421661 -0.183201 11.9316 -0.39353 20.4439 -0.696505 3.49388
0.35 0.35 13.2627 -0.84319 -0.166766 12.5743 -0.79115 20.1922 -1.31137 3.16109
0.35 0.4 14.3048 -1.2514 -0.132871 13.6582 -1.18523 19.6332 -1.7553 2.51615
0.35 0.45 15.6703 -1.60974 -0.0821569 15.1267 -1.54538 18.4814 -1.93839 1.40413
0.35 0.5 17.1537 -1.84325 0.00916935 16.7678 -1.80149 16.0361 -1.74437 -1.01693
0.35 0.55 18.9853 -1.92173 0.168676 18.5973 -1.8879 13.442 -1.3484 -5.80616
0.35 0.6 21.5999 -1.80764 0.337481 21.1676 -1.77739 11.1651 -0.910055 -9.4488
0.35 0.65 24.4387 -1.39645 0.433089 24.0919 -1.38307 8.22938 -0.429537 -11.8927
0.35 0.7 26.4815 -0.727073 0.41473 26.2544 -0.725049 5.72678 -0.12364 -12.2104
0.35 0.75 27.1594 1.81458e-07 0.352268 26.9918 1.76786e-07 4.62595 4.71903e-08 -10.9385
0.35 0.8 26.4815 0.727073 0.414614 26.2544 0.725049 5.72678 0.12364 -12.2104
0.35 0.85 24.4387 1.39645 0.43355 24.0919 1.38307 8.22938 0.429537 -11.8927
0.35 0.9 21.5999 1.80764 0.33575 21.1676 1.77739 11.1651 0.910055 -9.44881
0.35 0.95 18.9853 1.92173 0.17514 18.5973 1.8879 13.442 1.3484 -5.80616
0.35 1 17.1537 1.84325 -0.0149537 16.7678 1.80149 15.9401 1.73392 0.3118
0.4 0 17.2253 2.58831 0.0363924 16.8815 2.53507 15.9618 2.42162 -2.93857
0.4 0.05 16.1662 2.33825 -0.131408 15.6337 2.24935 18.046 2.65981 2.49261
0.4 0.1 15.1027 1.87625 -0.232536 14.4224 1.78087 18.8902 2.39366 4.62517
0.4 0.15 14.2526 1.29365 -0.332743 13.4801 1.21498 19.2988 1.78472 6.0637
0.4 0.2 13.7286 0.65597 -0.39577 12.905 0.612126 19.4705 0.946846 6.93625
0.4 0.25 13.554 4.65463e-08 -0.41855 12.7141 4.22183e-08 19.5199 7.25423e-08 7.22654
0.4 0.3 13.7286 -0.65597 -0.395918 12.905 -0.612125 19.4705 -0.946846 6.93625
0.4 0.35 14.2526 -1.29365 -0.332151 13.4801 -1.21498 19.2988 -1.78472 6.0637
0.4 0.4 15.1027 -1.87625 -0.234757 14.4224 -1.78087 18.8902 -2.39366 4.62517
0.4 0.45 16.1662 -2.33825 -0.123118 15.6337 -2.24935 18.046 -2.65981 2.49261
0.4 0.5 17.2253 -2.58831 0.00545378 16.8815 -2.53507 16.0963 -2.44203 -1.04094
0.4 0.55 18.5134 -2.63908 0.205808 18.1244 -2.59008 14.237 -2.0127 -7.03221
0.4 0.6 20.4534 -2.47286 0.468846 19.9188 -2.41431 13.0284 -1.55715 -11.5849
0.4 0.65 22.6343 -1.95959 0.711901 22.0503 -1.91547 11.5611 -0.968194 -14.7606
0.4 0.7 24.3472 -1.085 0.856657 23.7646 -1.06384 10.483 -0.439007 -16.2531
0.4 0.75 24.9878 -9.30288e-08 0.899017 24.4171 -9.68225e-08 10.0969 -1.17576e-08 -16.5284
0.4 0.8 24.3472 1.085 0.856509 23.7646 1.06384 10.483 0.439007 -16.2531
0.4 0.85 22.6343 1.95959 0.712493 22.0503 1.91547 11.5611 0.968194 -14.7606
0.4 0.9 20.4534 2.47286 0.466626 19.9188 2.41431 13.0284 1.55715 -11.5849
0.4 0.95 18.5134 2.63908 0.214098 18.1244 2.59008 14.237 2.0127 -7.03221
0.4 1 17.2253 2.58831 -0.0254848 16.8815 2.53507 16.2308 2.46244 0.856692
0.45 0 17.2764 3.08908 0.0206756 16.9736 3.03061 16.0446 2.89244 -2.8835
0.45 0.05 16.758 2.89329 -0.177047 16.2619 2.79533 17.33 3.04047 3.87503
0.45 0.1 16.2226 2.42088 -0.355261 15.5289 2.30826 17.8727 2.71503 7.12388
0.45 0.15 15.8008 1.72907 -0.548698 14.9463 1.62881 18.2153 2.0294 9.45121
0.45 0.2 15.5501 0.896877 -0.686227 14.5915 0.837974 18.4142 1.08122 10.8749
0.45 0.25 15.4691 2.94264e-08 -0.73705 14.4745 2.84826e-08 18.483 4.29939e-08 11.3561
0.45 0.3 15.5501 -0.896877 -0.686381 14.5915 -0.837974 18.4142 -1.08122 10.8749
0.45 0.35 15.8008 -1.72907 -0.548082 14.9463 -1.62881 18.2153 -2.0294 9.45121
0.45 0.4 16.2226 -2.42088 -0.357571 15.5289 -2.30826 17.8727 -2.71503 7.12388
0.45 0.45 16.758 -2.89329 -0.168424 16.2619 -2.79533 17.33 -3.04047 3.87503
0.45 0.5 17.2764 -3.08908 -0.0115067 16.9736 -3.03061 16.2029 -2.92098 -0.60683
0.45 0.55 17.9559 -3.06746 0.190333 17.5581 -3.00248 15.2699 -2.60532 -6.6587
0.45 0.6 19.0555 -2.80118 0.490903 18.4314 -2.71236 14.9201 -2.19621 -11.3425
0.45 0.65 20.307 -2.18134 0.810954 19.5104 -2.09858 14.588 -1.56491 -14.6841
0.45 0.7 21.3137 -1.20337 1.06041 20.3954 -1.15333 14.4862 -0.814583 -16.6028
0.45 0.75 21.6988 -2.92822e-07 1.15441 20.7381 -2.79508e-07 14.4648 -2.01906e-07 -17.2291
0.45 0.8 21.3137 1.20337 1.06025 20.3954 1.15333 14.4862 0.814583 -16.6028
0.45 0.85 20.307 2.18134 0.811571 19.5104 2.09858 14.588 1.56491 -14.6841
0.45 0.9 19.0555 2.80118 0.488593 18.4314 2.71236 14.9201 2.19621 -11.3425
0.45 0.95 17.9559 3.06746 0.198956 17.5581 3.00248 15.2699 2.60532 -6.6587
0.45 1 17.2764 3.08908 -0.043689 16.9736 3.03061 16.3612 2.94951 1.66984
0.5 0 17.2934 3.26107 -0.0016139 17.0091 3.20505 16.2721 3.08683 -2.30009
0.5 0.05 17.365 3.15851 -0.221143 16.9271 3.07152 16.3403 3.00133 5.42912
0.5 0.1 17.5827 2.76717 -0.475481 16.9107 2.6578 16.5059 2.63062 9.6092
0.5 0.15 17.8835 2.06607 -0.765526 17.0075 1.96214 16.697 1.95658 12.6369
0.5 0.2 18.1499 1.10597 -0.986665 17.1299 1.04204 16.8908 1.04531 14.448
0.5 0.25 18.256 -5.58064e-08 -1.0706 17.1843 -4.99122e-08 16.9706 -5.49037e-08 15.0578
0.5 0.3 18.1499 -1.10597 -0.986802 17.1299 -1.04204 16.8908 -1.04531 14.448
0.5 0.35 17.8835 -2.06607 -0.76498 17.0075 -1.96214 16.697 -1.95658 12.6369
0.5 0.4 17.5827 -2.76717 -0.477529 16.9107 -2.6578 16.5059 -2.63062 9.6092
0.5 0.45 17.365 -3.15851 -0.213497 16.9271 -3.07152 16.3403 -3.00133 5.42913
0.5 0.5 17.2934 -3.26107 -0.0301495 17.0091 -3.20505 16.2693 -3.08631 0.0556678
0.5 0.55 17.3681 -3.15881 0.153047 16.9269 -3.07157 16.3914 -3.00207 -5.31568
0.5 0.6 17.5906 -2.76791 0.416481 16.9105 -2.65782 16.5937 -2.63569 -9.49313
0.5 0.65 17.8966 -2.06699 0.703091 17.0076 -1.96217 16.8102 -1.9624 -12.5191
0.5 0.7 18.167 -1.10661 0.924175 17.1302 -1.04206 17.0188 -1.04897 -14.3284
0.5 0.75 18.2746 -1.90931e-07 1.00768 17.1846 -1.75408e-07 17.1035 -1.88468e-07 -14.9374
0.5 0.8 18.167 1.10661 0.924039 17.1302 1.04206 17.0188 1.04897 -14.3284
0.5 0.85 17.8966 2.06699 0.703637 17.0076 1.96217 16.8102 1.9624 -12.5191
0.5 0.9 17.5906 2.76791 0.414433 16.9105 2.65782 16.5937 2.63569 -9.49313
0.5 0.95 17.3681 3.15881 0.160693 16.9269 3.07157 16.3914 3.00207 -5.31568
0.5 1 17.2934 3.26107 -0.0586851 17.0091 3.20505 16.2666 3.08579 2.41143
0.55 0 17.2763 3.0893 -0.01651 16.9735 3.03122 16.3679 2.94298 -1.55564
0.55 0.05 17.9524 3.06722 -0.261453 17.5582 3.00311 15.2146 2.59435 6.76503
0.55 0.1 19.047 2.80038 -0.555014 18.4316 2.71323 14.8223 2.1798 11.4471
0.55 0.15 20.2929 2.18032 -0.882509 19.5104 2.09939 14.4595 1.55022 14.7853
0.55 0.2 21.2951 1.20266 -1.13492 20.3953 1.15382 14.3386 0.806204 16.703
0.55 0.25 21.6785 -1.1946e-07 -1.23051 20.738 -1.12916e-07 14.3109 -8.64324e-08 17.3291
0.55 0.3 21.2951 -1.20266 -1.13507 20.3953 -1.15382 14.3386 -0.806204 16.703
0.55 0.35 20.2929 -2.18032 -0.881893 19.5104 -2.09939 14.4595 -1.55022 14.7853
0.55 0.4 19.047 -2.80038 -0.557324 18.4316 -2.71323 14.8223 -2.1798 11.4471
0.55 0.45 17.9524 -3.06722 -0.25283 17.5582 -3.00311 15.2146 -2.59435 6.76503
0.55 0.5 17.2763 -3.0893 -0.0486915 16.9735 -3.03122 16.2047 -2.91364 0.718012
0.55 0.55 16.7608 -2.89382 0.110057 16.2617 -2.79608 17.3734 -3.03384 -3.75423
0.55 0.6 16.2292 -2.42161 0.301352 15.5289 -2.30904 17.9438 -2.71205 -6.99761
0.55 0.65 15.811 -1.72981 0.493691 14.9464 -1.62942 18.3044 -2.0289 -9.32193
0.55 0.7 15.5628 -0.897347 0.633167 14.5918 -0.838299 18.5134 -1.0815 -10.7443
0.55 0.75 15.4827 -6.95867e-09 0.684237 14.4749 -4.64924e-09 18.5854 -1.28629e-09 -11.225
0.55 0.8 15.5628 0.897347 0.633013 14.5918 0.838299 18.5134 1.0815 -10.7443
0.55 0.85 15.811 1.72981 0.494306 14.9464 1.62942 18.3044 2.0289 -9.32193
0.55 0.9 16.2292 2.42161 0.299042 15.5289 2.30904 17.9438 2.71205 -6.99761
0.55 0.95 16.7608 2.89382 0.11868 16.2617 2.79608 17.3734 3.03384 -3.75423
0.55 1 17.2763 3.0893 -0.080873 16.9735 3.03122 16.0415 2.88429 2.99166
0.6 0 17.2252 2.58847 -0.0345149 16.8815 2.53607 16.2367 2.44801 -0.741123
0.6 0.05 18.51 2.63865 -0.278695 18.1245 2.5912 14.184 1.98993 7.13368
0.6 0.1 20.4456 2.47184 -0.538331 19.919 2.41591 12.9323 1.52728 11.6772
0.6 0.15 22.6222 1.95856 -0.792316 22.0505 1.91708 11.433 0.942272 14.8387
0.6 0.2 24.3322 1.08445 -0.942903 23.7648 1.06486 10.3361 0.424628 16.3208
0.6 0.25 24.9721 -1.34924e-08 -0.987953 24.4173 -1.57079e-08 9.94238 7.91132e-09 16.592
0.6 0.3 24.3322 -1.08445 -0.943051 23.7648 -1.06486 10.3361 -0.424627 16.3208
0.6 0.35 22.6222 -1.95856 -0.791723 22.0505 -1.91708 11.433 -0.942272 14.8387
0.6 0.4 20.4456 -2.47184 -0.540551 19.919 -2.41591 12.9323 -1.52728 11.6772
0.6 0.45 18.51 -2.63865 -0.270404 18.1245 -2.5912 14.184 -1.98993 7.13368
0.6 0.5 17.2252 -2.58847 -0.0654562 16.8815 -2.53607 16.0986 -2.42719 1.15281
0.6 0.55 16.1686 -2.33872 0.0668527 15.6336 -2.2505 18.0796 -2.6476 -2.36622
0.6 0.6 15.1074 -1.8768 0.182451 14.4224 -1.78202 18.9415 -2.38531 -4.49135
0.6 0.65 14.2593 -1.29415 0.283105 13.4802 -1.21583 19.3604 -1.78013 -5.92641
0.6 0.7 13.7365 -0.656258 0.348937 12.9052 -0.612562 19.5377 -0.944908 -6.79804
0.6 0.75 13.5623 7.16036e-08 0.372264 12.7143 6.54405e-08 19.5888 1.10975e-07 -7.08817
0.6 0.8 13.7365 0.656258 0.348789 12.9052 0.612562 19.5377 0.944908 -6.79804
0.6 0.85 14.2593 1.29415 0.283697 13.4802 1.21583 19.3604 1.78013 -5.92641
0.6 0.9 15.1074 1.8768 0.18023 14.4224 1.78202 18.9415 2.38531 -4.49135
0.6 0.95 16.1686 2.33872 0.0751432 15.6336 2.2505 18.0796 2.6476 -2.36622
0.6 1 17.2252 2.58847 -0.0963973 16.8815 2.53607 15.9604 2.40636 3.04674
0.65 0 17.1536 1.84317 -0.0448334 16.7678 1.80271 15.944 1.71266 -0.196151
0.65 0.05 18.9824 1.92104 -0.241589 18.5973 1.88939 13.3999 1.31513 5.90466
0.65 0.1 21.5941 1.8064 -0.411769 21.1677 1.7795 11.0866 0.86642 9.52814
0.65 0.15 24.4307 1.39544 -0.519987 24.092 1.38512 8.1246 0.390574 11.9437
0.65 0.2 26.4735 0.726757 -0.508593 26.2544 0.726257 5.6101 0.101823 12.236
0.65 0.25 27.1523 2.48509e-07 -0.448755 26.9916 2.44666e-07 4.51396 5.32392e-08 10.9522
0.65 0.3 26.4735 -0.726757 -0.508708 26.2544 -0.726256 5.6101 -0.101823 12.236
0.65 0.35 24.4307 -1.39544 -0.519525 24.092 -1.38512 8.1246 -0.390574 11.9437
0.65 0.4 21.5941 -1.8064 -0.413501 21.1677 -1.7795 11.0866 -0.866419 9.52814
0.65 0.45 18.9824 -1.92104 -0.235124 18.5973 -1.88939 13.3999 -1.31513 5.90466
0.65 0.5 17.1536 -1.84317 -0.06896 16.7678 -1.80271 16.0379 -1.72273 1.13056
0.65 0.55 15.6721 -1.60992 0.0276594 15.1267 -1.54664 18.5042 -1.92196 -1.27418
0.65 0.6 14.3077 -1.25164 0.0833134 13.6583 -1.1864 19.6646 -1.74361 -2.37707
0.65 0.65 13.2664 -0.843429 0.121009 12.5744 -0.791994 20.2278 -1.30454 -3.01737
0.65 0.7 12.6382 -0.421809 0.13976 11.9317 -0.393962 20.4813 -0.693435 -3.34848
0.65 0.75 12.4308 5.33341e-08 0.145258 11.7217 4.68306e-08 20.5549 8.51142e-08 -3.44698
0.65 0.8 12.6382 0.42181 0.139644 11.9317 0.393962 20.4813 0.693435 -3.34848
0.65 0.85 13.2664 0.843429 0.121471 12.5744 0.791994 20.2278 1.30454 -3.01737
0.65 0.9 14.3077 1.25164 0.0815818 13.6583 1.1864 19.6646 1.74361 -2.37707
0.65 0.95 15.6721 1.60992 0.034124 15.1267 1.54664 18.5042 1.92196 -1.27418
0.65 1 17.1536 1.84317 -0.0930865 16.7678 1.80271 16.1317 1.73281 2.45727
0.7 0 17.0917 0.949808 -0.0412601 16.6754 0.928292 15.6687 0.862619 -0.0246806
0.7 0.05 19.3074 1.00172 -0.151924 18.9211 0.986774 12.9458 0.63505 3.26459
0.7 0.1 22.3502 0.927686 -0.228554 21.9945 0.919476 9.77437 0.346924 5.19139
0.7 0.15 25.5043 0.672521 -0.243554 25.3117 0.673432 5.65289 0.0828784 6.51613
0.7 0.2 27.488 0.301708 -0.153732 27.4389 0.30339 2.04538 -0.0117596 5.4692
0.7 0.25 27.9694 4.15023e-07 -0.0931318 27.9529 4.15071e-07 0.726169 5.20701e-08 3.51646
0.7 0.3 27.488 -0.301707 -0.153796 27.4389 -0.303389 2.04538 0.0117595 5.4692
0.7 0.35 25.5043 -0.67252 -0.2433 25.3117 -0.673431 5.65289 -0.0828779 6.51613
0.7 0.4 22.3502 -0.927686 -0.229508 21.9945 -0.919475 9.77436 -0.346925 5.19139
0.7 0.45 19.3074 -1.00172 -0.148364 18.9211 -0.986773 12.9458 -0.635045 3.26459
0.7 0.5 17.0917 -0.949808 -0.0545467 16.6754 -0.928292 16.0266 -0.882342 0.665486
0.7 0.55 15.3425 -0.810578 -0.00189006 14.8032 -0.779106 18.7117 -0.994256 -0.511135
0.7 0.6 13.8497 -0.619971 0.0163886 13.2299 -0.586984 20.1445 -0.911591 -0.901249
0.7 0.65 12.7519 -0.413737 0.0219253 12.1075 -0.38723 20.8903 -0.686785 -1.07415
0.7 0.7 12.1076 -0.20473 0.0186478 11.4575 -0.190805 21.274 -0.365357 -1.12373
0.7 0.75 11.9008 2.64171e-08 0.0164967 11.2481 2.42162e-08 21.3957 2.96927e-08 -1.13312
0.7 0.8 12.1076 0.20473 0.0185843 11.4575 0.190805 21.274 0.365357 -1.12373
0.7 0.85 12.7519 0.413737 0.0221796 12.1075 0.38723 20.8903 0.686785 -1.07415
0.7 0.9 13.8497 0.619971 0.015435 13.2299 0.586984 20.1445 0.911593 -0.90125
0.7 0.95 15.3425 0.810578 0.00166996 14.8032 0.779106 18.7117 0.99425 -0.511132
0.7 1 17.0917 0.949808 -0.067833 16.6754 0.928292 16.3846 0.90203 1.35566
0.75 0 17.0676 -0.000216161 -0.0297646 16.6397 0.000689428 15.562 -0.0137027 0.0574721
0.75 0.05 19.4265 -0.000516522 -0.0340993 19.038 0.000917604 12.8108 -0.0219522 0.0483482
0.75 0.1 22.6183 -0.000837149 -0.0398982 22.2844 0.00121279 9.35669 -0.0304925 0.0323374
0.75 0.15 25.8598 -0.000606264 -0.045661 25.7141 0.00102823 4.73994 -0.0307395 0.00746582
0.75 0.2 27.7083 -8.36147e-05 -0.0487257 27.6916 0.000378887 0.797156 -0.0151184 -0.00735112
0.75 0.25 28.1016 4.09485e-07 -0.0492788 28.1019 4.10361e-07 -0.183456 -2.02235e-07 -0.00952127
0.75 0.3 27.7083 8.44319e-05 -0.0487257 27.6916 -0.000378073 0.797158 0.015119 -0.00735146
0.75 0.35 25.8598 0.000607023 -0.0456608 25.7141 -0.00102746 4.73993 0.0307383 0.0074648
0.75 0.4 22.6183 0.000837778 -0.0398988 22.2844 -0.00121222 9.35671 0.030497 0.0323409
0.75 0.45 19.4265 0.000516981 -0.0340971 19.038 -0.000917003 12.8107 0.0219368 0.0483369
0.75 0.5 17.0676 0.000216401 -0.0297729 16.6397 -0.000689771 16.0328 0.0141728 0.0582411
0.75 0.55 15.2272 0.000123375 -0.0264439 14.6929 -0.000593535 18.7688 0.0101067 0.0661857
0.75 0.6 13.705 5.74653e-05 -0.0237825 13.0949 -0.000502201 20.3176 0.00698052 0.0716452
0.75 0.65 12.6055 -3.01925e-05 -0.0219329 11.9668 -0.000364602 21.1429 0.00398841 0.0748304
0.75 0.7 11.9753 -4.85221e-05 -0.020923 11.319 -0.000190827 21.5819 0.00173796 0.0764729
0.75 0.75 11.7769 3.82758e-08 -0.02062 11.1112 3.37894e-08 21.7231 1.0767e-07 0.077001
0.75 0.8 11.9753 4.8596e-05 -0.020923 11.319 0.000190902 21.5819 -0.001738 0.0764729
0.75 0.85 12.6055 3.02547e-05 -0.0219328 11.9668 0.000364645 21.1429 -0.00398757 0.0748303
0.75 0.9 13.705 -5.74141e-05 -0.0237831 13.0949 0.000502293 20.3176 -0.00698374 0.0716459
0.75 0.95 15.2272 -0.000123275 -0.0264417 14.6929 0.000593533 18.7687 -0.010091 0.0661754
0.75 1 17.0676 -0.000216161 -0.029781 16.6397 0.000689428 16.5031 -0.0145313 0.0589482
0.8 0 17.0918 -0.950135 -0.0183981 16.6754 -0.926952 15.6673 -0.88865 0.139921
0.8 0.05 19.3091 -1.00265 0.0841596 18.9211 -0.985032 12.9687 -0.675993 -3.16773
0.8 0.1 22.3532 -0.929212 0.149883 21.9945 -0.917139 9.81848 -0.40248 -5.12293
0.8 0.15 25.5079 -0.673719 0.153862 25.3117 -0.67137 5.71408 -0.136607 -6.4895
0.8 0.2 27.4904 -0.302017 0.0574483 27.4392 -0.302499 2.10097 -0.0163183 -5.4737
0.8 0.25 27.971 4.85321e-07 -0.00456729 27.9533 4.82536e-07 0.763558 4.3846e-07 -3.52733
0.8 0.3 27.4904 0.302018 0.0575119 27.4392 0.3025 2.10097 0.016317 -5.4737
0.8 0.35 25.5079 0.67372 0.153608 25.3117 0.671371 5.7141 0.136612 -6.48949
0.8 0.4 22.3532 0.929213 0.150835 21.9945 0.91714 9.8184 0.402466 -5.12294
0.8 0.45 19.3091 1.00265 0.0806024 18.9211 0.985032 12.969 0.676046 -3.16765
0.8 0.5 17.0918 0.950135 -0.00512469 16.6754 0.926954 16.0255 0.908837 -0.549906
0.8 0.55 15.3415 0.810702 -0.051453 14.8031 0.777889 18.7002 1.01347 0.64297
0.8 0.6 13.8483 0.620007 -0.0643 13.2298 0.585931 20.1302 0.925044 1.04355
0.8 0.65 12.7505 0.413682 -0.0657369 12.1075 0.386479 20.8751 0.694588 1.22232
0.8 0.7 12.1062 0.204659 -0.0599789 11.4574 0.190419 21.2589 0.368804 1.27469
0.8 0.75 11.8994 9.77459e-08 -0.0570118 11.248 9.73129e-08 21.3807 4.00122e-08 1.28492
0.8 0.8 12.1062 -0.204659 -0.0599154 11.4574 -0.190419 21.2589 -0.368803 1.27469
0.8 0.85 12.7505 -0.413682 -0.0659908 12.1075 -0.386479 20.8752 -0.69459 1.22232
0.8 0.9 13.8483 -0.620007 -0.0633474 13.2298 -0.585931 20.1301 -0.925034 1.04355
0.8 0.95 15.3415 -0.810701 -0.0550093 14.8031 -0.777888 18.7003 -1.01352 0.64299
0.8 1 17.0918 -0.950135 0.00814921 16.6754 -0.926952 16.3852 -0.929371 -1.23945
0.85 0 17.1537 -1.84325 -0.0147955 16.7678 -1.8015 15.9372 -1.7334 0.311472
0.85 0.05 18.9853 -1.92173 0.175231 18.5973 -1.88789 13.443 -1.34857 -5.80576
0.85 0.1 21.5999 -1.80764 0.335415 21.1676 -1.77739 11.1648 -0.910007 -9.44889
0.85 0.15 24.4387 -1.39645 0.432416 24.0919 -1.38306 8.22945 -0.429549 -11.8927
0.85 0.2 26.4815 -0.727071 0.412689 26.2543 -0.725047 5.72676 -0.123636 -12.2104
0.85 0.25 27.1594 8.76264e-07 0.350009 26.9918 8.80509e-07 4.62595 -9.30719e-07 -10.9385
0.85 0.3 26.4815 0.727073 0.412804 26.2543 0.725049 5.72678 0.12364 -12.2104
0.85 0.35 24.4387 1.39645 0.431954 24.0919 1.38307 8.22938 0.429537 -11.8927
0.85 0.4 21.5999 1.80764 0.337145 21.1676 1.77739 11.1651 0.910054 -9.44881
0.85 0.45 18.9853 1.92173 0.168768 18.5973 1.8879 13.442 1.3484 -5.80615
0.85 0.5 17.1537 1.84325 0.00932824 16.7678 1.80149 16.0361 1.74437 -1.01693
0.85 0.55 15.6703 1.60973 -0.0820647 15.1267 1.54538 18.4814 1.93839 1.40413
0.85 0.6 14.3048 1.2514 -0.133208 13.6582 1.18523 19.6332 1.75529 2.51615
0.85 0.65 13.2627 0.84319 -0.167902 12.5743 0.79115 20.1922 1.31137 3.16109
0.85 0.7 12.6342 0.421661 -0.18513 11.9316 0.39353 20.4439 0.696505 3.49388
0.85 0.75 12.4266 1.88567e-07 -0.190189 11.7215 1.7119e-07 20.5171 9.34439e-07 3.59277
0.85 0.8 12.6342 -0.421661 -0.185015 11.9316 -0.393529 20.4439 -0.696507 3.49388
0.85 0.85 13.2627 -0.84319 -0.168364 12.5743 -0.79115 20.1921 -1.31136 3.1611
0.85 0.9 14.3048 -1.2514 -0.131476 13.6582 -1.18523 19.6333 -1.75533 2.51613
0.85 0.95 15.6703 -1.60973 -0.088529 15.1267 -1.54538 18.4807 -1.93824 1.4041
0.85 1 17.1537 -1.84325 0.0334518 16.7678 -1.8015 16.1292 -1.75429 -2.34674
0.9 0 17.2253 -2.58831 -0.0260735 16.8814 -2.53505 16.2411 -2.46387 0.857691
0.9 0.05 18.5134 -2.63908 0.21376 18.1244 -2.59008 14.2334 -2.01214 -7.03405
0.9 0.1 20.4534 -2.47285 0.467873 19.9188 -2.4143 13.0293 -1.5573 -11.5845
0.9 0.15 22.6343 -1.95959 0.716705 22.0503 -1.91546 11.5609 -0.968153 -14.7607
0.9 0.2 24.3472 -1.08499 0.863657 23.7646 -1.06384 10.4831 -0.439016 -16.2531
0.9 0.25 24.9878 1.36662e-06 0.907402 24.4171 1.30161e-06 10.0969 3.34433e-06 -16.5284
0.9 0.3 24.3472 1.085 0.863805 23.7646 1.06384 10.483 0.439006 -16.2531
0.9 0.35 22.6343 1.95959 0.716112 22.0503 1.91547 11.5611 0.968193 -14.7606
0.9 0.4 20.4534 2.47286 0.470093 19.9188 2.41431 13.0284 1.55715 -11.5849
0.9 0.45 18.5134 2.63908 0.205468 18.1244 2.59008 14.237 2.0127 -7.03221
0.9 0.5 17.2253 2.58831 0.0048634 16.8815 2.53507 16.0963 2.44203 -1.04094
0.9 0.55 16.1662 2.33825 -0.123461 15.6337 2.24935 18.046 2.65981 2.49261
0.9 0.6 15.1027 1.87625 -0.233505 14.4224 1.78087 18.8902 2.39366 4.62517
0.9 0.65 14.2526 1.29365 -0.327929 13.4801 1.21498 19.2988 1.78472 6.0637
0.9 0.7 13.7286 0.65597 -0.388753 12.905 0.612125 19.4705 0.946847 6.93626
0.9 0.75 13.554 2.18062e-07 -0.410147 12.7141 2.3173e-07 19.5199 -2.04292e-06 7.22653
0.9 0.8 13.7286 -0.655969 -0.388606 12.905 -0.612125 19.4705 -0.946837 6.93627
0.9 0.85 14.2526 -1.29365 -0.32852 13.4801 -1.21498 19.299 -1.78474 6.06365
0.9 0.9 15.1027 -1.87625 -0.231286 14.4224 -1.78087 18.8896 -2.39356 4.62532
0.9 0.95 16.1662 -2.33825 -0.131747 15.6337 -2.24935 18.0486 -2.66024 2.49249
0.9 1 17.2253 -2.58831 0.0358005 16.8814 -2.53505 15.973 -2.4232 -2.93356
0.95 0 17.2764 -3.08908 -0.0414894 16.9738 -3.03066 16.3228 -2.94558 1.6683
0.95 0.05 17.9559 -3.06745 0.200225 17.558 -3.00246 15.2825 -2.60695 -6.65169
0.95 0.1 19.0555 -2.80118 0.483941 18.4315 -2.71236 14.9169 -2.19574 -11.344
0.95 0.15 20.307 -2.18134 0.79586 19.5104 -2.09858 14.5888 -1.56503 -14.6838
0.95 0.2 21.3137 -1.20336 1.03358 20.3954 -1.15333 14.486 -0.814549 -16.6028
0.95 0.25 21.6988 1.33023e-06 1.12313 20.7381 1.37419e-06 14.4648 -7.98443e-06 -17.2291
0.95 0.3 21.3137 1.20337 1.03373 20.3954 1.15334 14.4862 0.814586 -16.6028
0.95 0.35 20.307 2.18134 0.795243 19.5104 2.09858 14.588 1.56491 -14.6841
0.95 0.4 19.0555 2.80118 0.48625 18.4314 2.71236 14.9201 2.19621 -11.3425
0.95 0.45 17.9559 3.06746 0.191602 17.5581 3.00248 15.2699 2.60532 -6.6587
0.95 0.5 17.2764 3.08908 -0.00930436 16.9736 3.03061 16.2029 2.92098 -0.60683
0.95 0.55 16.758 2.89329 -0.167146 16.2619 2.79533 17.33 3.04047 3.87503
0.95 0.6 16.2226 2.42088 -0.362239 15.5289 2.30826 17.8727 2.71503 7.12388
0.95 0.65 15.8008 1.72907 -0.563834 14.9463 1.62881 18.2153 2.0294 9.45121
0.95 0.7 15.5501 0.896876 -0.71311 14.5915 0.837974 18.4142 1.08122 10.8749
0.95 0.75 15.4691 9.96976e-08 -0.768398 14.4745 4.02209e-08 18.4829 8.4889e-06 11.3561
0.95 0.8 15.5501 -0.896876 -0.712956 14.5915 -0.837973 18.4143 -1.08124 10.8749
0.95 0.85 15.8008 -1.72907 -0.564451 14.9463 -1.62881 18.2146 -2.0293 9.45142
0.95 0.9 16.2226 -2.42088 -0.35993 15.5289 -2.30825 17.8753 -2.71535 7.1232
0.95 0.95 16.758 -2.89329 -0.175772 16.262 -2.79534 17.3199 -3.03922 3.87598
0.95 1 17.2764 -3.08908 0.0228817 16.9738 -3.03066 16.0018 -2.88765 -2.90509
1 0 17.2934 -3.26107 -0.0669006 17.0079 -3.20484 16.35 -3.08823 2.9527
1 0.05 17.3681 -3.1588 0.155958 16.9272 -3.0716 16.4225 -3.01108 -5.10549
1 0.1 17.5906 -2.7679 0.4318 16.9105 -2.65781 16.4098 -2.60607 -10.1195
1 0.15 17.8966 -2.06699 0.76227 17.0076 -1.96217 16.2375 -1.89549 -13.9861
1 0.2 18.167 -1.10661 1.02358 17.1302 -1.04206 16.1722 -0.99685 -16.3559
1 0.25 18.2746 8.29173e-07 1.12444 17.1846 4.9214e-07 16.1557 2.86607e-05 -17.1625
1 0.3 18.167 1.10661 1.02371 17.1302 1.04206 16.1716 0.996745 -16.356
1 0.35 17.8966 2.06699 0.761725 17.0076 1.96217 16.2402 1.89585 -13.9852
1 0.4 17.5906 2.76791 0.433845 16.9105 2.65782 16.3993 2.60482 -10.123
1 0.45 17.3681 3.15881 0.148313 16.9269 3.07157 16.4621 3.01502 -5.09422
1 0.5 17.2934 3.26107 -0.0383686 17.0091 3.20505 16.2675 3.08596 0.6733
1 0.55 17.365 3.15851 -0.218265 16.9271 3.07152 16.2681 2.98808 5.65037
1 0.6 17.5827 2.76717 -0.460107 16.9107 2.6578 16.701 2.66171 8.98178
1 0.65 17.8835 2.06607 -0.706195 17.0075 1.96214 17.2677 2.02344 11.1775
1 0.7 18.1499 1.10597 -0.887049 17.1299 1.04204 17.7376 1.09773 12.4304
1 0.75 18.256 -3.13617e-07 -0.953606 17.1843 -3.89165e-08 17.9175 -3.1274e-05 12.8439
1 0.8 18.1499 -1.10597 -0.886912 17.1299 -1.04204 17.7369 -1.09761 12.4306
1 0.85 17.8835 -2.06607 -0.706742 17.0075 -1.96214 17.2704 -2.02381 11.1764
1 0.9 17.5827 -2.76717 -0.458054 16.9107 -2.65781 16.6902 -2.66046 8.98647
1 0.95 17.365 -3.15852 -0.225937 16.9269 -3.07149 16.3099 -2.99221 5.63316
1 1 17.2934 -3.26107 -0.00984208 17.0079 -3.20484 16.4882 -3.11434 -1.67418
