0 25.5188 1.70255 78.3084 0
0.0025 24.7405 1.66405 77.832 0
0.005 23.9793 1.61046 77.2275 0
0.0075 23.2351 1.56171 76.6226 0
0.01 22.5079 1.51252 76.0175 0
0.0125 21.7977 1.46435 75.4122 0
0.015 21.1044 1.41685 74.807 0
0.0175 20.4279 1.37017 74.2021 0
0.02 19.7682 1.3243 73.5975 0
0.0225 19.125 1.27929 72.9935 0
0.025 18.4983 1.23514 72.3903 0
0.0275 17.8879 1.19188 71.7879 0
0.03 17.2938 1.14953 71.1866 0
0.0325 16.7156 1.10811 70.5866 0
0.035 16.1532 1.06763 69.9879 0
0.0375 15.6065 1.02811 69.3908 0
0.04 15.0753 0.989542 68.7954 0
0.0425 14.5593 0.951944 68.202 0
0.045 14.0583 0.915318 67.6105 0
0.0475 13.572 0.879667 67.0213 0
0.05 13.1004 0.844991 66.4345 0
0.0525 12.643 0.811289 65.8502 0
0.055 12.1997 0.778557 65.2686 0
0.0575 11.7702 0.746791 64.6898 0
0.06 11.3543 0.715984 64.1141 0
0.0625 10.9516 0.686129 63.5416 0
0.065 10.562 0.657216 62.9724 0
0.0675 10.1851 0.629234 62.4067 0
0.07 9.82064 0.602171 61.8446 0
0.0725 9.46843 0.576016 61.2864 0
0.075 9.12813 0.550753 60.7321 0
0.0775 8.79948 0.526368 60.1819 0
0.08 8.4822 0.502845 59.636 0
0.0825 8.17601 0.480167 59.0945 0
0.085 7.88063 0.458318 58.5576 0
0.0875 7.59579 0.43728 58.0254 0
0.09 7.32121 0.417034 57.498 0
0.0925 7.05661 0.397561 56.9757 0
0.095 6.80172 0.378843 56.4585 0
0.0975 6.55628 0.36086 55.9465 0
0.1 6.32002 0.343592 55.44 0
0.1025 6.09266 0.32702 54.9391 0
0.105 5.87396 0.311123 54.4438 0
0.1075 5.66365 0.295882 53.9544 0
0.11 5.46148 0.281276 53.471 0
0.1125 5.2672 0.267285 52.9936 0
0.115 5.08057 0.25389 52.5225 0
0.1175 4.90133 0.241071 52.0578 0
0.12 4.72927 0.228808 51.5995 0
0.1225 4.56414 0.217081 51.1478 0
0.125 4.40571 0.205871 50.7029 0
0.1275 4.25378 0.19516 50.2648 0
0.13 4.10811 0.184928 49.8337 0
0.1325 3.9685 0.175157 49.4097 0
0.135 3.83474 0.165829 48.9929 0
0.1375 3.70663 0.156927 48.5833 0
0.14 3.58397 0.148433 48.1813 0
0.1425 3.46658 0.140329 47.7867 0
0.145 3.35427 0.132601 47.3998 0
0.1475 3.24686 0.12523 47.0206 0
0.15 3.14417 0.118202 46.6493 0
0.1525 3.04604 0.111501 46.286 0
0.155 2.95231 0.105112 45.9307 0
0.1575 2.86282 0.0990208 45.5836 0
0.16 2.77741 0.0932127 45.2447 0
0.1625 2.69594 0.0876743 44.9142 0
0.165 2.61827 0.0823919 44.5922 0
0.1675 2.54426 0.0773528 44.2787 0
0.17 2.47379 0.0725443 43.9739 0
0.1725 2.40672 0.0679541 43.6778 0
0.175 2.34295 0.0635703 43.3905 0
0.1775 2.28235 0.0593813 43.1123 0
0.18 2.22481 0.055376 42.843 0
0.1825 2.17024 0.0515435 42.5829 0
0.185 2.11853 0.0478731 42.332 0
0.1875 2.0696 0.0443545 42.0905 0
0.19 2.02335 0.0409777 41.8584 0
0.1925 1.9797 0.0377329 41.6359 0
0.195 1.93857 0.0346107 41.4231 0
0.1975 1.8999 0.0316018 41.2201 0
0.2 1.86361 0.0286973 41.027 0
0.2025 1.82965 0.0258887 40.8439 0
0.205 1.79795 0.0231676 40.671 0
0.2075 1.76846 0.0205264 40.5084 0
0.21 1.74114 0.0179576 40.3561 0
0.2125 1.71594 0.0154547 40.2144 0
0.215 1.69282 0.0130119 40.0834 0
0.2175 1.67174 0.0106241 39.963 0
0.22 1.65268 0.00828773 39.8534 0
0.2225 1.63558 0.00600075 39.7547 0
0.225 1.62043 0.00376292 39.6667 0
0.2275 1.60717 0.00157639 39.5895 0
0.23 1.59577 -0.000553837 39.5229 0
0.2325 1.58617 -0.00261937 39.4666 0
0.235 1.57831 -0.00460775 39.4203 0
0.2375 1.57211 -0.00650173 39.3835 0
0.24 1.56747 -0.00827844 39.3554 0
0.2425 1.56425 -0.00990905 39.3352 0
0.245 1.5623 -0.0113587 39.3219 0
0.2475 1.56138 -0.0125953 39.3143 0
0.25 1.56119 -0.013607 39.3116 0
0.2525 1.56133 -0.0146133 39.3134 0
0.255 1.56217 -0.0158508 39.3201 0
0.2575 1.56403 -0.0173223 39.3326 0
0.26 1.56712 -0.0189984 39.352 0
0.2625 1.57163 -0.0208472 39.3791 0
0.265 1.57768 -0.0228416 39.4151 0
0.2675 1.58539 -0.0249604 39.4605 0
0.27 1.59483 -0.0271873 39.5159 0
0.2725 1.60606 -0.0295108 39.5816 0
0.275 1.61915 -0.0319233 39.658 0
0.2775 1.63413 -0.0344203 39.745 0
0.28 1.65104 -0.0370002 39.8429 0
0.2825 1.66992 -0.0396637 39.9515 0
0.285 1.69081 -0.0424134 40.071 0
0.2875 1.71373 -0.0452536 40.2012 0
0.29 1.73873 -0.0481896 40.3419 0
0.2925 1.76584 -0.051228 40.4933 0
0.295 1.79512 -0.0543762 40.655 0
0.2975 1.8266 -0.0576422 40.8269 0
0.3 1.86033 -0.0610349 41.0091 0
0.3025 1.89639 -0.0645633 41.2012 0
0.305 1.93481 -0.0682371 41.4033 0
0.3075 1.97568 -0.0720664 41.6151 0
0.31 2.01907 -0.0760616 41.8367 0
0.3125 2.06505 -0.0802337 42.0678 0
0.315 2.11369 -0.0845938 42.3083 0
0.3175 2.1651 -0.0891535 42.5582 0
0.32 2.21937 -0.0939248 42.8173 0
0.3225 2.27658 -0.0989202 43.0856 0
0.325 2.33684 -0.104152 43.3629 0
0.3275 2.40027 -0.109635 43.6491 0
0.33 2.46698 -0.115381 43.9443 0
0.3325 2.53708 -0.121405 44.2481 0
0.335 2.6107 -0.127721 44.5607 0
0.3375 2.68797 -0.134346 44.8818 0
0.34 2.76903 -0.141294 45.2114 0
0.3425 2.85402 -0.148583 45.5494 0
0.345 2.9431 -0.156228 45.8956 0
0.3475 3.0364 -0.164248 46.2501 0
0.35 3.1341 -0.172661 46.6127 0
0.3525 3.23636 -0.181486 46.9834 0
0.355 3.34335 -0.190742 47.362 0
0.3575 3.45525 -0.200446 47.7484 0
0.36 3.57225 -0.210626 48.1426 0
0.3625 3.69456 -0.221314 48.5445 0
0.365 3.82241 -0.232535 48.9539 0
0.3675 3.95602 -0.244314 49.3708 0
0.37 4.09563 -0.256683 49.795 0
0.3725 4.24149 -0.269668 50.2264 0
0.375 4.39385 -0.283286 50.6648 0
0.3775 4.55292 -0.297556 51.11 0
0.38 4.71893 -0.312491 51.5606 0
0.3825 4.89213 -0.328156 52.0078 0
0.385 5.07275 -0.34457 52.4788 0
0.3875 5.26105 -0.361703 52.9598 0
0.39 5.45731 -0.379595 53.4448 0
0.3925 5.66179 -0.398292 53.9356 0
0.395 5.8748 -0.417829 54.4326 0
0.3975 6.09663 -0.438245 54.9358 0
0.4 6.32759 -0.459575 55.4453 0
0.4025 6.56798 -0.481857 55.9612 0
0.405 6.81807 -0.505126 56.4837 0
0.4075 7.07809 -0.529391 57.013 0
0.41 7.34808 -0.554624 57.5511 0
0.4125 7.62798 -0.580662 58.0965 0
0.415 7.91791 -0.608127 58.647 0
0.4175 8.21861 -0.637552 59.5197 0
0.42 8.53111 -0.66603 60.4113 0
0.4225 8.85606 -0.692723 59.9424 0
0.425 9.19347 -0.721659 61.2356 0
0.4275 9.54388 -0.755181 61.3898 0
0.43 9.90758 -0.791228 62.0798 0
0.4325 10.285 -0.828016 62.5712 0
0.435 10.6764 -0.865886 63.1566 0
0.4375 11.0823 -0.904962 63.7345 0
0.44 11.503 -0.945368 64.3237 0
0.4425 11.9388 -0.987094 64.9174 0
0.445 12.3901 -1.03015 65.5165 0
0.4475 12.857 -1.07451 66.1203 0
0.45 13.3399 -1.1201 66.7282 0
0.4525 13.8386 -1.16683 67.3399 0
0.455 14.3533 -1.21459 67.9549 0
0.4575 14.8838 -1.26308 68.574 0
0.46 15.4297 -1.3123 69.195 0
0.4625 15.991 -1.36222 69.8187 0
0.465 16.5672 -1.41251 70.4441 0
0.4675 17.1578 -1.46289 71.0708 0
0.47 17.762 -1.51384 71.6983 0
0.4725 18.3787 -1.56272 72.3259 0
0.475 19.0076 -1.61811 72.9523 0
0.4775 19.6489 -1.65914 73.5762 0
0.48 20.3041 -1.73487 74.1955 0
0.4825 20.9959 -1.78978 74.8079 0
0.485 21.6869 -1.81373 75.4136 0
0.4875 22.3799 -1.87188 76.0157 0
0.49 23.081 -1.91962 76.6155 0
0.4925 23.7937 -1.97207 77.2104 0
0.495 24.5201 -2.02478 77.8023 0
0.4975 25.2598 -2.0795 78.3887 0
0.5 26.0104 -2.12823 78.9706 0
0.5025 26.764 -2.18078 79.5483 0
0.505 27.5416 -2.2428 80.1223 0
0.5075 28.3361 -2.30628 80.6928 0
0.51 29.148 -2.36729 81.2604 0
0.5125 29.9685 -2.42874 81.8257 0
0.515 30.8105 -2.49785 82.3893 0
0.5175 31.6733 -2.56872 82.9516 0
0.52 32.5553 -2.64051 83.5127 0
0.5225 33.456 -2.71299 84.0734 0
0.525 34.3746 -2.78578 84.6333 0
0.5275 35.3108 -2.85872 85.1926 0
0.53 36.2641 -2.93165 85.7512 0
0.5325 37.2339 -3.00445 86.309 0
0.535 38.22 -3.07702 86.8658 0
0.5375 39.2219 -3.14926 87.4214 0
0.54 40.2391 -3.22109 87.9756 0
0.5425 41.2712 -3.2924 88.5279 0
0.545 42.3178 -3.36313 89.0782 0
0.5475 43.3783 -3.43316 89.6261 0
0.55 44.4523 -3.50241 90.1715 0
0.5525 45.5392 -3.57079 90.7139 0
0.555 46.6385 -3.63818 91.2533 0
0.5575 47.7497 -3.70451 91.7893 0
0.56 48.8722 -3.76965 92.3217 0
0.5625 50.0054 -3.8335 92.8503 0
0.565 51.1486 -3.89594 93.3749 0
0.5675 52.3012 -3.95684 93.8952 0
0.57 53.4625 -4.01608 94.4111 0
0.5725 54.6317 -4.07328 94.9222 0
0.575 55.8077 -4.12868 95.4285 0
0.5775 56.9905 -4.18245 95.9297 0
0.58 58.1792 -4.23413 96.4255 0
0.5825 59.373 -4.28361 96.9156 0
0.585 60.571 -4.33079 97.3994 0
0.5875 61.7724 -4.37562 97.8789 0
0.59 62.9762 -4.41796 98.363 0
0.5925 64.1816 -4.45708 98.8383 0
0.595 65.3873 -4.49339 99.3077 0
0.5975 66.5932 -4.52694 99.7691 0
0.6 67.7979 -4.55745 100.224 0
0.6025 69.0011 -4.58522 100.672 0
0.605 70.2017 -4.6098 101.113 0
0.6075 71.3989 -4.63112 101.547 0
0.61 72.5916 -4.64908 101.975 0
0.6125 73.7788 -4.66359 102.396 0
0.615 74.9596 -4.67457 102.809 0
0.6175 76.133 -4.68194 103.216 0
0.62 77.2981 -4.68563 103.615 0
0.6225 78.4538 -4.68556 104.007 0
0.625 79.5991 -4.68166 104.391 0
0.6275 80.7331 -4.67389 104.768 0
0.63 81.8548 -4.6622 105.137 0
0.6325 82.9632 -4.64652 105.498 0
0.635 84.0573 -4.62684 105.852 0
0.6375 85.1362 -4.60311 106.198 0
0.64 86.1988 -4.57532 106.535 0
0.6425 87.2443 -4.54344 106.865 0
0.645 88.2717 -4.50749 107.186 0
0.6475 89.28 -4.46745 107.5 0
0.65 90.2684 -4.42334 107.804 0
0.6525 91.2359 -4.37519 108.101 0
0.655 92.1817 -4.32302 108.389 0
0.6575 93.105 -4.26688 108.668 0
0.66 94.0048 -4.20682 108.939 0
0.6625 94.8804 -4.14291 109.201 0
0.665 95.731 -4.07522 109.454 0
0.6675 96.556 -4.00383 109.699 0
0.67 97.3545 -3.92885 109.935 0
0.6725 98.1259 -3.8504 110.162 0
0.675 98.8697 -3.76858 110.38 0
0.6775 99.5853 -3.68355 110.589 0
0.68 100.272 -3.59546 110.789 0
0.6825 100.93 -3.50447 110.981 0
0.685 101.558 -3.41077 111.163 0
0.6875 102.155 -3.31454 111.337 0
0.69 102.723 -3.216 111.502 0
0.6925 103.26 -3.11536 111.658 0
0.695 103.767 -3.01289 111.805 0
0.6975 104.243 -2.90881 111.943 0
0.7 104.688 -2.80342 112.073 0
0.7025 105.103 -2.69698 112.195 0
0.705 105.487 -2.58982 112.308 0
0.7075 105.841 -2.48223 112.413 0
0.71 106.166 -2.37456 112.51 0
0.7125 106.461 -2.26714 112.599 0
0.715 106.727 -2.16035 112.68 0
0.7175 106.966 -2.05456 112.754 0
0.72 107.177 -1.95016 112.82 0
0.7225 107.362 -1.84754 112.88 0
0.725 107.522 -1.74713 112.933 0
0.7275 107.657 -1.64933 112.979 0
0.73 107.77 -1.55458 113.019 0
0.7325 107.862 -1.46328 113.054 0
0.735 107.934 -1.37584 113.083 0
0.7375 107.989 -1.29262 113.108 0
0.74 108.027 -1.21394 113.127 0
0.7425 108.052 -1.14001 113.142 0
0.745 108.065 -1.07089 113.153 0
0.7475 108.071 -1.00631 113.16 0
0.75 108.072 -0.945451 113.163 0
0.7525 108.071 -0.884997 113.162 0
0.755 108.067 -0.821156 113.158 0
0.7575 108.056 -0.752629 113.149 0
0.76 108.034 -0.679099 113.137 0
0.7625 107.999 -0.600534 113.119 0
0.765 107.949 -0.517102 113.097 0
0.7675 107.882 -0.429073 113.071 0
0.77 107.795 -0.336783 113.038 0
0.7725 107.687 -0.240605 113 0
0.775 107.557 -0.14093 112.956 0
0.7775 107.403 -0.0381566 112.905 0
0.78 107.225 0.0673159 112.848 0
0.7825 107.02 0.175093 112.784 0
0.785 106.788 0.284788 112.712 0
0.7875 106.529 0.396023 112.633 0
0.79 106.24 0.508435 112.547 0
0.7925 105.923 0.621668 112.452 0
0.795 105.576 0.735383 112.349 0
0.7975 105.199 0.849253 112.238 0
0.8 104.792 0.962963 112.119 0
0.8025 104.354 1.07622 111.991 0
0.805 103.885 1.18872 111.854 0
0.8075 103.386 1.30021 111.709 0
0.81 102.856 1.41043 111.555 0
0.8125 102.295 1.51913 111.392 0
0.815 101.704 1.62608 111.22 0
0.8175 101.083 1.73107 111.04 0
0.82 100.432 1.83389 110.85 0
0.8225 99.7514 1.93435 110.652 0
0.825 99.0421 2.03229 110.444 0
0.8275 98.3044 2.12753 110.228 0
0.83 97.5388 2.21992 110.003 0
0.8325 96.7459 2.30934 109.769 0
0.835 95.9264 2.39565 109.526 0
0.8375 95.0809 2.47874 109.274 0
0.84 94.2102 2.55851 109.013 0
0.8425 93.315 2.63487 108.744 0
0.845 92.3961 2.70774 108.466 0
0.8475 91.4543 2.77705 108.179 0
0.85 90.4905 2.84275 107.884 0
0.8525 89.5055 2.90478 107.58 0
0.855 88.5003 2.96311 107.268 0
0.8575 87.4756 3.0177 106.947 0
0.86 86.4325 3.06854 106.619 0
0.8625 85.3719 3.11562 106.282 0
0.865 84.2948 3.15894 105.937 0
0.8675 83.202 3.19849 105.584 0
0.87 82.0946 3.23429 105.223 0
0.8725 80.9734 3.26636 104.854 0
0.875 79.8396 3.29472 104.477 0
0.8775 78.6941 3.31942 104.093 0
0.88 77.5378 3.34049 103.701 0
0.8825 76.3717 3.35797 103.302 0
0.885 75.1969 3.37193 102.896 0
0.8875 74.0142 3.38241 102.482 0
0.89 72.8246 3.38947 102.061 0
0.8925 71.6291 3.3932 101.634 0
0.895 70.4286 3.39365 101.199 0
0.8975 69.2241 3.3909 100.758 0
0.9 68.0165 3.38503 100.31 0
0.9025 66.8067 3.37613 99.855 0
0.905 65.5956 3.36429 99.3939 0
0.9075 64.3841 3.34959 98.9266 0
0.91 63.1731 3.33212 98.4531 0
0.9125 61.9634 3.31199 97.9735 0
0.915 60.7558 3.28929 97.488 0
0.9175 59.5512 3.26411 96.9966 0
0.92 58.3504 3.23657 96.4996 0
0.9225 57.1541 3.20676 95.9971 0
0.925 55.9632 3.17479 95.4891 0
0.9275 54.7783 3.14076 94.9759 0
0.93 53.6001 3.10477 94.4575 0
0.9325 52.4295 3.06694 93.9341 0
0.935 51.2669 3.02737 93.4058 0
0.9375 50.1132 2.98617 92.8728 0
0.94 48.9689 2.94344 92.3352 0
0.9425 47.8345 2.89929 91.7931 0
0.945 46.7108 2.85382 91.2467 0
0.9475 45.5982 2.80713 90.6961 0
0.95 44.4973 2.75934 90.1415 0
0.9525 43.4085 2.71053 89.583 0
0.955 42.3324 2.66082 89.0208 0
0.9575 41.2694 2.6103 88.455 0
0.96 40.2199 2.55906 87.8857 0
0.9625 39.1844 2.5072 87.3132 0
0.965 38.1631 2.45482 86.7375 0
0.9675 37.1565 2.402 86.1588 0
0.97 36.1649 2.34884 85.5774 0
0.9725 35.1885 2.29541 84.9932 0
0.975 34.2277 2.24181 84.4065 0
0.9775 33.2827 2.18811 83.8174 0
0.98 32.3538 2.13439 83.2262 0
0.9825 31.441 2.08072 82.6329 0
0.985 30.5447 2.02719 82.0377 0
0.9875 29.665 1.97383 81.4408 0
0.99 28.802 1.92082 80.8423 0
0.9925 27.9557 1.86783 80.2424 0
0.995 27.1264 1.81635 79.6412 0
0.9975 26.3141 1.76112 79.039 0
1 25.5188 1.72207 78.5634 0
