0 19.0076 1.59334 17.5996 19.4073 0
0.0025 18.9298 1.58354 17.5351 19.5866 0
0.005 18.8523 1.56993 17.4476 20.3174 0
0.0075 18.7752 1.55984 17.3618 20.471 0
0.01 18.6985 1.54762 17.2763 20.6591 0
0.0125 18.6223 1.53533 17.1916 20.8357 0
0.015 18.5465 1.52227 17.1079 21.012 0
0.0175 18.4712 1.50868 17.025 21.1857 0
0.02 18.3965 1.49452 16.9432 21.3573 0
0.0225 18.3223 1.47983 16.8623 21.5269 0
0.025 18.2488 1.46462 16.7825 21.6943 0
0.0275 18.1758 1.44893 16.7037 21.8597 0
0.03 18.1035 1.43276 16.626 22.0231 0
0.0325 18.0319 1.41616 16.5493 22.1844 0
0.035 17.961 1.39914 16.4738 22.3437 0
0.0375 17.8908 1.38173 16.3993 22.501 0
0.04 17.8214 1.36395 16.326 22.6565 0
0.0425 17.7527 1.34582 16.2538 22.8091 0
0.045 17.6849 1.32737 16.1827 22.9604 0
0.0475 17.6178 1.30862 16.1127 23.1097 0
0.05 17.5516 1.2896 16.0439 23.2569 0
0.0525 17.4862 1.27032 15.9762 23.4021 0
0.055 17.4217 1.25081 15.9096 23.5454 0
0.0575 17.3581 1.2311 15.8442 23.6866 0
0.06 17.2954 1.21119 15.7799 23.8259 0
0.0625 17.2335 1.19112 15.7167 23.9632 0
0.065 17.1727 1.1709 15.6546 24.0985 0
0.0675 17.1127 1.15056 15.5937 24.2319 0
0.07 17.0537 1.13012 15.5338 24.3633 0
0.0725 16.9957 1.10959 15.4751 24.4925 0
0.075 16.9386 1.089 15.4174 24.6199 0
0.0775 16.8825 1.06836 15.3608 24.7455 0
0.08 16.8274 1.04769 15.3053 24.869 0
0.0825 16.7733 1.02701 15.2508 24.9906 0
0.085 16.7202 1.00634 15.1974 25.1102 0
0.0875 16.6681 0.985688 15.1451 25.2279 0
0.09 16.6169 0.965079 15.0937 25.3436 0
0.0925 16.5668 0.944525 15.0434 25.4574 0
0.095 16.5177 0.924042 14.9941 25.5694 0
0.0975 16.4697 0.903643 14.9457 25.6794 0
0.1 16.4226 0.883343 14.8984 25.7876 0
0.1025 16.3765 0.863155 14.8519 25.8939 0
0.105 16.3315 0.843092 14.8065 25.9984 0
0.1075 16.2875 0.823166 14.762 26.101 0
0.11 16.2444 0.803388 14.7183 26.2009 0
0.1125 16.2024 0.783769 14.6756 26.3008 0
0.115 16.1614 0.764318 14.6338 26.3981 0
0.1175 16.1214 0.745045 14.5929 26.4936 0
0.12 16.0823 0.725959 14.5529 26.5873 0
0.1225 16.0443 0.707066 14.5137 26.6793 0
0.125 16.0072 0.688375 14.4753 26.7695 0
0.1275 15.9711 0.669893 14.4378 26.858 0
0.13 15.9359 0.651617 14.4012 26.9448 0
0.1325 15.9017 0.633581 14.3653 27.0299 0
0.135 15.8685 0.615685 14.3303 27.1133 0
0.1375 15.8362 0.598324 14.296 27.195 0
0.14 15.8048 0.580576 14.2626 27.2749 0
0.1425 15.7744 0.562949 14.23 27.3531 0
0.145 15.7449 0.546187 14.1981 27.4301 0
0.1475 15.7163 0.529494 14.1671 27.5048 0
0.15 15.6886 0.513119 14.1368 27.5778 0
0.1525 15.6618 0.496937 14.1072 27.6492 0
0.155 15.6358 0.480978 14.0785 27.7189 0
0.1575 15.6107 0.465232 14.0505 27.7869 0
0.16 15.5864 0.449696 14.0232 27.8531 0
0.1625 15.5629 0.434366 13.9968 27.9176 0
0.165 15.5403 0.419236 13.971 27.9803 0
0.1675 15.5184 0.404302 13.9461 28.0413 0
0.17 15.4973 0.389555 13.9218 28.1005 0
0.1725 15.477 0.37499 13.8984 28.1579 0
0.175 15.4575 0.360599 13.8756 28.2135 0
0.1775 15.4387 0.346375 13.8537 28.2673 0
0.18 15.4206 0.332309 13.8324 28.3188 0
0.1825 15.4033 0.318394 13.8119 28.3695 0
0.185 15.3866 0.304621 13.7922 28.418 0
0.1875 15.3707 0.290984 13.7732 28.4646 0
0.19 15.3555 0.277473 13.7549 28.5094 0
0.1925 15.3409 0.26408 13.7374 28.5523 0
0.195 15.3271 0.250799 13.7206 28.5934 0
0.1975 15.3139 0.237621 13.7046 28.6327 0
0.2 15.3013 0.22454 13.6893 28.6701 0
0.2025 15.2894 0.211548 13.6747 28.7057 0
0.205 15.2782 0.19864 13.6609 28.7394 0
0.2075 15.2676 0.185808 13.6479 28.7713 0
0.21 15.2576 0.173046 13.6356 28.8014 0
0.2125 15.2483 0.16035 13.624 28.8294 0
0.215 15.2395 0.147713 13.6132 28.8556 0
0.2175 15.2314 0.135131 13.6031 28.8803 0
0.22 15.2239 0.122598 13.5937 28.903 0
0.2225 15.217 0.11011 13.5851 28.9238 0
0.225 15.2108 0.0976634 13.5773 28.9427 0
0.2275 15.2051 0.0852526 13.5702 28.9598 0
0.23 15.2 0.0728741 13.5638 28.975 0
0.2325 15.1955 0.0605239 13.5582 28.9884 0
0.235 15.1916 0.0481982 13.5533 28.9999 0
0.2375 15.1883 0.0358934 13.5492 29.0095 0
0.24 15.1855 0.0236056 13.5459 29.0173 0
0.2425 15.1834 0.0113313 13.5432 29.0233 0
0.245 15.1819 -0.000933024 13.5413 29.0274 0
0.2475 15.1809 -0.013191 13.5402 29.0296 0
0.25 15.1805 -0.0254462 13.5398 29.03 0
0.2525 15.1807 -0.0377022 13.5402 29.0286 0
0.255 15.1815 -0.0499624 13.5413 29.0252 0
0.2575 15.1829 -0.0622305 13.5431 29.0201 0
0.26 15.1848 -0.07451 13.5457 29.013 0
0.2625 15.1874 -0.0868045 13.5491 29.0042 0
0.265 15.1905 -0.0991176 13.5532 28.9934 0
0.2675 15.1942 -0.111453 13.558 28.9808 0
0.27 15.1985 -0.123815 13.5636 28.9664 0
0.2725 15.2034 -0.136206 13.5699 28.9501 0
0.275 15.2089 -0.148632 13.577 28.932 0
0.2775 15.215 -0.161095 13.5848 28.912 0
0.28 15.2217 -0.173601 13.5934 28.8901 0
0.2825 15.229 -0.186154 13.6027 28.8663 0
0.285 15.2369 -0.198758 13.6128 28.8405 0
0.2875 15.2455 -0.211418 13.6236 28.8133 0
0.29 15.2546 -0.224139 13.6351 28.784 0
0.2925 15.2644 -0.236928 13.6474 28.7529 0
0.295 15.2748 -0.249789 13.6604 28.7199 0
0.2975 15.2859 -0.262728 13.6742 28.685 0
0.3 15.2976 -0.275753 13.6887 28.6483 0
0.3025 15.3099 -0.288868 13.704 28.6097 0
0.305 15.3229 -0.302082 13.72 28.5692 0
0.3075 15.3366 -0.315402 13.7368 28.527 0
0.31 15.3509 -0.328835 13.7543 28.4828 0
0.3125 15.3659 -0.342389 13.7725 28.4369 0
0.315 15.3817 -0.356071 13.7915 28.389 0
0.3175 15.3981 -0.369891 13.8112 28.3395 0
0.32 15.4152 -0.383855 13.8317 28.2885 0
0.3225 15.4331 -0.397973 13.8529 28.2348 0
0.325 15.4517 -0.412252 13.8749 28.1795 0
0.3275 15.471 -0.4267 13.8976 28.1226 0
0.33 15.4911 -0.441326 13.921 28.0638 0
0.3325 15.512 -0.456137 13.9452 28.0032 0
0.335 15.5336 -0.47114 13.9702 27.9409 0
0.3375 15.556 -0.486342 13.9959 27.8767 0
0.34 15.5793 -0.501749 14.0224 27.8107 0
0.3425 15.6034 -0.517368 14.0496 27.743 0
0.345 15.6283 -0.533202 14.0776 27.6735 0
0.3475 15.654 -0.549258 14.1064 27.6023 0
0.35 15.6806 -0.565538 14.1359 27.5293 0
0.3525 15.7081 -0.582047 14.1662 27.4545 0
0.355 15.7364 -0.598786 14.1972 27.3773 0
0.3575 15.7657 -0.615755 14.2291 27.2994 0
0.36 15.7958 -0.632957 14.2617 27.2196 0
0.3625 15.8269 -0.650391 14.2952 27.1379 0
0.365 15.8589 -0.668057 14.3294 27.0544 0
0.3675 15.8918 -0.685952 14.3644 26.9692 0
0.37 15.9256 -0.704072 14.4003 26.8823 0
0.3725 15.9605 -0.722415 14.437 26.7937 0
0.375 15.9962 -0.740976 14.4745 26.7033 0
0.3775 16.033 -0.759751 14.5128 26.6111 0
0.38 16.0707 -0.778733 14.552 26.5172 0
0.3825 16.1094 -0.797916 14.5921 26.4215 0
0.385 16.1491 -0.817291 14.633 26.3241 0
0.3875 16.1898 -0.836852 14.6748 26.2249 0
0.39 16.2315 -0.856588 14.7175 26.124 0
0.3925 16.2742 -0.876489 14.7611 26.0211 0
0.395 16.318 -0.896546 14.8056 25.9165 0
0.3975 16.3627 -0.916747 14.8511 25.8101 0
0.4 16.4084 -0.937081 14.8975 25.7018 0
0.4025 16.4552 -0.957534 14.9449 25.5917 0
0.405 16.5029 -0.978094 14.9932 25.4797 0
0.4075 16.5517 -0.998747 15.0425 25.3658 0
0.41 16.6015 -1.01948 15.0928 25.25 0
0.4125 16.6523 -1.04027 15.1441 25.1324 0
0.415 16.7041 -1.06112 15.1965 25.0128 0
0.4175 16.757 -1.08199 15.2498 24.8913 0
0.42 16.8108 -1.10288 15.3043 24.768 0
0.4225 16.8656 -1.12377 15.3597 24.6427 0
0.425 16.9214 -1.14463 15.4163 24.5149 0
0.4275 16.9782 -1.16546 15.4739 24.3859 0
0.43 17.0359 -1.18624 15.5326 24.2549 0
0.4325 17.0946 -1.20693 15.5924 24.1218 0
0.435 17.1543 -1.22753 15.6533 23.9868 0
0.4375 17.2149 -1.24801 15.7153 23.8498 0
0.44 17.2764 -1.26836 15.7785 23.7108 0
0.4425 17.3389 -1.28855 15.8427 23.57 0
0.445 17.4023 -1.30855 15.9081 23.4271 0
0.4475 17.4665 -1.32836 15.9747 23.2823 0
0.45 17.5316 -1.34794 16.0423 23.1356 0
0.4525 17.5976 -1.36728 16.1111 22.9869 0
0.455 17.6645 -1.38635 16.181 22.8362 0
0.4575 17.7321 -1.40513 16.2521 22.6836 0
0.46 17.8005 -1.42359 16.3242 22.5289 0
0.4625 17.8698 -1.44171 16.3975 22.3723 0
0.465 17.9398 -1.45947 16.472 22.2138 0
0.4675 18.0105 -1.47685 16.5475 22.0533 0
0.47 18.0819 -1.49381 16.6241 21.8908 0
0.4725 18.154 -1.51033 16.7018 21.7263 0
0.475 18.2268 -1.5264 16.7806 21.5597 0
0.4775 18.3002 -1.54198 16.8604 21.3912 0
0.48 18.3742 -1.55705 16.9413 21.2206 0
0.4825 18.4488 -1.57158 17.0232 21.048 0
0.485 18.524 -1.58556 17.1061 20.8733 0
0.4875 18.5997 -1.59895 17.19 20.6966 0
0.49 18.6758 -1.61174 17.2749 20.5179 0
0.4925 18.7524 -1.62389 17.3606 20.3369 0
0.495 18.8294 -1.63538 17.4474 20.1537 0
0.4975 18.9068 -1.6462 17.5349 19.9682 0
0.5 18.9846 -1.65631 17.6234 19.7808 0
0.5025 19.0626 -1.66569 17.7126 19.5914 0
0.505 19.141 -1.67432 17.8027 19.3997 0
0.5075 19.2195 -1.68218 17.8934 19.2059 0
0.51 19.2983 -1.68924 17.9849 19.0098 0
0.5125 19.3772 -1.69548 18.0771 18.8116 0
0.515 19.4563 -1.70089 18.1699 18.6111 0
0.5175 19.5354 -1.70544 18.2633 18.4083 0
0.52 19.6145 -1.7091 18.3572 18.2034 0
0.5225 19.6937 -1.71187 18.4517 17.9962 0
0.525 19.7727 -1.71373 18.5466 17.7868 0
0.5275 19.8517 -1.71466 18.6418 17.5752 0
0.53 19.9306 -1.71463 18.7375 17.361 0
0.5325 20.0092 -1.71365 18.8334 17.1448 0
0.535 20.0876 -1.71168 18.9296 16.9264 0
0.5375 20.1658 -1.70873 19.026 16.7058 0
0.54 20.2436 -1.70478 19.1225 16.4829 0
0.5425 20.3211 -1.69983 19.219 16.2579 0
0.545 20.3981 -1.69385 19.3156 16.0306 0
0.5475 20.4747 -1.68685 19.4121 15.8013 0
0.55 20.5508 -1.67882 19.5085 15.5698 0
0.5525 20.6263 -1.66976 19.6048 15.3362 0
0.555 20.7012 -1.65966 19.7008 15.1005 0
0.5575 20.7755 -1.64853 19.7965 14.8628 0
0.56 20.8491 -1.63637 19.8918 14.6232 0
0.5625 20.922 -1.62319 19.9867 14.3817 0
0.565 20.9941 -1.60898 20.0811 14.1381 0
0.5675 21.0654 -1.59376 20.1749 13.8928 0
0.57 21.1358 -1.57754 20.2681 13.6458 0
0.5725 21.2054 -1.56033 20.3606 13.3971 0
0.575 21.274 -1.54214 20.4523 13.1467 0
0.5775 21.3416 -1.523 20.5432 12.8948 0
0.58 21.4082 -1.50293 20.6331 12.6415 0
0.5825 21.4737 -1.48194 20.7221 12.3868 0
0.585 21.5382 -1.46006 20.8101 12.1308 0
0.5875 21.6015 -1.43732 20.8969 11.8736 0
0.59 21.6637 -1.41375 20.9826 11.6153 0
0.5925 21.7247 -1.38938 21.067 11.3561 0
0.595 21.7845 -1.36424 21.1502 11.096 0
0.5975 21.843 -1.33836 21.2319 10.8352 0
0.6 21.9003 -1.3118 21.3123 10.574 0
0.6025 21.9563 -1.28459 21.3912 10.3122 0
0.605 22.011 -1.25678 21.4686 10.0501 0
0.6075 22.0644 -1.22841 21.5444 9.78787 0
0.61 22.1164 -1.19952 21.6185 9.52568 0
0.6125 22.1671 -1.17018 21.691 9.26372 0
0.615 22.2165 -1.14042 21.7617 9.00214 0
0.6175 22.2645 -1.11032 21.8307 8.74114 0
0.62 22.3112 -1.0799 21.8979 8.48091 0
0.6225 22.3566 -1.04927 21.9632 8.22166 0
0.625 22.4007 -1.01838 22.0266 7.96358 0
0.6275 22.4435 -0.987608 22.0882 7.70689 0
0.63 22.4848 -0.955883 22.1478 7.45172 0
0.6325 22.5245 -0.927608 22.2054 7.19862 0
0.635 22.5625 -0.891502 22.2611 6.94722 0
0.6375 22.5986 -0.850573 22.3149 6.69806 0
0.64 22.633 -0.818558 22.3666 6.45157 0
0.6425 22.6659 -0.788347 22.4164 6.20763 0
0.645 22.6975 -0.758857 22.4642 5.9666 0
0.6475 22.7279 -0.729751 22.51 5.72867 0
0.65 22.7571 -0.701143 22.554 5.49405 0
0.6525 22.7853 -0.67307 22.596 5.26297 0
0.655 22.8123 -0.645592 22.6361 5.03563 0
0.6575 22.8382 -0.618756 22.6744 4.81227 0
0.66 22.8631 -0.592607 22.7108 4.59308 0
0.6625 22.8868 -0.567187 22.7455 4.37827 0
0.665 22.9096 -0.542532 22.7785 4.16809 0
0.6675 22.9313 -0.51867 22.8098 3.96251 0
0.67 22.952 -0.49563 22.8394 3.76231 0
0.6725 22.9718 -0.473426 22.8675 3.56706 0
0.675 22.9907 -0.452065 22.8941 3.37702 0
0.6775 23.0087 -0.43155 22.9192 3.1925 0
0.68 23.0258 -0.411872 22.943 3.01352 0
0.6825 23.0422 -0.393016 22.9654 2.84016 0
0.685 23.0577 -0.374955 22.9866 2.67247 0
0.6875 23.0725 -0.357655 23.0065 2.51044 0
0.69 23.0865 -0.341075 23.0253 2.35402 0
0.6925 23.0999 -0.325167 23.043 2.20312 0
0.695 23.1126 -0.309879 23.0597 2.05761 0
0.6975 23.1246 -0.295154 23.0754 1.91732 0
0.7 23.136 -0.280935 23.0902 1.78204 0
0.7025 23.1467 -0.267165 23.1041 1.65153 0
0.705 23.1569 -0.253789 23.1171 1.52579 0
0.7075 23.1664 -0.240754 23.1293 1.40415 0
0.71 23.1754 -0.228012 23.1407 1.28677 0
0.7125 23.1838 -0.215522 23.1514 1.17334 0
0.715 23.1916 -0.203244 23.1613 1.06374 0
0.7175 23.1989 -0.191147 23.1704 0.957867 0
0.72 23.2056 -0.179202 23.1789 0.855661 0
0.7225 23.2118 -0.167384 23.1866 0.757109 0
0.725 23.2174 -0.155672 23.1937 0.662242 0
0.7275 23.2225 -0.144048 23.2 0.571145 0
0.73 23.2271 -0.132496 23.2057 0.48396 0
0.7325 23.2311 -0.121 23.2107 0.400897 0
0.735 23.2346 -0.109548 23.215 0.322262 0
0.7375 23.2376 -0.0981295 23.2187 0.248489 0
0.74 23.24 -0.0867328 23.2216 0.180375 0
0.7425 23.242 -0.0753487 23.224 0.118386 0
0.745 23.2434 -0.0639681 23.2256 0.0650072 0
0.7475 23.2442 -0.0525824 23.2266 0.0265878 0
0.75 23.2446 -0.0411832 23.2269 0.0180253 0
0.7525 23.2444 -0.0297612 23.2266 0.0630557 0
0.755 23.2436 -0.0183079 23.2256 0.109466 0
0.7575 23.2423 -0.00680846 23.2239 0.169028 0
0.76 23.2405 0.00474388 23.2216 0.235855 0
0.7625 23.238 0.0164126 23.2185 0.30848 0
0.765 23.235 0.0282529 23.2149 0.386118 0
0.7675 23.2315 0.0417619 23.2105 0.468263 0
0.77 23.2274 0.0549605 23.2055 0.554569 0
0.7725 23.2227 0.0644107 23.1998 0.644781 0
0.775 23.2176 0.0739573 23.1934 0.738797 0
0.7775 23.212 0.085429 23.1863 0.836298 0
0.78 23.2059 0.0970707 23.1785 0.937471 0
0.7825 23.1992 0.108967 23.17 1.04218 0
0.785 23.1921 0.121013 23.1608 1.1505 0
0.7875 23.1844 0.133246 23.1509 1.2625 0
0.79 23.1762 0.1457 23.1402 1.37831 0
0.7925 23.1675 0.158409 23.1288 1.4981 0
0.795 23.1581 0.171421 23.1165 1.62209 0
0.7975 23.1482 0.184784 23.1035 1.75051 0
0.8 23.1376 0.198553 23.0895 1.88361 0
0.8025 23.1265 0.212788 23.0747 2.02163 0
0.805 23.1147 0.227549 23.0589 2.16481 0
0.8075 23.1022 0.242898 23.0422 2.31338 0
0.81 23.0891 0.258896 23.0244 2.4675 0
0.8125 23.0753 0.275599 23.0054 2.62707 0
0.815 23.0607 0.29306 22.9854 2.79256 0
0.8175 23.0454 0.311322 22.9641 2.9637 0
0.82 23.0293 0.330421 22.9415 3.14053 0
0.8225 23.0124 0.350383 22.9175 3.32298 0
0.825 22.9946 0.371226 22.8922 3.51092 0
0.8275 22.976 0.392958 22.8654 3.70422 0
0.83 22.9564 0.415574 22.837 3.90271 0
0.8325 22.9359 0.439064 22.8071 4.1062 0
0.835 22.9144 0.463408 22.7756 4.3145 0
0.8375 22.8918 0.488578 22.7423 4.52741 0
0.84 22.8682 0.514537 22.7074 4.7447 0
0.8425 22.8434 0.541245 22.6706 4.96614 0
0.845 22.8175 0.568657 22.6321 5.19155 0
0.8475 22.7905 0.59672 22.5917 5.4209 0
0.85 22.7622 0.625378 22.5495 5.65349 0
0.8525 22.7326 0.654574 22.5054 5.88947 0
0.855 22.7018 0.684246 22.4594 6.12852 0
0.8575 22.6697 0.714334 22.4114 6.37045 0
0.86 22.6363 0.744773 22.3615 6.61504 0
0.8625 22.6016 0.775498 22.3097 6.86208 0
0.865 22.5654 0.806443 22.256 7.11137 0
0.8675 22.5279 0.837543 22.2003 7.36269 0
0.87 22.4891 0.868734 22.1427 7.61587 0
0.8725 22.4488 0.89995 22.0832 7.87069 0
0.875 22.4071 0.931127 22.0217 8.12696 0
0.8775 22.364 0.962203 21.9585 8.38456 0
0.88 22.3195 0.993114 21.8933 8.64315 0
0.8825 22.2736 1.0238 21.8264 8.90247 0
0.885 22.2264 1.05421 21.7576 9.16286 0
0.8875 22.1777 1.08427 21.6871 9.42365 0
0.89 22.1276 1.11395 21.6149 9.68485 0
0.8925 22.0761 1.14317 21.541 9.94627 0
0.895 22.0233 1.17189 21.4655 10.2077 0
0.8975 21.9692 1.20007 21.3884 10.4691 0
0.9 21.9137 1.22765 21.3098 10.7303 0
0.9025 21.8569 1.25459 21.2297 10.9911 0
0.905 21.7989 1.28086 21.1482 11.2513 0
0.9075 21.7396 1.30639 21.0653 11.511 0
0.91 21.679 1.33117 20.9811 11.7698 0
0.9125 21.6173 1.35515 20.8957 12.0279 0
0.915 21.5544 1.37831 20.8091 12.2846 0
0.9175 21.4903 1.40061 20.7214 12.5402 0
0.92 21.4252 1.42203 20.6327 12.7949 0
0.9225 21.359 1.44254 20.543 13.0482 0
0.925 21.2918 1.46212 20.4523 13.3 0
0.9275 21.2235 1.48075 20.3608 13.5503 0
0.93 21.1544 1.4984 20.2685 13.799 0
0.9325 21.0843 1.51508 20.1755 14.046 0
0.935 21.0133 1.53075 20.0819 14.2913 0
0.9375 20.9415 1.54542 19.9877 14.5347 0
0.94 20.869 1.55907 19.8929 14.7763 0
0.9425 20.7957 1.57169 19.7977 15.016 0
0.945 20.7216 1.58329 19.7022 15.2536 0
0.9475 20.647 1.59385 19.6063 15.4893 0
0.95 20.5717 1.60339 19.5102 15.7228 0
0.9525 20.4958 1.61189 19.4139 15.9543 0
0.955 20.4195 1.61936 19.3175 16.1836 0
0.9575 20.3427 1.62581 19.221 16.4107 0
0.96 20.2654 1.63124 19.1246 16.6356 0
0.9625 20.1877 1.63566 19.0282 16.8583 0
0.965 20.1098 1.63909 18.9319 17.0788 0
0.9675 20.0315 1.64152 18.8358 17.297 0
0.97 19.953 1.64297 18.74 17.5129 0
0.9725 19.8743 1.64346 18.6444 17.7266 0
0.975 19.7954 1.643 18.5492 17.938 0
0.9775 19.7164 1.64161 18.4544 18.1472 0
0.98 19.6374 1.63929 18.36 18.3541 0
0.9825 19.5583 1.63607 18.2662 18.5589 0
0.985 19.4792 1.63197 18.1729 18.7611 0
0.9875 19.4002 1.62697 18.0803 18.9637 0
0.99 19.3213 1.6212 17.9883 19.1504 0
0.9925 19.2426 1.61429 17.897 19.4194 0
0.995 19.164 1.60746 17.8077 19.2143 0
0.9975 19.0857 1.59699 17.7135 19.5866 0
1 19.0076 1.58953 17.6592 19.4073 0
