0 17.4254 0.635314 16.472 18.4078 0
0.0025 17.4131 0.632383 16.4626 18.435 0
0.005 17.4007 0.630587 16.4371 18.9396 0
0.0075 17.3884 0.631404 16.4107 19.1404 0
0.01 17.376 0.631113 16.3837 19.3101 0
0.0125 17.3637 0.63098 16.3565 19.5141 0
0.015 17.3513 0.630587 16.3292 19.722 0
0.0175 17.339 0.630042 16.3018 19.9313 0
0.02 17.3267 0.62931 16.2744 20.1406 0
0.0225 17.3144 0.628397 16.2469 20.3492 0
0.025 17.3021 0.6273 16.2195 20.5568 0
0.0275 17.2898 0.626021 16.192 20.7632 0
0.03 17.2776 0.624558 16.1646 20.9684 0
0.0325 17.2654 0.622912 16.1373 21.1722 0
0.035 17.2533 0.621083 16.1099 21.3745 0
0.0375 17.2411 0.619073 16.0826 21.5753 0
0.04 17.229 0.616881 16.0554 21.7745 0
0.0425 17.217 0.614509 16.0283 21.9721 0
0.045 17.205 0.611957 16.0012 22.168 0
0.0475 17.1931 0.609227 15.9742 22.3621 0
0.05 17.1812 0.606319 15.9473 22.5545 0
0.0525 17.1694 0.603235 15.9205 22.7451 0
0.055 17.1576 0.599976 15.8938 22.9339 0
0.0575 17.1459 0.596543 15.8673 23.1208 0
0.06 17.1342 0.592938 15.8408 23.3058 0
0.0625 17.1227 0.589163 15.8145 23.4889 0
0.065 17.1112 0.585218 15.7883 23.6699 0
0.0675 17.0998 0.581105 15.7623 23.849 0
0.07 17.0884 0.576826 15.7364 24.0261 0
0.0725 17.0772 0.572383 15.7107 24.2011 0
0.075 17.066 0.567777 15.6851 24.374 0
0.0775 17.0549 0.563011 15.6598 24.5448 0
0.08 17.044 0.558085 15.6346 24.7135 0
0.0825 17.0331 0.553003 15.6096 24.8801 0
0.085 17.0223 0.547765 15.5848 25.0444 0
0.0875 17.0116 0.542374 15.5602 25.2066 0
0.09 17.001 0.536832 15.5358 25.3665 0
0.0925 16.9905 0.53114 15.5116 25.5242 0
0.095 16.9802 0.525302 15.4877 25.6796 0
0.0975 16.9699 0.519319 15.4639 25.8328 0
0.1 16.9598 0.513193 15.4405 25.9837 0
0.1025 16.9497 0.506926 15.4172 26.1322 0
0.105 16.9398 0.500521 15.3943 26.2784 0
0.1075 16.93 0.493979 15.3715 26.4223 0
0.11 16.9204 0.487304 15.3491 26.5638 0
0.1125 16.9109 0.480496 15.3269 26.703 0
0.115 16.9015 0.47356 15.305 26.8398 0
0.1175 16.8922 0.466496 15.2834 26.9741 0
0.12 16.8831 0.459307 15.262 27.1061 0
0.1225 16.8741 0.451995 15.241 27.2356 0
0.125 16.8652 0.444563 15.2203 27.3627 0
0.1275 16.8565 0.437014 15.1998 27.4874 0
0.13 16.8479 0.429349 15.1797 27.6096 0
0.1325 16.8395 0.42157 15.1599 27.7293 0
0.135 16.8312 0.413681 15.1405 27.8466 0
0.1375 16.8231 0.405683 15.1213 27.9614 0
0.14 16.8151 0.39758 15.1025 28.0738 0
0.1425 16.8072 0.389373 15.0841 28.1836 0
0.145 16.7996 0.381064 15.0659 28.2909 0
0.1475 16.792 0.372657 15.0482 28.3958 0
0.15 16.7847 0.364153 15.0308 28.4981 0
0.1525 16.7775 0.355555 15.0137 28.5979 0
0.155 16.7704 0.346865 14.9971 28.6952 0
0.1575 16.7636 0.338086 14.9808 28.79 0
0.16 16.7568 0.329221 14.9648 28.8822 0
0.1625 16.7503 0.32027 14.9493 28.9719 0
0.165 16.7439 0.311238 14.9341 29.0591 0
0.1675 16.7377 0.302126 14.9194 29.1438 0
0.17 16.7317 0.292937 14.905 29.2259 0
0.1725 16.7258 0.283673 14.891 29.3055 0
0.175 16.7201 0.274336 14.8774 29.3825 0
0.1775 16.7146 0.26493 14.8643 29.457 0
0.18 16.7092 0.255455 14.8515 29.5289 0
0.1825 16.7041 0.245915 14.8392 29.5983 0
0.185 16.6991 0.236313 14.8272 29.6652 0
0.1875 16.6942 0.226649 14.8157 29.7295 0
0.19 16.6896 0.216927 14.8047 29.7913 0
0.1925 16.6851 0.20715 14.794 29.8505 0
0.195 16.6809 0.197319 14.7838 29.9071 0
0.1975 16.6768 0.187436 14.774 29.9612 0
0.2 16.6729 0.177505 14.7646 30.0128 0
0.2025 16.6691 0.167527 14.7557 30.0618 0
0.205 16.6656 0.157505 14.7473 30.1082 0
0.2075 16.6622 0.147441 14.7392 30.1521 0
0.21 16.6591 0.137338 14.7316 30.1935 0
0.2125 16.6561 0.127197 14.7245 30.2323 0
0.215 16.6533 0.117022 14.7178 30.2685 0
0.2175 16.6506 0.106814 14.7116 30.3022 0
0.22 16.6482 0.0965752 14.7058 30.3334 0
0.2225 16.646 0.0863088 14.7005 30.362 0
0.225 16.6439 0.0760166 14.6956 30.388 0
0.2275 16.6421 0.065701 14.6912 30.4115 0
0.23 16.6404 0.0553643 14.6873 30.4325 0
0.2325 16.6389 0.0450088 14.6838 30.4509 0
0.235 16.6376 0.0346367 14.6808 30.4667 0
0.2375 16.6365 0.0242504 14.6782 30.48 0
0.24 16.6356 0.0138521 14.6761 30.4908 0
0.2425 16.6349 0.00344413 14.6745 30.499 0
0.245 16.6344 -0.00697127 14.6734 30.5047 0
0.2475 16.634 -0.0173918 14.6727 30.5078 0
0.25 16.6339 -0.0278152 14.6724 30.5084 0
0.2525 16.6339 -0.0382391 14.6727 30.5064 0
0.255 16.6341 -0.0486614 14.6734 30.5019 0
0.2575 16.6346 -0.0590797 14.6745 30.4948 0
0.26 16.6352 -0.0694917 14.6761 30.4852 0
0.2625 16.636 -0.0798952 14.6782 30.473 0
0.265 16.637 -0.0902879 14.6808 30.4583 0
0.2675 16.6382 -0.100667 14.6838 30.441 0
0.27 16.6396 -0.111032 14.6873 30.4212 0
0.2725 16.6411 -0.121378 14.6912 30.3989 0
0.275 16.6429 -0.131705 14.6957 30.3739 0
0.2775 16.6448 -0.142009 14.7005 30.3465 0
0.28 16.647 -0.152289 14.7058 30.3165 0
0.2825 16.6493 -0.162542 14.7116 30.2839 0
0.285 16.6518 -0.172766 14.7178 30.2488 0
0.2875 16.6545 -0.182958 14.7245 30.2112 0
0.29 16.6574 -0.193117 14.7317 30.171 0
0.2925 16.6604 -0.203239 14.7392 30.1282 0
0.295 16.6637 -0.213323 14.7473 30.0829 0
0.2975 16.6671 -0.223367 14.7557 30.0351 0
0.3 16.6708 -0.233367 14.7647 29.9847 0
0.3025 16.6746 -0.243322 14.774 29.9318 0
0.305 16.6786 -0.25323 14.7838 29.8763 0
0.3075 16.6827 -0.263087 14.794 29.8182 0
0.31 16.6871 -0.272892 14.8047 29.7576 0
0.3125 16.6916 -0.282642 14.8158 29.6945 0
0.315 16.6964 -0.292335 14.8273 29.6288 0
0.3175 16.7013 -0.301969 14.8392 29.5606 0
0.32 16.7063 -0.311541 14.8515 29.4898 0
0.3225 16.7116 -0.321048 14.8643 29.4165 0
0.325 16.717 -0.330489 14.8775 29.3406 0
0.3275 16.7226 -0.339861 14.891 29.2622 0
0.33 16.7284 -0.349162 14.905 29.1813 0
0.3325 16.7343 -0.358389 14.9194 29.0978 0
0.335 16.7404 -0.36754 14.9342 29.0118 0
0.3375 16.7467 -0.376613 14.9493 28.9232 0
0.34 16.7532 -0.385604 14.9649 28.8321 0
0.3425 16.7598 -0.394512 14.9808 28.7385 0
0.345 16.7666 -0.403335 14.9971 28.6424 0
0.3475 16.7735 -0.412069 15.0138 28.5438 0
0.35 16.7807 -0.420713 15.0308 28.4426 0
0.3525 16.7879 -0.429264 15.0482 28.339 0
0.355 16.7954 -0.43772 15.066 28.2328 0
0.3575 16.8029 -0.446078 15.0841 28.1241 0
0.36 16.8107 -0.454336 15.1026 28.013 0
0.3625 16.8186 -0.462491 15.1214 27.8993 0
0.365 16.8266 -0.470542 15.1405 27.7832 0
0.3675 16.8348 -0.478485 15.16 27.6646 0
0.37 16.8432 -0.486319 15.1798 27.5436 0
0.3725 16.8517 -0.49404 15.1999 27.4201 0
0.375 16.8603 -0.501647 15.2203 27.2941 0
0.3775 16.8691 -0.509137 15.2411 27.1657 0
0.38 16.878 -0.516508 15.2621 27.0349 0
0.3825 16.8871 -0.523758 15.2835 26.9017 0
0.385 16.8963 -0.530883 15.3051 26.7661 0
0.3875 16.9056 -0.537883 15.327 26.628 0
0.39 16.9151 -0.544754 15.3492 26.4876 0
0.3925 16.9247 -0.551494 15.3716 26.3449 0
0.395 16.9344 -0.558101 15.3944 26.1997 0
0.3975 16.9442 -0.564573 15.4174 26.0523 0
0.4 16.9542 -0.570908 15.4406 25.9025 0
0.4025 16.9642 -0.577103 15.4641 25.7504 0
0.405 16.9744 -0.583156 15.4878 25.5961 0
0.4075 16.9847 -0.589065 15.5117 25.4394 0
0.41 16.9952 -0.594828 15.5359 25.2805 0
0.4125 17.0057 -0.600442 15.5603 25.1194 0
0.415 17.0163 -0.605907 15.5849 24.9561 0
0.4175 17.027 -0.611219 15.6097 24.7905 0
0.42 17.0379 -0.616376 15.6347 24.6228 0
0.4225 17.0488 -0.621378 15.6599 24.453 0
0.425 17.0598 -0.626221 15.6853 24.281 0
0.4275 17.0709 -0.630904 15.7109 24.107 0
0.43 17.0822 -0.635425 15.7366 23.9308 0
0.4325 17.0934 -0.639783 15.7625 23.7526 0
0.435 17.1048 -0.643975 15.7885 23.5724 0
0.4375 17.1163 -0.648 15.8147 23.3902 0
0.44 17.1278 -0.651856 15.841 23.2061 0
0.4425 17.1394 -0.655543 15.8675 23.02 0
0.445 17.151 -0.659057 15.8941 22.832 0
0.4475 17.1628 -0.662398 15.9208 22.6421 0
0.45 17.1746 -0.665565 15.9476 22.4504 0
0.4525 17.1864 -0.668556 15.9745 22.257 0
0.455 17.1983 -0.67137 16.0015 22.0617 0
0.4575 17.2103 -0.674005 16.0286 21.8647 0
0.46 17.2223 -0.676461 16.0558 21.666 0
0.4625 17.2344 -0.678737 16.0831 21.4657 0
0.465 17.2465 -0.680831 16.1104 21.2637 0
0.4675 17.2586 -0.682743 16.1378 21.0602 0
0.47 17.2708 -0.684472 16.1652 20.8551 0
0.4725 17.283 -0.686017 16.1926 20.6485 0
0.475 17.2952 -0.687378 16.2201 20.4405 0
0.4775 17.3075 -0.688554 16.2477 20.2311 0
0.48 17.3198 -0.689544 16.2752 20.0203 0
0.4825 17.3321 -0.690349 16.3027 19.8081 0
0.485 17.3444 -0.690969 16.3303 19.5948 0
0.4875 17.3568 -0.691402 16.3579 19.3802 0
0.49 17.3691 -0.691649 16.3854 19.1644 0
0.4925 17.3815 -0.69171 16.4129 18.9475 0
0.495 17.3938 -0.691585 16.4404 18.7295 0
0.4975 17.4062 -0.691274 16.4678 18.5105 0
0.5 17.4185 -0.690778 16.4953 18.2905 0
0.5025 17.4308 -0.690097 16.5226 18.0696 0
0.505 17.4432 -0.689231 16.5499 17.8478 0
0.5075 17.4555 -0.688182 16.5771 17.6252 0
0.51 17.4678 -0.68695 16.6043 17.4018 0
0.5125 17.48 -0.685536 16.6314 17.1778 0
0.515 17.4923 -0.68394 16.6584 16.9531 0
0.5175 17.5045 -0.682164 16.6853 16.7277 0
0.52 17.5167 -0.680209 16.712 16.5019 0
0.5225 17.5288 -0.678076 16.7387 16.2755 0
0.525 17.5409 -0.675766 16.7653 16.0488 0
0.5275 17.553 -0.673282 16.7917 15.8216 0
0.53 17.565 -0.670623 16.818 15.5941 0
0.5325 17.577 -0.667793 16.8442 15.3664 0
0.535 17.5889 -0.664792 16.8702 15.1385 0
0.5375 17.6008 -0.661623 16.8961 14.9104 0
0.54 17.6126 -0.658287 16.9218 14.6823 0
0.5425 17.6243 -0.654787 16.9473 14.4541 0
0.545 17.636 -0.651123 16.9727 14.2259 0
0.5475 17.6476 -0.647299 16.9979 13.9978 0
0.55 17.6592 -0.643317 17.0229 13.7699 0
0.5525 17.6707 -0.639178 17.0477 13.5422 0
0.555 17.6821 -0.634886 17.0723 13.3147 0
0.5575 17.6934 -0.630442 17.0967 13.0875 0
0.56 17.7046 -0.625849 17.1209 12.8606 0
0.5625 17.7158 -0.621109 17.1449 12.6342 0
0.565 17.7269 -0.616226 17.1686 12.4083 0
0.5675 17.7379 -0.611201 17.1922 12.1829 0
0.57 17.7488 -0.606037 17.2155 11.958 0
0.5725 17.7596 -0.600737 17.2385 11.7338 0
0.575 17.7703 -0.595303 17.2613 11.5102 0
0.5775 17.7809 -0.589739 17.2839 11.2874 0
0.58 17.7914 -0.584047 17.3062 11.0654 0
0.5825 17.8018 -0.578229 17.3283 10.8441 0
0.585 17.812 -0.57229 17.3501 10.6238 0
0.5875 17.8222 -0.566231 17.3716 10.4044 0
0.59 17.8323 -0.560055 17.3929 10.1859 0
0.5925 17.8423 -0.553765 17.4139 9.96841 0
0.595 17.8521 -0.547365 17.4346 9.75199 0
0.5975 17.8618 -0.540856 17.455 9.53667 0
0.6 17.8714 -0.534242 17.4751 9.32247 0
0.6025 17.8809 -0.527526 17.495 9.10946 0
0.605 17.8903 -0.52071 17.5145 8.89765 0
0.6075 17.8995 -0.513797 17.5338 8.6871 0
0.61 17.9086 -0.506791 17.5528 8.47784 0
0.6125 17.9176 -0.499693 17.5714 8.2699 0
0.615 17.9264 -0.492506 17.5898 8.06333 0
0.6175 17.9351 -0.485234 17.6078 7.85815 0
0.62 17.9437 -0.477878 17.6256 7.6544 0
0.6225 17.9521 -0.470443 17.643 7.45211 0
0.625 17.9604 -0.462929 17.6601 7.25131 0
0.6275 17.9686 -0.45534 17.6769 7.05204 0
0.63 17.9766 -0.447679 17.6933 6.85433 0
0.6325 17.9845 -0.439947 17.7095 6.6582 0
0.635 17.9922 -0.432148 17.7253 6.46368 0
0.6375 17.9998 -0.424284 17.7408 6.27081 0
0.64 18.0073 -0.416356 17.756 6.07961 0
0.6425 18.0145 -0.408368 17.7708 5.8901 0
0.645 18.0217 -0.400322 17.7853 5.70232 0
0.6475 18.0287 -0.39222 17.7995 5.51629 0
0.65 18.0355 -0.384064 17.8134 5.33203 0
0.6525 18.0422 -0.375856 17.8269 5.14958 0
0.655 18.0487 -0.367598 17.8401 4.96896 0
0.6575 18.0551 -0.359293 17.8529 4.7902 0
0.66 18.0613 -0.350943 17.8654 4.61332 0
0.6625 18.0674 -0.342548 17.8776 4.43835 0
0.665 18.0733 -0.334112 17.8894 4.26532 0
0.6675 18.079 -0.325636 17.9009 4.09426 0
0.67 18.0846 -0.317121 17.9121 3.92519 0
0.6725 18.09 -0.30857 17.9229 3.75815 0
0.675 18.0953 -0.299984 17.9334 3.59317 0
0.6775 18.1004 -0.291366 17.9435 3.43028 0
0.68 18.1053 -0.282715 17.9533 3.26952 0
0.6825 18.1101 -0.274034 17.9628 3.11092 0
0.685 18.1147 -0.265325 17.9719 2.95451 0
0.6875 18.1191 -0.256589 17.9806 2.80035 0
0.69 18.1234 -0.247827 17.9891 2.64848 0
0.6925 18.1275 -0.239041 17.9971 2.49894 0
0.695 18.1314 -0.230231 18.0049 2.35179 0
0.6975 18.1352 -0.2214 18.0123 2.20707 0
0.7 18.1387 -0.212549 18.0193 2.06486 0
0.7025 18.1422 -0.203678 18.026 1.92522 0
0.705 18.1454 -0.194789 18.0324 1.78822 0
0.7075 18.1485 -0.185883 18.0384 1.65395 0
0.71 18.1514 -0.176961 18.0441 1.52249 0
0.7125 18.1542 -0.168024 18.0494 1.39394 0
0.715 18.1567 -0.159074 18.0544 1.26843 0
0.7175 18.1591 -0.150111 18.0591 1.14608 0
0.72 18.1613 -0.141136 18.0634 1.02704 0
0.7225 18.1634 -0.13215 18.0673 0.911488 0
0.725 18.1653 -0.123154 18.0709 0.799624 0
0.7275 18.167 -0.114149 18.0742 0.691695 0
0.73 18.1685 -0.105137 18.0771 0.587997 0
0.7325 18.1699 -0.0961169 18.0797 0.488904 0
0.735 18.171 -0.0870908 18.0819 0.394906 0
0.7375 18.1721 -0.0780593 18.0838 0.306683 0
0.74 18.1729 -0.0690233 18.0854 0.225302 0
0.7425 18.1735 -0.0599835 18.0866 0.152867 0
0.745 18.174 -0.0509408 18.0875 0.0964509 0
0.7475 18.1743 -0.041896 18.088 0.157495 0
0.75 18.1745 -0.03285 18.0881 0.242995 0
0.7525 18.1744 -0.0238036 18.088 0.194489 0
0.755 18.1742 -0.0147575 18.0875 0.141232 0
0.7575 18.1738 -0.00571271 18.0866 0.204352 0
0.76 18.1733 0.0033301 18.0854 0.282071 0
0.7625 18.1725 0.01237 18.0838 0.367881 0
0.765 18.1716 0.0214063 18.082 0.459959 0
0.7675 18.1705 0.030438 18.0797 0.557393 0
0.77 18.1693 0.0394642 18.0771 0.659598 0
0.7725 18.1679 0.0484842 18.0742 0.76615 0
0.775 18.1663 0.0574971 18.0709 0.876721 0
0.7775 18.1645 0.0665018 18.0673 0.991049 0
0.78 18.1625 0.0754976 18.0634 1.10891 0
0.7825 18.1604 0.0844835 18.0591 1.23013 0
0.785 18.1581 0.0934585 18.0544 1.35454 0
0.7875 18.1556 0.102422 18.0494 1.48201 0
0.79 18.153 0.111372 18.0441 1.61242 0
0.7925 18.1502 0.120308 18.0384 1.74566 0
0.795 18.1472 0.129229 18.0324 1.88164 0
0.7975 18.144 0.138135 18.0261 2.02028 0
0.8 18.1407 0.147023 18.0194 2.16149 0
0.8025 18.1372 0.155892 18.0123 2.3052 0
0.805 18.1335 0.164742 18.0049 2.45137 0
0.8075 18.1297 0.173571 17.9972 2.59992 0
0.81 18.1257 0.182378 17.9891 2.75081 0
0.8125 18.1215 0.191162 17.9807 2.90398 0
0.815 18.1172 0.199921 17.9719 3.0594 0
0.8175 18.1127 0.208654 17.9628 3.21702 0
0.82 18.108 0.217359 17.9533 3.3768 0
0.8225 18.1032 0.226035 17.9435 3.5387 0
0.825 18.0982 0.23468 17.9334 3.70269 0
0.8275 18.093 0.243294 17.9229 3.86873 0
0.83 18.0877 0.251873 17.9121 4.0368 0
0.8325 18.0822 0.260417 17.901 4.20686 0
0.835 18.0765 0.268924 17.8895 4.37889 0
0.8375 18.0707 0.277391 17.8776 4.55285 0
0.84 18.0647 0.285818 17.8655 4.72872 0
0.8425 18.0586 0.294203 17.853 4.90647 0
0.845 18.0523 0.302542 17.8401 5.08608 0
0.8475 18.0459 0.310835 17.8269 5.26752 0
0.85 18.0393 0.319079 17.8134 5.45076 0
0.8525 18.0325 0.327273 17.7996 5.63577 0
0.855 18.0256 0.335414 17.7854 5.82254 0
0.8575 18.0186 0.3435 17.7709 6.01103 0
0.86 18.0114 0.351528 17.756 6.20122 0
0.8625 18.004 0.359497 17.7409 6.39308 0
0.865 17.9965 0.367405 17.7254 6.58658 0
0.8675 17.9889 0.375248 17.7095 6.7817 0
0.87 17.9811 0.383024 17.6934 6.97841 0
0.8725 17.9731 0.390731 17.6769 7.17669 0
0.875 17.965 0.398367 17.6601 7.37649 0
0.8775 17.9568 0.405929 17.643 7.57779 0
0.88 17.9485 0.413413 17.6256 7.78057 0
0.8825 17.94 0.420819 17.6079 7.98478 0
0.885 17.9313 0.428142 17.5899 8.19039 0
0.8875 17.9226 0.435381 17.5715 8.39738 0
0.89 17.9137 0.442532 17.5528 8.60571 0
0.8925 17.9046 0.449594 17.5339 8.81534 0
0.895 17.8955 0.456562 17.5146 9.02624 0
0.8975 17.8862 0.463434 17.4951 9.23837 0
0.9 17.8768 0.470208 17.4752 9.45168 0
0.9025 17.8672 0.47688 17.4551 9.66615 0
0.905 17.8576 0.483448 17.4347 9.88174 0
0.9075 17.8478 0.489909 17.414 10.0984 0
0.91 17.8379 0.49626 17.393 10.3161 0
0.9125 17.8279 0.502499 17.3717 10.5347 0
0.915 17.8178 0.508621 17.3502 10.7543 0
0.9175 17.8076 0.514625 17.3284 10.9748 0
0.92 17.7972 0.520508 17.3064 11.1962 0
0.9225 17.7868 0.526266 17.284 11.4184 0
0.925 17.7762 0.531897 17.2615 11.6413 0
0.9275 17.7656 0.537399 17.2387 11.8649 0
0.93 17.7548 0.542768 17.2156 12.0892 0
0.9325 17.744 0.548001 17.1923 12.314 0
0.935 17.7331 0.553097 17.1688 12.5395 0
0.9375 17.722 0.558052 17.1451 12.7654 0
0.94 17.7109 0.562863 17.1211 12.9918 0
0.9425 17.6997 0.567529 17.0969 13.2186 0
0.945 17.6884 0.572046 17.0725 13.4458 0
0.9475 17.6771 0.576412 17.0479 13.6733 0
0.95 17.6657 0.580624 17.0231 13.901 0
0.9525 17.6541 0.584681 16.9981 14.1289 0
0.955 17.6426 0.58858 16.973 14.3569 0
0.9575 17.6309 0.592319 16.9476 14.5851 0
0.96 17.6192 0.595895 16.9221 14.8133 0
0.9625 17.6074 0.599306 16.8964 15.0415 0
0.965 17.5956 0.60255 16.8706 15.2696 0
0.9675 17.5837 0.605626 16.8446 15.4978 0
0.97 17.5717 0.608531 16.8185 15.7258 0
0.9725 17.5597 0.611262 16.7922 15.9537 0
0.975 17.5477 0.613819 16.7659 16.1816 0
0.9775 17.5356 0.616198 16.7394 16.4095 0
0.98 17.5235 0.618398 16.7128 16.6376 0
0.9825 17.5113 0.620416 16.6861 16.8662 0
0.985 17.4991 0.622246 16.6594 17.0959 0
0.9875 17.4869 0.623892 16.6326 17.3285 0
0.99 17.4746 0.625311 16.6059 17.5651 0
0.9925 17.4624 0.626617 16.5793 17.8382 0
0.995 17.4501 0.627315 16.5532 17.9847 0
0.9975 17.4377 0.628595 16.5271 18.435 0
1 17.4254 0.629854 16.5185 18.4078 0
