0 21.3176 2.51466 19.4836 19.4703 0
0.0025 21.0591 2.48361 19.2567 19.5242 0
0.005 20.805 2.43196 19.016 19.9493 0
0.0075 20.5554 2.38792 18.782 19.7549 0
0.01 20.3102 2.34156 18.5524 19.8647 0
0.0125 20.0694 2.29592 18.3278 19.9003 0
0.015 19.8331 2.25015 18.1079 19.9508 0
0.0175 19.6014 2.20455 17.8929 19.9955 0
0.02 19.374 2.15909 17.6826 20.0393 0
0.0225 19.1512 2.11382 17.4772 20.0813 0
0.025 18.9328 2.06879 17.2764 20.1219 0
0.0275 18.7189 2.02402 17.0803 20.1612 0
0.03 18.5094 1.97954 16.8888 20.1992 0
0.0325 18.3042 1.9354 16.7019 20.236 0
0.035 18.1035 1.89161 16.5195 20.2719 0
0.0375 17.9071 1.84819 16.3415 20.3069 0
0.04 17.7151 1.80518 16.168 20.3411 0
0.0425 17.5273 1.7626 15.9988 20.3746 0
0.045 17.3437 1.72045 15.8339 20.4075 0
0.0475 17.1644 1.67877 15.6732 20.4399 0
0.05 16.9892 1.63757 15.5167 20.4719 0
0.0525 16.8182 1.59685 15.3643 20.5036 0
0.055 16.6513 1.55665 15.2159 20.535 0
0.0575 16.4883 1.51695 15.0715 20.5663 0
0.06 16.3294 1.47779 14.931 20.5975 0
0.0625 16.1744 1.43917 14.7943 20.6286 0
0.065 16.0233 1.40109 14.6615 20.6598 0
0.0675 15.876 1.36356 14.5323 20.691 0
0.07 15.7325 1.3266 14.4068 20.7224 0
0.0725 15.5928 1.2902 14.2848 20.754 0
0.075 15.4567 1.25438 14.1664 20.7859 0
0.0775 15.3242 1.21913 14.0514 20.818 0
0.08 15.1954 1.18446 13.9399 20.8504 0
0.0825 15.07 1.15037 13.8316 20.8832 0
0.085 14.9481 1.11687 13.7265 20.9164 0
0.0875 14.8296 1.08396 13.6247 20.9499 0
0.09 14.7145 1.05164 13.5259 20.9838 0
0.0925 14.6026 1.01991 13.4302 21.0181 0
0.095 14.494 0.988767 13.3375 21.0529 0
0.0975 14.3885 0.958219 13.2476 21.088 0
0.1 14.2862 0.928263 13.1607 21.1235 0
0.1025 14.187 0.898898 13.0764 21.1595 0
0.105 14.0907 0.870124 12.9949 21.1958 0
0.1075 13.9975 0.84194 12.9161 21.2324 0
0.11 13.9071 0.814344 12.8398 21.2694 0
0.1125 13.8195 0.787334 12.766 21.3066 0
0.115 13.7348 0.760909 12.6947 21.3442 0
0.1175 13.6527 0.735065 12.6257 21.3819 0
0.12 13.5734 0.7098 12.5591 21.4198 0
0.1225 13.4966 0.685111 12.4947 21.4579 0
0.125 13.4225 0.660993 12.4325 21.496 0
0.1275 13.3508 0.637442 12.3725 21.5342 0
0.13 13.2816 0.614455 12.3145 21.5724 0
0.1325 13.2148 0.592025 12.2585 21.6105 0
0.135 13.1503 0.570147 12.2045 21.6485 0
0.1375 13.0882 0.548816 12.1523 21.6864 0
0.14 13.0282 0.528024 12.1021 21.724 0
0.1425 12.9705 0.507765 12.0536 21.7614 0
0.145 12.9149 0.488032 12.0068 21.7984 0
0.1475 12.8614 0.468816 11.9617 21.8351 0
0.15 12.8099 0.450108 11.9183 21.8714 0
0.1525 12.7604 0.431901 11.8764 21.9072 0
0.155 12.7128 0.414184 11.8361 21.9425 0
0.1575 12.6671 0.396947 11.7973 21.9773 0
0.16 12.6233 0.380179 11.7599 22.0115 0
0.1625 12.5812 0.363871 11.724 22.045 0
0.165 12.5409 0.34801 11.6894 22.0779 0
0.1675 12.5023 0.332584 11.6562 22.1101 0
0.17 12.4653 0.317581 11.6243 22.1416 0
0.1725 12.43 0.302988 11.5937 22.1723 0
0.175 12.3962 0.288793 11.5643 22.2023 0
0.1775 12.3639 0.274981 11.5361 22.2314 0
0.18 12.3331 0.26154 11.5092 22.2597 0
0.1825 12.3037 0.248456 11.4833 22.2872 0
0.185 12.2758 0.235714 11.4586 22.3137 0
0.1875 12.2492 0.2233 11.435 22.3394 0
0.19 12.2239 0.2112 11.4125 22.3642 0
0.1925 12.2 0.1994 11.3911 22.388 0
0.195 12.1773 0.187885 11.3707 22.4109 0
0.1975 12.1558 0.176642 11.3513 22.4329 0
0.2 12.1355 0.165655 11.333 22.4538 0
0.2025 12.1164 0.15491 11.3156 22.4738 0
0.205 12.0984 0.144395 11.2992 22.4928 0
0.2075 12.0816 0.134094 11.2838 22.5108 0
0.21 12.0658 0.123995 11.2693 22.5277 0
0.2125 12.0511 0.114083 11.2557 22.5437 0
0.215 12.0375 0.104346 11.2431 22.5586 0
0.2175 12.0248 0.0947709 11.2314 22.5725 0
0.22 12.0132 0.0853441 11.2206 22.5853 0
0.2225 12.0026 0.0760535 11.2107 22.5971 0
0.225 11.9929 0.0668867 11.2017 22.6078 0
0.2275 11.9842 0.0578316 11.1935 22.6175 0
0.23 11.9765 0.0488763 11.1863 22.6261 0
0.2325 11.9696 0.040009 11.1799 22.6336 0
0.235 11.9637 0.0312182 11.1743 22.6401 0
0.2375 11.9588 0.0224925 11.1696 22.6455 0
0.24 11.9547 0.0138206 11.1658 22.6498 0
0.2425 11.9515 0.00519141 11.1629 22.653 0
0.245 11.9492 -0.00340613 11.1607 22.6551 0
0.2475 11.9478 -0.011983 11.1595 22.6562 0
0.25 11.9473 -0.0205501 11.159 22.6561 0
0.2525 11.9477 -0.0291183 11.1595 22.655 0
0.255 11.949 -0.0376985 11.1607 22.6528 0
0.2575 11.9511 -0.0463017 11.1629 22.6495 0
0.26 11.9542 -0.0549388 11.1658 22.6451 0
0.2625 11.9581 -0.0636209 11.1696 22.6397 0
0.265 11.963 -0.0723591 11.1743 22.6331 0
0.2675 11.9688 -0.0811647 11.1799 22.6255 0
0.27 11.9755 -0.0900491 11.1863 22.6168 0
0.2725 11.9831 -0.099024 11.1935 22.607 0
0.275 11.9917 -0.108101 11.2017 22.5962 0
0.2775 12.0012 -0.117292 11.2107 22.5842 0
0.28 12.0117 -0.126609 11.2206 22.5712 0
0.2825 12.0232 -0.136065 11.2314 22.5572 0
0.285 12.0356 -0.145673 11.2431 22.5421 0
0.2875 12.0492 -0.155444 11.2557 22.5259 0
0.29 12.0637 -0.165393 11.2693 22.5087 0
0.2925 12.0793 -0.175532 11.2838 22.4905 0
0.295 12.096 -0.185875 11.2992 22.4712 0
0.2975 12.1138 -0.196436 11.3156 22.4509 0
0.3 12.1328 -0.207229 11.333 22.4296 0
0.3025 12.1529 -0.218267 11.3513 22.4073 0
0.305 12.1742 -0.229566 11.3707 22.384 0
0.3075 12.1967 -0.241138 11.3911 22.3598 0
0.31 12.2205 -0.253 11.4125 22.3345 0
0.3125 12.2456 -0.265165 11.435 22.3084 0
0.315 12.272 -0.277647 11.4586 22.2812 0
0.3175 12.2998 -0.290461 11.4833 22.2532 0
0.32 12.3289 -0.303622 11.5092 22.2243 0
0.3225 12.3595 -0.317143 11.5361 22.1945 0
0.325 12.3916 -0.331039 11.5643 22.1638 0
0.3275 12.4252 -0.345324 11.5937 22.1323 0
0.33 12.4603 -0.36001 11.6243 22.1 0
0.3325 12.4971 -0.375111 11.6562 22.0669 0
0.335 12.5354 -0.390641 11.6895 22.0331 0
0.3375 12.5755 -0.406611 11.724 21.9985 0
0.34 12.6173 -0.423033 11.7599 21.9633 0
0.3425 12.6609 -0.43992 11.7973 21.9274 0
0.345 12.7063 -0.457283 11.8361 21.8909 0
0.3475 12.7537 -0.475131 11.8764 21.8538 0
0.35 12.8029 -0.493476 11.9183 21.8162 0
0.3525 12.8541 -0.512328 11.9617 21.7781 0
0.355 12.9073 -0.531694 12.0068 21.7396 0
0.3575 12.9626 -0.551585 12.0536 21.7007 0
0.36 13.0201 -0.572008 12.1021 21.6614 0
0.3625 13.0797 -0.592971 12.1523 21.6219 0
0.365 13.1415 -0.614482 12.2045 21.5821 0
0.3675 13.2057 -0.636546 12.2585 21.5421 0
0.37 13.2722 -0.659171 12.3145 21.502 0
0.3725 13.341 -0.682361 12.3725 21.4619 0
0.375 13.4123 -0.706122 12.4325 21.4217 0
0.3775 13.4862 -0.73046 12.4947 21.3815 0
0.38 13.5625 -0.755377 12.5591 21.3414 0
0.3825 13.6415 -0.780879 12.6258 21.3014 0
0.385 13.7232 -0.806969 12.6947 21.2616 0
0.3875 13.8075 -0.83365 12.766 21.222 0
0.39 13.8947 -0.860925 12.8398 21.1827 0
0.3925 13.9847 -0.888796 12.9161 21.1436 0
0.395 14.0776 -0.917265 12.995 21.1049 0
0.3975 14.1734 -0.946334 13.0765 21.0665 0
0.4 14.2722 -0.976005 13.1607 21.0285 0
0.4025 14.3741 -1.00628 13.2477 20.9909 0
0.405 14.4791 -1.03715 13.3375 20.9536 0
0.4075 14.5873 -1.06863 13.4302 20.9168 0
0.41 14.6987 -1.10071 13.5259 20.8804 0
0.4125 14.8134 -1.1334 13.6247 20.8444 0
0.415 14.9314 -1.16668 13.7266 20.8088 0
0.4175 15.0528 -1.20057 13.8316 20.7736 0
0.42 15.1777 -1.23505 13.9399 20.7388 0
0.4225 15.3061 -1.27013 14.0515 20.7043 0
0.425 15.438 -1.3058 14.1665 20.6701 0
0.4275 15.5736 -1.34206 14.2849 20.6362 0
0.43 15.7128 -1.37891 14.4068 20.6026 0
0.4325 15.8558 -1.41633 14.5323 20.5691 0
0.435 16.0025 -1.45434 14.6615 20.5359 0
0.4375 16.1531 -1.4929 14.7944 20.5027 0
0.44 16.3076 -1.53203 14.931 20.4695 0
0.4425 16.466 -1.57171 15.0715 20.4364 0
0.445 16.6283 -1.61194 15.2159 20.4031 0
0.4475 16.7947 -1.65269 15.3643 20.3697 0
0.45 16.9652 -1.69397 15.5167 20.3361 0
0.4525 17.1398 -1.73575 15.6733 20.3021 0
0.455 17.3185 -1.77803 15.834 20.2677 0
0.4575 17.5015 -1.82078 15.9989 20.2329 0
0.46 17.6886 -1.86399 16.1681 20.1975 0
0.4625 17.8801 -1.90765 16.3416 20.1614 0
0.465 18.0759 -1.95172 16.5196 20.1245 0
0.4675 18.276 -1.99618 16.702 20.0867 0
0.47 18.4805 -2.04102 16.8889 20.0479 0
0.4725 18.6894 -2.0862 17.0804 20.0081 0
0.475 18.9027 -2.13169 17.2765 19.967 0
0.4775 19.1205 -2.17746 17.4773 19.9245 0
0.48 19.3427 -2.22348 17.6828 19.8806 0
0.4825 19.5693 -2.26971 17.893 19.8351 0
0.485 19.8005 -2.31611 18.1081 19.7879 0
0.4875 20.0361 -2.36263 18.328 19.7388 0
0.49 20.2762 -2.40924 18.5528 19.6878 0
0.4925 20.5208 -2.45587 18.7825 19.6346 0
0.495 20.7698 -2.50249 19.0171 19.5791 0
0.4975 21.0233 -2.54902 19.2566 19.5212 0
0.5 21.2811 -2.59542 19.5012 19.4608 0
0.5025 21.5434 -2.64162 19.7507 19.3976 0
0.505 21.8099 -2.68756 20.0052 19.3315 0
0.5075 22.0808 -2.73316 20.2647 19.2624 0
0.51 22.3559 -2.77835 20.5292 19.1902 0
0.5125 22.6352 -2.82306 20.7986 19.1146 0
0.515 22.9186 -2.8672 21.073 19.0354 0
0.5175 23.206 -2.91069 21.3524 18.9527 0
0.52 23.4974 -2.95344 21.6366 18.8661 0
0.5225 23.7926 -2.99536 21.9257 18.7755 0
0.525 24.0916 -3.03635 22.2195 18.6808 0
0.5275 24.3942 -3.07631 22.5181 18.5818 0
0.53 24.7003 -3.11515 22.8213 18.4783 0
0.5325 25.0098 -3.15275 23.1292 18.3702 0
0.535 25.3225 -3.18901 23.4414 18.2574 0
0.5375 25.6383 -3.22381 23.7581 18.1396 0
0.54 25.957 -3.25704 24.079 18.0168 0
0.5425 26.2784 -3.28859 24.404 17.8887 0
0.545 26.6023 -3.31834 24.733 17.7553 0
0.5475 26.9286 -3.34616 25.0658 17.6164 0
0.55 27.2571 -3.37194 25.4022 17.4719 0
0.5525 27.5874 -3.39555 25.7421 17.3217 0
0.555 27.9195 -3.41688 26.0853 17.1657 0
0.5575 28.2529 -3.43579 26.4315 17.0036 0
0.56 28.5876 -3.45218 26.7805 16.8356 0
0.5625 28.9231 -3.46592 27.1321 16.6614 0
0.565 29.2593 -3.4769 27.4859 16.4811 0
0.5675 29.5959 -3.485 27.8418 16.2945 0
0.57 29.9326 -3.49011 28.1995 16.1016 0
0.5725 30.269 -3.49213 28.5586 15.9023 0
0.575 30.6048 -3.49096 28.9188 15.6967 0
0.5775 30.9399 -3.48651 29.2798 15.4848 0
0.58 31.2737 -3.47868 29.6412 15.2665 0
0.5825 31.606 -3.4674 30.0027 15.0419 0
0.585 31.9365 -3.45261 30.3639 14.811 0
0.5875 32.2647 -3.43423 30.7245 14.574 0
0.59 32.5905 -3.41223 31.0839 14.3308 0
0.5925 32.9134 -3.38656 31.4419 14.0817 0
0.595 33.233 -3.3572 31.798 13.8266 0
0.5975 33.5491 -3.32413 32.1518 13.5659 0
0.6 33.8613 -3.28735 32.5028 13.2995 0
0.6025 34.1693 -3.24689 32.8507 13.0279 0
0.605 34.4726 -3.20277 33.195 12.751 0
0.6075 34.7711 -3.15503 33.5352 12.4693 0
0.61 35.0643 -3.10374 33.871 12.1828 0
0.6125 35.352 -3.04898 34.2019 11.892 0
0.615 35.6338 -2.99084 34.5274 11.5971 0
0.6175 35.9095 -2.92944 34.8473 11.2984 0
0.62 36.1788 -2.8649 35.161 10.9963 0
0.6225 36.4413 -2.79737 35.4682 10.6911 0
0.625 36.697 -2.72701 35.7685 10.3831 0
0.6275 36.9454 -2.654 36.0615 10.0729 0
0.63 37.1865 -2.57853 36.3469 9.76071 0
0.6325 37.42 -2.50082 36.6244 9.44704 0
0.635 37.6458 -2.42108 36.8936 9.1323 0
0.6375 37.8637 -2.33956 37.1544 8.81695 0
0.64 38.0735 -2.2565 37.4063 8.50144 0
0.6425 38.2752 -2.17217 37.6493 8.18622 0
0.645 38.4687 -2.08683 37.8831 7.87177 0
0.6475 38.654 -2.00077 38.1076 7.55857 0
0.65 38.8309 -1.91427 38.3226 7.2471 0
0.6525 38.9996 -1.82763 38.5281 6.93784 0
0.655 39.16 -1.74113 38.724 6.63127 0
0.6575 39.3122 -1.65508 38.9103 6.32787 0
0.66 39.4563 -1.56978 39.087 6.02812 0
0.6625 39.5923 -1.48553 39.2541 5.73251 0
0.665 39.7205 -1.40261 39.4118 5.44149 0
0.6675 39.841 -1.32131 39.5601 5.15554 0
0.67 39.9538 -1.24192 39.6993 4.87511 0
0.6725 40.0594 -1.1647 39.8295 4.60065 0
0.675 40.1579 -1.0899 39.951 4.3326 0
0.6775 40.2495 -1.01776 40.064 4.07138 0
0.68 40.3345 -0.948499 40.1688 3.8174 0
0.6825 40.4132 -0.882307 40.2657 3.57105 0
0.685 40.486 -0.819343 40.3551 3.33268 0
0.6875 40.5531 -0.759736 40.4374 3.10264 0
0.69 40.6148 -0.703573 40.5129 2.88122 0
0.6925 40.6715 -0.650898 40.5819 2.66865 0
0.695 40.7235 -0.601709 40.6451 2.46512 0
0.6975 40.7711 -0.555957 40.7026 2.27074 0
0.7 40.8147 -0.513546 40.7549 2.08553 0
0.7025 40.8545 -0.474338 40.8025 1.90943 0
0.705 40.8908 -0.438157 40.8457 1.74232 0
0.7075 40.9239 -0.4048 40.8847 1.58396 0
0.71 40.9541 -0.374045 40.9201 1.43407 0
0.7125 40.9815 -0.34566 40.9521 1.29232 0
0.715 41.0063 -0.319411 40.9809 1.15834 0
0.7175 41.0288 -0.295069 41.0068 1.03177 0
0.72 41.049 -0.272416 41.0301 0.912224 0
0.7225 41.0672 -0.251247 41.0508 0.799372 0
0.725 41.0835 -0.231374 41.0693 0.692908 0
0.7275 41.0979 -0.212622 41.0857 0.592581 0
0.73 41.1106 -0.194834 41.1 0.49821 0
0.7325 41.1216 -0.177867 41.1124 0.409694 0
0.735 41.1311 -0.16159 41.1229 0.327042 0
0.7375 41.139 -0.145883 41.1318 0.25041 0
0.74 41.1454 -0.130638 41.1389 0.180171 0
0.7425 41.1504 -0.115752 41.1444 0.117067 0
0.745 41.154 -0.101132 41.1483 0.0626171 0
0.7475 41.1562 -0.0866846 41.1506 0.0210436 0
0.75 41.157 -0.0723241 41.1514 0.012096 0
0.7525 41.1564 -0.057964 41.1506 0.0616905 0
0.755 41.1544 -0.0435184 41.1483 0.110701 0
0.7575 41.151 -0.0288999 41.1444 0.171666 0
0.76 41.1462 -0.0140181 41.1389 0.240214 0
0.7625 41.14 0.00122217 41.1318 0.315201 0
0.765 41.1323 0.0169219 41.1229 0.396111 0
0.7675 41.1231 0.0331905 41.1124 0.482715 0
0.77 41.1122 0.050146 41.1 0.574954 0
0.7725 41.0998 0.0679186 41.0857 0.672889 0
0.775 41.0856 0.0866516 41.0693 0.776672 0
0.7775 41.0696 0.106502 41.0509 0.886526 0
0.78 41.0517 0.127642 41.0301 1.00273 0
0.7825 41.0317 0.150261 41.0068 1.12562 0
0.785 41.0096 0.174563 40.9809 1.25556 0
0.7875 40.9851 0.200766 40.9521 1.39293 0
0.79 40.9581 0.229097 40.9201 1.53812 0
0.7925 40.9283 0.259793 40.8847 1.69151 0
0.795 40.8956 0.293085 40.8457 1.85343 0
0.7975 40.8598 0.329198 40.8025 2.02417 0
0.8 40.8205 0.368337 40.7549 2.20394 0
0.8025 40.7775 0.41068 40.7026 2.39289 0
0.805 40.7304 0.456369 40.6451 2.59105 0
0.8075 40.679 0.505505 40.582 2.79839 0
0.81 40.623 0.558141 40.5129 3.01479 0
0.8125 40.562 0.614282 40.4374 3.24005 0
0.815 40.4957 0.67389 40.3551 3.47392 0
0.8175 40.4237 0.73688 40.2657 3.71608 0
0.82 40.3459 0.803129 40.1688 3.9662 0
0.8225 40.2617 0.872478 40.064 4.2239 0
0.825 40.1711 0.944741 39.951 4.48878 0
0.8275 40.0736 1.0197 39.8295 4.76042 0
0.83 39.969 1.09713 39.6993 5.03839 0
0.8325 39.8572 1.17677 39.5601 5.32224 0
0.835 39.7378 1.25836 39.4118 5.61151 0
0.8375 39.6107 1.34161 39.2541 5.90575 0
0.84 39.4758 1.42625 39.087 6.20449 0
0.8425 39.3328 1.51198 38.9103 6.50725 0
0.845 39.1818 1.5985 38.724 6.81354 0
0.8475 39.0225 1.68553 38.5281 7.1229 0
0.85 38.855 1.77275 38.3226 7.43482 0
0.8525 38.6792 1.85987 38.1076 7.74884 0
0.855 38.4951 1.9466 37.8831 8.06445 0
0.8575 38.3028 2.03266 37.6493 8.38119 0
0.86 38.1022 2.11776 37.4063 8.69858 0
0.8625 37.8935 2.20163 37.1544 9.01614 0
0.865 37.6767 2.28401 36.8937 9.33341 0
0.8675 37.452 2.36465 36.6244 9.64994 0
0.87 37.2196 2.44331 36.347 9.96527 0
0.8725 36.9796 2.51976 36.0616 10.279 0
0.875 36.7321 2.5938 35.7685 10.5907 0
0.8775 36.4775 2.66523 35.4682 10.8999 0
0.88 36.2159 2.73386 35.1611 11.2063 0
0.8825 35.9475 2.79954 34.8473 11.5095 0
0.885 35.6727 2.86211 34.5275 11.8091 0
0.8875 35.3917 2.92145 34.2019 12.1048 0
0.89 35.1049 2.97743 33.871 12.3964 0
0.8925 34.8124 3.02997 33.5352 12.6834 0
0.895 34.5146 3.07899 33.195 12.9656 0
0.8975 34.212 3.12441 32.8507 13.2429 0
0.9 33.9046 3.16619 32.5029 13.5148 0
0.9025 33.593 3.2043 32.1518 13.7813 0
0.905 33.2774 3.23872 31.798 14.0422 0
0.9075 32.9583 3.26945 31.442 14.2972 0
0.91 32.6358 3.29649 31.084 14.5463 0
0.9125 32.3104 3.31988 30.7245 14.7892 0
0.915 31.9825 3.33965 30.364 15.026 0
0.9175 31.6523 3.35584 30.0028 15.2565 0
0.92 31.3202 3.36851 29.6413 15.4807 0
0.9225 30.9866 3.37774 29.2799 15.6984 0
0.925 30.6518 3.38359 28.9189 15.9098 0
0.9275 30.316 3.38616 28.5587 16.1147 0
0.93 29.9796 3.38553 28.1996 16.3133 0
0.9325 29.643 3.3818 27.8419 16.5054 0
0.935 29.3064 3.37508 27.486 16.6911 0
0.9375 28.9701 3.36547 27.1321 16.8706 0
0.94 28.6345 3.3531 26.7806 17.0438 0
0.9425 28.2997 3.33806 26.4316 17.2108 0
0.945 27.966 3.32048 26.0854 17.3717 0
0.9475 27.6338 3.30048 25.7422 17.5266 0
0.95 27.3032 3.27818 25.4023 17.6757 0
0.9525 26.9745 3.2537 25.0659 17.8189 0
0.955 26.6479 3.22716 24.7331 17.9566 0
0.9575 26.3236 3.19868 24.4041 18.0887 0
0.96 26.0018 3.16838 24.0791 18.2154 0
0.9625 25.6827 3.13638 23.7582 18.3369 0
0.965 25.3665 3.10279 23.4416 18.4532 0
0.9675 25.0534 3.06772 23.1293 18.5646 0
0.97 24.7434 3.0313 22.8215 18.6713 0
0.9725 24.4368 2.99362 22.5183 18.7732 0
0.975 24.1337 2.95479 22.2197 18.8707 0
0.9775 23.8343 2.91491 21.9258 18.9639 0
0.98 23.5385 2.87409 21.6368 19.0529 0
0.9825 23.2466 2.83241 21.3526 19.1381 0
0.985 22.9586 2.78999 21.0733 19.2184 0
0.9875 22.6746 2.74682 20.7989 19.2997 0
0.99 22.3948 2.70331 20.5296 19.3562 0
0.9925 22.1191 2.65845 20.2648 19.5086 0
0.995 21.8476 2.61575 20.0072 19.2066 0
0.9975 21.5804 2.56504 19.7454 19.5242 0
1 21.3176 2.53412 19.5279 19.4703 0
