0 0 25.3616 -3.07233 -0.293731 77.1413 -7.91953 1.3464
0 0.05 25.7645 -2.75961 1.26411 77.1713 -7.17392 -2.33767
0 0.1 26.9308 -2.13519 3.05141 77.3965 -5.48094 -5.67812
0 0.15 28.3565 -1.42395 4.67252 77.8356 -3.55656 -8.37093
0 0.2 29.4803 -0.710143 5.75824 78.2459 -1.73416 -10.1323
0 0.25 29.9017 9.02242e-08 6.14086 78.4091 1.6386e-07 -10.7463
0 0.3 29.4803 0.710143 5.75869 78.2459 1.73416 -10.1323
0 0.35 28.3565 1.42395 4.67073 77.8356 3.55656 -8.37093
0 0.4 26.9308 2.13519 3.05814 77.3965 5.48094 -5.67813
0 0.45 25.7645 2.75962 1.23899 77.1713 7.17393 -2.33767
0 0.5 25.3616 3.07233 -0.199987 77.1413 7.91953 1.3464
0 0.55 25.67 2.75562 -1.71522 77.0402 7.16442 5.02298
0 0.6 26.6966 2.12217 -3.64581 77.1443 5.46617 8.35253
0 0.65 27.9992 1.40816 -5.41904 77.4862 3.54063 11.0382
0 0.7 29.0383 0.699678 -6.64453 77.8332 1.724 12.7958
0 0.75 29.4296 1.22493e-07 -7.08051 77.9742 2.03557e-07 13.4086
0 0.8 29.0383 -0.699677 -6.64408 77.8332 -1.724 12.7958
0 0.85 27.9992 -1.40816 -5.42083 77.4862 -3.54063 11.0382
0 0.9 26.6966 -2.12217 -3.63908 77.1443 -5.46617 8.35253
0 0.95 25.6699 -2.75562 -1.74034 77.0402 -7.16442 5.02298
0 1 25.3616 -3.07233 -0.106242 77.1413 -7.91953 1.3464
0.05 0 25.3738 -2.76597 -0.375401 77.0757 -7.22972 1.69045
0.05 0.05 22.91 -2.3032 1.06958 74.9679 -6.51251 -1.80001
0.05 0.1 20.5015 -1.54478 2.3519 72.5926 -4.81074 -4.81713
0.05 0.15 18.8952 -0.867511 3.35585 70.6949 -2.87817 -7.08951
0.05 0.2 18.0398 -0.375584 3.93626 69.5874 -1.28962 -8.49125
0.05 0.25 17.7747 -6.29147e-08 4.12321 69.2329 -2.44653e-07 -8.96481
0.05 0.3 18.0398 0.375584 3.93662 69.5874 1.28962 -8.49125
0.05 0.35 18.8952 0.867511 3.35444 70.6949 2.87817 -7.08952
0.05 0.4 20.5015 1.54478 2.35718 72.5926 4.81074 -4.81713
0.05 0.45 22.91 2.3032 1.04987 74.9679 6.51251 -1.80001
0.05 0.5 25.3738 2.76597 -0.301811 77.0758 7.22972 1.69045
0.05 0.55 28.7264 2.7253 -2.01232 79.0508 6.64276 5.27097
0.05 0.6 33.5436 2.39948 -4.18902 81.3441 5.28929 8.64988
0.05 0.65 38.2108 1.80049 -6.27889 83.4038 3.63877 11.4728
0.05 0.7 41.5345 0.967214 -7.77328 84.7584 1.84838 13.3515
0.05 0.75 42.7292 3.06929e-07 -8.31335 85.225 4.73181e-07 14.0105
0.05 0.8 41.5345 -0.967214 -7.77293 84.7584 -1.84837 13.3515
0.05 0.85 38.2108 -1.80049 -6.2803 83.4037 -3.63877 11.4728
0.05 0.9 33.5436 -2.39948 -4.18373 81.3441 -5.28929 8.64988
0.05 0.95 28.7264 -2.7253 -2.03204 79.0508 -6.64276 5.27096
0.05 1 25.3738 -2.76597 -0.228221 77.0757 -7.22972 1.69045
0.1 0 25.393 -2.2121 -0.433767 76.8892 -5.86187 1.87437
0.1 0.05 20.1263 -1.62781 0.833888 72.6006 -5.09303 -1.09729
0.1 0.1 15.2258 -0.923908 1.53254 67.6306 -3.5411 -3.52829
0.1 0.15 11.7559 -0.421073 1.86991 63.1683 -1.91896 -5.1826
0.1 0.2 9.84921 -0.146895 1.9597 60.2209 -0.745426 -6.08643
0.1 0.25 9.25373 -6.92464e-08 1.9707 59.2078 -3.97922e-07 -6.36671
0.1 0.3 9.84921 0.146895 1.95996 60.2209 0.745425 -6.08643
0.1 0.35 11.7559 0.421073 1.86887 63.1683 1.91896 -5.1826
0.1 0.4 15.2258 0.923908 1.53646 67.6306 3.5411 -3.52829
0.1 0.45 20.1263 1.62781 0.819283 72.6006 5.09303 -1.09729
0.1 0.5 25.393 2.2121 -0.379257 76.8893 5.86187 1.87437
0.1 0.55 31.9018 2.42327 -2.12905 80.8284 5.52241 5.00985
0.1 0.6 39.909 2.31953 -4.20973 84.7067 4.51582 8.03353
0.1 0.65 47.2746 1.84643 -6.15332 87.7947 3.17498 10.5793
0.1 0.7 52.3061 1.02006 -7.47628 89.6701 1.62522 12.2694
0.1 0.75 54.0678 3.45454e-07 -7.93888 90.2866 4.78845e-07 12.8599
0.1 0.8 52.306 -1.02006 -7.47602 89.6701 -1.62522 12.2694
0.1 0.85 47.2746 -1.84643 -6.15436 87.7947 -3.17498 10.5793
0.1 0.9 39.909 -2.31953 -4.20582 84.7067 -4.51582 8.03353
0.1 0.95 31.9018 -2.42327 -2.14366 80.8284 -5.52241 5.00984
0.1 1 25.393 -2.2121 -0.324746 76.8892 -5.86187 1.87437
0.15 0 25.4274 -1.55682 -0.438648 76.669 -4.16455 1.85873
0.15 0.05 17.7574 -1.01236 0.530244 70.3503 -3.4831 -0.332367
0.15 0.1 11.4663 -0.486558 0.861394 63.1923 -2.25738 -2.04189
0.15 0.15 7.35627 -0.18444 0.877588 56.5613 -1.12548 -3.08531
0.15 0.2 5.26358 -0.0518874 0.793728 51.9682 -0.378949 -3.56613
0.15 0.25 4.64618 -2.53807e-08 0.753281 50.3524 -2.39921e-07 -3.6931
0.15 0.3 5.26359 0.0518873 0.793896 51.9682 0.378948 -3.56613
0.15 0.35 7.35627 0.18444 0.876917 56.5613 1.12548 -3.08531
0.15 0.4 11.4663 0.486558 0.863911 63.1923 2.25738 -2.04189
0.15 0.45 17.7575 1.01236 0.520848 70.3504 3.4831 -0.332367
0.15 0.5 25.4274 1.55682 -0.403581 76.6691 4.16455 1.85873
0.15 0.55 34.6561 1.85443 -1.84817 82.2495 3.9996 4.21921
0.15 0.6 44.8954 1.85494 -3.43706 87.1176 3.29524 6.50364
0.15 0.65 53.7471 1.49869 -4.75378 90.6901 2.29563 8.41341
0.15 0.7 59.3589 0.8139 -5.49327 92.7239 1.14489 9.66917
0.15 0.75 61.1782 2.94207e-07 -5.66506 93.3543 3.74825e-07 10.105
0.15 0.8 59.3589 -0.813899 -5.4931 92.7239 -1.14489 9.66917
0.15 0.85 53.7471 -1.49869 -4.75445 90.6901 -2.29563 8.41341
0.15 0.9 44.8954 -1.85494 -3.43455 87.1176 -3.29523 6.50364
0.15 0.95 34.6561 -1.85443 -1.85756 82.2495 -3.9996 4.21921
0.15 1 25.4274 -1.55682 -0.368514 76.669 -4.16455 1.85873
0.2 0 25.4641 -0.789427 -0.356849 76.5104 -2.15119 1.6515
0.2 0.05 16.1921 -0.468507 0.201644 68.716 -1.75206 0.430341
0.2 0.1 9.30254 -0.20651 0.342228 60.1107 -1.10886 -0.505918
0.2 0.15 5.21553 -0.0835123 0.298091 52.2331 -0.623769 -1.05183
0.2 0.2 3.31624 -0.0365052 0.218584 46.8632 -0.343474 -1.29405
0.2 0.25 2.80746 -3.21733e-09 0.183125 45.075 -4.49143e-08 -1.36492
0.2 0.3 3.31624 0.0365052 0.218659 46.8632 0.343473 -1.29405
0.2 0.35 5.21553 0.0835123 0.297791 52.2331 0.623769 -1.05183
0.2 0.4 9.30254 0.20651 0.343351 60.1107 1.10886 -0.505918
0.2 0.45 16.1921 0.468507 0.197453 68.716 1.75206 0.430341
0.2 0.5 25.4642 0.789428 -0.341205 76.5104 2.15119 1.6515
0.2 0.55 36.5126 0.997987 -1.20321 83.1723 2.09854 2.97199
0.2 0.6 47.9677 1.0231 -2.08393 88.5588 1.73231 4.23643
0.2 0.65 57.2802 0.827191 -2.71709 92.3018 1.18417 5.2774
0.2 0.7 62.6056 0.437756 -2.92807 94.3129 0.567639 5.9526
0.2 0.75 63.9546 1.80618e-07 -2.88238 94.8913 2.15773e-07 6.18464
0.2 0.8 62.6056 -0.437756 -2.928 94.3129 -0.567638 5.9526
0.2 0.85 57.2802 -0.827191 -2.71739 92.3018 -1.18417 5.2774
0.2 0.9 47.9677 -1.0231 -2.08281 88.5588 -1.73231 4.23643
0.2 0.95 36.5126 -0.997987 -1.2074 83.1723 -2.09854 2.97199
0.2 1 25.4641 -0.789427 -0.32556 76.5104 -2.15119 1.6515
0.25 0 25.483 0.039511 -0.219571 76.4567 0.0422227 1.32793
0.25 0.05 15.6414 0.0285264 -0.130002 68.1095 0.0454694 1.18204
0.25 0.1 8.60387 0.0161937 -0.0695261 59.0011 0.0410953 1.02451
0.25 0.15 4.61941 0.00672411 -0.0371177 50.7985 0.0274185 0.883902
0.25 0.2 2.89359 0.00187057 -0.023443 45.4431 0.0112062 0.792331
0.25 0.25 2.47833 -4.50187e-11 -0.0204078 43.8123 -3.82649e-10 0.764383
0.25 0.3 2.89359 -0.00187057 -0.0234451 45.4431 -0.0112062 0.792331
0.25 0.35 4.61941 -0.00672411 -0.0371093 50.7985 -0.0274185 0.883902
0.25 0.4 8.60387 -0.0161937 -0.0695578 59.0011 -0.0410953 1.02451
0.25 0.45 15.6415 -0.0285264 -0.129883 68.1095 -0.0454693 1.18204
0.25 0.5 25.483 -0.039511 -0.220013 76.4567 -0.0422227 1.32793
0.25 0.55 37.1816 -0.0451045 -0.331463 83.5062 -0.0330635 1.45258
0.25 0.6 49.0075 -0.0404169 -0.444051 89.0618 -0.0218646 1.55152
0.25 0.65 58.3718 -0.0251545 -0.530097 92.8484 -0.0129128 1.61896
0.25 0.7 63.3245 -0.00794407 -0.570027 94.8331 -0.00656725 1.65428
0.25 0.75 64.4094 2.79973e-09 -0.575242 95.3829 1.3883e-09 1.66412
0.25 0.8 63.3245 0.00794407 -0.570029 94.8331 0.00656726 1.65428
0.25 0.85 58.3718 0.0251545 -0.530088 92.8484 0.0129128 1.61896
0.25 0.9 49.0075 0.0404169 -0.444083 89.0618 0.0218645 1.55152
0.25 0.95 37.1816 0.0451045 -0.331345 83.5062 0.0330635 1.45258
0.25 1 25.483 0.039511 -0.220454 76.4567 0.0422227 1.32793
0.3 0 25.4737 0.864742 -0.0818403 76.5186 2.23364 1.00731
0.3 0.05 16.1648 0.523663 -0.471537 68.6837 1.83818 1.9552
0.3 0.1 9.26789 0.239879 -0.492668 60.0487 1.18803 2.59174
0.3 0.15 5.18717 0.0996153 -0.381262 52.1549 0.685698 2.86499
0.3 0.2 3.29443 0.0427733 -0.271614 46.7761 0.38107 2.92222
0.3 0.25 2.78979 2.87749e-09 -0.228177 44.9883 4.13166e-08 2.93216
0.3 0.3 3.29443 -0.0427733 -0.271692 46.7761 -0.38107 2.92222
0.3 0.35 5.18717 -0.0996153 -0.38095 52.1549 -0.685698 2.86499
0.3 0.4 9.26789 -0.239879 -0.493839 60.0487 -1.18803 2.59174
0.3 0.45 16.1648 -0.523663 -0.46717 68.6837 -1.83818 1.9552
0.3 0.5 25.4738 -0.864743 -0.0981389 76.5187 -2.23364 1.00731
0.3 0.55 36.5676 -1.08576 0.553596 83.2216 -2.16528 -0.0779492
0.3 0.6 48.0477 -1.10486 1.21492 88.6441 -1.77874 -1.15188
0.3 0.65 57.3601 -0.88311 1.67148 92.4166 -1.21369 -2.06112
0.3 0.7 62.6623 -0.460453 1.78597 94.4479 -0.583091 -2.66591
0.3 0.75 63.9927 -1.73833e-07 1.71815 95.0336 -2.12948e-07 -2.87772
0.3 0.8 62.6623 0.460452 1.7859 94.4479 0.583091 -2.66591
0.3 0.85 57.3601 0.883109 1.6718 92.4166 1.21369 -2.06112
0.3 0.9 48.0477 1.10486 1.21375 88.6441 1.77874 -1.15188
0.3 0.95 36.5676 1.08576 0.557964 83.2215 2.16528 -0.0779492
0.3 1 25.4737 0.864742 -0.114437 76.5186 2.23364 1.00731
0.35 0 25.4425 1.62052 -7.94672e-07 76.6823 4.23878 0.808545
0.35 0.05 17.7041 1.06058 -0.828184 70.2862 3.55336 2.77679
0.35 0.1 11.3882 0.518884 -1.04496 63.0674 2.31872 4.23252
0.35 0.15 7.27676 0.202181 -0.987177 56.3965 1.17558 5.04073
0.35 0.2 5.19006 0.0591995 -0.866432 51.7821 0.406539 5.3594
0.35 0.25 4.57566 2.45027e-08 -0.815129 50.1603 2.38149e-07 5.42953
0.35 0.3 5.19006 -0.0591994 -0.866601 51.7821 -0.406539 5.3594
0.35 0.35 7.27677 -0.202181 -0.986503 56.3965 -1.17558 5.04073
0.35 0.4 11.3882 -0.518884 -1.04749 63.0674 -2.31872 4.23252
0.35 0.45 17.7041 -1.06058 -0.818738 70.2862 -3.55336 2.77679
0.35 0.5 25.4426 -1.62052 -0.0352578 76.6823 -4.23878 0.808545
0.35 0.55 34.7563 -1.9324 1.23695 82.3411 -4.06404 -1.35679
0.35 0.6 45.0565 -1.93335 2.63009 87.2783 -3.34353 -3.47351
0.35 0.65 53.9366 -1.55887 3.77358 90.9071 -2.32925 -5.2628
0.35 0.7 59.5462 -0.844756 4.39999 92.9784 -1.16283 -6.45139
0.35 0.75 61.3542 -2.8661e-07 4.53337 93.6221 -3.73683e-07 -6.86671
0.35 0.8 59.5462 0.844756 4.39983 92.9784 1.16283 -6.45139
0.35 0.85 53.9366 1.55887 3.77426 90.9071 2.32925 -5.2628
0.35 0.9 45.0565 1.93334 2.62756 87.2783 3.34353 -3.47351
0.35 0.95 34.7562 1.9324 1.24639 82.3411 4.06404 -1.35679
0.35 1 25.4425 1.62052 -0.0705145 76.6823 4.23878 0.808545
0.4 0 25.4074 2.25635 -0.00266286 76.9025 5.91656 0.804906
0.4 0.05 20.0526 1.66077 -1.17768 72.5082 5.1332 3.6229
0.4 0.1 15.095 0.947531 -1.78501 67.4484 3.56954 5.87033
0.4 0.15 11.5925 0.435308 -2.05813 62.9187 1.94439 7.35651
0.4 0.2 9.67353 0.153346 -2.11403 59.9302 0.760734 8.14829
0.4 0.25 9.07565 6.74833e-08 -2.11496 58.9035 4.07833e-07 8.3899
0.4 0.3 9.67354 -0.153346 -2.11429 59.9302 -0.760734 8.14829
0.4 0.35 11.5925 -0.435308 -2.05709 62.9187 -1.94438 7.35651
0.4 0.4 15.095 -0.947531 -1.78893 67.4484 -3.56954 5.87033
0.4 0.45 20.0526 -1.66077 -1.16304 72.5082 -5.1332 3.6229
0.4 0.5 25.4074 -2.25636 -0.057294 76.9025 -5.91656 0.804906
0.4 0.55 32.026 -2.48104 1.57155 80.9496 -5.57513 -2.19549
0.4 0.6 40.1348 -2.38322 3.49715 84.9243 -4.55872 -5.09211
0.4 0.65 47.5804 -1.90048 5.28948 88.0902 -3.20827 -7.54139
0.4 0.7 52.6573 -1.05066 6.50336 90.0169 -1.64391 -9.17526
0.4 0.75 54.4331 -3.35555e-07 6.92624 90.6511 -4.82189e-07 -9.74786
0.4 0.8 52.6573 1.05065 6.5031 90.0169 1.64391 -9.17526
0.4 0.85 47.5804 1.90048 5.29052 88.0902 3.20827 -7.54139
0.4 0.9 40.1348 2.38322 3.49323 84.9243 4.55871 -5.09211
0.4 0.95 32.026 2.48104 1.58619 80.9496 5.57513 -2.19549
0.4 1 25.4074 2.25635 -0.111925 76.9025 5.91656 0.804906
0.45 0 25.3829 2.78084 -0.0695437 77.0851 7.24786 0.999368
0.45 0.05 22.8265 2.3133 -1.45938 74.8532 6.515 4.40961
0.45 0.1 20.3149 1.55145 -2.67236 72.3653 4.80866 7.3276
0.45 0.15 18.6247 0.870254 -3.61319 70.3785 2.87959 9.51406
0.45 0.2 17.7194 0.376176 -4.15 69.2139 1.29082 10.8616
0.45 0.25 17.4379 5.70887e-08 -4.32134 68.8397 2.56314e-07 11.3168
0.45 0.3 17.7194 -0.376176 -4.15035 69.214 -1.29082 10.8616
0.45 0.35 18.6247 -0.870254 -3.6118 70.3785 -2.87959 9.51406
0.45 0.4 20.3149 -1.55145 -2.67759 72.3653 -4.80866 7.32761
0.45 0.45 22.8265 -2.3133 -1.43986 74.8532 -6.515 4.40961
0.45 0.5 25.3829 -2.78084 -0.142398 77.0851 -7.24786 0.999368
0.45 0.55 28.8467 -2.75342 1.52346 79.1856 -6.67077 -2.51655
0.45 0.6 33.7952 -2.43761 3.62668 81.5934 -5.31808 -5.82869
0.45 0.65 38.5845 -1.83738 5.65106 83.7455 -3.66594 -8.59684
0.45 0.7 41.9929 -0.989753 7.10045 85.1607 -1.86491 -10.4424
0.45 0.75 43.2177 -3.01173e-07 7.6249 85.6484 -4.89384e-07 -11.0904
0.45 0.8 41.9929 0.989752 7.10011 85.1607 1.86491 -10.4424
0.45 0.85 38.5845 1.83738 5.65246 83.7455 3.66593 -8.59684
0.45 0.9 33.7952 2.43761 3.62146 81.5934 5.31808 -5.82869
0.45 0.95 28.8467 2.75342 1.54299 79.1856 6.67077 -2.51655
0.45 1 25.3829 2.78084 -0.215253 77.0851 7.24786 0.999368
0.5 0 25.3616 3.07233 -0.126472 77.1413 7.91953 1.3464
0.5 0.05 25.6699 2.75562 -1.72371 77.0402 7.16442 5.02298
0.5 0.1 26.6966 2.12217 -3.56982 77.1443 5.46617 8.35253
0.5 0.15 27.9992 1.40816 -5.27638 77.4862 3.54063 11.0382
0.5 0.2 29.0383 0.699678 -6.43436 77.8333 1.724 12.7958
0.5 0.25 29.4296 -1.06311e-07 -6.84504 77.9742 -1.67046e-07 13.4086
0.5 0.3 29.0383 -0.699678 -6.43481 77.8333 -1.724 12.7958
0.5 0.35 27.9992 -1.40816 -5.27459 77.4862 -3.54063 11.0382
0.5 0.4 26.6966 -2.12217 -3.57655 77.1443 -5.46617 8.35253
0.5 0.45 25.67 -2.75562 -1.6986 77.0403 -7.16442 5.02299
0.5 0.5 25.3616 -3.07234 -0.220222 77.1413 -7.91953 1.3464
0.5 0.55 25.7645 -2.75962 1.25731 77.1713 -7.17393 -2.33767
0.5 0.6 26.9308 -2.13519 3.12506 77.3965 -5.48094 -5.67813
0.5 0.65 28.3565 -1.42395 4.80967 77.8356 -3.55656 -8.37093
0.5 0.7 29.4803 -0.710143 5.96027 78.246 -1.73416 -10.1323
0.5 0.75 29.9017 -1.20157e-07 6.3671 78.4091 -2.29079e-07 -10.7463
0.5 0.8 29.4803 0.710143 5.95982 78.2459 1.73416 -10.1323
0.5 0.85 28.3565 1.42395 4.81146 77.8356 3.55656 -8.37093
0.5 0.9 26.9308 2.13519 3.11833 77.3965 5.48094 -5.67812
0.5 0.95 25.7645 2.75962 1.28243 77.1713 7.17393 -2.33767
0.5 1 25.3616 3.07233 -0.313971 77.1413 7.91953 1.3464
0.55 0 25.3738 2.76597 -0.2228 77.0758 7.22972 1.69045
0.55 0.05 28.7264 2.7253 -2.0365 79.0508 6.64276 5.27097
0.55 0.1 33.5436 2.39948 -4.20229 81.3441 5.28929 8.64988
0.55 0.15 38.2108 1.80049 -6.319 83.4038 3.63877 11.4728
0.55 0.2 41.5345 0.967214 -7.82912 84.7584 1.84837 13.3515
0.55 0.25 42.7293 -3.12562e-07 -8.37644 85.225 -4.80065e-07 14.0105
0.55 0.3 41.5345 -0.967214 -7.82948 84.7584 -1.84838 13.3515
0.55 0.35 38.2108 -1.80049 -6.31759 83.4038 -3.63877 11.4728
0.55 0.4 33.5436 -2.39948 -4.20758 81.3441 -5.28929 8.64988
0.55 0.45 28.7264 -2.7253 -2.01678 79.0508 -6.64276 5.27097
0.55 0.5 25.3738 -2.76597 -0.296389 77.0758 -7.22972 1.69045
0.55 0.55 22.91 -2.3032 1.04496 74.9679 -6.51251 -1.80001
0.55 0.6 20.5015 -1.54478 2.33925 72.5926 -4.81073 -4.81713
0.55 0.65 18.8952 -0.867511 3.31721 70.6949 -2.87817 -7.08952
0.55 0.7 18.0398 -0.375584 3.8826 69.5874 -1.28962 -8.49125
0.55 0.75 17.7747 5.25806e-08 4.06258 69.2329 2.13163e-07 -8.96481
0.55 0.8 18.0398 0.375584 3.88225 69.5874 1.28962 -8.49125
0.55 0.85 18.8952 0.867511 3.31862 70.6949 2.87817 -7.08951
0.55 0.9 20.5015 1.54478 2.33397 72.5926 4.81073 -4.81713
0.55 0.95 22.91 2.3032 1.06467 74.9679 6.51251 -1.80001
0.55 1 25.3738 2.76597 -0.369978 77.0758 7.22972 1.69045
0.6 0 25.393 2.2121 -0.326198 76.8892 5.86187 1.87437
0.6 0.05 31.9018 2.42327 -2.14246 80.8284 5.52241 5.00984
0.6 0.1 39.909 2.31953 -4.20085 84.7067 4.51582 8.03353
0.6 0.15 47.2746 1.84643 -6.14398 87.7947 3.17497 10.5793
0.6 0.2 52.3061 1.02006 -7.46095 89.6701 1.62522 12.2694
0.6 0.25 54.0678 -3.68409e-07 -7.92197 90.2866 -5.08998e-07 12.8599
0.6 0.3 52.3061 -1.02006 -7.46121 89.6702 -1.62522 12.2694
0.6 0.35 47.2746 -1.84643 -6.14294 87.7947 -3.17498 10.5793
0.6 0.4 39.909 -2.31953 -4.20476 84.7067 -4.51582 8.03353
0.6 0.45 31.9018 -2.42327 -2.12786 80.8284 -5.52241 5.00985
0.6 0.5 25.393 -2.2121 -0.38071 76.8893 -5.86187 1.87437
0.6 0.55 20.1264 -1.62781 0.820599 72.6006 -5.09303 -1.09729
0.6 0.6 15.2258 -0.923908 1.54126 67.6306 -3.5411 -3.52829
0.6 0.65 11.7559 -0.421073 1.87885 63.1683 -1.91896 -5.1826
0.6 0.7 9.84922 -0.146894 1.97444 60.2209 -0.745425 -6.08643
0.6 0.75 9.25373 7.43453e-08 1.98695 59.2078 4.27822e-07 -6.36671
0.6 0.8 9.84921 0.146895 1.97418 60.2209 0.745426 -6.08643
0.6 0.85 11.7559 0.421073 1.87989 63.1683 1.91896 -5.1826
0.6 0.9 15.2258 0.923908 1.53735 67.6306 3.5411 -3.52829
0.6 0.95 20.1263 1.62781 0.835204 72.6006 5.09303 -1.09729
0.6 1 25.393 2.2121 -0.43522 76.8892 5.86187 1.87437
0.65 0 25.4274 1.55682 -0.368122 76.669 4.16455 1.85873
0.65 0.05 34.6561 1.85443 -1.85788 82.2495 3.9996 4.21921
0.65 0.1 44.8954 1.85494 -3.43589 87.1176 3.29523 6.50364
0.65 0.15 53.7471 1.49869 -4.75724 90.6901 2.29563 8.41341
0.65 0.2 59.3589 0.813899 -5.49715 92.7239 1.14489 9.66917
0.65 0.25 61.1782 -3.08791e-07 -5.66961 93.3543 -3.9424e-07 10.105
0.65 0.3 59.3589 -0.8139 -5.49732 92.7239 -1.14489 9.66917
0.65 0.35 53.7471 -1.49869 -4.75657 90.6901 -2.29563 8.41341
0.65 0.4 44.8955 -1.85494 -3.4384 87.1176 -3.29524 6.50364
0.65 0.45 34.6561 -1.85443 -1.84849 82.2495 -3.9996 4.21921
0.65 0.5 25.4274 -1.55682 -0.403189 76.6691 -4.16455 1.85873
0.65 0.55 17.7575 -1.01236 0.520495 70.3504 -3.4831 -0.332367
0.65 0.6 11.4663 -0.486558 0.862617 63.1923 -2.25738 -2.04189
0.65 0.65 7.35627 -0.18444 0.87423 56.5613 -1.12548 -3.08531
0.65 0.7 5.26359 -0.0518873 0.789997 51.9682 -0.378948 -3.56613
0.65 0.75 4.64618 2.83954e-08 0.748906 50.3524 2.68619e-07 -3.6931
0.65 0.8 5.26358 0.0518874 0.789829 51.9682 0.378949 -3.56613
0.65 0.85 7.35627 0.18444 0.874901 56.5613 1.12548 -3.08531
0.65 0.9 11.4663 0.486558 0.8601 63.1923 2.25738 -2.04189
0.65 0.95 17.7574 1.01236 0.52989 70.3503 3.4831 -0.332367
0.65 1 25.4274 1.55682 -0.438256 76.669 4.16455 1.85873
0.7 0 25.4641 0.789427 -0.325671 76.5104 2.15119 1.6515
0.7 0.05 36.5126 0.997987 -1.20731 83.1723 2.09854 2.97199
0.7 0.1 47.9677 1.0231 -2.08243 88.5588 1.73231 4.23643
0.7 0.15 57.2802 0.827191 -2.71659 92.3018 1.18417 5.2774
0.7 0.2 62.6056 0.437756 -2.92684 94.3129 0.567638 5.9526
0.7 0.25 63.9546 -1.84461e-07 -2.88108 94.8913 -2.22015e-07 6.18464
0.7 0.3 62.6056 -0.437756 -2.92692 94.3129 -0.567639 5.9526
0.7 0.35 57.2802 -0.827191 -2.71629 92.3018 -1.18417 5.2774
0.7 0.4 47.9677 -1.0231 -2.08355 88.5588 -1.73231 4.23643
0.7 0.45 36.5126 -0.997988 -1.20312 83.1723 -2.09854 2.97199
0.7 0.5 25.4642 -0.789428 -0.341316 76.5104 -2.15119 1.6515
0.7 0.55 16.1921 -0.468507 0.197554 68.716 -1.75206 0.430341
0.7 0.6 9.30254 -0.20651 0.343721 60.1107 -1.10886 -0.505918
0.7 0.65 5.21553 -0.0835123 0.298561 52.2331 -0.623769 -1.05183
0.7 0.7 3.31624 -0.0365052 0.219776 46.8632 -0.343473 -1.29405
0.7 0.75 2.80746 3.05529e-09 0.184378 45.075 4.28874e-08 -1.36492
0.7 0.8 3.31624 0.0365052 0.219701 46.8632 0.343474 -1.29405
0.7 0.85 5.21553 0.0835123 0.29886 52.2331 0.623769 -1.05183
0.7 0.9 9.30254 0.20651 0.342598 60.1107 1.10886 -0.505918
0.7 0.95 16.1921 0.468507 0.201745 68.716 1.75206 0.430341
0.7 1 25.4641 0.789427 -0.356961 76.5104 2.15119 1.6515
0.75 0 25.483 -0.0395109 -0.220398 76.4567 -0.0422226 1.32793
0.75 0.05 37.1816 -0.0451042 -0.331393 83.5062 -0.033063 1.45258
0.75 0.1 49.0075 -0.0404166 -0.444271 89.0618 -0.0218642 1.55152
0.75 0.15 58.3718 -0.0251543 -0.53048 92.8484 -0.0129126 1.61896
0.75 0.2 63.3246 -0.00794399 -0.570597 94.8331 -0.00656718 1.65428
0.75 0.25 64.4094 -3.54571e-09 -0.575879 95.3829 -2.28446e-09 1.66412
0.75 0.3 63.3246 0.00794399 -0.570595 94.8331 0.00656718 1.65428
0.75 0.35 58.3718 0.0251543 -0.530488 92.8484 0.0129126 1.61896
0.75 0.4 49.0075 0.0404166 -0.444239 89.0618 0.0218642 1.55152
0.75 0.45 37.1816 0.0451041 -0.331511 83.5062 0.033063 1.45258
0.75 0.5 25.483 0.0395109 -0.219956 76.4567 0.0422226 1.32793
0.75 0.55 15.6415 0.0285265 -0.129931 68.1095 0.0454697 1.18204
0.75 0.6 8.60387 0.0161938 -0.0697458 59.0011 0.0410958 1.02451
0.75 0.65 4.61941 0.00672414 -0.0375007 50.7985 0.0274188 0.883902
0.75 0.7 2.89359 0.00187058 -0.0240132 45.4431 0.0112063 0.792331
0.75 0.75 2.47833 -6.09485e-11 -0.0210456 43.8123 -1.26224e-09 0.764383
0.75 0.8 2.89359 -0.00187058 -0.0240111 45.4431 -0.0112063 0.792331
0.75 0.85 4.61941 -0.00672414 -0.0375091 50.7985 -0.0274188 0.883902
0.75 0.9 8.60387 -0.0161938 -0.0697141 59.0011 -0.0410958 1.02451
0.75 0.95 15.6414 -0.0285265 -0.130049 68.1095 -0.0454698 1.18204
0.75 1 25.483 -0.0395109 -0.219515 76.4567 -0.0422226 1.32793
0.8 0 25.4737 -0.864742 -0.114548 76.5186 -2.23364 1.00731
0.8 0.05 36.5676 -1.08576 0.558065 83.2215 -2.16528 -0.0779491
0.8 0.1 48.0477 -1.10486 1.21412 88.6441 -1.77874 -1.15188
0.8 0.15 57.3601 -0.883109 1.67257 92.4166 -1.21369 -2.06112
0.8 0.2 62.6623 -0.460452 1.78701 94.4479 -0.583091 -2.66591
0.8 0.25 63.9928 1.77671e-07 1.7194 95.0336 2.18789e-07 -2.87772
0.8 0.3 62.6623 0.460453 1.78709 94.4479 0.583091 -2.66591
0.8 0.35 57.3601 0.88311 1.67225 92.4166 1.21369 -2.06112
0.8 0.4 48.0477 1.10486 1.21529 88.6441 1.77874 -1.15188
0.8 0.45 36.5676 1.08576 0.553698 83.2216 2.16528 -0.0779492
0.8 0.5 25.4738 0.864743 -0.09825 76.5187 2.23364 1.00731
0.8 0.55 16.1648 0.523663 -0.467077 68.6837 1.83818 1.9552
0.8 0.6 9.26789 0.239879 -0.493456 60.0487 1.18803 2.59174
0.8 0.65 5.18717 0.0996153 -0.380154 52.1549 0.685698 2.86499
0.8 0.7 3.29443 0.0427733 -0.270536 46.7761 0.38107 2.92222
0.8 0.75 2.78979 -2.73703e-09 -0.22688 44.9883 -3.98996e-08 2.93216
0.8 0.8 3.29443 -0.0427733 -0.270458 46.7761 -0.38107 2.92222
0.8 0.85 5.18717 -0.0996153 -0.380466 52.1548 -0.685698 2.86499
0.8 0.9 9.26788 -0.239879 -0.492286 60.0487 -1.18803 2.59174
0.8 0.95 16.1648 -0.523663 -0.471444 68.6837 -1.83818 1.9552
0.8 1 25.4737 -0.864742 -0.0819515 76.5186 -2.23364 1.00731
0.85 0 25.4425 -1.62052 -0.0701226 76.6822 -4.23878 0.808545
0.85 0.05 34.7562 -1.9324 1.24604 82.3411 -4.06404 -1.35679
0.85 0.1 45.0565 -1.93334 2.62627 87.2783 -3.34353 -3.47351
0.85 0.15 53.9366 -1.55887 3.77157 90.9071 -2.32925 -5.2628
0.85 0.2 59.5462 -0.844756 4.39593 92.9784 -1.16283 -6.45139
0.85 0.25 61.3542 3.02668e-07 4.52899 93.6221 3.93351e-07 -6.86671
0.85 0.3 59.5462 0.844757 4.3961 92.9784 1.16283 -6.45139
0.85 0.35 53.9366 1.55887 3.7709 90.9071 2.32925 -5.2628
0.85 0.4 45.0565 1.93335 2.62879 87.2783 3.34353 -3.47351
0.85 0.45 34.7563 1.9324 1.23659 82.3411 4.06404 -1.35679
0.85 0.5 25.4426 1.62052 -0.0348658 76.6823 4.23878 0.808545
0.85 0.55 17.7041 1.06058 -0.819059 70.2862 3.55336 2.77679
0.85 0.6 11.3882 0.518884 -1.04883 63.0674 2.31872 4.23252
0.85 0.65 7.27676 0.202181 -0.989295 56.3965 1.17558 5.04073
0.85 0.7 5.19006 0.0591994 -0.870655 51.7821 0.406538 5.3594
0.85 0.75 4.57566 -2.58078e-08 -0.819681 50.1603 -2.50391e-07 5.42953
0.85 0.8 5.19005 -0.0591994 -0.870486 51.7821 -0.406539 5.3594
0.85 0.85 7.27676 -0.202181 -0.98997 56.3965 -1.17558 5.04073
0.85 0.9 11.3882 -0.518884 -1.0463 63.0674 -2.31872 4.23252
0.85 0.95 17.7041 -1.06058 -0.828505 70.2862 -3.55336 2.77679
0.85 1 25.4425 -1.62052 0.000390847 76.6822 -4.23878 0.808545
0.9 0 25.4074 -2.25635 -0.113378 76.9024 -5.91656 0.804906
0.9 0.05 32.026 -2.48104 1.5875 80.9496 -5.57513 -2.19549
0.9 0.1 40.1348 -2.38322 3.49803 84.9243 -4.55871 -5.09211
0.9 0.15 47.5804 -1.90048 5.30051 88.0902 -3.20827 -7.54139
0.9 0.2 52.6573 -1.05065 6.51758 90.0169 -1.64391 -9.17526
0.9 0.25 54.4331 3.52717e-07 6.94249 90.6511 5.03255e-07 -9.74786
0.9 0.3 52.6573 1.05066 6.51784 90.0169 1.64391 -9.17526
0.9 0.35 47.5804 1.90048 5.29946 88.0902 3.20827 -7.54139
0.9 0.4 40.1348 2.38322 3.50195 84.9243 4.55871 -5.09211
0.9 0.45 32.026 2.48104 1.57286 80.9496 5.57513 -2.19549
0.9 0.5 25.4074 2.25635 -0.0587469 76.9025 5.91656 0.804906
0.9 0.55 20.0526 1.66077 -1.16185 72.5082 5.1332 3.6229
0.9 0.6 15.095 0.947531 -1.78395 67.4484 3.56954 5.87033
0.9 0.65 11.5925 0.435307 -2.04671 62.9187 1.94438 7.35651
0.9 0.7 9.67353 0.153346 -2.09923 59.9302 0.760733 8.14829
0.9 0.75 9.07565 -6.84129e-08 -2.09805 58.9035 -4.1394e-07 8.3899
0.9 0.8 9.67353 -0.153346 -2.09897 59.9302 -0.760734 8.14829
0.9 0.85 11.5925 -0.435307 -2.04776 62.9187 -1.94438 7.35651
0.9 0.9 15.095 -0.94753 -1.78003 67.4484 -3.56954 5.87033
0.9 0.95 20.0526 -1.66077 -1.17648 72.5082 -5.1332 3.6229
0.9 1 25.4074 -2.25635 -0.00411562 76.9024 -5.91656 0.804906
0.95 0 25.3828 -2.78084 -0.209829 77.0851 -7.24786 0.999368
0.95 0.05 28.8467 -2.75341 1.53808 79.1856 -6.67077 -2.51655
0.95 0.1 33.7952 -2.4376 3.60353 81.5934 -5.31808 -5.82869
0.95 0.15 38.5845 -1.83738 5.61523 83.7455 -3.66593 -8.59684
0.95 0.2 41.9929 -0.989752 7.04609 85.1607 -1.86491 -10.4424
0.95 0.25 43.2177 2.89667e-07 7.56428 85.6484 4.67685e-07 -11.0904
0.95 0.3 41.9929 0.989752 7.04644 85.1607 1.86491 -10.4424
0.95 0.35 38.5845 1.83738 5.61383 83.7455 3.66594 -8.59684
0.95 0.4 33.7952 2.43761 3.60875 81.5934 5.31808 -5.82869
0.95 0.45 28.8467 2.75342 1.51856 79.1856 6.67077 -2.51655
0.95 0.5 25.3829 2.78084 -0.136976 77.0851 7.24786 0.999368
0.95 0.55 22.8265 2.3133 -1.44431 74.8532 6.515 4.40961
0.95 0.6 20.3149 1.55145 -2.69615 72.3653 4.80866 7.32761
0.95 0.65 18.6247 0.870254 -3.6505 70.3785 2.87959 9.51406
0.95 0.7 17.7193 0.376176 -4.20654 69.2139 1.29082 10.8616
0.95 0.75 17.4379 -4.71459e-08 -4.38443 68.8397 -2.24568e-07 11.3168
0.95 0.8 17.7193 -0.376176 -4.20619 69.2139 -1.29082 10.8616
0.95 0.85 18.6247 -0.870253 -3.65189 70.3785 -2.87959 9.51406
0.95 0.9 20.3149 -1.55145 -2.69092 72.3653 -4.80866 7.3276
0.95 0.95 22.8265 -2.3133 -1.46383 74.8532 -6.515 4.40961
0.95 1 25.3828 -2.78084 -0.0641228 77.0851 -7.24786 0.999368
1 0 25.3616 -3.07233 -0.334212 77.1413 -7.91953 1.3464
1 0.05 25.7645 -2.75961 1.30075 77.1713 -7.17392 -2.33767
1 0.1 26.9308 -2.13519 3.18525 77.3965 -5.48094 -5.67812
1 0.15 28.3565 -1.42395 4.9504 77.8356 -3.55656 -8.37093
1 0.2 29.4803 -0.710143 6.1614 78.2459 -1.73416 -10.1323
1 0.25 29.9017 9.02242e-08 6.59335 78.4091 1.6386e-07 -10.7463
1 0.3 29.4803 0.710143 6.16185 78.2459 1.73416 -10.1323
1 0.35 28.3565 1.42395 4.94861 77.8356 3.55656 -8.37093
1 0.4 26.9308 2.13519 3.19198 77.3965 5.48094 -5.67813
1 0.45 25.7645 2.75962 1.27563 77.1713 7.17393 -2.33767
1 0.5 25.3616 3.07233 -0.240457 77.1413 7.91953 1.3464
1 0.55 25.67 2.75562 -1.68197 77.0402 7.16442 5.02298
1 0.6 26.6966 2.12217 -3.50728 77.1443 5.46617 8.35253
1 0.65 27.9992 1.40816 -5.13014 77.4862 3.54063 11.0382
1 0.7 29.0383 0.699678 -6.22508 77.8332 1.724 12.7958
1 0.75 29.4296 1.22493e-07 -6.60957 77.9742 2.03557e-07 13.4086
1 0.8 29.0383 -0.699677 -6.22464 77.8332 -1.724 12.7958
1 0.85 27.9992 -1.40816 -5.13193 77.4862 -3.54063 11.0382
1 0.9 26.6966 -2.12217 -3.50055 77.1443 -5.46617 8.35253
1 0.95 25.6699 -2.75562 -1.70709 77.0402 -7.16442 5.02298
1 1 25.3616 -3.07233 -0.146702 77.1413 -7.91953 1.3464
