0 0 16.1595 -1.46641 -0.0389059 15.9641 -1.44549 15.4704 -1.42531 0.61664
0 0.05 16.2163 -1.31084 0.0805323 15.9187 -1.28442 15.4989 -1.26969 -4.01085
0 0.1 16.4376 -0.971525 0.231393 15.9969 -0.944305 16.1221 -0.96968 -7.28412
0 0.15 16.6899 -0.608723 0.366308 16.1313 -0.587467 16.7737 -0.621668 -9.20373
0 0.2 16.8663 -0.289149 0.45095 16.2328 -0.277893 17.2085 -0.299785 -10.1896
0 0.25 16.9295 1.07272e-06 0.479811 16.2691 9.58814e-07 17.3883 9.85059e-06 -10.4739
0 0.3 16.8663 0.289151 0.451018 16.2328 0.277895 17.2084 0.299754 -10.1897
0 0.35 16.6899 0.608723 0.366037 16.1313 0.587466 16.7743 0.62178 -9.20334
0 0.4 16.4376 0.971535 0.232406 15.9969 0.944316 16.1196 0.969294 -7.28555
0 0.45 16.2163 1.31084 0.0767713 15.9186 1.28442 15.508 1.27104 -4.00687
0 0.5 16.1595 1.46641 -0.0248661 15.9644 1.44552 15.4324 1.42017 -0.217134
0 0.55 16.2145 1.31078 -0.147787 15.9186 1.28446 15.3318 1.25828 4.833
0 0.6 16.433 0.971341 -0.356541 15.9968 0.944347 15.0763 0.907773 10.1911
0 0.65 16.683 0.608519 -0.566672 16.1313 0.587482 14.6967 0.54549 14.0611
0 0.7 16.8579 0.289053 -0.71455 16.2329 0.277922 14.3669 0.250655 16.3915
0 0.75 16.9206 6.94581e-07 -0.78181 16.2692 7.03016e-07 14.2767 -6.50178e-06 17.1518
0 0.8 16.8579 -0.289052 -0.714482 16.2329 -0.277921 14.3668 -0.250626 16.3916
0 0.85 16.683 -0.608518 -0.566942 16.1313 -0.587479 14.6974 -0.545591 14.0607
0 0.9 16.433 -0.971335 -0.355535 15.9969 -0.944343 15.0737 -0.907377 10.1925
0 0.95 16.2144 -1.31076 -0.151553 15.9185 -1.28443 15.3413 -1.25965 4.82897
0 1 16.1595 -1.46641 -0.0108234 15.965 -1.44559 15.3252 -1.40534 -1.0719
0.05 0 16.1439 -1.34135 -0.0507362 15.9119 -1.32039 15.3782 -1.28932 1.00721
0.05 0.05 15.1141 -1.08067 0.0655047 14.8075 -1.05578 15.8333 -1.1516 -3.31187
0.05 0.1 14.1155 -0.704606 0.177016 13.7344 -0.684295 15.8398 -0.803133 -6.33765
0.05 0.15 13.4311 -0.387679 0.273838 12.9964 -0.374358 15.842 -0.463004 -8.3125
0.05 0.2 13.043 -0.16638 0.331609 12.5766 -0.160145 15.8517 -0.203727 -9.36241
0.05 0.25 12.9162 3.1843e-08 0.350724 12.44 4.39004e-09 15.8463 2.5224e-06 -9.69047
0.05 0.3 13.043 0.16638 0.331657 12.5766 0.160145 15.8517 0.203717 -9.36244
0.05 0.35 13.4312 0.387676 0.273645 12.9964 0.374355 15.8422 0.463031 -8.3124
0.05 0.4 14.1154 0.704603 0.17774 13.7344 0.684293 15.8389 0.80301 -6.33817
0.05 0.45 15.1141 1.08067 0.0628053 14.8075 1.05578 15.836 1.15198 -3.31079
0.05 0.5 16.144 1.34135 -0.0406605 15.912 1.3204 15.3591 1.28715 0.435567
0.05 0.55 17.525 1.38654 -0.203154 17.1914 1.36057 15.0761 1.19162 6.02683
0.05 0.6 19.6925 1.31019 -0.477877 19.1595 1.27426 15.4372 1.03323 11.2458
0.05 0.65 22.0139 1.07943 -0.811296 21.2759 1.04291 15.6594 0.773433 15.4144
0.05 0.7 23.8184 0.626193 -1.10275 22.9102 0.601978 15.7622 0.415942 18.2838
0.05 0.75 24.494 -1.82173e-07 -1.1872 23.5269 -1.56458e-07 15.6697 -2.10593e-06 19.3809
0.05 0.8 23.8184 -0.626193 -1.1027 22.9102 -0.601978 15.7622 -0.415934 18.2838
0.05 0.85 22.0139 -1.07943 -0.811488 21.2759 -1.04291 15.6596 -0.773463 15.4143
0.05 0.9 19.6925 -1.31019 -0.477152 19.1596 -1.27426 15.4365 -1.03313 11.2461
0.05 0.95 17.525 -1.38654 -0.205857 17.1913 -1.36057 15.079 -1.19206 6.02572
0.05 1 16.1439 -1.34135 -0.0305871 15.9119 -1.32039 15.3581 -1.28764 -0.137904
0.1 0 16.1011 -1.15237 -0.0618784 15.8094 -1.13078 15.4818 -1.11277 1.1824
0.1 0.05 14.1272 -0.803662 0.0453096 13.8077 -0.783431 15.9648 -0.922779 -2.45552
0.1 0.1 12.5139 -0.480554 0.102523 12.1698 -0.465987 16.0062 -0.622775 -4.34674
0.1 0.15 11.4438 -0.257829 0.140068 11.0889 -0.249065 15.9456 -0.362974 -5.54088
0.1 0.2 10.8538 -0.110042 0.158521 10.4907 -0.106017 15.9233 -0.162776 -6.14388
0.1 0.25 10.6655 -1.67536e-07 0.164288 10.2997 -1.56853e-07 15.9175 -9.52677e-07 -6.32177
0.1 0.3 10.8538 0.110042 0.158536 10.4907 0.106016 15.9233 0.162778 -6.14387
0.1 0.35 11.4438 0.257829 0.140008 11.0889 0.249065 15.9456 0.362965 -5.5409
0.1 0.4 12.5139 0.480553 0.102748 12.1698 0.465986 16.0065 0.622808 -4.34664
0.1 0.45 14.1272 0.803657 0.0444665 13.8077 0.783427 15.9641 0.922666 -2.45564
0.1 0.5 16.1012 1.15237 -0.0587297 15.8094 1.13077 15.2884 1.09908 1.10321
0.1 0.55 19.0584 1.48137 -0.270673 18.6499 1.45072 14.9263 1.14728 6.93617
0.1 0.6 23.9706 1.91531 -0.677019 23.3194 1.86427 15.3148 1.21493 12.7891
0.1 0.65 30.6704 2.21871 -1.40239 29.6595 2.14563 15.851 1.1562 18.8039
0.1 0.7 37.54 1.69629 -2.33186 36.1161 1.6305 16.2106 0.752296 24.1262
0.1 0.75 40.6824 5.41524e-08 -2.92604 39.0281 5.0976e-08 16.6585 3.91719e-07 26.2242
0.1 0.8 37.54 -1.69629 -2.33184 36.1161 -1.6305 16.2106 -0.752298 24.1262
0.1 0.85 30.6704 -2.2187 -1.40245 29.6595 -2.14563 15.851 -1.15619 18.8039
0.1 0.9 23.9706 -1.9153 -0.676791 23.3194 -1.86426 15.315 -1.21495 12.789
0.1 0.95 19.0584 -1.48138 -0.271516 18.6499 -1.45073 14.9255 -1.14716 6.93654
0.1 1 16.1011 -1.15237 -0.0555835 15.8094 -1.13078 15.0899 -1.08461 1.02486
0.15 0 16.0291 -0.942592 -0.065402 15.6897 -0.922345 15.7125 -0.925264 1.19303
0.15 0.05 13.3388 -0.567136 0.0189199 13.0163 -0.552076 15.9095 -0.684892 -1.44514
0.15 0.1 11.4673 -0.318011 0.0566246 11.1515 -0.30805 16.0886 -0.451366 -2.61317
0.15 0.15 10.2811 -0.173233 0.0726001 9.9769 -0.167191 16.0896 -0.274103 -3.18014
0.15 0.2 9.63679 -0.0769018 0.0786627 9.33905 -0.0740586 16.0845 -0.129814 -3.3853
0.15 0.25 9.4339 -5.00641e-08 0.0796205 9.13919 -5.16988e-08 16.081 1.26311e-07 -3.41083
0.15 0.3 9.63679 0.0769018 0.0786345 9.33905 0.0740586 16.0845 0.129813 -3.3853
0.15 0.35 10.2811 0.173233 0.0727134 9.9769 0.167191 16.0896 0.274106 -3.18013
0.15 0.4 11.4673 0.31801 0.0562004 11.1515 0.30805 16.0885 0.451356 -2.61317
0.15 0.45 13.3388 0.567136 0.0205047 13.0163 0.552075 15.9097 0.684923 -1.44511
0.15 0.5 16.0291 0.942593 -0.0713175 15.6897 0.922347 15.2432 0.897557 1.59743
0.15 0.55 20.4633 1.53462 -0.278903 20.0011 1.50137 14.6805 1.08549 6.73373
0.15 0.6 28.5711 2.67428 -0.769901 27.8354 2.60791 14.836 1.36735 12.449
0.15 0.65 43.0673 4.31193 -1.85571 41.8442 4.19307 15.4765 1.53928 19.4655
0.15 0.7 63.99 4.06407 -3.98589 62.0728 3.94594 16.1815 1.02081 28.04
0.15 0.75 75.658 2.41825e-07 -4.95451 73.5462 2.38545e-07 15.8075 -4.2027e-08 30.9824
0.15 0.8 63.99 -4.06407 -3.98592 62.0728 -3.94594 16.1815 -1.02081 28.04
0.15 0.85 43.0673 -4.31193 -1.8556 41.8442 -4.19307 15.4766 -1.53928 19.4655
0.15 0.9 28.5711 -2.67428 -0.770326 27.8354 -2.60791 14.836 -1.36734 12.4491
0.15 0.95 20.4633 -1.53462 -0.277317 20.0011 -1.50136 14.6806 -1.08551 6.73366
0.15 1 16.0291 -0.942592 -0.0772336 15.6897 -0.922345 14.7753 -0.870072 2.00163
0.2 0 15.9311 -0.598675 -0.0554181 15.5768 -0.585285 15.7876 -0.592145 0.915385
0.2 0.05 12.8357 -0.315828 -0.007081 12.5187 -0.307472 15.8243 -0.391201 -0.49774
0.2 0.1 10.8823 -0.171086 0.0153499 10.5871 -0.165684 16.1243 -0.255252 -1.14856
0.2 0.15 9.69508 -0.0978663 0.0190169 9.41816 -0.0941804 16.254 -0.165997 -1.32442
0.2 0.2 9.06851 -0.0480428 0.0158073 8.80443 -0.0458229 16.3409 -0.0883277 -1.26271
0.2 0.25 8.88468 5.56614e-08 0.012106 8.62472 5.49067e-08 16.3941 4.87564e-08 -1.17697
0.2 0.3 9.06851 0.0480429 0.015766 8.80443 0.045823 16.3409 0.088328 -1.26271
0.2 0.35 9.69508 0.0978663 0.0191819 9.41816 0.0941804 16.254 0.165997 -1.32442
0.2 0.4 10.8823 0.171086 0.0147309 10.5871 0.165684 16.1243 0.255255 -1.14856
0.2 0.45 12.8357 0.315828 -0.00476992 12.5187 0.307472 15.8242 0.391191 -0.497745
0.2 0.5 15.9311 0.598674 -0.0640426 15.5768 0.585284 15.1337 0.567641 1.47656
0.2 0.55 21.3078 1.18385 -0.210309 20.8474 1.15953 14.304 0.773263 5.02445
0.2 0.6 31.813 2.5364 -0.558873 31.136 2.48508 13.5029 1.04801 9.06049
0.2 0.65 54.5985 4.95483 -1.51118 53.4696 4.86647 13.7542 1.14099 14.1921
0.2 0.7 95.8868 5.80415 -2.73975 94.9074 5.76574 10.3311 0.459351 20.5478
0.2 0.75 115.059 5.04195e-08 -2.47726 114.65 5.0969e-08 4.83275 1.98797e-08 19.5487
0.2 0.8 95.8868 -5.80415 -2.73979 94.9074 -5.76574 10.3311 -0.459351 20.5478
0.2 0.85 54.5985 -4.95483 -1.51102 53.4696 -4.86647 13.7541 -1.14099 14.1921
0.2 0.9 31.813 -2.5364 -0.559492 31.136 -2.48508 13.5029 -1.04801 9.06049
0.2 0.95 21.3078 -1.18386 -0.207999 20.8474 -1.15953 14.304 -0.773255 5.02446
0.2 1 15.9311 -0.598675 -0.0726674 15.5768 -0.585285 14.4793 -0.543075 2.03781
0.25 0 15.8766 0.000839993 -0.0276923 15.5242 9.55399e-05 15.7966 0.0133037 0.0548307
0.25 0.05 12.6635 0.000500889 -0.0220579 12.3513 4.04291e-05 15.7786 0.00839389 0.0547619
0.25 0.1 10.6971 0.000287261 -0.0185947 10.4096 -1.02962e-07 16.14 0.00531703 0.0561266
0.25 0.15 9.52585 0.000132629 -0.0165033 9.25663 -2.55124e-05 16.3369 0.0029289 0.0569281
0.25 0.2 8.93327 3.73861e-05 -0.0154316 8.6719 -2.29269e-05 16.5075 0.00113963 0.0575838
0.25 0.25 8.77285 1.3739e-08 -0.0151325 8.51032 1.30955e-08 16.612 3.96704e-08 0.0580475
0.25 0.3 8.93327 -3.73892e-05 -0.0154315 8.6719 2.29247e-05 16.5075 -0.00113969 0.057584
0.25 0.35 9.52585 -0.00013274 -0.0165034 9.25663 2.54034e-05 16.3369 -0.00292888 0.056928
0.25 0.4 10.6971 -0.000287465 -0.0185942 10.4096 -9.41714e-08 16.14 -0.00531809 0.0561262
0.25 0.45 12.6635 -0.000501082 -0.0220597 12.3513 -4.06335e-05 15.7786 -0.00839134 0.0547607
0.25 0.5 15.8766 -0.000839973 -0.0276856 15.5242 -9.5456e-05 15.1029 -0.0127293 0.0524534
0.25 0.55 21.5386 -0.0014619 -0.0375882 21.1096 -0.000136499 13.9782 -0.0190583 0.0486602
0.25 0.6 32.6927 -0.00272113 -0.0570339 32.095 -5.97368e-05 12.7776 -0.0265584 0.0454
0.25 0.65 58.976 -0.00582876 -0.103353 58.04 0.00134605 12.2265 -0.0469064 0.0411765
0.25 0.7 105.319 -0.00410763 -0.184304 104.975 0.00200482 4.51002 -0.0428071 0.0065733
0.25 0.75 123.635 1.3296e-07 -0.216055 123.771 1.32943e-07 -2.12937 -8.48272e-09 -0.00976194
0.25 0.8 105.319 0.00410797 -0.184304 104.975 -0.00200449 4.51002 0.0428072 0.00657342
0.25 0.85 58.976 0.00582929 -0.103353 58.04 -0.00134553 12.2265 0.0469064 0.0411763
0.25 0.9 32.6927 0.00272148 -0.0570334 32.095 6.00778e-05 12.7776 0.0265591 0.0454017
0.25 0.95 21.5386 0.00146211 -0.0375899 21.1096 0.00013672 13.9782 0.019056 0.0486603
0.25 1 15.8766 0.000839993 -0.0276789 15.5242 9.55399e-05 14.4093 0.0121353 0.0500729
0.3 0 15.9313 0.600222 -0.000140556 15.5767 0.585353 15.7899 0.618236 -0.805209
0.3 0.05 12.8352 0.316785 -0.037704 12.5187 0.307508 15.817 0.407822 0.607904
0.3 0.1 10.8817 0.171688 -0.0534645 10.5871 0.165696 16.1143 0.266066 1.26084
0.3 0.15 9.69452 0.0982131 -0.0531989 9.41817 0.0941867 16.2436 0.172293 1.43764
0.3 0.2 9.06797 0.0482074 -0.0479768 8.80441 0.0458395 16.3313 0.0911145 1.37648
0.3 0.25 8.88422 -2.01232e-09 -0.0437371 8.62472 -1.93839e-09 16.3853 -7.31397e-09 1.29105
0.3 0.3 9.06797 -0.0482074 -0.0479354 8.80441 -0.0458395 16.3313 -0.0911144 1.37648
0.3 0.35 9.69452 -0.0982131 -0.0533643 9.41817 -0.0941868 16.2436 -0.172293 1.43764
0.3 0.4 10.8817 -0.171688 -0.0528445 10.5871 -0.165696 16.1143 -0.266065 1.26084
0.3 0.45 12.8352 -0.316785 -0.0400188 12.5187 -0.307508 15.817 -0.407823 0.607904
0.3 0.5 15.9313 -0.600222 0.0084987 15.5767 -0.585354 15.1369 -0.592664 -1.37086
0.3 0.55 21.3094 -1.18658 0.135858 20.8474 -1.15951 14.3272 -0.810843 -4.92366
0.3 0.6 31.818 -2.54136 0.447548 31.1358 -2.48454 13.5513 -1.09898 -8.96322
0.3 0.65 54.6147 -4.96527 1.3193 53.4683 -4.86328 13.8557 -1.2221 -14.0909
0.3 0.7 95.9147 -5.81264 2.40163 94.9019 -5.75993 10.5068 -0.534956 -20.4762
0.3 0.75 115.086 1.16047e-07 2.07145 114.648 1.15228e-07 5.00736 8.96315e-09 -19.5227
0.3 0.8 95.9147 5.81264 2.40167 94.9019 5.75993 10.5068 0.534956 -20.4762
0.3 0.85 54.6147 4.96527 1.31914 53.4683 4.86328 13.8557 1.2221 -14.0909
0.3 0.9 31.818 2.54136 0.448167 31.1358 2.48454 13.5513 1.09898 -8.96322
0.3 0.95 21.3094 1.18658 0.133543 20.8474 1.15951 14.3272 0.810844 -4.92366
0.3 1 15.9313 0.600222 0.0171379 15.5767 0.585353 14.4838 0.567098 -1.93651
0.35 0 16.0293 0.943931 0.00941735 15.6897 0.922362 15.7143 0.948789 -1.08335
0.35 0.05 13.338 0.567984 -0.0652887 13.0163 0.552062 15.8943 0.700295 1.55602
0.35 0.1 11.4661 0.318598 -0.0959484 11.1515 0.308044 16.0671 0.461991 2.72521
0.35 0.15 10.2797 0.173606 -0.107037 9.97692 0.167209 16.0656 0.280521 3.29197
0.35 0.2 9.6354 0.0770863 -0.110241 9.33906 0.0740748 16.0597 0.132871 3.49696
0.35 0.25 9.43249 -2.72743e-09 -0.110114 9.1392 -2.67472e-09 16.0563 -3.58442e-09 3.52235
0.35 0.3 9.6354 -0.0770863 -0.110213 9.33906 -0.0740748 16.0597 -0.132871 3.49696
0.35 0.35 10.2797 -0.173606 -0.10715 9.97692 -0.167209 16.0656 -0.280521 3.29197
0.35 0.4 11.4661 -0.318598 -0.0955234 11.1515 -0.308044 16.0671 -0.461991 2.72521
0.35 0.45 13.338 -0.567984 -0.0668756 13.0163 -0.552062 15.8943 -0.700295 1.55602
0.35 0.5 16.0293 -0.943931 0.0153399 15.6897 -0.922362 15.2466 -0.920548 -1.49085
0.35 0.55 20.4662 -1.53705 0.207649 20.0011 -1.50132 14.7172 -1.11943 -6.63042
0.35 0.6 28.5798 -2.67892 0.670814 27.8353 -2.60765 14.9158 -1.41269 -12.3426
0.35 0.65 43.091 -4.32007 1.70678 41.8441 -4.19222 15.6194 -1.5931 -19.3525
0.35 0.7 64.0486 -4.07349 3.76371 62.0748 -3.94527 16.4126 -1.06159 -27.9162
0.35 0.75 75.7345 7.51297e-09 4.69106 73.549 7.02292e-09 16.078 3.2073e-09 -30.8587
0.35 0.8 64.0486 4.07349 3.76374 62.0748 3.94527 16.4126 1.06159 -27.9162
0.35 0.85 43.091 4.32007 1.70667 41.8441 4.19222 15.6194 1.5931 -19.3525
0.35 0.9 28.5798 2.67892 0.671239 27.8353 2.60765 14.9158 1.41269 -12.3426
0.35 0.95 20.4662 1.53705 0.206062 20.0011 1.50132 14.7172 1.11943 -6.63042
0.35 1 16.0293 0.943931 0.0212625 15.6897 0.922362 14.7788 0.892305 -1.89834
0.4 0 16.1014 1.15329 0.00594585 15.8094 1.13078 15.4861 1.13054 -1.07411
0.4 0.05 14.126 0.804249 -0.0951068 13.8077 0.783354 15.9413 0.934729 2.56688
0.4 0.1 12.5119 0.481 -0.148542 12.1698 0.46592 15.9721 0.6317 4.45796
0.4 0.15 11.4414 0.258129 -0.185044 11.089 0.249057 15.9047 0.368255 5.65148
0.4 0.2 10.8511 0.1102 -0.203659 10.4907 0.106024 15.8794 0.165333 6.25402
0.4 0.25 10.6627 -3.16663e-09 -0.210139 10.2997 -3.04533e-09 15.8727 -5.21673e-09 6.43178
0.4 0.3 10.8511 -0.1102 -0.203674 10.4907 -0.106024 15.8794 -0.165333 6.25402
0.4 0.35 11.4414 -0.258129 -0.184983 11.089 -0.249057 15.9047 -0.368255 5.65148
0.4 0.4 12.5119 -0.481 -0.148768 12.1698 -0.46592 15.9721 -0.6317 4.45796
0.4 0.45 14.126 -0.804249 -0.0942651 13.8077 -0.783354 15.9413 -0.93473 2.56688
0.4 0.5 16.1014 -1.15329 0.00280432 15.8094 -1.13078 15.2903 -1.11624 -0.996533
0.4 0.55 19.0615 -1.48304 0.203677 18.6499 -1.45072 14.9705 -1.17259 -6.83108
0.4 0.6 23.9793 -1.91814 0.591107 23.3196 -1.86422 15.4035 -1.24502 -12.6804
0.4 0.65 30.6899 -2.2228 1.29069 29.6601 -2.14584 15.9864 -1.18395 -18.6905
0.4 0.7 37.5737 -1.6996 2.19529 36.1178 -1.63066 16.3787 -0.768604 -24.011
0.4 0.75 40.725 3.6967e-09 2.77789 39.031 3.59062e-09 16.8411 1.10635e-09 -26.1046
0.4 0.8 37.5737 1.6996 2.19528 36.1178 1.63066 16.3787 0.768604 -24.011
0.4 0.85 30.6899 2.2228 1.29075 29.6601 2.14584 15.9864 1.18395 -18.6905
0.4 0.9 23.9793 1.91814 0.590882 23.3196 1.86422 15.4035 1.24502 -12.6804
0.4 0.95 19.0615 1.48304 0.204519 18.6499 1.45072 14.9705 1.17259 -6.83108
0.4 1 16.1014 1.15329 -0.00033722 15.8094 1.13078 15.0944 1.10195 -0.918956
0.45 0 16.1441 1.34164 -0.0064903 15.9121 1.3203 15.3703 1.2962 -0.900682
0.45 0.05 15.1126 1.08086 -0.116305 14.8075 1.05563 15.8076 1.15848 3.42116
0.45 0.1 14.1124 0.70479 -0.217245 13.7344 0.6842 15.7901 0.807818 6.44819
0.45 0.15 13.427 0.387828 -0.30147 12.9964 0.374347 15.7819 0.465662 8.42192
0.45 0.2 13.0383 0.166466 -0.349492 12.5767 0.160153 15.786 0.204952 9.47165
0.45 0.25 12.9113 -5.92289e-09 -0.363021 12.4401 -5.6977e-09 15.7791 -7.57059e-09 9.79948
0.45 0.3 13.0383 -0.166466 -0.34954 12.5767 -0.160153 15.786 -0.204952 9.47165
0.45 0.35 13.427 -0.387828 -0.301277 12.9964 -0.374347 15.7819 -0.465662 8.42192
0.45 0.4 14.1124 -0.70479 -0.217967 13.7344 -0.6842 15.7901 -0.807818 6.44818
0.45 0.45 15.1126 -1.08086 -0.113608 14.8075 -1.05563 15.8076 -1.15848 3.42116
0.45 0.5 16.1441 -1.34164 -0.0165572 15.9121 -1.3203 15.359 -1.29525 -0.328721
0.45 0.55 17.5277 -1.38724 0.143993 17.1915 -1.36051 15.1186 -1.20453 -5.92149
0.45 0.6 19.6992 -1.31134 0.418252 19.1597 -1.27419 15.5177 -1.04784 -11.1376
0.45 0.65 22.0255 -1.08069 0.753976 21.2761 -1.04293 15.7668 -0.784771 -15.3054
0.45 0.7 23.8344 -0.627093 1.04767 22.9103 -0.602043 15.8848 -0.422292 -18.1749
0.45 0.75 24.5113 1.49518e-09 1.1351 23.5267 1.40592e-09 15.7961 1.3497e-09 -19.2734
0.45 0.8 23.8344 0.627093 1.04762 22.9103 0.602043 15.8848 0.422292 -18.1749
0.45 0.85 22.0255 1.08069 0.754169 21.2761 1.04293 15.7668 0.784771 -15.3054
0.45 0.9 19.6992 1.31134 0.417529 19.1597 1.27419 15.5177 1.04784 -11.1376
0.45 0.95 17.5277 1.38724 0.14669 17.1915 1.36051 15.1186 1.20453 -5.92149
0.45 1 16.1441 1.34164 -0.0266241 15.9121 1.3203 15.3477 1.29429 0.24324
0.5 0 16.1595 1.46642 -0.014159 15.9643 1.44552 15.433 1.42023 -0.781412
0.5 0.05 16.2145 1.31078 -0.144325 15.9186 1.28446 15.4033 1.26415 4.4741
0.5 0.1 16.433 0.971342 -0.322094 15.9968 0.944348 15.5673 0.937337 8.79574
0.5 0.15 16.683 0.60852 -0.495653 16.1313 0.587483 15.6961 0.582587 11.6933
0.5 0.2 16.8579 0.289053 -0.612025 16.2329 0.277921 15.7437 0.274672 13.3542
0.5 0.25 16.9206 -9.38336e-09 -0.660216 16.2692 -8.88847e-09 15.7871 -8.3276e-09 13.8774
0.5 0.3 16.8579 -0.289053 -0.612093 16.2329 -0.277921 15.7437 -0.274672 13.3542
0.5 0.35 16.683 -0.60852 -0.495385 16.1313 -0.587483 15.6961 -0.582587 11.6933
0.5 0.4 16.433 -0.971342 -0.323102 15.9968 -0.944348 15.5673 -0.937337 8.79574
0.5 0.45 16.2145 -1.31078 -0.140563 15.9186 -1.28446 15.4033 -1.26415 4.4741
0.5 0.5 16.1595 -1.46642 -0.0281987 15.9643 -1.44552 15.4321 -1.42014 0.0537675
0.5 0.55 16.2163 -1.31085 0.0840137 15.9186 -1.28442 15.4378 -1.2653 -4.36695
0.5 0.6 16.4376 -0.971536 0.26586 15.9969 -0.944317 15.6322 -0.939989 -8.68744
0.5 0.65 16.6899 -0.608722 0.43735 16.1313 -0.587465 15.7785 -0.584863 -11.5846
0.5 0.7 16.8663 -0.28915 0.553547 16.2328 -0.277894 15.8343 -0.27582 -13.2457
0.5 0.75 16.9295 5.09254e-10 0.601435 16.2691 4.85654e-10 15.8802 6.64558e-10 -13.7686
0.5 0.8 16.8663 0.28915 0.55348 16.2328 0.277894 15.8343 0.27582 -13.2457
0.5 0.85 16.6899 0.608722 0.437619 16.1313 0.587465 15.7785 0.584863 -11.5846
0.5 0.9 16.4376 0.971536 0.264852 15.9969 0.944317 15.6322 0.939989 -8.68744
0.5 0.95 16.2163 1.31085 0.0877755 15.9186 1.28442 15.4378 1.2653 -4.36695
0.5 1 16.1595 1.46642 -0.0422384 15.9643 1.44552 15.4311 1.42005 0.888947
0.55 0 16.144 1.34135 -0.0296937 15.912 1.3204 15.349 1.28631 -0.136414
0.55 0.05 17.525 1.38654 -0.207789 17.1914 1.36057 15.076 1.19162 6.02683
0.55 0.1 19.6925 1.31019 -0.486114 19.1595 1.27426 15.4372 1.03323 11.2458
0.55 0.15 22.0139 1.07943 -0.83059 21.2759 1.04291 15.6594 0.773434 15.4144
0.55 0.2 23.8184 0.626193 -1.13016 22.9102 0.601978 15.7622 0.415942 18.2838
0.55 0.25 24.494 -6.15606e-09 -1.21978 23.5269 -6.31467e-09 15.6697 -3.29905e-09 19.3809
0.55 0.3 23.8184 -0.626193 -1.1302 22.9102 -0.601978 15.7622 -0.415942 18.2838
0.55 0.35 22.0139 -1.07943 -0.830398 21.2759 -1.04291 15.6594 -0.773434 15.4144
0.55 0.4 19.6925 -1.31019 -0.486837 19.1595 -1.27426 15.4372 -1.03323 11.2458
0.55 0.45 17.525 -1.38654 -0.20509 17.1914 -1.36057 15.0761 -1.19162 6.02683
0.55 0.5 16.144 -1.34135 -0.0397682 15.912 -1.3204 15.3591 -1.28715 0.435596
0.55 0.55 15.1141 -1.08068 0.0608647 14.8075 -1.05578 15.836 -1.15198 -3.3108
0.55 0.6 14.1154 -0.704604 0.168776 13.7344 -0.684294 15.8389 -0.803011 -6.33817
0.55 0.65 13.4312 -0.387676 0.254536 12.9964 -0.374355 15.8422 -0.463032 -8.3124
0.55 0.7 13.043 -0.16638 0.304184 12.5766 -0.160145 15.8517 -0.203718 -9.36245
0.55 0.75 12.9162 4.31109e-10 0.318134 12.44 4.16234e-10 15.8464 5.59126e-10 -9.69046
0.55 0.8 13.043 0.16638 0.304136 12.5766 0.160145 15.8517 0.203718 -9.36245
0.55 0.85 13.4312 0.387676 0.254729 12.9964 0.374355 15.8422 0.463032 -8.3124
0.55 0.9 14.1154 0.704604 0.168053 13.7344 0.684294 15.8389 0.803011 -6.33817
0.55 0.95 15.1141 1.08068 0.0635641 14.8075 1.05578 15.836 1.15198 -3.3108
0.55 1 16.144 1.34135 -0.0498427 15.912 1.3204 15.3691 1.28799 1.00761
0.6 0 16.1012 1.15237 -0.0558216 15.8094 1.13077 15.0926 1.085 1.02449
0.6 0.05 19.0584 1.48137 -0.270997 18.6499 1.45072 14.9263 1.14728 6.93617
0.6 0.1 23.9706 1.91531 -0.674391 23.3194 1.86427 15.3148 1.21493 12.7891
0.6 0.15 30.6704 2.21871 -1.39733 29.6595 2.14563 15.851 1.1562 18.8039
0.6 0.2 37.54 1.69629 -2.32448 36.1161 1.6305 16.2106 0.752296 24.1262
0.6 0.25 40.6824 9.18922e-09 -2.91731 39.0281 8.15763e-09 16.6585 4.51387e-09 26.2242
0.6 0.3 37.54 -1.69629 -2.3245 36.1161 -1.6305 16.2106 -0.752296 24.1262
0.6 0.35 30.6704 -2.21871 -1.39727 29.6595 -2.14563 15.851 -1.1562 18.8039
0.6 0.4 23.9706 -1.91531 -0.674617 23.3194 -1.86427 15.3148 -1.21493 12.7891
0.6 0.45 19.0584 -1.48137 -0.270154 18.6499 -1.45072 14.9263 -1.14728 6.93618
0.6 0.5 16.1012 -1.15237 -0.058969 15.8094 -1.13077 15.2884 -1.09908 1.10321
0.6 0.55 14.1272 -0.803658 0.0449865 13.8077 -0.783427 15.9641 -0.922667 -2.45564
0.6 0.6 12.5139 -0.480553 0.105151 12.1698 -0.465986 16.0065 -0.622808 -4.34664
0.6 0.65 11.4438 -0.257829 0.14513 11.0889 -0.249065 15.9456 -0.362966 -5.5409
0.6 0.7 10.8538 -0.110042 0.1659 10.4907 -0.106016 15.9233 -0.162778 -6.14387
0.6 0.75 10.6655 -3.16366e-09 0.173024 10.2997 -3.07818e-09 15.9175 -3.68374e-09 -6.32177
0.6 0.8 10.8538 0.110042 0.165885 10.4907 0.106016 15.9233 0.162778 -6.14387
0.6 0.85 11.4438 0.257829 0.145191 11.0889 0.249065 15.9456 0.362966 -5.5409
0.6 0.9 12.5139 0.480553 0.104925 12.1698 0.465986 16.0065 0.622808 -4.34664
0.6 0.95 14.1272 0.803658 0.0458298 13.8077 0.783427 15.9641 0.922667 -2.45564
0.6 1 16.1012 1.15237 -0.0621163 15.8094 1.13077 15.4842 1.11316 1.18192
0.65 0 16.0291 0.942593 -0.0771689 15.6897 0.922347 14.7745 0.869961 2.00174
0.65 0.05 20.4633 1.53462 -0.277458 20.0011 1.50137 14.6805 1.08549 6.73373
0.65 0.1 28.5711 2.67428 -0.770972 27.8354 2.60791 14.836 1.36735 12.449
0.65 0.15 43.0673 4.31193 -1.85697 41.8442 4.19307 15.4765 1.53928 19.4655
0.65 0.2 63.99 4.06407 -3.9879 62.0728 3.94594 16.1815 1.02081 28.04
0.65 0.25 75.658 2.82492e-08 -4.95686 73.5462 3.22431e-08 15.8075 6.31231e-09 30.9824
0.65 0.3 63.99 -4.06407 -3.98787 62.0728 -3.94594 16.1815 -1.02081 28.04
0.65 0.35 43.0673 -4.31193 -1.85709 41.8442 -4.19307 15.4765 -1.53928 19.4655
0.65 0.4 28.5711 -2.67428 -0.770547 27.8354 -2.60791 14.836 -1.36735 12.449
0.65 0.45 20.4633 -1.53462 -0.279043 20.0011 -1.50137 14.6805 -1.08549 6.73373
0.65 0.5 16.0291 -0.942593 -0.0712532 15.6897 -0.922347 15.2432 -0.897557 1.59743
0.65 0.55 13.3388 -0.567136 0.0203647 13.0163 -0.552075 15.9097 -0.684923 -1.44511
0.65 0.6 11.4673 -0.31801 0.0555535 11.1515 -0.30805 16.0885 -0.451356 -2.61317
0.65 0.65 10.2811 -0.173233 0.0713344 9.9769 -0.167191 16.0896 -0.274106 -3.18013
0.65 0.7 9.63679 -0.0769019 0.0766519 9.33905 -0.0740587 16.0845 -0.129813 -3.3853
0.65 0.75 9.4339 -1.07482e-08 0.0772686 9.13919 -1.0384e-08 16.081 -1.7179e-08 -3.41083
0.65 0.8 9.63679 0.0769019 0.0766802 9.33905 0.0740587 16.0845 0.129813 -3.3853
0.65 0.85 10.2811 0.173233 0.0712212 9.9769 0.167191 16.0896 0.274106 -3.18013
0.65 0.9 11.4673 0.31801 0.0559781 11.1515 0.30805 16.0885 0.451356 -2.61317
0.65 0.95 13.3388 0.567136 0.0187796 13.0163 0.552075 15.9097 0.684923 -1.44511
0.65 1 16.0291 0.942593 -0.0653373 15.6897 0.922347 15.7119 0.925155 1.19312
0.7 0 15.9311 0.598674 -0.0726857 15.5768 0.585284 14.4795 0.543102 2.03778
0.7 0.05 21.3078 1.18385 -0.207958 20.8474 1.15953 14.304 0.773264 5.02445
0.7 0.1 31.813 2.5364 -0.559307 31.136 2.48508 13.5029 1.04801 9.06049
0.7 0.15 54.5985 4.95483 -1.51062 53.4696 4.86647 13.7542 1.14099 14.1921
0.7 0.2 95.8868 5.80415 -2.73922 94.9074 5.76574 10.3311 0.459351 20.5478
0.7 0.25 115.059 8.48769e-08 -2.47659 114.65 8.35645e-08 4.83275 3.81547e-09 19.5487
0.7 0.3 95.8868 -5.80415 -2.73918 94.9074 -5.76574 10.3311 -0.459351 20.5478
0.7 0.35 54.5985 -4.95483 -1.51079 53.4696 -4.86647 13.7542 -1.14099 14.1921
0.7 0.4 31.813 -2.5364 -0.558688 31.136 -2.48508 13.5029 -1.04801 9.06049
0.7 0.45 21.3078 -1.18385 -0.210269 20.8474 -1.15953 14.304 -0.773263 5.02445
0.7 0.5 15.9311 -0.598674 -0.064061 15.5768 -0.585284 15.1337 -0.567641 1.47657
0.7 0.55 12.8357 -0.315828 -0.00472994 12.5187 -0.307472 15.8242 -0.391191 -0.497744
0.7 0.6 10.8823 -0.171086 0.0149157 10.5871 -0.165684 16.1243 -0.255255 -1.14856
0.7 0.65 9.69508 -0.0978664 0.0195758 9.41816 -0.0941805 16.254 -0.165997 -1.32442
0.7 0.7 9.06851 -0.0480429 0.0163325 8.80443 -0.045823 16.3409 -0.088328 -1.26271
0.7 0.75 8.88468 -1.93241e-08 0.0127779 8.62472 -1.85768e-08 16.3941 -4.06031e-08 -1.17697
0.7 0.8 9.06851 0.0480429 0.0163737 8.80443 0.045823 16.3409 0.088328 -1.26271
0.7 0.85 9.69508 0.0978664 0.0194108 9.41816 0.0941804 16.254 0.165997 -1.32442
0.7 0.9 10.8823 0.171086 0.0155347 10.5871 0.165684 16.1243 0.255255 -1.14856
0.7 0.95 12.8357 0.315828 -0.00704085 12.5187 0.307472 15.8242 0.39119 -0.497744
0.7 1 15.9311 0.598674 -0.0554364 15.5768 0.585284 15.7878 0.592173 0.915356
0.75 0 15.8766 -0.000840026 -0.0276697 15.5242 -9.55368e-05 14.4091 -0.0121354 0.0500707
0.75 0.05 21.5386 -0.00146171 -0.03761 21.1096 -0.000136308 13.9782 -0.0190605 0.0486604
0.75 0.1 32.6927 -0.00272101 -0.0571258 32.095 -5.96344e-05 12.7776 -0.0265579 0.0453994
0.75 0.15 58.976 -0.00582876 -0.10355 58.04 0.00134606 12.2265 -0.0469065 0.0411761
0.75 0.2 105.319 -0.00410757 -0.184587 104.975 0.00200488 4.51002 -0.0428071 0.00657311
0.75 0.25 123.635 1.95562e-07 -0.216391 123.771 1.96058e-07 -2.12937 -9.90412e-09 -0.00976211
0.75 0.3 105.319 0.00410787 -0.184587 104.975 -0.00200459 4.51002 0.0428071 0.0065732
0.75 0.35 58.976 0.00582889 -0.10355 58.04 -0.00134592 12.2265 0.0469064 0.0411765
0.75 0.4 32.6927 0.00272121 -0.0571263 32.095 5.98232e-05 12.7776 0.0265584 0.0454001
0.75 0.45 21.5386 0.00146196 -0.0376082 21.1096 0.00013656 13.9782 0.0190584 0.0486605
0.75 0.5 15.8766 0.000840001 -0.0276764 15.5242 9.54852e-05 15.1029 0.0127294 0.052454
0.75 0.55 12.6635 0.000501079 -0.0220797 12.3513 4.06297e-05 15.7786 0.00839133 0.0547612
0.75 0.6 10.6971 0.000287443 -0.0186866 10.4096 7.228e-08 16.14 0.00531806 0.0561266
0.75 0.65 9.52585 0.000132717 -0.0167004 9.25663 -2.54251e-05 16.3369 0.00292884 0.0569281
0.75 0.7 8.93327 3.73775e-05 -0.0157146 8.6719 -2.29359e-05 16.5075 0.00113966 0.057584
0.75 0.75 8.77285 -3.58503e-08 -0.0154685 8.51032 -3.46074e-08 16.612 -5.51156e-08 0.0580476
0.75 0.8 8.93327 -3.74584e-05 -0.0157147 8.6719 2.28578e-05 16.5075 -0.00113987 0.0575839
0.75 0.85 9.52585 -0.000132782 -0.0167002 9.25663 2.53596e-05 16.3369 -0.00292876 0.0569279
0.75 0.9 10.6971 -0.000287393 -0.0186871 10.4096 -1.88887e-08 16.14 -0.00531869 0.0561255
0.75 0.95 12.6635 -0.000500995 -0.0220779 12.3513 -4.05669e-05 15.7786 -0.00838828 0.0547616
0.75 1 15.8766 -0.000840026 -0.027683 15.5242 -9.55368e-05 15.7965 -0.0133038 0.0548272
0.8 0 15.9313 -0.600222 0.0171199 15.5767 -0.585353 14.484 -0.567126 -1.93649
0.8 0.05 21.3094 -1.18658 0.133583 20.8474 -1.15951 14.3271 -0.810836 -4.92368
0.8 0.1 31.818 -2.54136 0.448352 31.1358 -2.48454 13.5513 -1.09898 -8.96322
0.8 0.15 54.6147 -4.96527 1.31953 53.4683 -4.86328 13.8557 -1.2221 -14.0909
0.8 0.2 95.9147 -5.81264 2.40224 94.9019 -5.75993 10.5068 -0.534956 -20.4762
0.8 0.25 115.086 3.12869e-07 2.07212 114.648 3.11349e-07 5.00735 3.16124e-08 -19.5227
0.8 0.3 95.9147 5.81264 2.4022 94.9019 5.75993 10.5068 0.534956 -20.4762
0.8 0.35 54.6147 4.96527 1.3197 53.4683 4.86328 13.8557 1.2221 -14.0909
0.8 0.4 31.818 2.54136 0.447732 31.1358 2.48454 13.5513 1.09898 -8.96322
0.8 0.45 21.3094 1.18658 0.135898 20.8474 1.15951 14.3272 0.810844 -4.92366
0.8 0.5 15.9313 0.600222 0.00848028 15.5767 0.585354 15.1369 0.592664 -1.37086
0.8 0.55 12.8352 0.316785 -0.0399789 12.5187 0.307508 15.817 0.407823 0.607905
0.8 0.6 10.8817 0.171687 -0.0526597 10.5871 0.165696 16.1143 0.266065 1.26084
0.8 0.65 9.69452 0.0982131 -0.0529704 9.41817 0.0941867 16.2436 0.172293 1.43765
0.8 0.7 9.06797 0.0482074 -0.0473693 8.80441 0.0458395 16.3313 0.0911144 1.37648
0.8 0.75 8.88422 -4.04292e-08 -0.0430653 8.62472 -3.8932e-08 16.3853 -1.21756e-07 1.29105
0.8 0.8 9.06797 -0.0482075 -0.0474107 8.80441 -0.0458396 16.3313 -0.0911145 1.37648
0.8 0.85 9.69452 -0.0982134 -0.052805 9.41817 -0.0941871 16.2436 -0.172294 1.43764
0.8 0.9 10.8817 -0.171688 -0.0532796 10.5871 -0.165697 16.1143 -0.266064 1.26084
0.8 0.95 12.8352 -0.316786 -0.0376641 12.5187 -0.307509 15.817 -0.407834 0.607908
0.8 1 15.9313 -0.600222 -0.000158809 15.5767 -0.585353 15.7901 -0.618265 -0.805195
0.85 0 16.0293 -0.943932 0.0213274 15.6897 -0.922364 14.7781 -0.892194 -1.89849
0.85 0.05 20.4662 -1.53705 0.205922 20.0011 -1.50132 14.7174 -1.11945 -6.63035
0.85 0.1 28.5798 -2.67892 0.670592 27.8353 -2.60765 14.9157 -1.41269 -12.3426
0.85 0.15 43.091 -4.32007 1.70529 41.8441 -4.19222 15.6194 -1.5931 -19.3525
0.85 0.2 64.0486 -4.07349 3.76176 62.0748 -3.94527 16.4126 -1.06159 -27.9162
0.85 0.25 75.7345 1.60504e-07 4.68871 73.549 1.58864e-07 16.078 -2.90346e-08 -30.8587
0.85 0.3 64.0486 4.07349 3.76173 62.0748 3.94527 16.4126 1.06159 -27.9162
0.85 0.35 43.091 4.32007 1.7054 41.8441 4.19222 15.6194 1.5931 -19.3525
0.85 0.4 28.5798 2.67892 0.670167 27.8353 2.60766 14.9158 1.41269 -12.3426
0.85 0.45 20.4662 1.53705 0.207509 20.0011 1.50132 14.7172 1.11943 -6.63042
0.85 0.5 16.0293 0.943931 0.0154043 15.6897 0.922363 15.2466 0.920548 -1.49084
0.85 0.55 13.338 0.567984 -0.0670153 13.0163 0.552062 15.8943 0.700295 1.55603
0.85 0.6 11.4661 0.318598 -0.09617 11.1515 0.308044 16.0671 0.461991 2.72521
0.85 0.65 10.2797 0.173606 -0.108529 9.97692 0.167209 16.0656 0.280521 3.29197
0.85 0.7 9.6354 0.0770863 -0.112194 9.33906 0.0740748 16.0597 0.132871 3.49696
0.85 0.75 9.43249 6.94704e-09 -0.112465 9.1392 6.72529e-09 16.0563 2.38243e-07 3.52236
0.85 0.8 9.6354 -0.0770863 -0.112222 9.33906 -0.0740748 16.0597 -0.132872 3.49696
0.85 0.85 10.2797 -0.173606 -0.108415 9.97692 -0.167209 16.0656 -0.280518 3.29198
0.85 0.9 11.4661 -0.318598 -0.0965955 11.1515 -0.308044 16.0672 -0.462001 2.72519
0.85 0.95 13.338 -0.567986 -0.0654288 13.0163 -0.552064 15.8941 -0.700262 1.55604
0.85 1 16.0293 -0.943932 0.00948253 15.6897 -0.922364 15.7137 -0.94868 -1.08348
0.9 0 16.1014 -1.15328 -0.000574552 15.8094 -1.13077 15.097 -1.10234 -0.918649
0.9 0.05 19.0615 -1.48304 0.20504 18.65 -1.45071 14.9698 -1.17249 -6.83142
0.9 0.1 23.9793 -1.91814 0.593285 23.3196 -1.86422 15.4037 -1.24504 -12.6804
0.9 0.15 30.6899 -2.2228 1.29588 29.6601 -2.14584 15.9864 -1.18395 -18.6906
0.9 0.2 37.5737 -1.6996 2.20264 36.1178 -1.63066 16.3788 -0.768604 -24.011
0.9 0.25 40.725 1.87454e-07 2.78663 39.031 1.7519e-07 16.8411 3.65638e-07 -26.1046
0.9 0.3 37.5737 1.6996 2.20265 36.1178 1.63066 16.3787 0.768604 -24.011
0.9 0.35 30.6899 2.2228 1.29581 29.6601 2.14584 15.9864 1.18395 -18.6905
0.9 0.4 23.9793 1.91814 0.59351 23.3196 1.86422 15.4035 1.24502 -12.6804
0.9 0.45 19.0615 1.48304 0.204197 18.6499 1.45072 14.9705 1.17259 -6.83108
0.9 0.5 16.1014 1.15329 0.0025649 15.8094 1.13078 15.2902 1.11624 -0.996528
0.9 0.55 14.126 0.804248 -0.0937464 13.8077 0.783354 15.9413 0.934729 2.56689
0.9 0.6 12.5119 0.481 -0.146366 12.1698 0.46592 15.9721 0.631699 4.45796
0.9 0.65 11.4414 0.258129 -0.179863 11.089 0.249056 15.9047 0.368254 5.65148
0.9 0.7 10.8511 0.1102 -0.196315 10.4907 0.106024 15.8794 0.165333 6.25402
0.9 0.75 10.6627 2.03048e-08 -0.201406 10.2997 1.88221e-08 15.8727 -7.05787e-07 6.43178
0.9 0.8 10.8511 -0.110199 -0.1963 10.4907 -0.106024 15.8793 -0.16533 6.25402
0.9 0.85 11.4414 -0.258129 -0.179924 11.089 -0.249057 15.9048 -0.368264 5.65147
0.9 0.9 12.5119 -0.481 -0.146141 12.1698 -0.46592 15.972 -0.63167 4.45801
0.9 0.95 14.126 -0.804244 -0.0945864 13.8077 -0.783349 15.942 -0.93484 2.56676
0.9 1 16.1014 -1.15328 0.00570706 15.8094 -1.13077 15.4884 -1.13092 -1.07368
0.95 0 16.1441 -1.34164 -0.025731 15.9121 -1.3203 15.3384 -1.29291 0.2429
0.95 0.05 17.5277 -1.38724 0.14475 17.1915 -1.3605 15.1213 -1.20492 -5.92005
0.95 0.1 19.6992 -1.31134 0.408566 19.1597 -1.27419 15.5169 -1.04773 -11.138
0.95 0.15 22.0255 -1.08069 0.73506 21.2761 -1.04293 15.767 -0.78479 -15.3053
0.95 0.2 23.8344 -0.627093 1.02015 22.9103 -0.602042 15.8848 -0.422285 -18.1749
0.95 0.25 24.5113 1.93735e-07 1.10251 23.5267 2.13496e-07 15.7961 -1.54572e-06 -19.2734
0.95 0.3 23.8344 0.627094 1.0202 22.9103 0.602043 15.8848 0.422292 -18.1749
0.95 0.35 22.0255 1.08069 0.734868 21.2761 1.04293 15.7668 0.78477 -15.3054
0.95 0.4 19.6992 1.31134 0.409287 19.1597 1.27419 15.5177 1.04784 -11.1376
0.95 0.45 17.5277 1.38724 0.142052 17.1915 1.36051 15.1185 1.20453 -5.9215
0.95 0.5 16.1441 1.34164 -0.0156649 15.9121 1.3203 15.3591 1.29525 -0.32869
0.95 0.55 15.1126 1.08086 -0.115544 14.8075 1.05563 15.8076 1.15848 3.42116
0.95 0.6 14.1124 0.704789 -0.226928 13.7344 0.684199 15.7901 0.807816 6.44819
0.95 0.65 13.427 0.387828 -0.320379 12.9964 0.374347 15.7819 0.465662 8.42192
0.95 0.7 13.0383 0.166466 -0.376994 12.5767 0.160153 15.786 0.204951 9.47165
0.95 0.75 12.9113 2.78113e-08 -0.395603 12.4401 1.83757e-08 15.7791 2.70926e-06 9.79948
0.95 0.8 13.0383 -0.166466 -0.376946 12.5767 -0.160153 15.7861 -0.204962 9.47162
0.95 0.85 13.427 -0.387827 -0.320571 12.9964 -0.374347 15.7817 -0.465627 8.42201
0.95 0.9 14.1124 -0.704795 -0.226205 13.7344 -0.684203 15.7906 -0.807936 6.44793
0.95 0.95 15.1126 -1.08086 -0.118238 14.8075 -1.05564 15.8043 -1.15805 3.42199
0.95 1 16.1441 -1.34164 -0.00559875 15.9121 -1.3203 15.361 -1.29482 -0.902307
1 0 16.1595 -1.46641 -0.0455688 15.9641 -1.44549 15.4564 -1.42401 1.1535
1 0.05 16.2163 -1.31084 0.0950167 15.9187 -1.28442 15.3584 -1.25818 -4.73097
1 0.1 16.4376 -0.971525 0.29831 15.9969 -0.944305 15.1475 -0.911061 -10.088
1 0.15 16.6899 -0.608723 0.50893 16.1313 -0.587467 14.7819 -0.547847 -13.9661
1 0.2 16.8663 -0.289149 0.656009 16.2328 -0.277893 14.4604 -0.25191 -16.3015
1 0.25 16.9295 1.07272e-06 0.723059 16.2691 9.58814e-07 14.3721 8.14186e-06 -17.0633
1 0.3 16.8663 0.289151 0.656076 16.2328 0.277895 14.4602 0.251883 -16.3016
1 0.35 16.6899 0.608723 0.508663 16.1313 0.587466 14.7826 0.54795 -13.9658
1 0.4 16.4376 0.971535 0.299314 15.9969 0.944316 15.1448 0.910679 -10.0894
1 0.45 16.2163 1.31084 0.0912565 15.9186 1.28442 15.3677 1.25955 -4.727
1 0.5 16.1595 1.46641 -0.0315312 15.9644 1.44552 15.4311 1.42005 0.324663
1 0.55 16.2145 1.31078 -0.13334 15.9186 1.28446 15.4747 1.27001 4.11521
1 0.6 16.433 0.971341 -0.289662 15.9968 0.944347 16.0583 0.966899 7.40039
1 0.65 16.683 0.608519 -0.424097 16.1313 0.587482 16.6956 0.619681 9.32562
1 0.7 16.8579 0.289053 -0.509636 16.2329 0.277922 17.1204 0.298693 10.3169
1 0.75 16.9206 6.94581e-07 -0.538622 16.2692 7.03016e-07 17.2976 -7.87753e-06 10.6029
1 0.8 16.8579 -0.289052 -0.509569 16.2329 -0.277921 17.1202 -0.298659 10.317
1 0.85 16.683 -0.608518 -0.424365 16.1313 -0.587479 16.6962 -0.61979 9.32526
1 0.9 16.433 -0.971335 -0.288658 15.9969 -0.944343 16.0559 -0.966502 7.40175
1 0.95 16.2144 -1.31076 -0.137101 15.9185 -1.28443 15.4841 -1.27138 4.11091
1 1 16.1595 -1.46641 -0.0174891 15.9641 -1.44549 15.4711 -1.42536 -0.509539
