0 32.0961 7.39153 81.3074 0
0.0025 31.3447 7.27538 80.9396 0
0.005 30.5991 7.13454 80.469 0
0.0075 29.8595 6.99761 79.9938 0
0.01 29.1265 6.85723 79.514 0
0.0125 28.4005 6.71564 79.0298 0
0.015 27.6818 6.57253 78.5412 0
0.0175 26.9709 6.42826 78.0484 0
0.02 26.2681 6.28301 77.5515 0
0.0225 25.5738 6.137 77.0507 0
0.025 24.8883 5.99045 76.5461 0
0.0275 24.2119 5.84355 76.0378 0
0.03 23.545 5.69653 75.526 0
0.0325 22.8878 5.54956 75.0108 0
0.035 22.2407 5.40286 74.4925 0
0.0375 21.6038 5.2566 73.971 0
0.04 20.9774 5.11097 73.4468 0
0.0425 20.3618 4.96614 72.9198 0
0.045 19.7572 4.82229 72.3903 0
0.0475 19.1637 4.67958 71.8585 0
0.05 18.5815 4.53816 71.3245 0
0.0525 18.0108 4.39819 70.7886 0
0.055 17.4517 4.2598 70.251 0
0.0575 16.9042 4.12313 69.7118 0
0.06 16.3686 3.98831 69.1713 0
0.0625 15.8449 3.85545 68.6297 0
0.065 15.3332 3.72467 68.0873 0
0.0675 14.8334 3.59606 67.5441 0
0.07 14.3457 3.46972 67.0005 0
0.0725 13.87 3.34574 66.4568 0
0.075 13.4064 3.22419 65.9131 0
0.0775 12.9548 3.10515 65.3696 0
0.08 12.5152 2.98867 64.8267 0
0.0825 12.0875 2.87481 64.2846 0
0.085 11.6717 2.76362 63.7436 0
0.0875 11.2678 2.65514 63.2038 0
0.09 10.8755 2.5494 62.6656 0
0.0925 10.4949 2.44641 62.1293 0
0.095 10.1257 2.34621 61.5951 0
0.0975 9.76795 2.24879 61.0632 0
0.1 9.42142 2.15417 60.5341 0
0.1025 9.08598 2.06234 60.0078 0
0.105 8.76149 1.97329 59.4848 0
0.1075 8.44777 1.88701 58.9654 0
0.11 8.14466 1.80348 58.4497 0
0.1125 7.85198 1.72268 57.9382 0
0.115 7.56954 1.64457 57.431 0
0.1175 7.29715 1.56912 56.9286 0
0.12 7.03462 1.49629 56.4312 0
0.1225 6.78176 1.42605 55.939 0
0.125 6.53834 1.35834 55.4525 0
0.1275 6.30418 1.29312 54.9719 0
0.13 6.07905 1.23033 54.4976 0
0.1325 5.86275 1.16992 54.0298 0
0.135 5.65507 1.11184 53.5689 0
0.1375 5.4558 1.05601 53.1151 0
0.14 5.26471 1.0024 52.6688 0
0.1425 5.08161 0.95092 52.2303 0
0.145 4.90628 0.901521 51.8 0
0.1475 4.7385 0.854135 51.3781 0
0.15 4.57808 0.808698 50.9649 0
0.1525 4.4248 0.765144 50.5608 0
0.155 4.27847 0.723407 50.1661 0
0.1575 4.13888 0.683422 49.781 0
0.16 4.00585 0.645124 49.4059 0
0.1625 3.87917 0.608449 49.0411 0
0.165 3.75866 0.573332 48.6868 0
0.1675 3.64414 0.53971 48.3434 0
0.17 3.53543 0.507523 48.011 0
0.1725 3.43234 0.476709 47.69 0
0.175 3.33472 0.44721 47.3805 0
0.1775 3.2424 0.418969 47.0829 0
0.18 3.15522 0.39193 46.7972 0
0.1825 3.07301 0.366041 46.5237 0
0.185 2.99563 0.341251 46.2625 0
0.1875 2.92293 0.317512 46.0138 0
0.19 2.85477 0.294779 45.7775 0
0.1925 2.79101 0.273007 45.5538 0
0.195 2.73152 0.252157 45.3426 0
0.1975 2.67615 0.232191 45.144 0
0.2 2.62479 0.213077 44.9579 0
0.2025 2.5773 0.194782 44.7841 0
0.205 2.53356 0.177279 44.6224 0
0.2075 2.49345 0.160544 44.4728 0
0.21 2.45684 0.144555 44.3349 0
0.2125 2.42361 0.129293 44.2084 0
0.215 2.39364 0.114745 44.0929 0
0.2175 2.3668 0.100896 43.9882 0
0.22 2.34297 0.0877393 43.8938 0
0.2225 2.32201 0.0752658 43.8092 0
0.225 2.3038 0.0634703 43.7339 0
0.2275 2.2882 0.0523488 43.6676 0
0.23 2.27505 0.0418975 43.6097 0
0.2325 2.26421 0.0321124 43.5597 0
0.235 2.25551 0.0229878 43.5172 0
0.2375 2.24879 0.0145143 43.4817 0
0.24 2.24385 0.0066774 43.4529 0
0.2425 2.24048 -0.000547162 43.4304 0
0.245 2.23846 -0.00719624 43.4139 0
0.2475 2.23751 -0.0133361 43.4033 0
0.25 2.2373 -0.0190624 43.3983 0
0.2525 2.23735 -0.0247128 43.399 0
0.255 2.23795 -0.0307024 43.4055 0
0.2575 2.23949 -0.0372023 43.4177 0
0.26 2.24227 -0.0442885 43.4359 0
0.2625 2.24654 -0.0520095 43.4604 0
0.265 2.2525 -0.0603957 43.4916 0
0.2675 2.26035 -0.0694666 43.5297 0
0.27 2.27027 -0.0792351 43.5753 0
0.2725 2.28243 -0.0897098 43.6288 0
0.275 2.29698 -0.100897 43.6907 0
0.2775 2.31407 -0.112803 43.7614 0
0.28 2.33384 -0.125432 43.8414 0
0.2825 2.35643 -0.138793 43.9312 0
0.285 2.38195 -0.152893 44.0313 0
0.2875 2.41055 -0.167743 44.1421 0
0.29 2.44234 -0.183356 44.2638 0
0.2925 2.47744 -0.19975 44.397 0
0.295 2.51599 -0.216942 44.5418 0
0.2975 2.55809 -0.234954 44.6986 0
0.3 2.60387 -0.253813 44.8675 0
0.3025 2.65345 -0.273548 45.0487 0
0.305 2.70696 -0.294189 45.2423 0
0.3075 2.76452 -0.315772 45.4484 0
0.31 2.82626 -0.338335 45.667 0
0.3125 2.89232 -0.36192 45.8982 0
0.315 2.96283 -0.386571 46.1418 0
0.3175 3.03792 -0.412335 46.3978 0
0.32 3.11775 -0.439261 46.6661 0
0.3225 3.20245 -0.467402 46.9465 0
0.325 3.29219 -0.496813 47.2389 0
0.3275 3.38711 -0.527551 47.543 0
0.33 3.48738 -0.559673 47.8586 0
0.3325 3.59316 -0.593242 48.1856 0
0.335 3.70463 -0.628319 48.5236 0
0.3375 3.82195 -0.664969 48.8724 0
0.34 3.94531 -0.703257 49.2317 0
0.3425 4.07489 -0.743249 49.6013 0
0.345 4.21087 -0.785013 49.9808 0
0.3475 4.35345 -0.828617 50.37 0
0.35 4.50283 -0.874128 50.7685 0
0.3525 4.65919 -0.921616 51.1761 0
0.355 4.82275 -0.971149 51.5924 0
0.3575 4.9937 -1.0228 52.0171 0
0.36 5.17225 -1.07662 52.4499 0
0.3625 5.3586 -1.1327 52.8905 0
0.365 5.55298 -1.19109 53.3386 0
0.3675 5.75557 -1.25186 53.7939 0
0.37 5.9666 -1.31508 54.256 0
0.3725 6.18628 -1.38079 54.7247 0
0.375 6.4148 -1.44907 55.1996 0
0.3775 6.65238 -1.51997 55.6804 0
0.38 6.89923 -1.59354 56.1669 0
0.3825 7.15555 -1.66983 56.6588 0
0.385 7.42153 -1.7489 57.1556 0
0.3875 7.69737 -1.83077 57.6572 0
0.39 7.98327 -1.9155 58.1632 0
0.3925 8.2794 -2.00312 58.6734 0
0.395 8.58595 -2.09365 59.1874 0
0.3975 8.9031 -2.18712 59.705 0
0.4 9.231 -2.28356 60.2259 0
0.4025 9.56981 -2.38297 60.7497 0
0.405 9.91969 -2.48536 61.2763 0
0.4075 10.2808 -2.59074 61.8054 0
0.41 10.6532 -2.69909 62.3366 0
0.4125 11.0371 -2.81041 62.8698 0
0.415 11.4325 -2.92468 63.4045 0
0.4175 11.8396 -3.04188 63.9407 0
0.42 12.2584 -3.16196 64.478 0
0.4225 12.6891 -3.28489 65.0162 0
0.425 13.1316 -3.41062 65.555 0
0.4275 13.5861 -3.53909 66.0943 0
0.43 14.0525 -3.67024 66.6336 0
0.4325 14.5309 -3.804 67.1729 0
0.435 15.0212 -3.94027 67.7118 0
0.4375 15.5235 -4.07898 68.2502 0
0.44 16.0376 -4.22003 68.7879 0
0.4425 16.5637 -4.36331 69.3245 0
0.445 17.1015 -4.5087 69.8599 0
0.4475 17.6511 -4.65608 70.394 0
0.45 18.2123 -4.80533 70.9264 0
0.4525 18.7849 -4.9563 71.457 0
0.455 19.369 -5.10885 71.9857 0
0.4575 19.9642 -5.26282 72.5121 0
0.46 20.5705 -5.41805 73.0362 0
0.4625 21.1876 -5.57437 73.5577 0
0.465 21.8154 -5.73162 74.0765 0
0.4675 22.4536 -5.8896 74.5924 0
0.47 23.102 -6.04813 75.1052 0
0.4725 23.7603 -6.20701 75.6149 0
0.475 24.4283 -6.36605 76.1212 0
0.4775 25.1056 -6.52504 76.624 0
0.48 25.792 -6.68377 77.1231 0
0.4825 26.4871 -6.84203 77.6185 0
0.485 27.1906 -6.99961 78.1099 0
0.4875 27.9021 -7.15627 78.5973 0
0.49 28.6213 -7.3118 79.0806 0
0.4925 29.3479 -7.46598 79.5596 0
0.495 30.0813 -7.61858 80.0342 0
0.4975 30.8212 -7.76937 80.5043 0
0.5 31.5672 -7.91812 80.9698 0
0.5025 32.3189 -8.06461 81.4307 0
0.505 33.0757 -8.2086 81.8868 0
0.5075 33.8373 -8.34988 82.338 0
0.51 34.6032 -8.48823 82.7844 0
0.5125 35.3728 -8.62342 83.2257 0
0.515 36.1459 -8.75524 83.662 0
0.5175 36.9217 -8.88349 84.0932 0
0.52 37.6999 -9.00795 84.5193 0
0.5225 38.48 -9.12843 84.9401 0
0.525 39.2614 -9.24475 85.3558 0
0.5275 40.0436 -9.35672 85.7662 0
0.53 40.8261 -9.46418 86.1713 0
0.5325 41.6085 -9.56697 86.5712 0
0.535 42.39 -9.66495 86.9658 0
0.5375 43.1703 -9.75799 87.3551 0
0.54 43.9488 -9.84598 87.7393 0
0.5425 44.7249 -9.9288 88.1181 0
0.545 45.4982 -10.0064 88.4917 0
0.5475 46.268 -10.0786 88.86 0
0.55 47.0338 -10.1455 89.2227 0
0.5525 47.7952 -10.2067 89.5796 0
0.555 48.5515 -10.2625 89.9303 0
0.5575 49.3022 -10.3117 90.2743 0
0.56 50.0468 -10.3574 90.6111 0
0.5625 50.7848 -10.3869 90.9401 0
0.565 51.5156 -10.4458 91.2615 0
0.5675 52.2389 -10.3058 91.5749 0
0.57 52.9542 -10.2093 91.8809 0
0.5725 53.661 -10.2822 92.1801 0
0.575 54.3589 -10.2655 92.4729 0
0.5775 55.0476 -10.2667 92.7599 0
0.58 55.7266 -10.2536 93.0414 0
0.5825 56.3957 -10.2347 93.3175 0
0.585 57.0545 -10.2074 93.5884 0
0.5875 57.7027 -10.1733 93.8542 0
0.59 58.34 -10.1318 94.1147 0
0.5925 58.9661 -10.0834 94.37 0
0.595 59.5807 -10.028 94.6201 0
0.5975 60.1836 -9.96586 94.8649 0
0.6 60.7745 -9.89698 95.1044 0
0.6025 61.3532 -9.82157 95.3386 0
0.605 61.9195 -9.73974 95.5675 0
0.6075 62.4731 -9.65163 95.7911 0
0.61 63.0138 -9.55741 96.0094 0
0.6125 63.5416 -9.45721 96.2224 0
0.615 64.0561 -9.3512 96.4303 0
0.6175 64.5572 -9.23954 96.6329 0
0.62 65.0449 -9.12241 96.8303 0
0.6225 65.5189 -8.99997 97.0226 0
0.625 65.9792 -8.87243 97.2098 0
0.6275 66.4258 -8.73996 97.3919 0
0.63 66.8585 -8.60277 97.569 0
0.6325 67.2772 -8.46106 97.7411 0
0.635 67.682 -8.31504 97.9083 0
0.6375 68.0729 -8.16492 98.0706 0
0.64 68.4498 -8.01091 98.2281 0
0.6425 68.8128 -7.85325 98.3809 0
0.645 69.1619 -7.69215 98.5289 0
0.6475 69.4972 -7.52785 98.6723 0
0.65 69.8187 -7.36058 98.8111 0
0.6525 70.1266 -7.19057 98.9454 0
0.655 70.421 -7.01806 99.0752 0
0.6575 70.7019 -6.84329 99.2006 0
0.66 70.9696 -6.6665 99.3217 0
0.6625 71.2241 -6.48792 99.4385 0
0.665 71.4658 -6.3078 99.551 0
0.6675 71.6946 -6.12637 99.6595 0
0.67 71.911 -5.94388 99.7638 0
0.6725 72.1151 -5.76056 99.8642 0
0.675 72.3071 -5.57664 99.9606 0
0.6775 72.4873 -5.39236 100.053 0
0.68 72.656 -5.20794 100.142 0
0.6825 72.8134 -5.02361 100.227 0
0.685 72.9599 -4.83959 100.308 0
0.6875 73.0957 -4.65609 100.386 0
0.69 73.2212 -4.47333 100.46 0
0.6925 73.3367 -4.2915 100.531 0
0.695 73.4426 -4.1108 100.598 0
0.6975 73.5392 -3.9314 100.662 0
0.7 73.6269 -3.75355 100.723 0
0.7025 73.7061 -3.57731 100.781 0
0.705 73.7772 -3.4029 100.835 0
0.7075 73.8405 -3.23051 100.886 0
0.71 73.8965 -3.06019 100.934 0
0.7125 73.9457 -2.89212 100.979 0
0.715 73.9883 -2.72639 101.022 0
0.7175 74.025 -2.5631 101.061 0
0.72 74.0561 -2.40232 101.098 0
0.7225 74.082 -2.24411 101.131 0
0.725 74.1033 -2.08851 101.163 0
0.7275 74.1205 -1.93552 101.191 0
0.73 74.1338 -1.78513 101.217 0
0.7325 74.144 -1.6373 101.24 0
0.735 74.1514 -1.49195 101.26 0
0.7375 74.1564 -1.34896 101.278 0
0.74 74.1596 -1.20817 101.293 0
0.7425 74.1614 -1.06936 101.306 0
0.745 74.1623 -0.932247 101.316 0
0.7475 74.1626 -0.796456 101.324 0
0.75 74.1626 -0.661511 101.329 0
0.7525 74.1626 -0.526783 101.332 0
0.755 74.1625 -0.391587 101.332 0
0.7575 74.1621 -0.255341 101.33 0
0.76 74.1611 -0.117599 101.325 0
0.7625 74.1591 0.0219856 101.318 0
0.765 74.1556 0.163679 101.308 0
0.7675 74.1502 0.307686 101.295 0
0.77 74.1424 0.454156 101.28 0
0.7725 74.1317 0.603197 101.262 0
0.775 74.1177 0.75488 101.241 0
0.7775 74.0999 0.90924 101.218 0
0.78 74.0779 1.06629 101.192 0
0.7825 74.0511 1.22601 101.163 0
0.785 74.0192 1.38836 101.131 0
0.7875 73.9816 1.55328 101.096 0
0.79 73.9379 1.7207 101.059 0
0.7925 73.8876 1.89052 101.018 0
0.795 73.8304 2.06263 100.974 0
0.7975 73.7659 2.23691 100.927 0
0.8 73.6935 2.41323 100.877 0
0.8025 73.6129 2.59143 100.824 0
0.805 73.5237 2.77136 100.767 0
0.8075 73.4256 2.95285 100.707 0
0.81 73.3181 3.13573 100.643 0
0.8125 73.2008 3.3198 100.576 0
0.815 73.0735 3.50488 100.505 0
0.8175 72.9359 3.69077 100.43 0
0.82 72.7874 3.87726 100.352 0
0.8225 72.628 4.06414 100.27 0
0.825 72.4572 4.2512 100.184 0
0.8275 72.2748 4.43821 100.094 0
0.83 72.0804 4.62496 100 0
0.8325 71.874 4.8112 99.9022 0
0.835 71.6551 4.99672 99.8 0
0.8375 71.4236 5.18129 99.6936 0
0.84 71.1793 5.36466 99.5828 0
0.8425 70.922 5.54661 99.4677 0
0.845 70.6514 5.7269 99.3481 0
0.8475 70.3675 5.9053 99.224 0
0.85 70.07 6.08157 99.0954 0
0.8525 69.7589 6.25548 98.9621 0
0.855 69.4341 6.4268 98.824 0
0.8575 69.0953 6.5953 98.6813 0
0.86 68.7427 6.76076 98.5337 0
0.8625 68.376 6.92294 98.3812 0
0.865 67.9953 7.08163 98.2237 0
0.8675 67.6005 7.23662 98.0613 0
0.87 67.1916 7.38769 97.8938 0
0.8725 66.7687 7.53463 97.7211 0
0.875 66.3317 7.67726 97.5433 0
0.8775 65.8807 7.81536 97.3602 0
0.88 65.4158 7.94876 97.1719 0
0.8825 64.9371 8.07727 96.9783 0
0.885 64.4446 8.20072 96.7792 0
0.8875 63.9385 8.31893 96.5747 0
0.89 63.4189 8.43176 96.3648 0
0.8925 62.886 8.53904 96.1494 0
0.895 62.34 8.64064 95.9283 0
0.8975 61.7811 8.73642 95.7017 0
0.9 61.2094 8.82626 95.4695 0
0.9025 60.6251 8.91004 95.2316 0
0.905 60.0287 8.98766 94.988 0
0.9075 59.4202 9.05903 94.7386 0
0.91 58.8001 9.12405 94.4835 0
0.9125 58.1685 9.18266 94.2225 0
0.915 57.5258 9.23478 93.9558 0
0.9175 56.8724 9.28038 93.6832 0
0.92 56.2085 9.3194 93.4047 0
0.9225 55.5345 9.35182 93.1203 0
0.925 54.8509 9.37761 92.8301 0
0.9275 54.158 9.39676 92.5339 0
0.93 53.4561 9.40929 92.2318 0
0.9325 52.7458 9.4152 91.9237 0
0.935 52.0274 9.41452 91.6097 0
0.9375 51.3014 9.40728 91.2897 0
0.94 50.5682 9.39353 90.9638 0
0.9425 49.8282 9.37333 90.6319 0
0.945 49.082 9.34674 90.294 0
0.9475 48.3301 9.31386 89.9502 0
0.95 47.5728 9.27476 89.6005 0
0.9525 46.8107 9.22954 89.2448 0
0.955 46.0443 9.17833 88.8833 0
0.9575 45.2741 9.12122 88.5158 0
0.96 44.5007 9.05837 88.1425 0
0.9625 43.7244 8.98989 87.7634 0
0.965 42.9458 8.91594 87.3784 0
0.9675 42.1655 8.83668 86.9877 0
0.97 41.384 8.75227 86.5912 0
0.9725 40.6018 8.66287 86.1891 0
0.975 39.8193 8.56866 85.7813 0
0.9775 39.0372 8.46984 85.3679 0
0.98 38.2559 8.36658 84.9489 0
0.9825 37.476 8.25909 84.5244 0
0.985 36.6979 8.14757 84.0946 0
0.9875 35.9221 8.03219 83.6593 0
0.99 35.1493 7.9133 83.2188 0
0.9925 34.3797 7.79058 82.7731 0
0.995 33.6141 7.66628 82.3222 0
0.9975 32.8527 7.53301 81.8662 0
1 32.0961 7.41939 81.5032 0
