0 0 25.3123 -4.61794 -0.310552 76.8292 -13.0045 1.34096
0 0.05 25.5611 -4.40715 1.72903 76.6124 -12.3148 -5.97866
0 0.1 26.1071 -3.73327 3.83267 75.9346 -10.2667 -12.4671
0 0.15 26.673 -2.67937 5.79637 75.1724 -7.21638 -17.4811
0 0.2 27.0841 -1.3908 7.14625 74.6085 -3.67995 -20.6247
0 0.25 27.2323 2.42141e-07 7.62759 74.404 3.84153e-07 -21.6935
0 0.3 27.0841 1.3908 7.1468 74.6085 3.67995 -20.6247
0 0.35 26.673 2.67938 5.79418 75.1725 7.21638 -17.4811
0 0.4 26.1071 3.73327 3.84089 75.9346 10.2667 -12.4671
0 0.45 25.5611 4.40715 1.69834 76.6124 12.3148 -5.97866
0 0.5 25.3123 4.61794 -0.196006 76.8292 13.0045 1.34096
0 0.55 25.4794 4.40714 -2.08943 76.3651 12.2769 8.62508
0 0.6 25.8983 3.72967 -4.15498 75.4738 10.2116 15.026
0 0.65 26.3465 2.67366 -6.0072 74.5566 7.16584 19.9404
0 0.7 26.6771 1.38645 -7.27794 73.9022 3.65029 23.0092
0 0.75 26.797 2.76623e-07 -7.72857 73.6683 4.22744e-07 24.0505
0 0.8 26.6771 -1.38645 -7.27739 73.9022 -3.65029 23.0092
0 0.85 26.3465 -2.67366 -6.00939 74.5566 -7.16584 19.9404
0 0.9 25.8983 -3.72966 -4.14676 75.4738 -10.2116 15.026
0 0.95 25.4794 -4.40714 -2.12012 76.3651 -12.2769 8.62508
0 1 25.3123 -4.61794 -0.081459 76.8292 -13.0045 1.34096
0.05 0 25.3188 -4.31571 -0.46505 76.7327 -12.1408 2.49861
0.05 0.05 24.0416 -4.06702 1.46156 75.7492 -11.961 -4.47093
0.05 0.1 22.5228 -3.35438 3.20522 74.0612 -10.3365 -10.702
0.05 0.15 21.1866 -2.32376 4.7022 72.2226 -7.43507 -15.4926
0.05 0.2 20.304 -1.16814 5.66407 70.8607 -3.82064 -18.4542
0.05 0.25 20.0004 -2.92505e-10 5.99463 70.367 -1.0044e-07 -19.4494
0.05 0.3 20.304 1.16814 5.66462 70.8607 3.82064 -18.4542
0.05 0.35 21.1866 2.32376 4.69999 72.2226 7.43507 -15.4926
0.05 0.4 22.5228 3.35438 3.21353 74.0612 10.3365 -10.702
0.05 0.45 24.0416 4.06702 1.43054 75.7492 11.961 -4.47093
0.05 0.5 25.3189 4.31571 -0.349287 76.7327 12.1408 2.49861
0.05 0.55 26.9511 4.12509 -2.26657 77.0052 10.996 9.33597
0.05 0.6 29.1436 3.52508 -4.38882 76.9409 8.81248 15.3141
0.05 0.65 31.1413 2.55956 -6.31079 76.756 6.03909 19.9266
0.05 0.7 32.4943 1.34112 -7.6365 76.5694 3.04288 22.8251
0.05 0.75 32.967 5.14683e-07 -8.10789 76.4914 7.60447e-07 23.812
0.05 0.8 32.4943 -1.34112 -7.63595 76.5694 -3.04288 22.8251
0.05 0.85 31.1413 -2.55956 -6.31301 76.756 -6.03909 19.9266
0.05 0.9 29.1436 -3.52508 -4.38051 76.9409 -8.81248 15.3141
0.05 0.95 26.9511 -4.12509 -2.29759 77.0052 -10.996 9.33597
0.05 1 25.3188 -4.31571 -0.233524 76.7327 -12.1408 2.49861
0.1 0 25.3379 -3.50699 -0.526676 76.4986 -9.86758 3.12749
0.1 0.05 22.4473 -3.23325 1.16436 74.7027 -10.0444 -2.73199
0.1 0.1 19.0062 -2.55525 2.40923 71.8603 -8.93005 -7.99165
0.1 0.15 15.9056 -1.67181 3.29221 68.6058 -6.5616 -11.9737
0.1 0.2 13.8571 -0.793895 3.74811 66.037 -3.39235 -14.3514
0.1 0.25 13.1581 -7.99122e-08 3.88646 65.0685 -3.81712e-07 -15.1235
0.1 0.3 13.8571 0.793895 3.74864 66.037 3.39235 -14.3514
0.1 0.35 15.9056 1.67181 3.29011 68.6058 6.5616 -11.9737
0.1 0.4 19.0062 2.55525 2.41711 71.8603 8.93005 -7.99165
0.1 0.45 22.4473 3.23325 1.13498 74.7027 10.0444 -2.73199
0.1 0.5 25.3379 3.50699 -0.416997 76.4986 9.86758 3.12749
0.1 0.55 28.3464 3.35405 -2.16514 77.4757 8.5993 8.82261
0.1 0.6 31.771 2.83992 -3.95469 78.0519 6.65137 13.8066
0.1 0.65 34.668 2.04055 -5.48167 78.3454 4.44444 17.6816
0.1 0.7 36.5313 1.05863 -6.48185 78.4355 2.20601 20.1325
0.1 0.75 37.1631 6.00626e-07 -6.82745 78.4454 8.36864e-07 20.9697
0.1 0.8 36.5313 -1.05862 -6.48132 78.4355 -2.206 20.1325
0.1 0.85 34.668 -2.04055 -5.48377 78.3454 -4.44444 17.6816
0.1 0.9 31.771 -2.83992 -3.94682 78.0519 -6.65137 13.8066
0.1 0.95 28.3464 -3.35405 -2.19453 77.4757 -8.5993 8.82261
0.1 1 25.3379 -3.50699 -0.307318 76.4986 -9.86758 3.12749
0.15 0 25.3559 -2.42149 -0.50345 76.2061 -6.78825 3.02714
0.15 0.05 20.9701 -2.1724 0.777556 73.6159 -7.08246 -1.16301
0.15 0.1 16.0632 -1.63393 1.50327 69.646 -6.42022 -4.91975
0.15 0.15 11.806 -1.00678 1.82983 64.9511 -4.82963 -7.69583
0.15 0.2 9.11516 -0.447432 1.86613 61.1083 -2.53957 -9.28489
0.15 0.25 8.22537 -5.9537e-08 1.8405 59.6513 -3.82494e-07 -9.78372
0.15 0.3 9.11516 0.447432 1.86657 61.1083 2.53957 -9.28489
0.15 0.35 11.806 1.00678 1.82807 64.9511 4.82963 -7.69583
0.15 0.4 16.0632 1.63393 1.50987 69.646 6.42022 -4.91975
0.15 0.45 20.9701 2.1724 0.752912 73.6159 7.08246 -1.16301
0.15 0.5 25.3559 2.42149 -0.411476 76.2062 6.78825 3.02714
0.15 0.55 29.534 2.30287 -1.76656 77.8031 5.72396 7.08519
0.15 0.6 33.6523 1.90441 -3.03544 78.8488 4.28526 10.6573
0.15 0.65 36.861 1.32437 -4.02904 79.4609 2.78683 13.464
0.15 0.7 38.7576 0.660053 -4.6208 79.7327 1.35669 15.256
0.15 0.75 39.352 4.7986e-07 -4.79963 79.8011 6.63823e-07 15.8716
0.15 0.8 38.7577 -0.660052 -4.62036 79.7327 -1.35669 15.256
0.15 0.85 36.861 -1.32437 -4.0308 79.4608 -2.78683 13.464
0.15 0.9 33.6523 -1.90441 -3.02884 78.8488 -4.28526 10.6573
0.15 0.95 29.534 -2.30287 -1.79121 77.8031 -5.72396 7.08519
0.15 1 25.3559 -2.42149 -0.319501 76.2061 -6.78825 3.02714
0.2 0 25.3745 -1.21164 -0.387879 75.9706 -3.39497 2.32373
0.2 0.05 19.9027 -1.06377 0.331573 72.7623 -3.60017 0.129128
0.2 0.1 14.1382 -0.772059 0.664334 67.9513 -3.30955 -1.84021
0.2 0.15 9.41973 -0.468846 0.726927 62.2751 -2.58396 -3.27466
0.2 0.2 6.64234 -0.216712 0.619853 57.752 -1.45544 -4.09943
0.2 0.25 5.82947 -3.0092e-08 0.548213 56.1598 -2.37368e-07 -4.37631
0.2 0.3 6.64234 0.216712 0.620107 57.752 1.45544 -4.09943
0.2 0.35 9.41973 0.468846 0.725912 62.2751 2.58396 -3.27466
0.2 0.4 14.1382 0.772059 0.668142 67.9513 3.30955 -1.84021
0.2 0.45 19.9027 1.06377 0.317359 72.7623 3.60017 0.129128
0.2 0.5 25.3745 1.21164 -0.334829 75.9706 3.39497 2.32373
0.2 0.55 30.3482 1.14542 -1.10019 78.0108 2.79688 4.44472
0.2 0.6 34.7678 0.92394 -1.7617 79.3555 2.04173 6.32151
0.2 0.65 37.9767 0.616658 -2.23728 80.1665 1.29604 7.80904
0.2 0.7 39.6842 0.283367 -2.4835 80.5568 0.61872 8.76692
0.2 0.75 40.1243 2.22843e-07 -2.54282 80.6646 3.47516e-07 9.09772
0.2 0.8 39.6842 -0.283366 -2.48325 80.5568 -0.61872 8.76692
0.2 0.85 37.9767 -0.616657 -2.23829 80.1665 -1.29604 7.80904
0.2 0.9 34.7678 -0.92394 -1.75789 79.3555 -2.04173 6.32151
0.2 0.95 30.3482 -1.14542 -1.11441 78.0108 -2.79688 4.44471
0.2 1 25.3745 -1.21164 -0.281779 75.9706 -3.39497 2.32373
0.25 0 25.385 0.0268354 -0.221088 75.8885 0.0571661 1.30687
0.25 0.05 19.5004 0.0276617 -0.158169 72.4207 0.0599845 1.2462
0.25 0.1 13.4596 0.0231472 -0.100858 67.278 0.0570165 1.15937
0.25 0.15 8.67028 0.012926 -0.0617364 61.2776 0.0446101 1.06032
0.25 0.2 6.04919 0.00397342 -0.0438331 56.6526 0.0230392 0.985183
0.25 0.25 5.35883 -4.01352e-10 -0.0411668 55.1205 -2.87393e-09 0.960527
0.25 0.3 6.04919 -0.00397342 -0.043835 56.6526 -0.0230392 0.985183
0.25 0.35 8.67028 -0.012926 -0.061729 61.2776 -0.0446101 1.06032
0.25 0.4 13.4596 -0.0231472 -0.100886 67.2781 -0.0570165 1.15937
0.25 0.45 19.5005 -0.0276617 -0.158065 72.4208 -0.0599845 1.2462
0.25 0.5 25.385 -0.0268354 -0.221475 75.8885 -0.0571661 1.30687
0.25 0.55 30.6503 -0.0241422 -0.280743 78.1107 -0.0486442 1.34883
0.25 0.6 35.1466 -0.0185111 -0.328147 79.5751 -0.0370964 1.37886
0.25 0.65 38.3163 -0.0101491 -0.357916 80.4677 -0.0251449 1.39845
0.25 0.7 39.8883 -0.00278448 -0.368775 80.9085 -0.0128876 1.4089
0.25 0.75 40.2571 2.51697e-09 -0.369859 81.0333 -1.02138e-09 1.41208
0.25 0.8 39.8883 0.00278449 -0.368777 80.9085 0.0128876 1.4089
0.25 0.85 38.3163 0.0101491 -0.357909 80.4677 0.0251449 1.39845
0.25 0.9 35.1466 0.0185112 -0.328174 79.5751 0.0370964 1.37886
0.25 0.95 30.6503 0.0241422 -0.280639 78.1107 0.0486442 1.34883
0.25 1 25.385 0.0268354 -0.221862 75.8885 0.0571661 1.30687
0.3 0 25.38 1.26122 -0.0533255 75.9944 3.50482 0.296345
0.3 0.05 19.8644 1.11506 -0.656075 72.7079 3.71046 2.3771
0.3 0.1 14.0734 0.816839 -0.876119 67.821 3.41163 4.17721
0.3 0.15 9.34976 0.49864 -0.854974 62.0853 2.67298 5.41319
0.3 0.2 6.57953 0.230429 -0.702874 57.5269 1.51508 6.0831
0.3 0.25 5.77867 2.97291e-08 -0.618878 55.9272 2.33088e-07 6.30773
0.3 0.3 6.57953 -0.230429 -0.703132 57.5269 -1.51508 6.0831
0.3 0.35 9.34977 -0.49864 -0.853944 62.0853 -2.67298 5.41319
0.3 0.4 14.0734 -0.816839 -0.879982 67.821 -3.41163 4.17721
0.3 0.45 19.8644 -1.11506 -0.641657 72.7079 -3.71046 2.3771
0.3 0.5 25.38 -1.26122 -0.107138 75.9944 -3.50482 0.296345
0.3 0.55 30.3849 -1.19045 0.546372 78.1029 -2.8927 -1.74981
0.3 0.6 34.8105 -0.958658 1.11293 79.5019 -2.11589 -3.57604
0.3 0.65 38.0123 -0.63655 1.52507 80.3529 -1.347 -5.03313
0.3 0.7 39.7071 -0.290581 1.7422 80.7681 -0.645102 -5.97633
0.3 0.75 40.142 -2.15591e-07 1.79575 80.8843 -3.49439e-07 -6.303
0.3 0.8 39.7071 0.290581 1.74194 80.7681 0.645101 -5.97633
0.3 0.85 38.0123 0.636549 1.5261 80.3529 1.347 -5.03313
0.3 0.9 34.8105 0.958658 1.10907 79.5018 2.11589 -3.57604
0.3 0.95 30.3849 1.19045 0.560791 78.1029 2.8927 -1.74981
0.3 1 25.38 1.26122 -0.160951 75.9944 3.50482 0.296345
0.35 0 25.3644 2.45959 0.0636544 76.2458 6.88298 -0.389971
0.35 0.05 20.9017 2.21126 -1.12569 73.5064 7.1627 3.70537
0.35 0.1 15.9341 1.66945 -1.7493 69.3928 6.48106 7.30633
0.35 0.15 11.6401 1.0333 -1.98804 64.582 4.8829 9.89319
0.35 0.2 8.93635 0.461392 -1.9692 60.6669 2.57876 11.3293
0.35 0.25 8.04441 5.71285e-08 -1.92444 59.1869 3.76505e-07 11.7717
0.35 0.3 8.93635 -0.461392 -1.96964 60.6669 -2.57876 11.3293
0.35 0.35 11.6401 -1.0333 -1.98626 64.582 -4.8829 9.89319
0.35 0.4 15.9341 -1.66945 -1.75596 69.3928 -6.48106 7.30633
0.35 0.45 20.9017 -2.21126 -1.10081 73.5064 -7.1627 3.70537
0.35 0.5 25.3644 -2.45959 -0.0292092 76.2458 -6.88298 -0.389971
0.35 0.55 29.6012 -2.33843 1.23315 77.9756 -5.81379 -4.39757
0.35 0.6 33.7423 -1.93204 2.40776 79.1269 -4.35787 -7.94533
0.35 0.65 36.952 -1.34025 3.32734 79.8151 -2.83829 -10.7454
0.35 0.7 38.8381 -0.665849 3.87488 80.1329 -1.38382 -12.5394
0.35 0.75 39.425 -4.70065e-07 4.03993 80.2166 -6.67632e-07 -13.1567
0.35 0.8 38.8381 0.665848 3.87444 80.1329 1.38382 -12.5394
0.35 0.85 36.952 1.34025 3.32912 79.815 2.83829 -10.7454
0.35 0.9 33.7423 1.93204 2.4011 79.1269 4.35786 -7.94533
0.35 0.95 29.6012 2.33843 1.25804 77.9756 5.81379 -4.39757
0.35 1 25.3644 2.45959 -0.122073 76.2458 6.88298 -0.389971
0.4 0 25.3462 3.52885 0.0908283 76.54 9.93407 -0.468472
0.4 0.05 22.3641 3.25338 -1.54257 74.5393 10.078 5.31826
0.4 0.1 18.825 2.57345 -2.70405 71.5041 8.93391 10.4405
0.4 0.15 15.6399 1.68536 -3.50426 68.0955 6.56081 14.2558
0.4 0.2 13.5394 0.800976 -3.90146 65.4295 3.39586 16.5004
0.4 0.25 12.8238 7.68252e-08 -4.01942 64.4279 3.86264e-07 17.2226
0.4 0.3 13.5394 -0.800976 -3.90199 65.4295 -3.39586 16.5004
0.4 0.35 15.64 -1.68536 -3.50214 68.0955 -6.56081 14.2558
0.4 0.4 18.825 -2.57345 -2.71201 71.5041 -8.93391 10.4405
0.4 0.45 22.3641 -3.25338 -1.51288 74.5393 -10.078 5.31826
0.4 0.5 25.3462 -3.52885 -0.0199864 76.54 -9.93407 -0.468472
0.4 0.55 28.4319 -3.37569 1.66458 77.7057 -8.67616 -6.14529
0.4 0.6 31.9106 -2.85767 3.37573 78.4333 -6.71997 -11.1419
0.4 0.65 34.8395 -2.05177 4.83204 78.8337 -4.49622 -15.0433
0.4 0.7 36.716 -1.06352 5.78373 78.9863 -2.2342 -17.5186
0.4 0.75 37.3507 -5.93329e-07 6.112 79.0167 -8.4831e-07 -18.3654
0.4 0.8 36.716 1.06352 5.7832 78.9863 2.23419 -17.5186
0.4 0.85 34.8395 2.05177 4.83416 78.8337 4.49622 -15.0433
0.4 0.9 31.9106 2.85767 3.36777 78.4333 6.71997 -11.1419
0.4 0.95 28.4319 3.37569 1.69427 77.7057 8.67616 -6.14529
0.4 1 25.3462 3.52885 -0.130801 76.54 9.93407 -0.468472
0.45 0 25.3253 4.32121 0.0216644 76.7597 12.1708 0.177539
0.45 0.05 23.9585 4.07062 -1.88146 75.5372 11.9491 7.09323
0.45 0.1 22.3137 3.35688 -3.59471 73.6326 10.2978 13.2087
0.45 0.15 20.857 2.32417 -5.06308 71.6282 7.39747 17.8639
0.45 0.2 19.8929 1.1675 -6.00475 70.1657 3.7998 20.7218
0.45 0.25 19.561 1.40726e-09 -6.32805 69.6386 1.22762e-07 21.6787
0.45 0.3 19.8929 -1.1675 -6.00531 70.1657 -3.7998 20.7218
0.45 0.35 20.857 -2.32417 -5.06085 71.6282 -7.39747 17.8639
0.45 0.4 22.3138 -3.35688 -3.60306 73.6326 -10.2978 13.2087
0.45 0.45 23.9585 -4.07063 -1.85029 75.5372 -11.9491 7.09323
0.45 0.5 25.3253 -4.32121 -0.0946881 76.7597 -12.1708 0.177539
0.45 0.55 27.0396 -4.13209 1.79169 77.261 -11.0533 -6.67192
0.45 0.6 29.3261 -3.53349 3.85013 77.3857 -8.87483 -12.7023
0.45 0.65 31.4032 -2.56743 5.70464 77.3341 -6.09133 -17.3777
0.45 0.7 32.8074 -1.34588 6.97974 77.2243 -3.07276 -20.3251
0.45 0.75 33.2975 -5.15128e-07 7.43284 77.1712 -7.86866e-07 -21.3301
0.45 0.8 32.8074 1.34588 6.97919 77.2243 3.07276 -20.3251
0.45 0.85 31.4032 2.56743 5.70686 77.3341 6.09133 -17.3777
0.45 0.9 29.3261 3.53349 3.84178 77.3857 8.87483 -12.7023
0.45 0.95 27.0396 4.13209 1.82286 77.261 11.0533 -6.67192
0.45 1 25.3253 4.32121 -0.211041 76.7597 12.1708 0.177539
0.5 0 25.3123 4.61794 -0.104525 76.8292 13.0045 1.34096
0.5 0.05 25.4794 4.40714 -2.14513 76.3651 12.2769 8.62508
0.5 0.1 25.8983 3.72966 -4.21111 75.4739 10.2116 15.026
0.5 0.15 26.3465 2.67366 -6.12552 74.5566 7.16584 19.9404
0.5 0.2 26.6771 1.38645 -7.43518 73.9022 3.65029 23.0092
0.5 0.25 26.797 -2.36579e-07 -7.90161 73.6683 -3.54095e-07 24.0505
0.5 0.3 26.6771 -1.38645 -7.43572 73.9022 -3.65029 23.0092
0.5 0.35 26.3465 -2.67366 -6.12333 74.5566 -7.16584 19.9404
0.5 0.4 25.8983 -3.72967 -4.21933 75.4739 -10.2116 15.026
0.5 0.45 25.4794 -4.40714 -2.11443 76.3651 -12.2769 8.62508
0.5 0.5 25.3123 -4.61794 -0.219074 76.8293 -13.0045 1.34096
0.5 0.55 25.5611 -4.40715 1.67431 76.6124 -12.3148 -5.97866
0.5 0.6 26.1071 -3.73327 3.77189 75.9346 -10.2667 -12.4671
0.5 0.65 26.673 -2.67938 5.66757 75.1724 -7.21638 -17.4811
0.5 0.7 27.0841 -1.3908 6.97401 74.6085 -3.67995 -20.6247
0.5 0.75 27.2323 -2.86044e-07 7.4378 74.404 -4.65326e-07 -21.6935
0.5 0.8 27.0841 1.3908 6.97346 74.6085 3.67995 -20.6247
0.5 0.85 26.673 2.67937 5.66976 75.1724 7.21638 -17.4811
0.5 0.9 26.1071 3.73327 3.76367 75.9346 10.2667 -12.4671
0.5 0.95 25.5611 4.40715 1.705 76.6124 12.3148 -5.97866
0.5 1 25.3123 4.61794 -0.333624 76.8292 13.0045 1.34096
0.55 0 25.3188 4.31571 -0.227343 76.7327 12.1408 2.49861
0.55 0.05 26.9511 4.12509 -2.29089 77.0052 10.996 9.33597
0.55 0.1 29.1436 3.52508 -4.36327 76.9409 8.81248 15.3141
0.55 0.15 31.1413 2.55956 -6.28189 76.756 6.03909 19.9266
0.55 0.2 32.4943 1.34112 -7.59367 76.5695 3.04288 22.8251
0.55 0.25 32.967 -5.19411e-07 -8.06152 76.4914 -7.51772e-07 23.812
0.55 0.3 32.4943 -1.34112 -7.59422 76.5695 -3.04288 22.8251
0.55 0.35 31.1413 -2.55956 -6.27967 76.756 -6.03909 19.9266
0.55 0.4 29.1436 -3.52508 -4.37158 76.9409 -8.81248 15.3141
0.55 0.45 26.9511 -4.12509 -2.25987 77.0052 -10.996 9.33597
0.55 0.5 25.3189 -4.31571 -0.343106 76.7327 -12.1408 2.49861
0.55 0.55 24.0416 -4.06702 1.43698 75.7492 -11.961 -4.47093
0.55 0.6 22.5228 -3.35438 3.23202 74.0612 -10.3365 -10.702
0.55 0.65 21.1866 -2.32376 4.73391 72.2226 -7.43507 -15.4926
0.55 0.7 20.304 -1.16814 5.71092 70.8607 -3.82064 -18.4542
0.55 0.75 20.0004 -3.97999e-08 6.04549 70.367 1.33525e-08 -19.4494
0.55 0.8 20.304 1.16814 5.71037 70.8607 3.82064 -18.4542
0.55 0.85 21.1866 2.32376 4.73613 72.2226 7.43507 -15.4926
0.55 0.9 22.5228 3.35438 3.22371 74.0612 10.3365 -10.702
0.55 0.95 24.0416 4.06702 1.468 75.7492 11.961 -4.47093
0.55 1 25.3188 4.31571 -0.458868 76.7327 12.1408 2.49861
0.6 0 25.3379 3.50699 -0.308974 76.4986 9.86758 3.12749
0.6 0.05 28.3464 3.35405 -2.19632 77.4757 8.5993 8.82261
0.6 0.1 31.771 2.83992 -3.95144 78.0519 6.65137 13.8066
0.6 0.15 34.668 2.04055 -5.49211 78.3455 4.44444 17.6816
0.6 0.2 36.5313 1.05862 -6.49265 78.4355 2.206 20.1325
0.6 0.25 37.1631 -6.23261e-07 -6.83987 78.4454 -8.47177e-07 20.9697
0.6 0.3 36.5313 -1.05863 -6.49318 78.4355 -2.20601 20.1325
0.6 0.35 34.668 -2.04055 -5.49001 78.3455 -4.44444 17.6816
0.6 0.4 31.771 -2.83992 -3.95931 78.0519 -6.65137 13.8066
0.6 0.45 28.3464 -3.35405 -2.16693 77.4757 -8.5993 8.82261
0.6 0.5 25.3379 -3.50699 -0.418653 76.4986 -9.86758 3.12749
0.6 0.55 22.4473 -3.23325 1.13325 74.7027 -10.0444 -2.73199
0.6 0.6 19.0062 -2.55525 2.41215 71.8603 -8.93005 -7.99165
0.6 0.65 15.9056 -1.67181 3.28102 68.6058 -6.5616 -11.9737
0.6 0.7 13.8571 -0.793895 3.73623 66.037 -3.39235 -14.3514
0.6 0.75 13.1581 8.04572e-08 3.87283 65.0685 3.94074e-07 -15.1235
0.6 0.8 13.8571 0.793895 3.7357 66.037 3.39235 -14.3514
0.6 0.85 15.9056 1.67181 3.28312 68.6058 6.5616 -11.9737
0.6 0.9 19.0062 2.55525 2.40428 71.8603 8.93005 -7.99165
0.6 0.95 22.4473 3.23325 1.16264 74.7027 10.0444 -2.73199
0.6 1 25.3379 3.50699 -0.528333 76.4986 9.86758 3.12749
0.65 0 25.3559 2.42149 -0.319054 76.2061 6.78825 3.02714
0.65 0.05 29.534 2.30287 -1.79072 77.8031 5.72396 7.08519
0.65 0.1 33.6523 1.90441 -3.0276 78.8488 4.28526 10.6573
0.65 0.15 36.861 1.32437 -4.02855 79.4609 2.78683 13.464
0.65 0.2 38.7577 0.660052 -4.61731 79.7327 1.35669 15.256
0.65 0.25 39.352 -4.7916e-07 -4.79629 79.8011 -6.55738e-07 15.8716
0.65 0.3 38.7577 -0.660053 -4.61775 79.7327 -1.35669 15.256
0.65 0.35 36.861 -1.32437 -4.02679 79.4609 -2.78683 13.464
0.65 0.4 33.6523 -1.90441 -3.0342 78.8488 -4.28526 10.6573
0.65 0.45 29.534 -2.30287 -1.76608 77.8031 -5.72396 7.08519
0.65 0.5 25.3559 -2.42149 -0.411029 76.2062 -6.78825 3.02714
0.65 0.55 20.9701 -2.1724 0.753377 73.6159 -7.08246 -1.16301
0.65 0.6 16.0632 -1.63393 1.5112 69.646 -6.42022 -4.91975
0.65 0.65 11.806 -1.00678 1.83051 64.9511 -4.82962 -7.69583
0.65 0.7 9.11516 -0.447432 1.86991 61.1083 -2.53957 -9.28489
0.65 0.75 8.22537 7.08588e-08 1.84417 59.6513 4.51109e-07 -9.78372
0.65 0.8 9.11516 0.447432 1.86947 61.1083 2.53957 -9.28489
0.65 0.85 11.806 1.00678 1.83227 64.9511 4.82963 -7.69583
0.65 0.9 16.0632 1.63393 1.5046 69.646 6.42022 -4.91975
0.65 0.95 20.9701 2.1724 0.778021 73.6159 7.08246 -1.16301
0.65 1 25.3559 2.42149 -0.503004 76.2061 6.78825 3.02714
0.7 0 25.3745 1.21164 -0.281906 75.9706 3.39497 2.32373
0.7 0.05 30.3482 1.14542 -1.11455 78.0108 2.79688 4.44471
0.7 0.1 34.7678 0.92394 -1.75825 79.3555 2.04173 6.32151
0.7 0.15 37.9767 0.616657 -2.23894 80.1665 1.29604 7.80904
0.7 0.2 39.6842 0.283366 -2.48413 80.5569 0.61872 8.76692
0.7 0.25 40.1243 -2.0997e-07 -2.54378 80.6646 -3.32151e-07 9.09772
0.7 0.3 39.6842 -0.283367 -2.48438 80.5569 -0.61872 8.76692
0.7 0.35 37.9767 -0.616658 -2.23792 80.1665 -1.29604 7.80904
0.7 0.4 34.7678 -0.92394 -1.76206 79.3555 -2.04173 6.32151
0.7 0.45 30.3482 -1.14542 -1.10033 78.0108 -2.79688 4.44472
0.7 0.5 25.3745 -1.21164 -0.334957 75.9706 -3.39497 2.32373
0.7 0.55 19.9027 -1.06377 0.317226 72.7623 -3.60017 0.129128
0.7 0.6 14.1382 -0.772059 0.667762 67.9513 -3.30955 -1.84021
0.7 0.65 9.41972 -0.468845 0.725216 62.2751 -2.58396 -3.27466
0.7 0.7 6.64234 -0.216712 0.619157 57.752 -1.45544 -4.09943
0.7 0.75 5.82947 3.44412e-08 0.547171 56.1598 2.70432e-07 -4.37631
0.7 0.8 6.64234 0.216712 0.618903 57.752 1.45544 -4.09943
0.7 0.85 9.41972 0.468845 0.726231 62.2751 2.58396 -3.27466
0.7 0.9 14.1382 0.772059 0.663954 67.9513 3.30955 -1.84021
0.7 0.95 19.9027 1.06377 0.33144 72.7623 3.60017 0.129128
0.7 1 25.3745 1.21164 -0.388007 75.9706 3.39497 2.32373
0.75 0 25.385 -0.0268353 -0.221798 75.8885 -0.057166 1.30687
0.75 0.05 30.6503 -0.024142 -0.280571 78.1107 -0.0486441 1.34883
0.75 0.1 35.1466 -0.018511 -0.32799 79.5751 -0.0370963 1.37886
0.75 0.15 38.3163 -0.010149 -0.357574 80.4677 -0.0251449 1.39845
0.75 0.2 39.8883 -0.00278446 -0.36832 80.9085 -0.0128876 1.4089
0.75 0.25 40.2571 -2.5603e-09 -0.369357 81.0333 1.53401e-09 1.41208
0.75 0.3 39.8883 0.00278446 -0.368318 80.9085 0.0128876 1.4089
0.75 0.35 38.3163 0.010149 -0.357581 80.4677 0.0251449 1.39845
0.75 0.4 35.1466 0.018511 -0.327962 79.5751 0.0370963 1.37886
0.75 0.45 30.6503 0.024142 -0.280675 78.1107 0.0486441 1.34883
0.75 0.5 25.385 0.0268353 -0.221411 75.8885 0.057166 1.30687
0.75 0.55 19.5005 0.0276617 -0.157997 72.4207 0.0599845 1.2462
0.75 0.6 13.4596 0.0231472 -0.100702 67.278 0.0570165 1.15937
0.75 0.65 8.67028 0.012926 -0.0613937 61.2776 0.0446102 1.06032
0.75 0.7 6.04919 0.00397343 -0.0433784 56.6526 0.0230393 0.985183
0.75 0.75 5.35883 4.13875e-10 -0.0406656 55.1205 2.93069e-09 0.960527
0.75 0.8 6.04919 -0.00397343 -0.0433765 56.6526 -0.0230393 0.985183
0.75 0.85 8.67028 -0.012926 -0.0614011 61.2776 -0.0446102 1.06032
0.75 0.9 13.4596 -0.0231472 -0.100674 67.278 -0.0570165 1.15937
0.75 0.95 19.5004 -0.0276617 -0.158101 72.4207 -0.0599845 1.2462
0.75 1 25.385 -0.0268353 -0.221024 75.8885 -0.057166 1.30687
0.8 0 25.38 -1.26122 -0.161078 75.9944 -3.50482 0.296345
0.8 0.05 30.3849 -1.19045 0.560658 78.1029 -2.89269 -1.74981
0.8 0.1 34.8105 -0.958658 1.10869 79.5018 -2.11589 -3.57604
0.8 0.15 38.0123 -0.636549 1.52541 80.3529 -1.347 -5.03313
0.8 0.2 39.7071 -0.290581 1.74099 80.7681 -0.645101 -5.97633
0.8 0.25 40.142 2.03243e-07 1.79471 80.8844 3.35419e-07 -6.303
0.8 0.3 39.7071 0.290581 1.74125 80.7681 0.645102 -5.97633
0.8 0.35 38.0123 0.636549 1.52438 80.3529 1.347 -5.03313
0.8 0.4 34.8105 0.958658 1.11255 79.5019 2.11589 -3.57604
0.8 0.45 30.3849 1.19045 0.54624 78.1029 2.8927 -1.74981
0.8 0.5 25.38 1.26122 -0.107265 75.9944 3.50482 0.296345
0.8 0.55 19.8644 1.11506 -0.641795 72.7079 3.71045 2.3771
0.8 0.6 14.0734 0.816839 -0.880339 67.821 3.41163 4.17721
0.8 0.65 9.34976 0.49864 -0.854589 62.0853 2.67298 5.41319
0.8 0.7 6.57953 0.230429 -0.704009 57.5269 1.51508 6.0831
0.8 0.75 5.77867 -3.33796e-08 -0.61984 55.9272 -2.60732e-07 6.30773
0.8 0.8 6.57953 -0.230429 -0.703751 57.5269 -1.51508 6.0831
0.8 0.85 9.34976 -0.49864 -0.855619 62.0853 -2.67298 5.41319
0.8 0.9 14.0734 -0.816839 -0.876476 67.821 -3.41163 4.17721
0.8 0.95 19.8644 -1.11506 -0.656213 72.7079 -3.71045 2.3771
0.8 1 25.38 -1.26122 -0.0534529 75.9944 -3.50482 0.296345
0.85 0 25.3644 -2.45959 -0.121627 76.2458 -6.88298 -0.389971
0.85 0.05 29.6012 -2.33843 1.2585 77.9756 -5.81379 -4.39757
0.85 0.1 33.7423 -1.93204 2.40243 79.1269 -4.35786 -7.94533
0.85 0.15 36.952 -1.34025 3.33157 79.8151 -2.83829 -10.7454
0.85 0.2 38.8381 -0.665848 3.87778 80.1329 -1.38382 -12.5394
0.85 0.25 39.425 4.70663e-07 4.04359 80.2166 6.61264e-07 -13.1567
0.85 0.3 38.8381 0.665849 3.87822 80.1329 1.38382 -12.5394
0.85 0.35 36.952 1.34025 3.32979 79.8151 2.83829 -10.7454
0.85 0.4 33.7423 1.93204 2.4091 79.1269 4.35786 -7.94533
0.85 0.45 29.6012 2.33843 1.23362 77.9756 5.81379 -4.39757
0.85 0.5 25.3644 2.45959 -0.028763 76.2458 6.88298 -0.389971
0.85 0.55 20.9017 2.21126 -1.10033 73.5064 7.1627 3.70537
0.85 0.6 15.9341 1.66945 -1.75472 69.3928 6.48106 7.30633
0.85 0.65 11.6401 1.0333 -1.98402 64.582 4.8829 9.89319
0.85 0.7 8.93635 0.461391 -1.96659 60.6669 2.57876 11.3293
0.85 0.75 8.0444 -6.58405e-08 -1.92109 59.1869 -4.29819e-07 11.7717
0.85 0.8 8.93635 -0.461391 -1.96615 60.6669 -2.57876 11.3293
0.85 0.85 11.6401 -1.0333 -1.98579 64.582 -4.8829 9.89319
0.85 0.9 15.9341 -1.66944 -1.74805 69.3928 -6.48106 7.30633
0.85 0.95 20.9017 -2.21126 -1.12521 73.5064 -7.1627 3.70537
0.85 1 25.3644 -2.45959 0.0641005 76.2458 -6.88298 -0.389971
0.9 0 25.3462 -3.52885 -0.132458 76.54 -9.93406 -0.468472
0.9 0.05 28.4319 -3.37569 1.69255 77.7057 -8.67616 -6.14529
0.9 0.1 31.9106 -2.85767 3.36282 78.4333 -6.71997 -11.1419
0.9 0.15 34.8395 -2.05177 4.82507 78.8337 -4.49622 -15.0433
0.9 0.2 36.716 -1.06352 5.77079 78.9863 -2.23419 -17.5186
0.9 0.25 37.3507 6.18289e-07 6.09837 79.0167 8.59835e-07 -18.3654
0.9 0.3 36.716 1.06352 5.77132 78.9863 2.2342 -17.5186
0.9 0.35 34.8395 2.05177 4.82295 78.8337 4.49622 -15.0433
0.9 0.4 31.9106 2.85767 3.37077 78.4334 6.71997 -11.1419
0.9 0.45 28.4319 3.37569 1.66286 77.7057 8.67616 -6.14529
0.9 0.5 25.3462 3.52885 -0.0216432 76.54 9.93407 -0.468472
0.9 0.55 22.3641 3.25338 -1.51468 74.5393 10.078 5.31826
0.9 0.6 18.825 2.57345 -2.71663 71.5041 8.93391 10.4405
0.9 0.65 15.6399 1.68536 -3.51048 68.0955 6.56081 14.2558
0.9 0.7 13.5394 0.800976 -3.91332 65.4295 3.39586 16.5004
0.9 0.75 12.8238 -7.74975e-08 -4.03185 64.4279 -3.97473e-07 17.2226
0.9 0.8 13.5394 -0.800976 -3.91279 65.4295 -3.39586 16.5004
0.9 0.85 15.6399 -1.68536 -3.5126 68.0955 -6.56081 14.2558
0.9 0.9 18.8249 -2.57345 -2.70868 71.5041 -8.93391 10.4405
0.9 0.95 22.3641 -3.25338 -1.54437 74.5393 -10.078 5.31826
0.9 1 25.3462 -3.52885 0.0891716 76.54 -9.93406 -0.468472
0.95 0 25.3253 -4.32121 -0.204859 76.7597 -12.1708 0.177539
0.95 0.05 27.0396 -4.13209 1.8293 77.261 -11.0533 -6.67192
0.95 0.1 29.3261 -3.53349 3.86027 77.3857 -8.87483 -12.7023
0.95 0.15 31.4032 -2.56743 5.74079 77.3341 -6.09133 -17.3777
0.95 0.2 32.8074 -1.34588 7.02549 77.2243 -3.07276 -20.3251
0.95 0.25 33.2975 5.22038e-07 7.4837 77.1712 7.75397e-07 -21.3301
0.95 0.3 32.8074 1.34588 7.02605 77.2243 3.07276 -20.3251
0.95 0.35 31.4032 2.56743 5.73856 77.3341 6.09133 -17.3777
0.95 0.4 29.3261 3.53349 3.86862 77.3857 8.87483 -12.7023
0.95 0.45 27.0396 4.13209 1.79812 77.261 11.0533 -6.67192
0.95 0.5 25.3253 4.32121 -0.0885067 76.7597 12.1708 0.177539
0.95 0.55 23.9585 4.07063 -1.84359 75.5372 11.9491 7.09323
0.95 0.6 22.3138 3.35688 -3.58582 73.6326 10.2978 13.2087
0.95 0.65 20.857 2.32417 -5.02973 71.6282 7.39747 17.8639
0.95 0.7 19.8929 1.16749 -5.96302 70.1657 3.7998 20.7218
0.95 0.75 19.561 3.19355e-08 -6.28168 69.6386 -5.2302e-08 21.6787
0.95 0.8 19.8929 -1.16749 -5.96247 70.1657 -3.7998 20.7218
0.95 0.85 20.857 -2.32417 -5.03196 71.6282 -7.39747 17.8639
0.95 0.9 22.3137 -3.35688 -3.57746 73.6326 -10.2978 13.2087
0.95 0.95 23.9585 -4.07062 -1.87476 75.5372 -11.9491 7.09323
0.95 1 25.3253 -4.32121 0.0278449 76.7597 -12.1708 0.177539
1 0 25.3123 -4.61794 -0.356696 76.8292 -13.0045 1.34096
1 0.05 25.5611 -4.40715 1.68098 76.6124 -12.3148 -5.97866
1 0.1 26.1071 -3.73327 3.69466 75.9346 -10.2667 -12.4671
1 0.15 26.673 -2.67937 5.54315 75.1724 -7.21638 -17.4811
1 0.2 27.0841 -1.3908 6.80066 74.6085 -3.67995 -20.6247
1 0.25 27.2323 2.42141e-07 7.24802 74.404 3.84153e-07 -21.6935
1 0.3 27.0841 1.3908 6.80121 74.6085 3.67995 -20.6247
1 0.35 26.673 2.67938 5.54096 75.1725 7.21638 -17.4811
1 0.4 26.1071 3.73327 3.70289 75.9346 10.2667 -12.4671
1 0.45 25.5611 4.40715 1.65029 76.6124 12.3148 -5.97866
1 0.5 25.3123 4.61794 -0.242143 76.8292 13.0045 1.34096
1 0.55 25.4794 4.40714 -2.13944 76.3651 12.2769 8.62508
1 0.6 25.8983 3.72967 -4.28369 75.4738 10.2116 15.026
1 0.65 26.3465 2.67366 -6.23946 74.5566 7.16584 19.9404
1 0.7 26.6771 1.38645 -7.5935 73.9022 3.65029 23.0092
1 0.75 26.797 2.76623e-07 -8.07466 73.6683 4.22744e-07 24.0505
1 0.8 26.6771 -1.38645 -7.59296 73.9022 -3.65029 23.0092
1 0.85 26.3465 -2.67366 -6.24165 74.5566 -7.16584 19.9404
1 0.9 25.8983 -3.72966 -4.27547 75.4738 -10.2116 15.026
1 0.95 25.4794 -4.40714 -2.17014 76.3651 -12.2769 8.62508
1 1 25.3123 -4.61794 -0.127591 76.8292 -13.0045 1.34096
