0 0 -0.0477609 100.039 8.86196e-11 -0.00400077
0 0.025 -0.0176829 100.039 0.0351835 -0.00372398
0 0.05 -0.0823293 100.029 0.0691819 -0.00393562
0 0.075 -0.210829 100.007 0.107161 -0.00416548
0 0.1 -0.361232 99.979 0.146451 -0.0043932
0 0.125 -0.591785 99.9368 0.190416 -0.00469447
0 0.15 -0.861725 99.8827 0.236441 -0.00483676
0 0.175 -1.20932 99.8122 0.285854 -0.00493015
0 0.2 -1.61348 99.7245 0.335566 -0.00471608
0 0.225 -2.09012 99.6183 0.384636 -0.00427581
0 0.25 -2.62731 99.4928 0.429149 -0.00338913
0 0.275 -3.22173 99.3496 0.466203 -0.00212288
0 0.3 -3.86034 99.1902 0.491323 -0.000350335
0 0.325 -4.52314 99.0201 0.500788 0.00182366
0 0.35 -5.19013 98.8446 0.490799 0.00438286
0 0.375 -5.82883 98.6727 0.458831 0.00713371
0 0.4 -6.4133 98.5127 0.40372 0.00990919
0 0.425 -6.90692 98.3753 0.326304 0.0124389
0 0.45 -7.28595 98.2689 0.229578 0.0144871
0 0.475 -7.52159 98.202 0.118579 0.0158159
0 0.5 -7.60365 98.1788 -6.12972e-13 0.0162801
0 0.525 -7.52159 98.202 -0.118579 0.0158159
0 0.55 -7.28595 98.2689 -0.229578 0.0144871
0 0.575 -6.90692 98.3753 -0.326304 0.0124389
0 0.6 -6.4133 98.5127 -0.40372 0.00990919
0 0.625 -5.82883 98.6727 -0.458831 0.00713371
0 0.65 -5.19013 98.8446 -0.490799 0.00438286
0 0.675 -4.52314 99.0201 -0.500788 0.00182366
0 0.7 -3.86034 99.1902 -0.491323 -0.000350335
0 0.725 -3.22173 99.3496 -0.466203 -0.00212288
0 0.75 -2.62731 99.4928 -0.429149 -0.00338913
0 0.775 -2.09012 99.6183 -0.384636 -0.00427581
0 0.8 -1.61348 99.7245 -0.335566 -0.00471608
0 0.825 -1.20932 99.8122 -0.285854 -0.00493015
0 0.85 -0.861725 99.8827 -0.236441 -0.00483676
0 0.875 -0.591785 99.9368 -0.190416 -0.00469447
0 0.9 -0.361232 99.979 -0.146451 -0.0043932
0 0.925 -0.210829 100.007 -0.107161 -0.00416548
0 0.95 -0.0823293 100.029 -0.0691819 -0.00393562
0 0.975 -0.0176829 100.039 -0.0351835 -0.00372398
0 1 -0.0477609 100.039 8.86196e-11 -0.00400077
0.025 0 -0.16762 100.012 1.79302e-10 -0.00423352
0.025 0.025 -0.131481 100.013 0.0361829 -0.00398729
0.025 0.05 -0.199955 100.002 0.0711914 -0.00412588
0.025 0.075 -0.331756 99.9781 0.109516 -0.00421184
0.025 0.1 -0.484917 99.9478 0.148518 -0.00428092
0.025 0.125 -0.718937 99.9029 0.191203 -0.00435582
0.025 0.15 -0.988098 99.8468 0.234873 -0.00426585
0.025 0.175 -1.33315 99.7746 0.280762 -0.00409941
0.025 0.2 -1.72735 99.687 0.325765 -0.00364858
0.025 0.225 -2.18889 99.5823 0.369156 -0.00300733
0.025 0.25 -2.70118 99.4607 0.407252 -0.00199946
0.025 0.275 -3.26312 99.3239 0.43772 -0.000724454
0.025 0.3 -3.85921 99.1738 0.456639 0.000914491
0.025 0.325 -4.47241 99.0155 0.461128 0.00278924
0.025 0.35 -5.08324 98.854 0.448107 0.00489081
0.025 0.375 -5.66353 98.6973 0.415828 0.00704612
0.025 0.4 -6.1906 98.5526 0.363572 0.00915224
0.025 0.425 -6.633 98.4291 0.292382 0.0110122
0.025 0.45 -6.97125 98.334 0.204948 0.0124912
0.025 0.475 -7.18068 98.2744 0.105622 0.0134331
0.025 0.5 -7.25367 98.2538 -9.89857e-13 0.0137628
0.025 0.525 -7.18068 98.2744 -0.105622 0.0134331
0.025 0.55 -6.97125 98.334 -0.204948 0.0124912
0.025 0.575 -6.633 98.4291 -0.292382 0.0110122
0.025 0.6 -6.1906 98.5526 -0.363572 0.00915224
0.025 0.625 -5.66353 98.6973 -0.415828 0.00704612
0.025 0.65 -5.08324 98.854 -0.448107 0.00489081
0.025 0.675 -4.47241 99.0155 -0.461128 0.00278924
0.025 0.7 -3.85921 99.1738 -0.456639 0.000914491
0.025 0.725 -3.26312 99.3239 -0.43772 -0.000724454
0.025 0.75 -2.70118 99.4607 -0.407252 -0.00199946
0.025 0.775 -2.18889 99.5823 -0.369156 -0.00300733
0.025 0.8 -1.72735 99.687 -0.325765 -0.00364858
0.025 0.825 -1.33315 99.7746 -0.280762 -0.00409941
0.025 0.85 -0.988098 99.8468 -0.234873 -0.00426585
0.025 0.875 -0.718937 99.9029 -0.191203 -0.00435582
0.025 0.9 -0.484917 99.9478 -0.148518 -0.00428092
0.025 0.925 -0.331756 99.9781 -0.109516 -0.00421184
0.025 0.95 -0.199955 100.002 -0.0711914 -0.00412588
0.025 0.975 -0.131481 100.013 -0.0361829 -0.00398729
0.025 1 -0.16762 100.012 1.79302e-10 -0.00423352
0.05 0 -0.283913 99.9845 2.71822e-10 -0.00422838
0.05 0.025 -0.242466 99.9873 0.0366274 -0.00401113
0.05 0.05 -0.313612 99.975 0.0721179 -0.00410839
0.05 0.075 -0.446632 99.9493 0.110295 -0.00412087
0.05 0.1 -0.600358 99.9174 0.148614 -0.00411378
0.05 0.125 -0.834634 99.8704 0.18972 -0.0040759
0.05 0.15 -1.09993 99.8129 0.230914 -0.00387949
0.05 0.175 -1.43893 99.7397 0.27334 -0.00359046
0.05 0.2 -1.82016 99.6526 0.31395 -0.00303505
0.05 0.225 -2.26401 99.5497 0.352227 -0.00230062
0.05 0.25 -2.7499 99.4322 0.384738 -0.00123485
0.05 0.275 -3.27917 99.3016 0.409659 5.97014e-05
0.05 0.3 -3.83419 99.1602 0.423552 0.00166833
0.05 0.325 -4.40104 99.0127 0.424235 0.00346056
0.05 0.35 -4.9606 98.8637 0.409188 0.00543223
0.05 0.375 -5.48876 98.7204 0.37726 0.00741805
0.05 0.4 -5.96535 98.5892 0.328029 0.00933704
0.05 0.425 -6.36336 98.4779 0.262649 0.0110109
0.05 0.45 -6.66656 98.3926 0.183513 0.0123352
0.05 0.475 -6.85366 98.3393 0.0943924 0.0131714
0.05 0.5 -6.91892 98.3209 -1.34673e-12 0.0134657
0.05 0.525 -6.85366 98.3393 -0.0943924 0.0131714
0.05 0.55 -6.66656 98.3926 -0.183513 0.0123352
0.05 0.575 -6.36336 98.4779 -0.262649 0.0110109
0.05 0.6 -5.96535 98.5892 -0.328029 0.00933704
0.05 0.625 -5.48876 98.7204 -0.37726 0.00741805
0.05 0.65 -4.9606 98.8637 -0.409188 0.00543223
0.05 0.675 -4.40104 99.0127 -0.424235 0.00346056
0.05 0.7 -3.83419 99.1602 -0.423552 0.00166833
0.05 0.725 -3.27917 99.3016 -0.409659 5.97014e-05
0.05 0.75 -2.7499 99.4322 -0.384738 -0.00123485
0.05 0.775 -2.26401 99.5497 -0.352227 -0.00230062
0.05 0.8 -1.82016 99.6526 -0.31395 -0.00303505
0.05 0.825 -1.43893 99.7397 -0.27334 -0.00359046
0.05 0.85 -1.09993 99.8129 -0.230914 -0.00387949
0.05 0.875 -0.834634 99.8704 -0.18972 -0.0040759
0.05 0.9 -0.600358 99.9174 -0.148614 -0.00411378
0.05 0.925 -0.446632 99.9493 -0.110295 -0.00412087
0.05 0.95 -0.313612 99.975 -0.0721179 -0.00410839
0.05 0.975 -0.242466 99.9873 -0.0366274 -0.00401113
0.05 1 -0.283913 99.9845 2.71822e-10 -0.00422838
0.075 0 -0.393268 99.9574 3.6195e-10 -0.00412831
0.075 0.025 -0.347302 99.9611 0.0366001 -0.00394189
0.075 0.05 -0.42013 99.948 0.0721205 -0.00400096
0.075 0.075 -0.552712 99.9211 0.10974 -0.00394938
0.075 0.1 -0.705279 99.888 0.147046 -0.00387585
0.075 0.125 -0.937252 99.8395 0.186332 -0.00373877
0.075 0.15 -1.1963 99.7813 0.224945 -0.00345005
0.075 0.175 -1.52647 99.7077 0.263939 -0.00305169
0.075 0.2 -1.89236 99.6216 0.300362 -0.00240187
0.075 0.225 -2.31633 99.5209 0.333887 -0.00157595
0.075 0.25 -2.77433 99.4076 0.361335 -0.000442926
0.075 0.275 -3.27009 99.2827 0.381339 0.000898735
0.075 0.3 -3.78411 99.1491 0.390896 0.00252463
0.075 0.325 -4.30557 99.011 0.388435 0.00430654
0.075 0.35 -4.81561 98.8727 0.371916 0.00624241
0.075 0.375 -5.29403 98.7406 0.340698 0.00817171
0.075 0.4 -5.72282 98.6204 0.294594 0.0100248
0.075 0.425 -6.07913 98.519 0.234837 0.0116304
0.075 0.45 -6.34949 98.4415 0.163539 0.0128986
0.075 0.475 -6.51577 98.3932 0.0839528 0.0136952
0.075 0.5 -6.57379 98.3765 -1.67953e-12 0.0139771
0.075 0.525 -6.51577 98.3932 -0.0839528 0.0136952
0.075 0.55 -6.34949 98.4415 -0.163539 0.0128986
0.075 0.575 -6.07913 98.519 -0.234837 0.0116304
0.075 0.6 -5.72282 98.6204 -0.294594 0.0100248
0.075 0.625 -5.29403 98.7406 -0.340698 0.00817171
0.075 0.65 -4.81561 98.8727 -0.371916 0.00624241
0.075 0.675 -4.30557 99.011 -0.388435 0.00430654
0.075 0.7 -3.78411 99.1491 -0.390896 0.00252463
0.075 0.725 -3.27009 99.2827 -0.381339 0.000898735
0.075 0.75 -2.77433 99.4076 -0.361335 -0.000442926
0.075 0.775 -2.31633 99.5209 -0.333887 -0.00157595
0.075 0.8 -1.89236 99.6216 -0.300362 -0.00240187
0.075 0.825 -1.52647 99.7077 -0.263939 -0.00305169
0.075 0.85 -1.1963 99.7813 -0.224945 -0.00345005
0.075 0.875 -0.937252 99.8395 -0.186332 -0.00373877
0.075 0.9 -0.705279 99.888 -0.147046 -0.00387585
0.075 0.925 -0.552712 99.9211 -0.10974 -0.00394938
0.075 0.95 -0.42013 99.948 -0.0721205 -0.00400096
0.075 0.975 -0.347302 99.9611 -0.0366001 -0.00394189
0.075 1 -0.393268 99.9574 3.6195e-10 -0.00412831
0.1 0 -0.494855 99.9306 4.48695e-10 -0.00400322
0.1 0.025 -0.445179 99.9353 0.0360973 -0.00384882
0.1 0.05 -0.518659 99.9214 0.0711874 -0.00386714
0.1 0.075 -0.649078 99.8937 0.107828 -0.00374745
0.1 0.1 -0.798658 99.8597 0.143772 -0.00360126
0.1 0.125 -1.02562 99.8104 0.180963 -0.00335602
0.1 0.15 -1.27584 99.7519 0.216841 -0.00296267
0.1 0.175 -1.5941 99.6784 0.252364 -0.00243843
0.1 0.2 -1.94192 99.5936 0.284711 -0.00167293
0.1 0.225 -2.34327 99.4952 0.313722 -0.000728341
0.1 0.25 -2.77126 99.3858 0.336481 0.000505002
0.1 0.275 -3.23188 99.2662 0.352025 0.00193369
0.1 0.3 -3.70407 99.1395 0.357759 0.00362277
0.1 0.325 -4.18 99.0093 0.352651 0.00544633
0.1 0.35 -4.6411 98.8798 0.335092 0.00740217
0.1 0.375 -5.07092 98.7569 0.304886 0.00933286
0.1 0.4 -5.45335 98.6454 0.262055 0.0111762
0.1 0.425 -5.76953 98.5517 0.207892 0.0127641
0.1 0.45 -6.00837 98.4802 0.144245 0.0140164
0.1 0.475 -6.15476 98.4358 0.0738852 0.0147997
0.1 0.5 -6.20585 98.4204 -2.02378e-12 0.0150783
0.1 0.525 -6.15476 98.4358 -0.0738852 0.0147997
0.1 0.55 -6.00837 98.4802 -0.144245 0.0140164
0.1 0.575 -5.76953 98.5517 -0.207892 0.0127641
0.1 0.6 -5.45335 98.6454 -0.262055 0.0111762
0.1 0.625 -5.07092 98.7569 -0.304886 0.00933286
0.1 0.65 -4.6411 98.8798 -0.335092 0.00740217
0.1 0.675 -4.18 99.0093 -0.352651 0.00544633
0.1 0.7 -3.70407 99.1395 -0.357759 0.00362277
0.1 0.725 -3.23188 99.2662 -0.352025 0.00193369
0.1 0.75 -2.77126 99.3858 -0.336481 0.000505002
0.1 0.775 -2.34327 99.4952 -0.313722 -0.000728341
0.1 0.8 -1.94192 99.5936 -0.284711 -0.00167293
0.1 0.825 -1.5941 99.6784 -0.252364 -0.00243843
0.1 0.85 -1.27584 99.7519 -0.216841 -0.00296267
0.1 0.875 -1.02562 99.8104 -0.180963 -0.00335602
0.1 0.9 -0.798658 99.8597 -0.143772 -0.00360126
0.1 0.925 -0.649078 99.8937 -0.107828 -0.00374745
0.1 0.95 -0.518659 99.9214 -0.0711874 -0.00386714
0.1 0.975 -0.445179 99.9353 -0.0360973 -0.00384882
0.1 1 -0.494855 99.9306 4.48695e-10 -0.00400322
0.125 0 -0.586776 99.9045 5.28332e-10 -0.00379367
0.125 0.025 -0.534225 99.9099 0.0351319 -0.00367298
0.125 0.05 -0.607348 99.8956 0.0693415 -0.00365094
0.125 0.075 -0.73396 99.8673 0.104582 -0.00346587
0.125 0.1 -0.878778 99.8329 0.138799 -0.00324818
0.125 0.125 -1.09807 99.783 0.173584 -0.00289543
0.125 0.15 -1.33686 99.7246 0.206501 -0.00239455
0.125 0.175 -1.64 99.6516 0.238398 -0.00173594
0.125 0.2 -1.9667 99.5684 0.266609 -0.000837767
0.125 0.225 -2.34214 99.4722 0.291112 0.000255713
0.125 0.25 -2.73707 99.3664 0.309257 0.00163585
0.125 0.275 -3.15952 99.2513 0.32045 0.00321999
0.125 0.3 -3.58711 99.1302 0.322495 0.00506428
0.125 0.325 -4.01489 99.0063 0.31487 0.00704798
0.125 0.35 -4.42465 98.8837 0.296401 0.00916534
0.125 0.375 -4.80366 98.7674 0.267347 0.0112572
0.125 0.4 -5.13772 98.6621 0.227969 0.0132563
0.125 0.425 -5.41204 98.5737 0.179653 0.0149838
0.125 0.45 -5.61796 98.5063 0.124009 0.0163501
0.125 0.475 -5.74361 98.4644 0.0633179 0.0172068
0.125 0.5 -5.78743 98.4499 -2.28787e-12 0.0175121
0.125 0.525 -5.74361 98.4644 -0.0633179 0.0172068
0.125 0.55 -5.61796 98.5063 -0.124009 0.0163501
0.125 0.575 -5.41204 98.5737 -0.179653 0.0149838
0.125 0.6 -5.13772 98.6621 -0.227969 0.0132563
0.125 0.625 -4.80366 98.7674 -0.267347 0.0112572
0.125 0.65 -4.42465 98.8837 -0.296401 0.00916534
0.125 0.675 -4.01489 99.0063 -0.31487 0.00704798
0.125 0.7 -3.58711 99.1302 -0.322495 0.00506428
0.125 0.725 -3.15952 99.2513 -0.32045 0.00321999
0.125 0.75 -2.73707 99.3664 -0.309257 0.00163585
0.125 0.775 -2.34214 99.4722 -0.291112 0.000255713
0.125 0.8 -1.9667 99.5684 -0.266609 -0.000837767
0.125 0.825 -1.64 99.6516 -0.238398 -0.00173594
0.125 0.85 -1.33686 99.7246 -0.206501 -0.00239455
0.125 0.875 -1.09807 99.783 -0.173584 -0.00289543
0.125 0.9 -0.878778 99.8329 -0.138799 -0.00324818
0.125 0.925 -0.73396 99.8673 -0.104582 -0.00346587
0.125 0.95 -0.607348 99.8956 -0.0693415 -0.00365094
0.125 0.975 -0.534225 99.9099 -0.0351319 -0.00367298
0.125 1 -0.586776 99.9045 5.28332e-10 -0.00379367
0.15 0 -0.667486 99.8793 5.96719e-10 -0.00351483
0.15 0.025 -0.612928 99.8854 0.0336875 -0.00342994
0.15 0.05 -0.68464 99.8707 0.0665478 -0.0033646
0.15 0.075 -0.805735 99.8422 0.0999352 -0.00310969
0.15 0.1 -0.943888 99.8075 0.132009 -0.00281301
0.15 0.125 -1.15264 99.7575 0.163994 -0.00234079
0.15 0.15 -1.37706 99.6995 0.193606 -0.00171433
0.15 0.175 -1.66137 99.6272 0.221551 -0.000894356
0.15 0.2 -1.96313 99.5455 0.245336 0.000174865
0.15 0.225 -2.30825 99.4515 0.265038 0.00147141
0.15 0.25 -2.66555 99.3488 0.278276 0.00307139
0.15 0.275 -3.04475 99.2372 0.284796 0.00490802
0.15 0.3 -3.42237 99.1204 0.282814 0.00703082
0.15 0.325 -3.79618 99.0008 0.272337 0.00932712
0.15 0.35 -4.14844 98.8824 0.252699 0.011785
0.15 0.375 -4.47024 98.7699 0.224709 0.0142385
0.15 0.4 -4.74958 98.6677 0.188997 0.016602
0.15 0.425 -4.9762 98.5815 0.147149 0.0186683
0.15 0.45 -5.14441 98.5155 0.100584 0.020315
0.15 0.475 -5.24618 98.4743 0.0510384 0.0213564
0.15 0.5 -5.2816 98.4601 -2.41349e-12 0.0217276
0.15 0.525 -5.24618 98.4743 -0.0510384 0.0213564
0.15 0.55 -5.14441 98.5155 -0.100584 0.020315
0.15 0.575 -4.9762 98.5815 -0.147149 0.0186683
0.15 0.6 -4.74958 98.6677 -0.188997 0.016602
0.15 0.625 -4.47024 98.7699 -0.224709 0.0142385
0.15 0.65 -4.14844 98.8824 -0.252699 0.011785
0.15 0.675 -3.79618 99.0008 -0.272337 0.00932712
0.15 0.7 -3.42237 99.1204 -0.282814 0.00703082
0.15 0.725 -3.04475 99.2372 -0.284796 0.00490802
0.15 0.75 -2.66555 99.3488 -0.278276 0.00307139
0.15 0.775 -2.30825 99.4515 -0.265038 0.00147141
0.15 0.8 -1.96313 99.5455 -0.245336 0.000174865
0.15 0.825 -1.66137 99.6272 -0.221551 -0.000894356
0.15 0.85 -1.37706 99.6995 -0.193606 -0.00171433
0.15 0.875 -1.15264 99.7575 -0.163994 -0.00234079
0.15 0.9 -0.943888 99.8075 -0.132009 -0.00281301
0.15 0.925 -0.805735 99.8422 -0.0999352 -0.00310969
0.15 0.95 -0.68464 99.8707 -0.0665478 -0.0033646
0.15 0.975 -0.612928 99.8854 -0.0336875 -0.00342994
0.15 1 -0.667486 99.8793 5.96719e-10 -0.00351483
0.175 0 -0.735235 99.8553 6.51243e-10 -0.00315019
0.175 0.025 -0.679583 99.8621 0.0317311 -0.00310373
0.175 0.05 -0.748766 99.8471 0.0627381 -0.00299152
0.175 0.075 -0.862518 99.8186 0.0937646 -0.002661
0.175 0.1 -0.991918 99.784 0.123198 -0.00227592
0.175 0.125 -1.18695 99.7341 0.151874 -0.00166876
0.175 0.15 -1.39357 99.6767 0.177663 -0.000893268
0.175 0.175 -1.65456 99.6053 0.201096 0.000123703
0.175 0.2 -1.92648 99.5251 0.219841 0.00141557
0.175 0.225 -2.23529 99.433 0.234026 0.00298935
0.175 0.25 -2.54819 99.3326 0.241533 0.00491153
0.175 0.275 -2.8761 99.2235 0.242415 0.00713981
0.175 0.3 -3.19454 99.1091 0.235341 0.00972295
0.175 0.325 -3.50371 98.9913 0.220918 0.0125629
0.175 0.35 -3.78649 98.874 0.19917 0.0156411
0.175 0.375 -4.03809 98.7613 0.171698 0.0187783
0.175 0.4 -4.24936 98.6578 0.139808 0.021851
0.175 0.425 -4.41572 98.5693 0.105548 0.0245927
0.175 0.45 -4.5357 98.5009 0.0702683 0.0268064
0.175 0.475 -4.60662 98.4578 0.0350308 0.0282271
0.175 0.5 -4.63115 98.4429 -2.63005e-12 0.0287328
0.175 0.525 -4.60662 98.4578 -0.0350308 0.0282271
0.175 0.55 -4.5357 98.5009 -0.0702683 0.0268064
0.175 0.575 -4.41572 98.5693 -0.105548 0.0245927
0.175 0.6 -4.24936 98.6578 -0.139808 0.021851
0.175 0.625 -4.03809 98.7613 -0.171698 0.0187783
0.175 0.65 -3.78649 98.874 -0.19917 0.0156411
0.175 0.675 -3.50371 98.9913 -0.220918 0.0125629
0.175 0.7 -3.19454 99.1091 -0.235341 0.00972295
0.175 0.725 -2.8761 99.2235 -0.242415 0.00713981
0.175 0.75 -2.54819 99.3326 -0.241533 0.00491153
0.175 0.775 -2.23529 99.433 -0.234026 0.00298935
0.175 0.8 -1.92648 99.5251 -0.219841 0.00141557
0.175 0.825 -1.65456 99.6053 -0.201096 0.000123703
0.175 0.85 -1.39357 99.6767 -0.177663 -0.000893268
0.175 0.875 -1.18695 99.7341 -0.151874 -0.00166876
0.175 0.9 -0.991918 99.784 -0.123198 -0.00227592
0.175 0.925 -0.862518 99.8186 -0.0937646 -0.002661
0.175 0.95 -0.748766 99.8471 -0.0627381 -0.00299153
0.175 0.975 -0.679583 99.8621 -0.0317311 -0.00310373
0.175 1 -0.735235 99.8553 6.51243e-10 -0.00315019
0.2 0 -0.788232 99.8328 6.87816e-10 -0.00269466
0.2 0.025 -0.732459 99.8401 0.0292095 -0.00268982
0.2 0.05 -0.797888 99.8251 0.057804 -0.00252556
0.2 0.075 -0.90228 99.7967 0.0858817 -0.00211033
0.2 0.1 -1.02054 99.7624 0.112067 -0.00162318
0.2 0.125 -1.1982 99.713 0.136763 -0.00085889
0.2 0.15 -1.38287 99.6564 0.157987 9.80659e-05
0.2 0.175 -1.61502 99.586 0.176027 0.00136046
0.2 0.2 -1.85064 99.5074 0.188683 0.00294426
0.2 0.225 -2.11496 99.4168 0.196053 0.00489449
0.2 0.25 -2.37367 99.318 0.19624 0.00727689
0.2 0.275 -2.63813 99.21 0.189563 0.010087
0.2 0.3 -2.8827 99.0959 0.175192 0.0133848
0.2 0.325 -3.10951 98.9768 0.154476 0.0171005
0.2 0.35 -3.30218 98.8561 0.128453 0.021214
0.2 0.375 -3.46042 98.7375 0.100015 0.0255285
0.2 0.4 -3.57922 98.6261 0.071787 0.0298554
0.2 0.425 -3.66177 98.5286 0.0468659 0.0338195
0.2 0.45 -3.71358 98.4514 0.0268403 0.037076
0.2 0.475 -3.74021 98.4021 0.0118715 0.0392035
0.2 0.5 -3.74908 98.3848 -2.7248e-12 0.0399605
0.2 0.525 -3.74021 98.4021 -0.0118715 0.0392035
0.2 0.55 -3.71358 98.4514 -0.0268403 0.037076
0.2 0.575 -3.66177 98.5286 -0.0468659 0.0338195
0.2 0.6 -3.57922 98.6261 -0.071787 0.0298554
0.2 0.625 -3.46042 98.7375 -0.100015 0.0255285
0.2 0.65 -3.30218 98.8561 -0.128453 0.021214
0.2 0.675 -3.10951 98.9768 -0.154476 0.0171005
0.2 0.7 -2.8827 99.0959 -0.175192 0.0133848
0.2 0.725 -2.63813 99.21 -0.189563 0.010087
0.2 0.75 -2.37367 99.318 -0.19624 0.00727689
0.2 0.775 -2.11496 99.4168 -0.196053 0.00489449
0.2 0.8 -1.85064 99.5074 -0.188683 0.00294426
0.2 0.825 -1.61502 99.586 -0.176027 0.00136046
0.2 0.85 -1.38287 99.6564 -0.157987 9.80659e-05
0.2 0.875 -1.1982 99.713 -0.136763 -0.00085889
0.2 0.9 -1.02054 99.7624 -0.112067 -0.00162318
0.2 0.925 -0.90228 99.7967 -0.0858817 -0.00211033
0.2 0.95 -0.797888 99.8251 -0.057804 -0.00252556
0.2 0.975 -0.732459 99.8401 -0.0292095 -0.00268982
0.2 1 -0.788232 99.8328 6.87816e-10 -0.00269466
0.225 0 -0.824603 99.8123 7.0515e-10 -0.00214113
0.225 0.025 -0.769758 99.8199 0.0260532 -0.00218164
0.225 0.05 -0.830072 99.805 0.051605 -0.0019592
0.225 0.075 -0.922832 99.7771 0.0760447 -0.00144829
0.225 0.1 -1.0272 99.7432 0.0982358 -0.00084294
0.225 0.125 -1.18321 99.6946 0.118081 0.000104925
0.225 0.15 -1.34091 99.6392 0.133712 0.00128188
0.225 0.175 -1.53732 99.5701 0.145075 0.00284779
0.225 0.2 -1.72827 99.493 0.150023 0.00480764
0.225 0.225 -1.93711 99.4037 0.14849 0.00725706
0.225 0.25 -2.12788 99.306 0.138696 0.0102748
0.225 0.275 -2.31116 99.1977 0.12112 0.0139155
0.225 0.3 -2.45958 99.0814 0.0954581 0.018273
0.225 0.325 -2.5762 98.9569 0.0639956 0.0233325
0.225 0.35 -2.64516 98.8269 0.0293355 0.0290904
0.225 0.375 -2.67115 98.6943 -0.00341409 0.0353341
0.225 0.4 -2.65538 98.5648 -0.0290461 0.041774
0.225 0.425 -2.61253 98.4468 -0.0421668 0.0478465
0.225 0.45 -2.56029 98.3506 -0.0402249 0.052934
0.225 0.475 -2.51813 98.2874 -0.0242925 0.0563185
0.225 0.5 -2.50259 98.2652 -2.78805e-12 0.0575244
0.225 0.525 -2.51813 98.2874 0.0242925 0.0563185
0.225 0.55 -2.56029 98.3506 0.0402249 0.052934
0.225 0.575 -2.61253 98.4468 0.0421668 0.0478465
0.225 0.6 -2.65538 98.5648 0.0290461 0.041774
0.225 0.625 -2.67115 98.6943 0.00341409 0.0353341
0.225 0.65 -2.64516 98.8269 -0.0293355 0.0290904
0.225 0.675 -2.5762 98.9569 -0.0639956 0.0233325
0.225 0.7 -2.45958 99.0814 -0.0954581 0.018273
0.225 0.725 -2.31116 99.1977 -0.12112 0.0139155
0.225 0.75 -2.12788 99.306 -0.138696 0.0102748
0.225 0.775 -1.93711 99.4037 -0.14849 0.00725706
0.225 0.8 -1.72827 99.493 -0.150023 0.00480764
0.225 0.825 -1.53732 99.5701 -0.145075 0.00284779
0.225 0.85 -1.34091 99.6392 -0.133712 0.00128188
0.225 0.875 -1.18321 99.6946 -0.118081 0.000104925
0.225 0.9 -1.0272 99.7432 -0.0982358 -0.00084294
0.225 0.925 -0.922832 99.7771 -0.0760447 -0.00144829
0.225 0.95 -0.830072 99.805 -0.051605 -0.0019592
0.225 0.975 -0.769758 99.8199 -0.0260532 -0.00218164
0.225 1 -0.824603 99.8123 7.0515e-10 -0.00214113
0.25 0 -0.842462 99.7939 7.01176e-10 -0.00148721
0.25 0.025 -0.789679 99.8019 0.0221836 -0.00157704
0.25 0.05 -0.843363 99.7872 0.0439815 -0.00128991
0.25 0.075 -0.92193 99.76 0.0639801 -0.00067156
0.25 0.1 -1.00923 99.727 0.081276 6.91573e-05
0.25 0.125 -1.13862 99.6797 0.0951729 0.00122891
0.25 0.15 -1.2633 99.6257 0.103853 0.00266727
0.25 0.175 -1.41555 99.5585 0.106774 0.00459985
0.25 0.2 -1.55119 99.4833 0.101696 0.00702886
0.25 0.225 -1.69022 99.3955 0.0881577 0.0101166
0.25 0.25 -1.79441 99.2985 0.0642741 0.0139748
0.25 0.275 -1.87173 99.1889 0.0304381 0.0187485
0.25 0.3 -1.89169 99.068 -0.0132142 0.0246036
0.25 0.325 -1.85632 98.9335 -0.0632428 0.0316276
0.25 0.35 -1.74936 98.7864 -0.11465 0.0398738
0.25 0.375 -1.58068 98.6281 -0.158496 0.0491299
0.25 0.4 -1.36074 98.465 -0.184634 0.0589637
0.25 0.425 -1.12205 98.3087 -0.182882 0.0685025
0.25 0.45 -0.903882 98.176 -0.148137 0.0766539
0.25 0.475 -0.750147 98.0862 -0.083131 0.0821675
0.25 0.5 -0.694846 98.0542 -2.76594e-12 0.0841381
0.25 0.525 -0.750147 98.0862 0.083131 0.0821675
0.25 0.55 -0.903882 98.176 0.148137 0.0766539
0.25 0.575 -1.12205 98.3087 0.182882 0.0685025
0.25 0.6 -1.36074 98.465 0.184634 0.0589637
0.25 0.625 -1.58068 98.6281 0.158496 0.0491299
0.25 0.65 -1.74936 98.7864 0.11465 0.0398738
0.25 0.675 -1.85632 98.9335 0.0632428 0.0316276
0.25 0.7 -1.89169 99.068 0.0132142 0.0246036
0.25 0.725 -1.87173 99.1889 -0.0304381 0.0187485
0.25 0.75 -1.79441 99.2985 -0.0642741 0.0139748
0.25 0.775 -1.69022 99.3955 -0.0881577 0.0101166
0.25 0.8 -1.55119 99.4833 -0.101696 0.00702886
0.25 0.825 -1.41555 99.5585 -0.106774 0.00459985
0.25 0.85 -1.2633 99.6257 -0.103853 0.00266727
0.25 0.875 -1.13862 99.6797 -0.0951729 0.00122891
0.25 0.9 -1.00923 99.727 -0.081276 6.91573e-05
0.25 0.925 -0.92193 99.76 -0.0639801 -0.00067156
0.25 0.95 -0.843363 99.7872 -0.0439815 -0.00128992
0.25 0.975 -0.789679 99.8019 -0.0221836 -0.00157704
0.25 1 -0.842462 99.7939 7.01176e-10 -0.00148721
0.275 0 -0.840003 99.7784 6.74255e-10 -0.000735566
0.275 0.025 -0.790505 99.7865 0.0175246 -0.000878612
0.275 0.05 -0.835893 99.7723 0.0347791 -0.000520971
0.275 0.075 -0.897419 99.7461 0.0494223 0.000215203
0.275 0.1 -0.964068 99.7144 0.0607681 0.00110646
0.275 0.125 -1.06119 99.6691 0.0673902 0.00250341
0.275 0.15 -1.14578 99.6174 0.0674252 0.00424062
0.275 0.175 -1.24389 99.5528 0.0596257 0.00659819
0.275 0.2 -1.31122 99.4805 0.0414281 0.00958459
0.275 0.225 -1.36254 99.3953 0.0115991 0.0134474
0.275 0.25 -1.35614 99.2997 -0.0322762 0.018356
0.275 0.275 -1.29453 99.1889 -0.0903871 0.0245874
0.275 0.3 -1.14151 99.0619 -0.162489 0.0324355
0.275 0.325 -0.894553 98.9131 -0.243857 0.042162
0.275 0.35 -0.53451 98.7398 -0.325938 0.053948
0.275 0.375 -0.0759113 98.5402 -0.393344 0.0676213
0.275 0.4 0.457427 98.3209 -0.426881 0.082566
0.275 0.425 1.00516 98.0987 -0.406993 0.0974379
0.275 0.45 1.49046 97.902 -0.322883 0.110381
0.275 0.475 1.82664 97.7648 -0.179379 0.11926
0.275 0.5 1.94726 97.7152 -2.66047e-12 0.122446
0.275 0.525 1.82664 97.7648 0.179379 0.11926
0.275 0.55 1.49046 97.902 0.322883 0.110381
0.275 0.575 1.00516 98.0987 0.406993 0.0974379
0.275 0.6 0.457427 98.3209 0.426881 0.082566
0.275 0.625 -0.0759113 98.5402 0.393344 0.0676213
0.275 0.65 -0.53451 98.7398 0.325938 0.053948
0.275 0.675 -0.894553 98.9131 0.243857 0.042162
0.275 0.7 -1.14151 99.0619 0.162489 0.0324355
0.275 0.725 -1.29453 99.1889 0.0903871 0.0245874
0.275 0.75 -1.35614 99.2997 0.0322762 0.018356
0.275 0.775 -1.36254 99.3953 -0.0115991 0.0134474
0.275 0.8 -1.31122 99.4805 -0.0414281 0.00958459
0.275 0.825 -1.24389 99.5528 -0.0596257 0.00659819
0.275 0.85 -1.14578 99.6174 -0.0674252 0.00424062
0.275 0.875 -1.06119 99.6691 -0.0673902 0.00250341
0.275 0.9 -0.964068 99.7144 -0.0607681 0.00110646
0.275 0.925 -0.897419 99.7461 -0.0494223 0.000215203
0.275 0.95 -0.835893 99.7723 -0.0347791 -0.000520971
0.275 0.975 -0.790505 99.7865 -0.0175246 -0.000878612
0.275 1 -0.840003 99.7784 6.74255e-10 -0.000735566
0.3 0 -0.815646 99.7661 6.26367e-10 0.000103537
0.3 0.025 -0.770739 99.7743 0.0120198 -9.59366e-05
0.3 0.05 -0.806044 99.7608 0.0238828 0.000335938
0.3 0.075 -0.847469 99.7362 0.0321728 0.00119598
0.3 0.1 -0.889565 99.7065 0.0363949 0.00224683
0.3 0.125 -0.948224 99.664 0.0342353 0.00389639
0.3 0.15 -0.984879 99.6158 0.0236498 0.00595573
0.3 0.175 -1.01759 99.5555 0.00240978 0.00877604
0.3 0.2 -1.00166 99.488 -0.0327175 0.0123796
0.3 0.225 -0.944227 99.4077 -0.0842851 0.0171154
0.3 0.25 -0.798233 99.3162 -0.155938 0.0232366
0.3 0.275 -0.556729 99.2066 -0.249319 0.0311946
0.3 0.3 -0.173552 99.0748 -0.364818 0.0414767
0.3 0.325 0.364223 98.9095 -0.496542 0.0546065
0.3 0.35 1.08336 98.7016 -0.630929 0.0709876
0.3 0.375 1.96681 98.4426 -0.742263 0.0905531
0.3 0.4 2.97245 98.1376 -0.795831 0.112477
0.3 0.425 3.99741 97.8107 -0.755134 0.134771
0.3 0.45 4.90266 97.5092 -0.598229 0.15448
0.3 0.475 5.52941 97.2933 -0.33234 0.168159
0.3 0.5 5.75456 97.2144 -2.4215e-12 0.173086
0.3 0.525 5.52941 97.2933 0.33234 0.168159
0.3 0.55 4.90266 97.5092 0.598229 0.15448
0.3 0.575 3.99741 97.8107 0.755134 0.134771
0.3 0.6 2.97245 98.1376 0.795831 0.112477
0.3 0.625 1.96681 98.4426 0.742263 0.0905531
0.3 0.65 1.08336 98.7016 0.630929 0.0709876
0.3 0.675 0.364223 98.9095 0.496542 0.0546065
0.3 0.7 -0.173552 99.0748 0.364818 0.0414767
0.3 0.725 -0.556729 99.2066 0.249319 0.0311946
0.3 0.75 -0.798233 99.3162 0.155938 0.0232366
0.3 0.775 -0.944227 99.4077 0.0842851 0.0171154
0.3 0.8 -1.00166 99.488 0.0327175 0.0123796
0.3 0.825 -1.01759 99.5555 -0.00240978 0.00877604
0.3 0.85 -0.984879 99.6158 -0.0236498 0.00595573
0.3 0.875 -0.948224 99.664 -0.0342353 0.00389639
0.3 0.9 -0.889565 99.7065 -0.0363949 0.00224683
0.3 0.925 -0.847469 99.7362 -0.0321728 0.00119598
0.3 0.95 -0.806044 99.7608 -0.0238828 0.000335938
0.3 0.975 -0.770739 99.7743 -0.0120198 -9.59367e-05
0.3 1 -0.815646 99.7661 6.26367e-10 0.000103536
0.325 0 -0.76823 99.7578 5.58054e-10 0.00101076
0.325 0.025 -0.729276 99.7659 0.00565492 0.000753048
0.325 0.05 -0.752666 99.7534 0.0112624 0.001259
0.325 0.075 -0.770868 99.7311 0.0121777 0.00224099
0.325 0.1 -0.784413 99.7042 0.00806468 0.00344922
0.325 0.125 -0.798251 99.6659 -0.0044481 0.00534801
0.325 0.15 -0.778831 99.623 -0.0277428 0.0077253
0.325 0.175 -0.734382 99.5695 -0.0653516 0.0110036
0.325 0.2 -0.619404 99.5102 -0.121606 0.015222
0.325 0.225 -0.43065 99.4393 -0.201088 0.0208356
0.325 0.25 -0.113273 99.3576 -0.309642 0.0281944
0.325 0.275 0.354165 99.2561 -0.451648 0.0379503
0.325 0.3 1.0337 99.1259 -0.629371 0.0508277
0.325 0.325 1.95681 98.9481 -0.836248 0.0676794
0.325 0.35 3.16538 98.7018 -1.05212 0.0892119
0.325 0.375 4.64407 98.3668 -1.2359 0.115535
0.325 0.4 6.32731 97.9426 -1.32849 0.14563
0.325 0.425 8.05093 97.4626 -1.26574 0.176774
0.325 0.45 9.5802 97.0027 -1.00659 0.204675
0.325 0.475 10.6434 96.6653 -0.560698 0.224236
0.325 0.5 11.0262 96.5407 -2.22571e-12 0.231309
0.325 0.525 10.6434 96.6653 0.560698 0.224236
0.325 0.55 9.5802 97.0027 1.00659 0.204675
0.325 0.575 8.05093 97.4626 1.26574 0.176774
0.325 0.6 6.32731 97.9426 1.32849 0.14563
0.325 0.625 4.64407 98.3668 1.2359 0.115535
0.325 0.65 3.16538 98.7018 1.05212 0.0892119
0.325 0.675 1.95681 98.9481 0.836248 0.0676794
0.325 0.7 1.0337 99.1259 0.629371 0.0508277
0.325 0.725 0.354165 99.2561 0.451648 0.0379503
0.325 0.75 -0.113273 99.3576 0.309642 0.0281944
0.325 0.775 -0.43065 99.4393 0.201088 0.0208356
0.325 0.8 -0.619404 99.5102 0.121606 0.015222
0.325 0.825 -0.734382 99.5695 0.0653516 0.0110036
0.325 0.85 -0.778831 99.623 0.0277428 0.0077253
0.325 0.875 -0.798251 99.6659 0.0044481 0.00534801
0.325 0.9 -0.784413 99.7042 -0.00806468 0.00344922
0.325 0.925 -0.770868 99.7311 -0.0121777 0.00224099
0.325 0.95 -0.752666 99.7534 -0.0112624 0.001259
0.325 0.975 -0.729276 99.7659 -0.00565492 0.000753048
0.325 1 -0.76823 99.7578 5.58054e-10 0.00101076
0.35 0 -0.697234 99.7541 4.71e-10 0.00195678
0.35 0.025 -0.66561 99.7619 -0.00151757 0.00164126
0.35 0.05 -0.675325 99.7509 -0.00297668 0.0022154
0.35 0.075 -0.667368 99.7317 -0.0103835 0.00330569
0.35 0.1 -0.64862 99.7088 -0.0239464 0.0046524
0.35 0.125 -0.611689 99.6766 -0.0482456 0.00676865
0.35 0.15 -0.528655 99.6415 -0.0861469 0.00941755
0.35 0.175 -0.396174 99.5984 -0.142794 0.0130829
0.35 0.2 -0.16757 99.5523 -0.224044 0.0178107
0.35 0.225 0.173433 99.498 -0.337247 0.0241461
0.35 0.25 0.691917 99.436 -0.491512 0.0325156
0.35 0.275 1.42906 99.3553 -0.69543 0.0437451
0.35 0.3 2.46922 99.2419 -0.954687 0.0587673
0.35 0.325 3.87167 99.0654 -1.26288 0.0787385
0.35 0.35 5.70246 98.7879 -1.59183 0.104661
0.35 0.375 7.95404 98.369 -1.87976 0.136859
0.35 0.4 10.5334 97.7958 -2.0334 0.174226
0.35 0.425 13.1959 97.1113 -1.94895 0.213468
0.35 0.45 15.5741 96.4317 -1.55717 0.249087
0.35 0.475 17.2364 95.9223 -0.869951 0.274324
0.35 0.5 17.8366 95.7323 -1.91053e-12 0.283496
0.35 0.525 17.2364 95.9223 0.869951 0.274324
0.35 0.55 15.5741 96.4317 1.55717 0.249087
0.35 0.575 13.1959 97.1113 1.94895 0.213468
0.35 0.6 10.5334 97.7958 2.0334 0.174226
0.35 0.625 7.95404 98.369 1.87976 0.136859
0.35 0.65 5.70246 98.7879 1.59183 0.104661
0.35 0.675 3.87167 99.0654 1.26288 0.0787385
0.35 0.7 2.46922 99.2419 0.954687 0.0587673
0.35 0.725 1.42906 99.3553 0.69543 0.0437451
0.35 0.75 0.691917 99.436 0.491512 0.0325156
0.35 0.775 0.173433 99.498 0.337247 0.0241461
0.35 0.8 -0.16757 99.5523 0.224044 0.0178107
0.35 0.825 -0.396174 99.5984 0.142794 0.0130829
0.35 0.85 -0.528655 99.6415 0.0861469 0.00941755
0.35 0.875 -0.611689 99.6766 0.0482456 0.00676865
0.35 0.9 -0.64862 99.7088 0.0239464 0.0046524
0.35 0.925 -0.667368 99.7317 0.0103835 0.00330569
0.35 0.95 -0.675325 99.7509 0.00297668 0.0022154
0.35 0.975 -0.66561 99.7619 0.00151757 0.00164126
0.35 1 -0.697234 99.7541 4.71e-10 0.00195678
0.375 0 -0.603009 99.7557 3.69149e-10 0.0029027
0.375 0.025 -0.580037 99.7629 -0.00935495 0.00253287
0.375 0.05 -0.574555 99.7539 -0.018546 0.00316195
0.375 0.075 -0.538028 99.739 -0.0350159 0.00433213
0.375 0.1 -0.483977 99.7215 -0.0588604 0.00577715
0.375 0.125 -0.391559 99.6976 -0.0959551 0.00804329
0.375 0.15 -0.239196 99.6734 -0.149726 0.010863
0.375 0.175 -0.0106331 99.6454 -0.227111 0.0147579
0.375 0.2 0.341891 99.6193 -0.335752 0.0197532
0.375 0.225 0.849536 99.5916 -0.486247 0.0264343
0.375 0.25 1.58895 99.5634 -0.691691 0.0352292
0.375 0.275 2.62469 99.5232 -0.965955 0.0470237
0.375 0.3 4.06776 99.4514 -1.31933 0.0627971
0.375 0.325 6.01211 99.3038 -1.74635 0.0838109
0.375 0.35 8.55504 99.0182 -2.20999 0.111182
0.375 0.375 11.7028 98.5236 -2.6242 0.145411
0.375 0.4 15.3345 97.7854 -2.85465 0.185559
0.375 0.425 19.1135 96.854 -2.74941 0.228369
0.375 0.45 22.5129 95.8975 -2.20464 0.267917
0.375 0.475 24.9028 95.166 -1.23438 0.296389
0.375 0.5 25.7684 94.8907 -1.60549e-12 0.306829
0.375 0.525 24.9028 95.166 1.23438 0.296389
0.375 0.55 22.5129 95.8975 2.20464 0.267917
0.375 0.575 19.1135 96.854 2.74941 0.228369
0.375 0.6 15.3345 97.7854 2.85465 0.185559
0.375 0.625 11.7028 98.5236 2.6242 0.145411
0.375 0.65 8.55504 99.0182 2.20999 0.111182
0.375 0.675 6.01211 99.3038 1.74635 0.0838109
0.375 0.7 4.06776 99.4514 1.31933 0.0627971
0.375 0.725 2.62469 99.5232 0.965955 0.0470237
0.375 0.75 1.58895 99.5634 0.691691 0.0352292
0.375 0.775 0.849536 99.5916 0.486247 0.0264343
0.375 0.8 0.341891 99.6193 0.335752 0.0197532
0.375 0.825 -0.0106331 99.6454 0.227111 0.0147579
0.375 0.85 -0.239196 99.6734 0.149726 0.010863
0.375 0.875 -0.391559 99.6976 0.0959551 0.00804329
0.375 0.9 -0.483977 99.7215 0.0588604 0.00577715
0.375 0.925 -0.538028 99.739 0.0350159 0.00433213
0.375 0.95 -0.574555 99.7539 0.018546 0.00316195
0.375 0.975 -0.580037 99.7629 0.00935495 0.00253287
0.375 1 -0.603009 99.7557 3.69149e-10 0.0029027
0.4 0 -0.486973 99.7631 2.56019e-10 0.00380208
0.4 0.025 -0.47384 99.7696 -0.0176091 0.00338518
0.4 0.05 -0.452069 99.7632 -0.0349434 0.00404791
0.4 0.075 -0.38548 99.7535 -0.060857 0.00525328
0.4 0.1 -0.294412 99.7431 -0.0953153 0.00673352
0.4 0.125 -0.143978 99.73 -0.145458 0.00904334
0.4 0.15 0.080167 99.7203 -0.215203 0.0118752
0.4 0.175 0.407732 99.7128 -0.313208 0.0157501
0.4 0.2 0.886537 99.7145 -0.448749 0.0206261
0.4 0.225 1.56273 99.725 -0.635496 0.027041
0.4 0.25 2.52322 99.748 -0.890271 0.0352902
0.4 0.275 3.85535 99.7727 -1.23197 0.0461023
0.4 0.3 5.69515 99.7749 -1.67525 0.06019
0.4 0.325 8.17041 99.6948 -2.2156 0.0785191
0.4 0.35 11.4093 99.4393 -2.8076 0.101938
0.4 0.375 15.4344 98.8964 -3.34197 0.130978
0.4 0.4 20.1031 97.9985 -3.64506 0.165275
0.4 0.425 24.9945 96.7998 -3.51881 0.202705
0.4 0.45 29.4257 95.5285 -2.8264 0.238453
0.4 0.475 32.5605 94.5389 -1.58414 0.265024
0.4 0.5 33.6998 94.1637 -1.24934e-12 0.274945
0.4 0.525 32.5605 94.5389 1.58414 0.265024
0.4 0.55 29.4257 95.5285 2.8264 0.238453
0.4 0.575 24.9945 96.7998 3.51881 0.202705
0.4 0.6 20.1031 97.9985 3.64506 0.165275
0.4 0.625 15.4344 98.8964 3.34197 0.130978
0.4 0.65 11.4093 99.4393 2.8076 0.101938
0.4 0.675 8.17041 99.6948 2.2156 0.0785191
0.4 0.7 5.69515 99.7749 1.67525 0.06019
0.4 0.725 3.85535 99.7727 1.23197 0.0461023
0.4 0.75 2.52322 99.748 0.890271 0.0352902
0.4 0.775 1.56273 99.725 0.635496 0.027041
0.4 0.8 0.886537 99.7145 0.448749 0.0206261
0.4 0.825 0.407732 99.7128 0.313208 0.0157501
0.4 0.85 0.080167 99.7203 0.215203 0.0118752
0.4 0.875 -0.143978 99.73 0.145458 0.00904334
0.4 0.9 -0.294412 99.7431 0.0953153 0.00673352
0.4 0.925 -0.38548 99.7535 0.060857 0.00525328
0.4 0.95 -0.452069 99.7632 0.0349434 0.00404791
0.4 0.975 -0.47384 99.7696 0.0176091 0.00338518
0.4 1 -0.486973 99.7631 2.56019e-10 0.00380208
0.425 0 -0.351735 99.7767 1.35074e-10 0.00460465
0.425 0.025 -0.349393 99.7823 -0.0259265 0.00415201
0.425 0.05 -0.310871 99.779 -0.0514536 0.00481944
0.425 0.075 -0.214051 99.7758 -0.0866822 0.00600047
0.425 0.1 -0.0860962 99.774 -0.131385 0.00743264
0.425 0.125 0.121768 99.7742 -0.193764 0.00964649
0.425 0.15 0.415517 99.7825 -0.277963 0.0122843
0.425 0.175 0.837718 99.8006 -0.393897 0.0158167
0.425 0.2 1.43388 99.8377 -0.551726 0.0200767
0.425 0.225 2.26265 99.8977 -0.767007 0.0254443
0.425 0.25 3.4159 99.988 -1.05848 0.0319108
0.425 0.275 4.9967 100.101 -1.44767 0.0397725
0.425 0.3 7.1549 100.209 -1.95106 0.0490741
0.425 0.325 10.039 100.237 -2.56375 0.0599698
0.425 0.35 13.7947 100.055 -3.23422 0.0725238
0.425 0.375 18.4566 99.5028 -3.8385 0.0870516
0.425 0.4 23.8729 98.4717 -4.17894 0.104136
0.425 0.425 29.5752 97.015 -4.02987 0.124055
0.425 0.45 34.7759 95.4246 -3.23497 0.145119
0.425 0.475 38.48 94.1684 -1.81261 0.16227
0.425 0.5 39.832 93.6892 -8.6893e-13 0.169
0.425 0.525 38.48 94.1684 1.81261 0.16227
0.425 0.55 34.7759 95.4246 3.23497 0.145119
0.425 0.575 29.5752 97.015 4.02987 0.124055
0.425 0.6 23.8729 98.4717 4.17894 0.104136
0.425 0.625 18.4566 99.5028 3.8385 0.0870516
0.425 0.65 13.7947 100.055 3.23422 0.0725238
0.425 0.675 10.039 100.237 2.56375 0.0599698
0.425 0.7 7.1549 100.209 1.95106 0.0490741
0.425 0.725 4.9967 100.101 1.44767 0.0397725
0.425 0.75 3.4159 99.988 1.05848 0.0319108
0.425 0.775 2.26265 99.8977 0.767007 0.0254443
0.425 0.8 1.43388 99.8377 0.551726 0.0200767
0.425 0.825 0.837718 99.8006 0.393897 0.0158167
0.425 0.85 0.415517 99.7825 0.277963 0.0122843
0.425 0.875 0.121768 99.7742 0.193764 0.00964649
0.425 0.9 -0.0860962 99.774 0.131385 0.00743264
0.425 0.925 -0.214051 99.7758 0.0866822 0.00600047
0.425 0.95 -0.310871 99.779 0.0514536 0.00481944
0.425 0.975 -0.349393 99.7823 0.0259265 0.00415201
0.425 1 -0.351735 99.7767 1.35074e-10 0.00460465
0.45 0 -0.201108 99.7966 1.35973e-11 0.00526144
0.45 0.025 -0.210177 99.801 -0.033868 0.00478829
0.45 0.05 -0.155242 99.8014 -0.0671901 0.00542581
0.45 0.075 -0.0296582 99.8057 -0.110988 0.00651286
0.45 0.1 0.132785 99.8138 -0.164731 0.00780138
0.45 0.125 0.3937 99.8295 -0.237297 0.00976087
0.45 0.15 0.749345 99.8585 -0.332568 0.0119767
0.45 0.175 1.25323 99.9061 -0.460849 0.0148183
0.45 0.2 1.94476 99.9838 -0.631797 0.0179427
0.45 0.225 2.88975 100.101 -0.86062 0.0214689
0.45 0.25 4.17552 100.268 -1.16458 0.0249385
0.45 0.275 5.90687 100.484 -1.56324 0.0279813
0.45 0.3 8.22632 100.717 -2.06999 0.0296447
0.45 0.325 11.2765 100.876 -2.67698 0.0288464
0.45 0.35 15.1935 100.798 -3.33097 0.0244137
0.45 0.375 20.0087 100.272 -3.90974 0.0161159
0.45 0.4 25.5766 99.1456 -4.22117 0.00553255
0.45 0.425 31.4423 97.4686 -4.04721 -0.0038856
0.45 0.45 36.8182 95.594 -3.23719 -0.00893301
0.45 0.475 40.6717 94.0973 -1.81038 -0.009668
0.45 0.5 42.0847 93.524 -3.9816e-13 -0.00927131
0.45 0.525 40.6717 94.0973 1.81038 -0.009668
0.45 0.55 36.8182 95.594 3.23719 -0.00893301
0.45 0.575 31.4423 97.4686 4.04721 -0.0038856
0.45 0.6 25.5766 99.1456 4.22117 0.00553255
0.45 0.625 20.0087 100.272 3.90974 0.0161159
0.45 0.65 15.1935 100.798 3.33097 0.0244137
0.45 0.675 11.2765 100.876 2.67698 0.0288464
0.45 0.7 8.22632 100.717 2.06999 0.0296447
0.45 0.725 5.90687 100.484 1.56324 0.0279813
0.45 0.75 4.17552 100.268 1.16458 0.0249385
0.45 0.775 2.88975 100.101 0.86062 0.0214689
0.45 0.8 1.94476 99.9838 0.631797 0.0179427
0.45 0.825 1.25323 99.9061 0.460849 0.0148183
0.45 0.85 0.749345 99.8585 0.332568 0.0119767
0.45 0.875 0.3937 99.8295 0.237297 0.00976087
0.45 0.9 0.132785 99.8138 0.164731 0.00780138
0.45 0.925 -0.0296582 99.8057 0.110988 0.00651286
0.45 0.95 -0.155242 99.8014 0.0671901 0.00542581
0.45 0.975 -0.210177 99.801 0.033868 0.00478829
0.45 1 -0.201108 99.7966 1.35973e-11 0.00526144
0.475 0 -0.0399864 99.8226 -1.06594e-10 0.00573041
0.475 0.025 -0.0606619 99.8256 -0.0409501 0.00525519
0.475 0.05 0.00944385 99.8301 -0.0811817 0.00582588
0.475 0.075 0.160525 99.8424 -0.132155 0.00674695
0.475 0.1 0.352634 99.8614 -0.192892 0.00779621
0.475 0.125 0.658231 99.8936 -0.272397 0.0093466
0.475 0.15 1.06246 99.9447 -0.373655 0.0109293
0.475 0.175 1.62665 100.023 -0.5062 0.0127731
0.475 0.2 2.37937 100.143 -0.677413 0.014336
0.475 0.225 3.38619 100.316 -0.899301 0.0154243
0.475 0.25 4.71763 100.56 -1.18342 0.015078
0.475 0.275 6.46201 100.875 -1.54175 0.012191
0.475 0.3 8.72766 101.227 -1.9787 0.00474216
0.475 0.325 11.6172 101.512 -2.48059 -0.00967451
0.475 0.35 15.2204 101.537 -2.99829 -0.0335991
0.475 0.375 19.5413 101.049 -3.43208 -0.0680537
0.475 0.4 24.4492 99.8599 -3.63246 -0.110848
0.475 0.425 29.5701 98.0181 -3.43326 -0.155625
0.475 0.45 34.2547 95.9261 -2.72106 -0.193757
0.475 0.475 37.6213 94.2451 -1.51428 -0.218377
0.475 0.5 38.8598 93.6 -3.41589e-14 -0.226725
0.475 0.525 37.6213 94.2451 1.51428 -0.218377
0.475 0.55 34.2547 95.9261 2.72106 -0.193757
0.475 0.575 29.5701 98.0181 3.43326 -0.155625
0.475 0.6 24.4492 99.8599 3.63246 -0.110848
0.475 0.625 19.5413 101.049 3.43208 -0.0680537
0.475 0.65 15.2204 101.537 2.99829 -0.0335991
0.475 0.675 11.6172 101.512 2.48059 -0.00967451
0.475 0.7 8.72766 101.227 1.9787 0.00474216
0.475 0.725 6.46201 100.875 1.54175 0.012191
0.475 0.75 4.71763 100.56 1.18342 0.015078
0.475 0.775 3.38619 100.316 0.899301 0.0154243
0.475 0.8 2.37937 100.143 0.677413 0.014336
0.475 0.825 1.62665 100.023 0.5062 0.0127731
0.475 0.85 1.06246 99.9447 0.373655 0.0109293
0.475 0.875 0.658231 99.8936 0.272397 0.0093466
0.475 0.9 0.352634 99.8614 0.192892 0.00779621
0.475 0.925 0.160525 99.8424 0.132155 0.00674695
0.475 0.95 0.00944385 99.8301 0.0811817 0.00582588
0.475 0.975 -0.0606619 99.8256 0.0409501 0.00525519
0.475 1 -0.0399864 99.8226 -1.06594e-10 0.00573041
0.5 0 0.125926 99.854 -2.20074e-10 0.00598177
0.5 0.025 0.0939288 99.8554 -0.046702 0.00552481
0.5 0.05 0.177061 99.8641 -0.0924894 0.00599381
0.5 0.075 0.348632 99.8848 -0.148661 0.00668392
0.5 0.1 0.563336 99.9147 -0.213647 0.00741248
0.5 0.125 0.901672 99.9633 -0.295947 0.00842757
0.5 0.15 1.3365 100.036 -0.396995 0.00922254
0.5 0.175 1.93315 100.143 -0.524364 0.00986885
0.5 0.2 2.70454 100.3 -0.681475 0.00964746
0.5 0.225 3.70819 100.522 -0.874537 0.00807707
0.5 0.25 4.98608 100.827 -1.10577 0.00378537
0.5 0.275 6.5929 101.216 -1.37499 -0.00490744
0.5 0.3 8.5785 101.652 -1.67315 -0.0208016
0.5 0.325 10.9752 102.02 -1.97916 -0.0472277
0.5 0.35 13.7931 102.108 -2.25387 -0.0876891
0.5 0.375 16.9831 101.64 -2.43829 -0.143857
0.5 0.4 20.4283 100.406 -2.45756 -0.213392
0.5 0.425 23.8852 98.4591 -2.23624 -0.2882
0.5 0.45 26.9712 96.2326 -1.72707 -0.355605
0.5 0.475 29.1616 94.4397 -0.947285 -0.402325
0.5 0.5 29.965 93.7513 3.57897e-13 -0.419
0.5 0.525 29.1616 94.4397 0.947285 -0.402325
0.5 0.55 26.9712 96.2326 1.72707 -0.355605
0.5 0.575 23.8852 98.4591 2.23624 -0.2882
0.5 0.6 20.4283 100.406 2.45756 -0.213392
0.5 0.625 16.9831 101.64 2.43829 -0.143857
0.5 0.65 13.7931 102.108 2.25387 -0.0876891
0.5 0.675 10.9752 102.02 1.97916 -0.0472277
0.5 0.7 8.5785 101.652 1.67315 -0.0208016
0.5 0.725 6.5929 101.216 1.37499 -0.00490744
0.5 0.75 4.98608 100.827 1.10577 0.00378537
0.5 0.775 3.70819 100.522 0.874537 0.00807707
0.5 0.8 2.70454 100.3 0.681475 0.00964746
0.5 0.825 1.93315 100.143 0.524364 0.00986885
0.5 0.85 1.3365 100.036 0.396995 0.00922254
0.5 0.875 0.901672 99.9633 0.295947 0.00842757
0.5 0.9 0.563336 99.9147 0.213647 0.00741248
0.5 0.925 0.348632 99.8848 0.148661 0.00668392
0.5 0.95 0.177061 99.8641 0.0924894 0.00599381
0.5 0.975 0.0939288 99.8554 0.046702 0.00552481
0.5 1 0.125926 99.854 -2.20074e-10 0.00598177
0.525 0 0.290484 99.8898 -3.23344e-10 0.00600152
0.525 0.025 0.247956 99.8894 -0.050727 0.00558339
0.525 0.05 0.34117 99.9022 -0.100332 0.0059222
0.525 0.075 0.526782 99.9309 -0.159299 0.0063324
0.525 0.1 0.755286 99.9709 -0.225373 0.00668548
0.525 0.125 1.11184 100.035 -0.305929 0.00708824
0.525 0.15 1.55645 100.125 -0.400358 0.00702671
0.525 0.175 2.15453 100.256 -0.513361 0.006425
0.525 0.2 2.89971 100.441 -0.643343 0.00445431
0.525 0.225 3.8353 100.695 -0.789272 0.000445592
0.525 0.25 4.96691 101.035 -0.942441 -0.00717224
0.525 0.275 6.30526 101.456 -1.08895 -0.0202951
0.525 0.3 7.82902 101.919 -1.20557 -0.0419206
0.525 0.325 9.48582 102.3 -1.26494 -0.075502
0.525 0.35 11.1915 102.384 -1.24236 -0.124597
0.525 0.375 12.832 101.891 -1.1288 -0.190843
0.525 0.4 14.3011 100.617 -0.938542 -0.271806
0.525 0.425 15.5082 98.621 -0.704722 -0.359008
0.525 0.45 16.4073 96.3462 -0.461356 -0.438628
0.525 0.475 16.9623 94.5172 -0.226447 -0.494886
0.525 0.5 17.1535 93.8155 7.42086e-13 -0.515251
0.525 0.525 16.9623 94.5172 0.226447 -0.494886
0.525 0.55 16.4073 96.3462 0.461356 -0.438628
0.525 0.575 15.5082 98.621 0.704722 -0.359008
0.525 0.6 14.3011 100.617 0.938542 -0.271806
0.525 0.625 12.832 101.891 1.1288 -0.190843
0.525 0.65 11.1915 102.384 1.24236 -0.124597
0.525 0.675 9.48582 102.3 1.26494 -0.075502
0.525 0.7 7.82902 101.919 1.20557 -0.0419206
0.525 0.725 6.30526 101.456 1.08895 -0.0202951
0.525 0.75 4.96691 101.035 0.942441 -0.00717224
0.525 0.775 3.8353 100.695 0.789272 0.000445592
0.525 0.8 2.89971 100.441 0.643343 0.00445431
0.525 0.825 2.15453 100.256 0.513361 0.006425
0.525 0.85 1.55645 100.125 0.400358 0.00702671
0.525 0.875 1.11184 100.035 0.305929 0.00708824
0.525 0.9 0.755286 99.9709 0.225373 0.00668548
0.525 0.925 0.526782 99.9309 0.159299 0.0063324
0.525 0.95 0.34117 99.9022 0.100332 0.0059222
0.525 0.975 0.247956 99.8894 0.050727 0.00558339
0.525 1 0.290484 99.8898 -3.23344e-10 0.00600152
0.55 0 0.447537 99.9286 -4.13959e-10 0.00579302
0.55 0.025 0.395757 99.9263 -0.0527559 0.00543266
0.55 0.05 0.495516 99.9428 -0.104193 0.00562257
0.55 0.075 0.687769 99.9785 -0.163355 0.00572642
0.55 0.1 0.920329 100.027 -0.227288 0.00568357
0.55 0.125 1.27939 100.103 -0.301756 0.00545672
0.55 0.15 1.71245 100.207 -0.383903 0.00456491
0.55 0.175 2.28166 100.353 -0.475157 0.00281659
0.55 0.2 2.95975 100.553 -0.568822 -0.000631361
0.55 0.225 3.77287 100.818 -0.656837 -0.00649604
0.55 0.25 4.68859 101.159 -0.720673 -0.0162825
0.55 0.275 5.67356 101.567 -0.73502 -0.0316864
0.55 0.3 6.63873 101.992 -0.666174 -0.0552538
0.55 0.325 7.45542 102.312 -0.484648 -0.0896818
0.55 0.35 7.95758 102.32 -0.18264 -0.13755
0.55 0.375 7.97953 101.757 0.201172 -0.199559
0.55 0.4 7.43442 100.446 0.57163 -0.272902
0.55 0.425 6.38262 98.455 0.798042 -0.349794
0.55 0.45 5.10154 96.2171 0.772261 -0.418467
0.55 0.475 4.02938 94.4277 0.474257 -0.466179
0.55 0.5 3.61119 93.7422 1.0589e-12 -0.483292
0.55 0.525 4.02938 94.4277 -0.474257 -0.466179
0.55 0.55 5.10154 96.2171 -0.772261 -0.418467
0.55 0.575 6.38262 98.455 -0.798042 -0.349794
0.55 0.6 7.43442 100.446 -0.57163 -0.272902
0.55 0.625 7.97953 101.757 -0.201172 -0.199559
0.55 0.65 7.95758 102.32 0.18264 -0.13755
0.55 0.675 7.45542 102.312 0.484648 -0.0896818
0.55 0.7 6.63873 101.992 0.666174 -0.0552538
0.55 0.725 5.67356 101.567 0.73502 -0.0316864
0.55 0.75 4.68859 101.159 0.720673 -0.0162825
0.55 0.775 3.77287 100.818 0.656837 -0.00649604
0.55 0.8 2.95975 100.553 0.568822 -0.000631361
0.55 0.825 2.28166 100.353 0.475157 0.00281659
0.55 0.85 1.71245 100.207 0.383903 0.00456491
0.55 0.875 1.27939 100.103 0.301756 0.00545672
0.55 0.9 0.920329 100.027 0.227288 0.00568357
0.55 0.925 0.687769 99.9785 0.163355 0.00572642
0.55 0.95 0.495516 99.9428 0.104193 0.00562257
0.55 0.975 0.395757 99.9263 0.0527559 0.00543266
0.55 1 0.447537 99.9286 -4.13959e-10 0.00579302
0.575 0 0.591362 99.9688 -4.8977e-10 0.00537561
0.575 0.025 0.532027 99.9647 -0.052679 0.00508868
0.575 0.05 0.634472 99.9843 -0.103877 0.00512258
0.575 0.075 0.825622 100.025 -0.160683 0.00491875
0.575 0.1 1.05243 100.08 -0.219529 0.00449479
0.575 0.125 1.39862 100.164 -0.284277 0.00367903
0.575 0.15 1.80056 100.276 -0.349969 0.00206584
0.575 0.175 2.31468 100.429 -0.414922 -0.000610167
0.575 0.2 2.89382 100.628 -0.468217 -0.00510941
0.575 0.225 3.54736 100.884 -0.49648 -0.0120663
0.575 0.25 4.20957 101.196 -0.474699 -0.0226962
0.575 0.275 4.81228 101.548 -0.37137 -0.0381795
0.575 0.3 5.21641 101.884 -0.149042 -0.0601574
0.575 0.325 5.24428 102.087 0.218038 -0.0900027
0.575 0.35 4.683 101.969 0.720595 -0.128683
0.575 0.375 3.35035 101.313 1.28374 -0.175468
0.575 0.4 1.19734 99.9797 1.75737 -0.227147
0.575 0.425 -1.58505 98.0539 1.94793 -0.27752
0.575 0.45 -4.48005 95.9367 1.70094 -0.319115
0.575 0.475 -6.7263 94.2602 0.997292 -0.345873
0.575 0.5 -7.57835 93.6201 1.49105e-12 -0.354987
0.575 0.525 -6.7263 94.2602 -0.997292 -0.345873
0.575 0.55 -4.48005 95.9367 -1.70094 -0.319115
0.575 0.575 -1.58505 98.0539 -1.94793 -0.27752
0.575 0.6 1.19734 99.9797 -1.75737 -0.227147
0.575 0.625 3.35035 101.313 -1.28374 -0.175468
0.575 0.65 4.683 101.969 -0.720595 -0.128683
0.575 0.675 5.24428 102.087 -0.218038 -0.0900027
0.575 0.7 5.21641 101.884 0.149042 -0.0601574
0.575 0.725 4.81228 101.548 0.37137 -0.0381795
0.575 0.75 4.20957 101.196 0.474699 -0.0226962
0.575 0.775 3.54736 100.884 0.49648 -0.0120663
0.575 0.8 2.89382 100.628 0.468217 -0.00510941
0.575 0.825 2.31468 100.429 0.414922 -0.000610167
0.575 0.85 1.80056 100.276 0.349969 0.00206584
0.575 0.875 1.39862 100.164 0.284277 0.00367903
0.575 0.9 1.05243 100.08 0.219529 0.00449479
0.575 0.925 0.825622 100.025 0.160683 0.00491875
0.575 0.95 0.634472 99.9843 0.103877 0.00512258
0.575 0.975 0.532027 99.9647 0.052679 0.00508868
0.575 1 0.591362 99.9688 -4.8977e-10 0.00537561
0.6 0 0.717033 100.009 -5.48064e-10 0.00478162
0.6 0.025 0.652159 100.003 -0.0505525 0.00457924
0.6 0.05 0.753404 100.025 -0.0995218 0.00446159
0.6 0.075 0.935982 100.069 -0.15169 0.00397237
0.6 0.1 1.148 100.128 -0.203057 0.00321236
0.6 0.125 1.46758 100.216 -0.255503 0.0018944
0.6 0.15 1.82228 100.329 -0.30241 -0.000275866
0.6 0.175 2.26154 100.478 -0.339601 -0.00359803
0.6 0.2 2.7213 100.665 -0.353446 -0.00867514
0.6 0.225 3.19745 100.893 -0.327787 -0.0159752
0.6 0.25 3.59985 101.155 -0.235413 -0.0263037
0.6 0.275 3.84023 101.424 -0.0446674 -0.0402075
0.6 0.3 3.75409 101.642 0.278563 -0.0583071
0.6 0.325 3.14947 101.702 0.751157 -0.080594
0.6 0.35 1.80891 101.447 1.34887 -0.106469
0.6 0.375 -0.42739 100.706 1.97641 -0.133991
0.6 0.4 -3.55544 99.388 2.46108 -0.160003
0.6 0.425 -7.29113 97.5899 2.58931 -0.180551
0.6 0.45 -10.9975 95.6693 2.19598 -0.193029
0.6 0.475 -13.7899 94.1695 1.26866 -0.198064
0.6 0.5 -14.8349 93.6001 1.5965e-12 -0.199061
0.6 0.525 -13.7899 94.1695 -1.26866 -0.198064
0.6 0.55 -10.9975 95.6693 -2.19598 -0.193029
0.6 0.575 -7.29113 97.5899 -2.58931 -0.180551
0.6 0.6 -3.55544 99.388 -2.46108 -0.160003
0.6 0.625 -0.42739 100.706 -1.97641 -0.133991
0.6 0.65 1.80891 101.447 -1.34887 -0.106469
0.6 0.675 3.14947 101.702 -0.751157 -0.080594
0.6 0.7 3.75409 101.642 -0.278563 -0.0583071
0.6 0.725 3.84023 101.424 0.0446674 -0.0402075
0.6 0.75 3.59985 101.155 0.235413 -0.0263037
0.6 0.775 3.19745 100.893 0.327787 -0.0159752
0.6 0.8 2.7213 100.665 0.353446 -0.00867514
0.6 0.825 2.26154 100.478 0.339601 -0.00359803
0.6 0.85 1.82228 100.329 0.30241 -0.000275866
0.6 0.875 1.46758 100.216 0.255503 0.0018944
0.6 0.9 1.148 100.128 0.203057 0.00321236
0.6 0.925 0.935982 100.069 0.15169 0.00397237
0.6 0.95 0.753404 100.025 0.0995218 0.00446159
0.6 0.975 0.652159 100.003 0.0505525 0.00457924
0.6 1 0.717033 100.009 -5.48064e-10 0.00478162
0.625 0 0.820681 100.047 -5.88627e-10 0.00405157
0.625 0.025 0.752478 100.04 -0.0465792 0.00393964
0.625 0.05 0.848882 100.063 -0.0915522 0.00368482
0.625 0.075 1.01622 100.109 -0.13723 0.00295123
0.625 0.1 1.20583 100.168 -0.179428 0.00192114
0.625 0.125 1.4876 100.255 -0.218152 0.000216008
0.625 0.15 1.78343 100.363 -0.245753 -0.00232388
0.625 0.175 2.13527 100.502 -0.256395 -0.00600317
0.625 0.2 2.46666 100.667 -0.235432 -0.0112274
0.625 0.225 2.76455 100.856 -0.166443 -0.0182729
0.625 0.25 2.92482 101.053 -0.0238572 -0.027528
0.625 0.275 2.85413 101.23 0.219287 -0.0389744
0.625 0.3 2.38575 101.327 0.588762 -0.0523923
0.625 0.325 1.34346 101.251 1.09004 -0.0667559
0.625 0.35 -0.461323 100.879 1.68794 -0.0804495
0.625 0.375 -3.1398 100.089 2.28185 -0.090997
0.625 0.4 -6.63423 98.8335 2.70428 -0.095866
0.625 0.425 -10.6145 97.2179 2.75694 -0.0934291
0.625 0.45 -14.4339 95.548 2.29299 -0.084944
0.625 0.475 -17.2467 94.267 1.31072 -0.0752897
0.625 0.5 -18.2872 93.7844 1.95674e-12 -0.0710173
0.625 0.525 -17.2467 94.267 -1.31072 -0.0752897
0.625 0.55 -14.4339 95.548 -2.29299 -0.084944
0.625 0.575 -10.6145 97.2179 -2.75694 -0.0934291
0.625 0.6 -6.63423 98.8335 -2.70428 -0.095866
0.625 0.625 -3.1398 100.089 -2.28185 -0.090997
0.625 0.65 -0.461323 100.879 -1.68794 -0.0804495
0.625 0.675 1.34346 101.251 -1.09004 -0.0667559
0.625 0.7 2.38575 101.327 -0.588762 -0.0523923
0.625 0.725 2.85413 101.23 -0.219287 -0.0389744
0.625 0.75 2.92482 101.053 0.0238572 -0.027528
0.625 0.775 2.76455 100.856 0.166443 -0.0182729
0.625 0.8 2.46666 100.667 0.235432 -0.0112274
0.625 0.825 2.13527 100.502 0.256395 -0.00600317
0.625 0.85 1.78343 100.363 0.245753 -0.00232388
0.625 0.875 1.4876 100.255 0.218152 0.000216008
0.625 0.9 1.20583 100.168 0.179428 0.00192114
0.625 0.925 1.01622 100.109 0.13723 0.00295123
0.625 0.95 0.848882 100.063 0.0915522 0.00368482
0.625 0.975 0.752478 100.04 0.0465792 0.00393964
0.625 1 0.820681 100.047 -5.88627e-10 0.00405157
0.65 0 0.899643 100.082 -6.13063e-10 0.00322964
0.65 0.025 0.830384 100.073 -0.0410722 0.00320881
0.65 0.05 0.918765 100.096 -0.0806022 0.00283844
0.65 0.075 1.06541 100.142 -0.118452 0.00191381
0.65 0.1 1.22676 100.199 -0.150527 0.000690148
0.65 0.125 1.46261 100.282 -0.175193 -0.00127667
0.65 0.15 1.6926 100.381 -0.184442 -0.00400346
0.65 0.175 1.95133 100.503 -0.171626 -0.0077836
0.65 0.2 2.15499 100.638 -0.122562 -0.0128183
0.65 0.225 2.2861 100.783 -0.0224797 -0.0192151
0.65 0.25 2.2361 100.914 0.15001 -0.0270142
0.65 0.275 1.91827 101.002 0.414559 -0.0358059
0.65 0.3 1.18017 100.992 0.786673 -0.0448518
0.65 0.325 -0.120481 100.807 1.26091 -0.0526261
0.65 0.35 -2.12631 100.356 1.79603 -0.0571653
0.65 0.375 -4.89219 99.5626 2.29726 -0.0561153
0.65 0.4 -8.31899 98.4127 2.6196 -0.0478552
0.65 0.425 -12.0731 97.013 2.59985 -0.0325355
0.65 0.45 -15.572 95.6155 2.12423 -0.0135554
0.65 0.475 -18.0965 94.5651 1.20197 0.00266386
0.65 0.5 -19.0205 94.1732 2.13424e-12 0.00910898
0.65 0.525 -18.0965 94.5651 -1.20197 0.00266386
0.65 0.55 -15.572 95.6155 -2.12423 -0.0135554
0.65 0.575 -12.0731 97.013 -2.59985 -0.0325355
0.65 0.6 -8.31899 98.4127 -2.6196 -0.0478552
0.65 0.625 -4.89219 99.5626 -2.29726 -0.0561153
0.65 0.65 -2.12631 100.356 -1.79603 -0.0571653
0.65 0.675 -0.120481 100.807 -1.26091 -0.0526261
0.65 0.7 1.18017 100.992 -0.786673 -0.0448518
0.65 0.725 1.91827 101.002 -0.414559 -0.0358059
0.65 0.75 2.2361 100.914 -0.15001 -0.0270142
0.65 0.775 2.2861 100.783 0.0224797 -0.0192151
0.65 0.8 2.15499 100.638 0.122562 -0.0128183
0.65 0.825 1.95133 100.503 0.171626 -0.0077836
0.65 0.85 1.6926 100.381 0.184442 -0.00400346
0.65 0.875 1.46261 100.282 0.175193 -0.00127667
0.65 0.9 1.22676 100.199 0.150527 0.000690148
0.65 0.925 1.06541 100.142 0.118452 0.00191381
0.65 0.95 0.918765 100.096 0.0806022 0.00283844
0.65 0.975 0.830384 100.073 0.0410722 0.00320881
0.65 1 0.899643 100.082 -6.13063e-10 0.00322964
0.675 0 0.952475 100.112 -6.2245e-10 0.00235888
0.675 0.025 0.884372 100.103 -0.0344081 0.00242504
0.675 0.05 0.962151 100.125 -0.0674227 0.0019649
0.675 0.075 1.08404 100.168 -0.0966361 0.000907672
0.675 0.1 1.21325 100.221 -0.118303 -0.000432295
0.675 0.125 1.39812 100.297 -0.129449 -0.00254
0.675 0.15 1.5596 100.382 -0.122319 -0.00529502
0.675 0.175 1.72528 100.483 -0.0901478 -0.00897387
0.675 0.2 1.80887 100.587 -0.0202736 -0.0135915
0.675 0.225 1.79211 100.686 0.0993402 -0.0191326
0.675 0.25 1.56927 100.757 0.284813 -0.0253905
0.675 0.275 1.06731 100.768 0.548039 -0.0317537
0.675 0.3 0.156562 100.673 0.89494 -0.0372713
0.675 0.325 -1.26518 100.413 1.31172 -0.040354
0.675 0.35 -3.29257 99.9252 1.75572 -0.0391866
0.675 0.375 -5.93066 99.1664 2.14422 -0.0319182
0.675 0.4 -9.05643 98.1479 2.36121 -0.0177861
0.675 0.425 -12.3611 96.9703 2.28373 0.00205565
0.675 0.45 -15.3585 95.8345 1.83294 0.0235885
0.675 0.475 -17.48 94.999 1.02629 0.0406616
0.675 0.5 -18.249 94.6905 2.26325e-12 0.0472044
0.675 0.525 -17.48 94.999 -1.02629 0.0406616
0.675 0.55 -15.3585 95.8345 -1.83294 0.0235885
0.675 0.575 -12.3611 96.9703 -2.28373 0.00205565
0.675 0.6 -9.05643 98.1479 -2.36121 -0.0177861
0.675 0.625 -5.93066 99.1664 -2.14422 -0.0319182
0.675 0.65 -3.29257 99.9252 -1.75572 -0.0391866
0.675 0.675 -1.26518 100.413 -1.31172 -0.040354
0.675 0.7 0.156562 100.673 -0.89494 -0.0372713
0.675 0.725 1.06731 100.768 -0.548039 -0.0317537
0.675 0.75 1.56927 100.757 -0.284813 -0.0253905
0.675 0.775 1.79211 100.686 -0.0993402 -0.0191326
0.675 0.8 1.80887 100.587 0.0202736 -0.0135915
0.675 0.825 1.72528 100.483 0.0901478 -0.00897387
0.675 0.85 1.5596 100.382 0.122319 -0.00529502
0.675 0.875 1.39812 100.297 0.129449 -0.00254
0.675 0.9 1.21325 100.221 0.118303 -0.000432295
0.675 0.925 1.08404 100.168 0.0966361 0.000907672
0.675 0.95 0.962151 100.125 0.0674227 0.0019649
0.675 0.975 0.884372 100.103 0.0344081 0.00242504
0.675 1 0.952475 100.112 -6.2245e-10 0.00235888
0.7 0 0.978885 100.137 -6.17156e-10 0.00147835
0.7 0.025 0.913977 100.127 -0.0269856 0.00162349
0.7 0.05 0.979251 100.148 -0.0527986 0.00110075
0.7 0.075 1.07379 100.187 -0.0730568 -3.11166e-05
0.7 0.1 1.16884 100.234 -0.0845768 -0.00141628
0.7 0.125 1.30057 100.299 -0.0833622 -0.0035583
0.7 0.15 1.39443 100.37 -0.0623855 -0.00621603
0.7 0.175 1.47143 100.449 -0.0152494 -0.00965017
0.7 0.2 1.44706 100.521 0.068592 -0.013721
0.7 0.225 1.30463 100.577 0.198096 -0.0183411
0.7 0.25 0.946089 100.594 0.384154 -0.0231523
0.7 0.275 0.314861 100.545 0.631897 -0.0274923
0.7 0.3 -0.693799 100.389 0.939798 -0.0304075
0.7 0.325 -2.14445 100.086 1.28901 -0.0305047
0.7 0.35 -4.09087 99.5936 1.63892 -0.026355
0.7 0.375 -6.50135 98.8944 1.921 -0.0167076
0.7 0.4 -9.24495 98.0139 2.04731 -0.0014362
0.7 0.425 -12.051 97.042 1.93091 0.0179319
0.7 0.45 -14.5318 96.135 1.52222 0.0376678
0.7 0.475 -16.2562 95.4821 0.843161 0.0527063
0.7 0.5 -16.8754 95.2436 2.26195e-12 0.058351
0.7 0.525 -16.2562 95.4821 -0.843161 0.0527063
0.7 0.55 -14.5318 96.135 -1.52222 0.0376678
0.7 0.575 -12.051 97.042 -1.93091 0.0179319
0.7 0.6 -9.24495 98.0139 -2.04731 -0.0014362
0.7 0.625 -6.50135 98.8944 -1.921 -0.0167076
0.7 0.65 -4.09087 99.5936 -1.63892 -0.026355
0.7 0.675 -2.14445 100.086 -1.28901 -0.0305047
0.7 0.7 -0.693799 100.389 -0.939798 -0.0304075
0.7 0.725 0.314861 100.545 -0.631897 -0.0274923
0.7 0.75 0.946089 100.594 -0.384154 -0.0231523
0.7 0.775 1.30463 100.577 -0.198096 -0.0183411
0.7 0.8 1.44706 100.521 -0.068592 -0.013721
0.7 0.825 1.47143 100.449 0.0152494 -0.00965017
0.7 0.85 1.39443 100.37 0.0623855 -0.00621603
0.7 0.875 1.30057 100.299 0.0833622 -0.0035583
0.7 0.9 1.16884 100.234 0.0845768 -0.00141628
0.7 0.925 1.07379 100.187 0.0730568 -3.11165e-05
0.7 0.95 0.979251 100.148 0.0527986 0.00110075
0.7 0.975 0.913977 100.127 0.0269856 0.00162349
0.7 1 0.978885 100.137 -6.17156e-10 0.00147835
0.725 0 0.979571 100.156 -5.98911e-10 0.000620425
0.725 0.025 0.919652 100.146 -0.0191844 0.000833869
0.725 0.05 0.971186 100.165 -0.0374704 0.000274463
0.725 0.075 1.03716 100.199 -0.0488675 -0.000879641
0.725 0.1 1.09766 100.239 -0.0509029 -0.0022501
0.725 0.125 1.17649 100.292 -0.0388566 -0.00434007
0.725 0.15 1.20629 100.346 -0.00674811 -0.00681079
0.725 0.175 1.20189 100.402 0.0511758 -0.00991062
0.725 0.2 1.08391 100.444 0.143133 -0.0133817
0.725 0.225 0.83842 100.464 0.275171 -0.0171074
0.725 0.25 0.377806 100.437 0.453646 -0.0206518
0.725 0.275 -0.338245 100.342 0.678542 -0.0233967
0.725 0.3 -1.39121 100.147 0.943374 -0.0244939
0.725 0.325 -2.81458 99.8242 1.22722 -0.0228449
0.725 0.35 -4.63165 99.3494 1.49361 -0.0174446
0.725 0.375 -6.78751 98.7206 1.68773 -0.00756589
0.725 0.4 -9.1547 97.9699 1.74518 0.00652301
0.725 0.425 -11.5032 97.1748 1.60708 0.0232926
0.725 0.45 -13.5311 96.4552 1.24511 0.0396594
0.725 0.475 -14.917 95.9477 0.682402 0.0517874
0.725 0.5 -15.4106 95.7641 2.25637e-12 0.0562715
0.725 0.525 -14.917 95.9477 -0.682402 0.0517874
0.725 0.55 -13.5311 96.4552 -1.24511 0.0396594
0.725 0.575 -11.5032 97.1748 -1.60708 0.0232926
0.725 0.6 -9.1547 97.9699 -1.74518 0.00652301
0.725 0.625 -6.78751 98.7206 -1.68773 -0.00756589
0.725 0.65 -4.63165 99.3494 -1.49361 -0.0174446
0.725 0.675 -2.81458 99.8242 -1.22722 -0.0228449
0.725 0.7 -1.39121 100.147 -0.943374 -0.0244939
0.725 0.725 -0.338245 100.342 -0.678542 -0.0233967
0.725 0.75 0.377806 100.437 -0.453646 -0.0206518
0.725 0.775 0.83842 100.464 -0.275171 -0.0171074
0.725 0.8 1.08391 100.444 -0.143133 -0.0133817
0.725 0.825 1.20189 100.402 -0.0511758 -0.00991062
0.725 0.85 1.20629 100.346 0.00674811 -0.00681079
0.725 0.875 1.17649 100.292 0.0388566 -0.00434007
0.725 0.9 1.09766 100.239 0.0509029 -0.0022501
0.725 0.925 1.03716 100.199 0.0488675 -0.000879641
0.725 0.95 0.971186 100.165 0.0374704 0.000274463
0.725 0.975 0.919652 100.146 0.0191844 0.000833869
0.725 1 0.979571 100.156 -5.98911e-10 0.000620426
0.75 0 0.956048 100.169 -5.70769e-10 -0.000189675
0.75 0.025 0.902606 100.159 -0.0113449 7.95898e-05
0.75 0.05 0.939801 100.175 -0.0220972 -0.000492951
0.75 0.075 0.97722 100.203 -0.0250521 -0.0016244
0.75 0.1 1.00416 100.235 -0.018528 -0.00293262
0.75 0.125 1.03223 100.276 0.00265819 -0.00490462
0.75 0.15 1.00342 100.314 0.0432698 -0.00713058
0.75 0.175 0.926582 100.348 0.108307 -0.00984943
0.75 0.2 0.729978 100.363 0.203716 -0.0127207
0.75 0.225 0.402706 100.351 0.333082 -0.0156299
0.75 0.25 -0.13119 100.29 0.499157 -0.0181133
0.75 0.275 -0.89766 100.163 0.698442 -0.0196447
0.75 0.3 -1.95821 99.9454 0.921654 -0.0195165
0.75 0.325 -3.32286 99.6198 1.14796 -0.0169242
0.75 0.35 -4.99422 99.1742 1.34598 -0.0112208
0.75 0.375 -6.90524 98.6164 1.47278 -0.00206473
0.75 0.4 -8.93854 97.9799 1.48219 0.010075
0.75 0.425 -10.9017 97.3297 1.33544 0.023832
0.75 0.45 -12.5615 96.7571 1.01816 0.0367973
0.75 0.475 -13.6787 96.3606 0.552527 0.046189
0.75 0.5 -14.0737 96.2186 2.32805e-12 0.0496178
0.75 0.525 -13.6787 96.3606 -0.552527 0.046189
0.75 0.55 -12.5615 96.7571 -1.01816 0.0367973
0.75 0.575 -10.9017 97.3297 -1.33544 0.023832
0.75 0.6 -8.93854 97.9799 -1.48219 0.010075
0.75 0.625 -6.90524 98.6164 -1.47278 -0.00206473
0.75 0.65 -4.99422 99.1742 -1.34598 -0.0112208
0.75 0.675 -3.32286 99.6198 -1.14796 -0.0169242
0.75 0.7 -1.95821 99.9454 -0.921654 -0.0195165
0.75 0.725 -0.89766 100.163 -0.698442 -0.0196447
0.75 0.75 -0.13119 100.29 -0.499157 -0.0181133
0.75 0.775 0.402706 100.351 -0.333082 -0.0156299
0.75 0.8 0.729978 100.363 -0.203716 -0.0127207
0.75 0.825 0.926582 100.348 -0.108307 -0.00984943
0.75 0.85 1.00342 100.314 -0.0432698 -0.00713058
0.75 0.875 1.03223 100.276 -0.00265819 -0.00490462
0.75 0.9 1.00416 100.235 0.018528 -0.00293262
0.75 0.925 0.97722 100.203 0.0250521 -0.0016244
0.75 0.95 0.939801 100.175 0.0220972 -0.000492951
0.75 0.975 0.902606 100.159 0.0113449 7.95898e-05
0.75 1 0.956048 100.169 -5.70769e-10 -0.000189675
0.775 0 0.910441 100.176 -5.32178e-10 -0.000934128
0.775 0.025 0.864642 100.166 -0.00374382 -0.000621889
0.775 0.05 0.887432 100.179 -0.00721063 -0.00118814
0.775 0.075 0.897288 100.201 -0.00237088 -0.00226217
0.775 0.1 0.89265 100.224 0.0116487 -0.00347452
0.775 0.125 0.87347 100.253 0.0402772 -0.00528369
0.775 0.15 0.792528 100.275 0.0870135 -0.00723511
0.775 0.175 0.652918 100.29 0.156112 -0.0095603
0.775 0.2 0.392216 100.281 0.25146 -0.0118663
0.775 0.225 0.00216604 100.243 0.374723 -0.0140609
0.775 0.25 -0.581274 100.156 0.525979 -0.0156825
0.775 0.275 -1.37231 100.008 0.699643 -0.0163136
0.775 0.3 -2.41608 99.7795 0.885239 -0.0153832
0.775 0.325 -3.70601 99.4619 1.06336 -0.0123367
0.775 0.35 -5.2318 99.0507 1.20774 -0.00679061
0.775 0.375 -6.92195 98.5593 1.28526 0.00134323
0.775 0.4 -8.67214 98.0192 1.26313 0.0115242
0.775 0.425 -10.3223 97.4845 1.11634 0.0225961
0.775 0.45 -11.6923 97.0247 0.839039 0.032721
0.775 0.475 -12.6021 96.7116 0.451315 0.0399127
0.775 0.5 -12.9218 96.6004 2.25293e-12 0.0425091
0.775 0.525 -12.6021 96.7116 -0.451315 0.0399127
0.775 0.55 -11.6923 97.0247 -0.839039 0.032721
0.775 0.575 -10.3223 97.4845 -1.11634 0.0225961
0.775 0.6 -8.67214 98.0192 -1.26313 0.0115242
0.775 0.625 -6.92195 98.5593 -1.28526 0.00134323
0.775 0.65 -5.2318 99.0507 -1.20774 -0.00679061
0.775 0.675 -3.70601 99.4619 -1.06336 -0.0123367
0.775 0.7 -2.41608 99.7795 -0.885239 -0.0153832
0.775 0.725 -1.37231 100.008 -0.699643 -0.0163136
0.775 0.75 -0.581274 100.156 -0.525979 -0.0156825
0.775 0.775 0.00216604 100.243 -0.374723 -0.0140609
0.775 0.8 0.392216 100.281 -0.25146 -0.0118663
0.775 0.825 0.652918 100.29 -0.156112 -0.0095603
0.775 0.85 0.792528 100.275 -0.0870135 -0.00723511
0.775 0.875 0.87347 100.253 -0.0402772 -0.00528369
0.775 0.9 0.89265 100.224 -0.0116487 -0.00347452
0.775 0.925 0.897288 100.201 0.00237088 -0.00226217
0.775 0.95 0.887432 100.179 0.00721063 -0.00118814
0.775 0.975 0.864642 100.166 0.00374382 -0.000621889
0.775 1 0.910441 100.176 -5.32178e-10 -0.000934128
0.8 0 0.845276 100.177 -4.86145e-10 -0.00160248
0.8 0.025 0.807948 100.168 0.00339749 -0.00126021
0.8 0.05 0.816734 100.178 0.00676558 -0.00180408
0.8 0.075 0.800812 100.193 0.0186 -0.00279412
0.8 0.1 0.767319 100.208 0.0390003 -0.00388751
0.8 0.125 0.705358 100.225 0.0734688 -0.00550483
0.8 0.15 0.579337 100.232 0.124284 -0.00717093
0.8 0.175 0.386707 100.229 0.195028 -0.00911071
0.8 0.2 0.0753648 100.201 0.287821 -0.0109038
0.8 0.225 -0.361045 100.142 0.402939 -0.0124905
0.8 0.25 -0.974988 100.036 0.538583 -0.013429
0.8 0.275 -1.77169 99.875 0.688139 -0.0134087
0.8 0.3 -2.78319 99.6445 0.840985 -0.0119755
0.8 0.325 -3.99187 99.3409 0.979796 -0.00877106
0.8 0.35 -5.38005 98.9653 1.08303 -0.00358954
0.8 0.375 -6.87661 98.533 1.12531 0.00350469
0.8 0.4 -8.39088 98.0729 1.08352 0.0119756
0.8 0.425 -9.78975 97.6294 0.941759 0.02087
0.8 0.45 -10.9332 97.2557 0.699099 0.028794
0.8 0.475 -11.6837 97.0049 0.373166 0.0343273
0.8 0.5 -11.9463 96.9165 2.10964e-12 0.0363053
0.8 0.525 -11.6837 97.0049 -0.373166 0.0343273
0.8 0.55 -10.9332 97.2557 -0.699099 0.028794
0.8 0.575 -9.78975 97.6294 -0.941759 0.02087
0.8 0.6 -8.39088 98.0729 -1.08352 0.0119756
0.8 0.625 -6.87661 98.533 -1.12531 0.00350469
0.8 0.65 -5.38005 98.9653 -1.08303 -0.00358954
0.8 0.675 -3.99187 99.3409 -0.979796 -0.00877106
0.8 0.7 -2.78319 99.6445 -0.840985 -0.0119755
0.8 0.725 -1.77169 99.875 -0.688139 -0.0134087
0.8 0.75 -0.974988 100.036 -0.538583 -0.013429
0.8 0.775 -0.361045 100.142 -0.402939 -0.0124905
0.8 0.8 0.0753648 100.201 -0.287821 -0.0109038
0.8 0.825 0.386707 100.229 -0.195028 -0.00911071
0.8 0.85 0.579337 100.232 -0.124284 -0.00717093
0.8 0.875 0.705358 100.225 -0.0734688 -0.00550483
0.8 0.9 0.767319 100.208 -0.0390003 -0.00388751
0.8 0.925 0.800812 100.193 -0.0186 -0.00279412
0.8 0.95 0.816734 100.178 -0.00676558 -0.00180408
0.8 0.975 0.807948 100.168 -0.00339749 -0.00126021
0.8 1 0.845276 100.177 -4.86145e-10 -0.00160248
0.825 0 0.763371 100.173 -4.32804e-10 -0.00218817
0.825 0.025 0.735041 100.165 0.00993395 -0.00182744
0.825 0.05 0.730543 100.171 0.0195555 -0.00233786
0.825 0.075 0.691106 100.18 0.0375139 -0.00322804
0.825 0.1 0.631861 100.187 0.0632056 -0.0041914
0.825 0.125 0.532025 100.193 0.102073 -0.00560508
0.825 0.15 0.36794 100.187 0.155277 -0.00699279
0.825 0.175 0.131553 100.168 0.225832 -0.00857248
0.825 0.2 -0.218476 100.124 0.314401 -0.0099155
0.825 0.225 -0.687479 100.049 0.42033 -0.0109975
0.825 0.25 -1.31699 99.9306 0.540578 -0.0114051
0.825 0.275 -2.10581 99.7624 0.66824 -0.0109237
0.825 0.3 -3.07557 99.5351 0.793168 -0.00919261
0.825 0.325 -4.2019 99.2489 0.900338 -0.00600125
0.825 0.35 -5.46332 98.9074 0.972301 -0.00125607
0.825 0.375 -6.79191 98.5269 0.989723 0.00489326
0.825 0.4 -8.10997 98.1327 0.936349 0.0119537
0.825 0.425 -9.30637 97.7612 0.802263 0.0191473
0.825 0.45 -10.2716 97.4537 0.589247 0.0254137
0.825 0.475 -10.8989 97.2497 0.312467 0.0297253
0.825 0.5 -11.1175 97.1783 1.86409e-12 0.0312535
0.825 0.525 -10.8989 97.2497 -0.312467 0.0297253
0.825 0.55 -10.2716 97.4537 -0.589247 0.0254137
0.825 0.575 -9.30637 97.7612 -0.802263 0.0191473
0.825 0.6 -8.10997 98.1327 -0.936349 0.0119537
0.825 0.625 -6.79191 98.5269 -0.989723 0.00489326
0.825 0.65 -5.46332 98.9074 -0.972301 -0.00125607
0.825 0.675 -4.2019 99.2489 -0.900338 -0.00600125
0.825 0.7 -3.07557 99.5351 -0.793168 -0.00919261
0.825 0.725 -2.10581 99.7624 -0.66824 -0.0109237
0.825 0.75 -1.31699 99.9306 -0.540578 -0.0114051
0.825 0.775 -0.687479 100.049 -0.42033 -0.0109975
0.825 0.8 -0.218476 100.124 -0.314401 -0.0099155
0.825 0.825 0.131553 100.168 -0.225832 -0.00857248
0.825 0.85 0.36794 100.187 -0.155277 -0.00699279
0.825 0.875 0.532025 100.193 -0.102073 -0.00560508
0.825 0.9 0.631861 100.187 -0.0632056 -0.0041914
0.825 0.925 0.691106 100.18 -0.0375139 -0.00322804
0.825 0.95 0.730543 100.171 -0.0195555 -0.00233786
0.825 0.975 0.735041 100.165 -0.00993395 -0.00182744
0.825 1 0.763371 100.173 -4.32804e-10 -0.00218817
0.85 0 0.667533 100.163 -3.74753e-10 -0.00269321
0.85 0.025 0.648426 100.156 0.0157553 -0.00232507
0.85 0.05 0.631659 100.16 0.0309504 -0.002793
0.85 0.075 0.57139 100.163 0.0541274 -0.00357188
0.85 0.1 0.489793 100.163 0.0840774 -0.00439891
0.85 0.125 0.357319 100.158 0.12608 -0.00560363
0.85 0.15 0.162048 100.141 0.180324 -0.00672571
0.85 0.175 -0.109397 100.109 0.249361 -0.00797429
0.85 0.2 -0.487609 100.052 0.3327 -0.00892794
0.85 0.225 -0.977788 99.9649 0.429124 -0.00959641
0.85 0.25 -1.61135 99.838 0.534832 -0.00959864
0.85 0.275 -2.38292 99.6675 0.643104 -0.00880231
0.85 0.3 -3.30587 99.4471 0.744586 -0.00691892
0.85 0.325 -4.35218 99.1794 0.826508 -0.00384637
0.85 0.35 -5.49886 98.8698 0.874843 0.000442624
0.85 0.375 -6.6826 98.534 0.874903 0.00575566
0.85 0.4 -7.83733 98.194 0.815287 0.0116598
0.85 0.425 -8.86974 97.8798 0.690004 0.0175221
0.85 0.45 -9.69365 97.6234 0.502204 0.0225323
0.85 0.475 -10.2243 97.4552 0.264817 0.0259359
0.85 0.5 -10.4089 97.3965 1.64056e-12 0.0271336
0.85 0.525 -10.2243 97.4552 -0.264817 0.0259359
0.85 0.55 -9.69365 97.6234 -0.502204 0.0225323
0.85 0.575 -8.86974 97.8798 -0.690004 0.0175221
0.85 0.6 -7.83733 98.194 -0.815287 0.0116598
0.85 0.625 -6.6826 98.534 -0.874903 0.00575566
0.85 0.65 -5.49886 98.8698 -0.874843 0.000442624
0.85 0.675 -4.35218 99.1794 -0.826508 -0.00384637
0.85 0.7 -3.30587 99.4471 -0.744586 -0.00691892
0.85 0.725 -2.38292 99.6675 -0.643104 -0.00880231
0.85 0.75 -1.61135 99.838 -0.534832 -0.00959864
0.85 0.775 -0.977788 99.9649 -0.429124 -0.00959641
0.85 0.8 -0.487609 100.052 -0.3327 -0.00892794
0.85 0.825 -0.109397 100.109 -0.249361 -0.00797429
0.85 0.85 0.162048 100.141 -0.180324 -0.00672571
0.85 0.875 0.357319 100.158 -0.12608 -0.00560363
0.85 0.9 0.489793 100.163 -0.0840774 -0.00439891
0.85 0.925 0.57139 100.163 -0.0541274 -0.00357188
0.85 0.95 0.631659 100.16 -0.0309504 -0.002793
0.85 0.975 0.648426 100.156 -0.0157553 -0.00232507
0.85 1 0.667533 100.163 -3.74753e-10 -0.00269321
0.875 0 0.560775 100.15 -3.09337e-10 -0.0031145
0.875 0.025 0.550895 100.144 0.0208317 -0.00274742
0.875 0.05 0.52297 100.145 0.0408952 -0.0031694
0.875 0.075 0.444582 100.142 0.0684206 -0.00383633
0.875 0.1 0.343928 100.135 0.101699 -0.00453177
0.875 0.125 0.18382 100.121 0.145775 -0.00553713
0.875 0.15 -0.0364151 100.094 0.200014 -0.00641909
0.875 0.175 -0.335253 100.052 0.266611 -0.00737598
0.875 0.2 -0.732844 99.9841 0.344181 -0.00800352
0.875 0.225 -1.23504 99.8889 0.431231 -0.00834077
0.875 0.25 -1.86398 99.7573 0.523541 -0.00803911
0.875 0.275 -2.61194 99.5879 0.614871 -0.00703313
0.875 0.3 -3.48562 99.3765 0.696788 -0.00508825
0.875 0.325 -4.45569 99.1275 0.758607 -0.00218056
0.875 0.35 -5.49887 98.8469 0.789097 0.00168105
0.875 0.375 -6.55719 98.5497 0.777135 0.00628587
0.875 0.4 -7.57465 98.2545 0.714759 0.0112635
0.875 0.425 -8.47249 97.9862 0.598547 0.0160961
0.875 0.45 -9.18242 97.7701 0.432244 0.0201598
0.875 0.475 -9.63614 97.6296 0.226831 0.0228894
0.875 0.5 -9.79377 97.5807 1.33311e-12 0.0238445
0.875 0.525 -9.63614 97.6296 -0.226831 0.0228894
0.875 0.55 -9.18242 97.7701 -0.432244 0.0201598
0.875 0.575 -8.47249 97.9862 -0.598547 0.0160961
0.875 0.6 -7.57465 98.2545 -0.714759 0.0112635
0.875 0.625 -6.55719 98.5497 -0.777135 0.00628587
0.875 0.65 -5.49887 98.8469 -0.789097 0.00168105
0.875 0.675 -4.45569 99.1275 -0.758607 -0.00218056
0.875 0.7 -3.48562 99.3765 -0.696788 -0.00508825
0.875 0.725 -2.61194 99.5879 -0.614871 -0.00703313
0.875 0.75 -1.86398 99.7573 -0.523541 -0.00803911
0.875 0.775 -1.23504 99.8889 -0.431231 -0.00834077
0.875 0.8 -0.732844 99.9841 -0.344181 -0.00800352
0.875 0.825 -0.335253 100.052 -0.266611 -0.00737598
0.875 0.85 -0.0364151 100.094 -0.200014 -0.00641909
0.875 0.875 0.18382 100.121 -0.145775 -0.00553713
0.875 0.9 0.343928 100.135 -0.101699 -0.00453177
0.875 0.925 0.444582 100.142 -0.0684206 -0.00383633
0.875 0.95 0.52297 100.145 -0.0408952 -0.0031694
0.875 0.975 0.550895 100.144 -0.0208317 -0.00274742
0.875 1 0.560775 100.15 -3.09337e-10 -0.0031145
0.9 0 0.445596 100.132 -2.38918e-10 -0.00346692
0.9 0.025 0.444701 100.128 0.0251201 -0.00310937
0.9 0.05 0.406927 100.126 0.0493088 -0.00348065
0.9 0.075 0.313366 100.118 0.0803286 -0.00403224
0.9 0.1 0.197073 100.105 0.116085 -0.00459709
0.9 0.125 0.0144442 100.084 0.161335 -0.00540703
0.9 0.15 -0.224797 100.049 0.214781 -0.00606653
0.9 0.175 -0.543917 99.9971 0.278346 -0.00676017
0.9 0.2 -0.953223 99.922 0.349985 -0.00711007
0.9 0.225 -1.45989 99.8212 0.42813 -0.0071793
0.9 0.25 -2.07769 99.6876 0.50839 -0.00665229
0.9 0.275 -2.79803 99.5214 0.585157 -0.00551743
0.9 0.3 -3.62222 99.3202 0.650928 -0.00358089
0.9 0.325 -4.52119 99.0892 0.696863 -0.000874558
0.9 0.35 -5.47209 98.8348 0.713973 0.00257651
0.9 0.375 -6.42243 98.5706 0.693854 0.00655865
0.9 0.4 -7.32469 98.3126 0.630966 0.0107634
0.9 0.425 -8.1119 98.0814 0.523571 0.0147657
0.9 0.45 -8.72954 97.8972 0.375561 0.0180853
0.9 0.475 -9.12158 97.7784 0.196273 0.0202929
0.9 0.5 -9.25771 97.7372 1.04983e-12 0.0210622
0.9 0.525 -9.12158 97.7784 -0.196273 0.0202929
0.9 0.55 -8.72954 97.8972 -0.375561 0.0180853
0.9 0.575 -8.1119 98.0814 -0.523571 0.0147657
0.9 0.6 -7.32469 98.3126 -0.630966 0.0107634
0.9 0.625 -6.42243 98.5706 -0.693854 0.00655865
0.9 0.65 -5.47209 98.8348 -0.713973 0.00257651
0.9 0.675 -4.52119 99.0892 -0.696863 -0.000874558
0.9 0.7 -3.62222 99.3202 -0.650928 -0.00358089
0.9 0.725 -2.79803 99.5214 -0.585157 -0.00551743
0.9 0.75 -2.07769 99.6876 -0.50839 -0.00665229
0.9 0.775 -1.45989 99.8212 -0.42813 -0.0071793
0.9 0.8 -0.953223 99.922 -0.349985 -0.00711007
0.9 0.825 -0.543917 99.9971 -0.278346 -0.00676017
0.9 0.85 -0.224797 100.049 -0.214781 -0.00606653
0.9 0.875 0.0144442 100.084 -0.161335 -0.00540703
0.9 0.9 0.197073 100.105 -0.116085 -0.00459709
0.9 0.925 0.313366 100.118 -0.0803286 -0.00403224
0.9 0.95 0.406927 100.126 -0.0493088 -0.00348065
0.9 0.975 0.444701 100.128 -0.0251201 -0.00310937
0.9 1 0.445595 100.132 -2.38918e-10 -0.00346692
0.925 0 0.325069 100.112 -1.63818e-10 -0.00373729
0.925 0.025 0.332802 100.109 0.0286828 -0.00339404
0.925 0.05 0.286375 100.104 0.0563117 -0.00371755
0.925 0.075 0.180215 100.092 0.0900764 -0.00416503
0.925 0.1 0.0511948 100.074 0.127598 -0.00461514
0.925 0.125 -0.149607 100.046 0.17331 -0.00525374
0.925 0.15 -0.40298 100.004 0.225397 -0.00572599
0.925 0.175 -0.736629 99.9457 0.285572 -0.00620088
0.925 0.2 -1.15169 99.8652 0.351321 -0.00632986
0.925 0.225 -1.65713 99.7607 0.421137 -0.00619275
0.925 0.25 -2.25912 99.6273 0.490619 -0.00550389
0.925 0.275 -2.94933 99.4658 0.55486 -0.00429142
0.925 0.3 -3.72453 99.2753 0.607244 -0.00239097
0.925 0.325 -4.55703 99.0614 0.64054 0.000127351
0.925 0.35 -5.42473 98.8304 0.647556 0.00323348
0.925 0.375 -6.28051 98.5947 0.62198 0.00671707
0.925 0.4 -7.08405 98.3679 0.559999 0.0103228
0.925 0.425 -7.77814 98.1673 0.46098 0.0136954
0.925 0.45 -8.31908 98.0088 0.328725 0.0164604
0.925 0.475 -8.66032 97.9073 0.171179 0.0182824
0.925 0.5 -8.77883 97.8722 6.31675e-13 0.0189157
0.925 0.525 -8.66032 97.9073 -0.171179 0.0182824
0.925 0.55 -8.31908 98.0088 -0.328725 0.0164604
0.925 0.575 -7.77814 98.1673 -0.46098 0.0136954
0.925 0.6 -7.08405 98.3679 -0.559999 0.0103228
0.925 0.625 -6.28051 98.5947 -0.62198 0.00671707
0.925 0.65 -5.42473 98.8304 -0.647556 0.00323348
0.925 0.675 -4.55703 99.0614 -0.64054 0.000127351
0.925 0.7 -3.72453 99.2753 -0.607244 -0.00239097
0.925 0.725 -2.94933 99.4658 -0.55486 -0.00429142
0.925 0.75 -2.25912 99.6273 -0.490619 -0.00550389
0.925 0.775 -1.65713 99.7607 -0.421137 -0.00619275
0.925 0.8 -1.15169 99.8652 -0.351321 -0.00632986
0.925 0.825 -0.736629 99.9457 -0.285572 -0.00620088
0.925 0.85 -0.40298 100.004 -0.225397 -0.00572599
0.925 0.875 -0.149607 100.046 -0.17331 -0.00525374
0.925 0.9 0.0511948 100.074 -0.127598 -0.00461514
0.925 0.925 0.180215 100.092 -0.0900764 -0.00416503
0.925 0.95 0.286375 100.104 -0.0563117 -0.00371755
0.925 0.975 0.332802 100.109 -0.0286828 -0.00339404
0.925 1 0.325069 100.112 -1.63818e-10 -0.00373729
0.95 0 0.200853 100.089 -8.33018e-11 -0.0039647
0.95 0.025 0.216657 100.087 0.0314827 -0.00364226
0.95 0.05 0.162985 100.081 0.0618332 -0.00391341
0.95 0.075 0.0471139 100.065 0.0975943 -0.00425235
0.95 0.1 -0.0914573 100.043 0.136211 -0.00458547
0.95 0.125 -0.305758 100.009 0.181769 -0.00505121
0.95 0.15 -0.568284 99.9617 0.232079 -0.00534292
0.95 0.175 -0.910739 99.8979 0.288695 -0.00561116
0.95 0.2 -1.32599 99.8137 0.348799 -0.00554319
0.95 0.225 -1.8252 99.7074 0.411036 -0.00523127
0.95 0.25 -2.40778 99.5757 0.471109 -0.00442114
0.95 0.275 -3.06659 99.4199 0.524811 -0.00317271
0.95 0.3 -3.79464 99.24 0.566326 -0.00134565
0.95 0.325 -4.5664 99.042 0.589786 0.000962784
0.95 0.35 -5.36053 98.8317 0.589397 0.0037254
0.95 0.375 -6.13507 98.6204 0.560433 0.00674132
0.95 0.4 -6.85546 98.4196 0.500277 0.00980684
0.95 0.425 -7.47247 98.2439 0.409005 0.0126265
0.95 0.45 -7.95067 98.1062 0.290197 0.0149149
0.95 0.475 -8.25071 98.0186 0.150654 0.016409
0.95 0.5 -8.35498 97.9883 1.24914e-13 0.0169279
0.95 0.525 -8.25071 98.0186 -0.150654 0.016409
0.95 0.55 -7.95067 98.1062 -0.290197 0.0149149
0.95 0.575 -7.47247 98.2439 -0.409005 0.0126265
0.95 0.6 -6.85546 98.4196 -0.500277 0.00980684
0.95 0.625 -6.13507 98.6204 -0.560433 0.00674132
0.95 0.65 -5.36053 98.8317 -0.589397 0.0037254
0.95 0.675 -4.5664 99.042 -0.589786 0.000962784
0.95 0.7 -3.79464 99.24 -0.566326 -0.00134565
0.95 0.725 -3.06659 99.4199 -0.524811 -0.00317271
0.95 0.75 -2.40778 99.5757 -0.471109 -0.00442114
0.95 0.775 -1.8252 99.7074 -0.411036 -0.00523127
0.95 0.8 -1.32599 99.8137 -0.348799 -0.00554319
0.95 0.825 -0.910739 99.8979 -0.288695 -0.00561116
0.95 0.85 -0.568284 99.9617 -0.232079 -0.00534292
0.95 0.875 -0.305758 100.009 -0.181769 -0.00505121
0.95 0.9 -0.0914573 100.043 -0.136211 -0.00458547
0.95 0.925 0.0471139 100.065 -0.0975943 -0.00425235
0.95 0.95 0.162985 100.081 -0.0618332 -0.00391341
0.95 0.975 0.216657 100.087 -0.0314827 -0.00364226
0.95 1 0.200853 100.089 -8.33018e-11 -0.0039647
0.975 0 0.0762202 100.065 1.07341e-12 -0.0040964
0.975 0.025 0.0995268 100.064 0.0336649 -0.00379582
0.975 0.05 0.0396988 100.056 0.06615 -0.00402447
0.975 0.075 -0.0837633 100.036 0.103324 -0.00427907
0.975 0.1 -0.229612 100.011 0.142529 -0.00452364
0.975 0.125 -0.45403 99.9722 0.187493 -0.00485735
0.975 0.15 -0.72225 99.921 0.235761 -0.00501674
0.975 0.175 -1.06952 99.8532 0.288761 -0.0051332
0.975 0.2 -1.48124 99.7666 0.343487 -0.00492648
0.975 0.225 -1.97088 99.6598 0.39878 -0.00449281
0.975 0.25 -2.53179 99.5308 0.450509 -0.0036032
0.975 0.275 -3.1585 99.3811 0.495149 -0.00233579
0.975 0.3 -3.84075 99.2118 0.527599 -0.000566207
0.975 0.325 -4.55559 99.0285 0.543164 0.00159285
0.975 0.35 -5.28243 98.8368 0.537174 0.004119
0.975 0.375 -5.98421 98.6468 0.506152 0.00681905
0.975 0.4 -6.63121 98.4683 0.448342 0.00952595
0.975 0.425 -7.18112 98.3137 0.364294 0.0119822
0.975 0.45 -7.60514 98.1933 0.257306 0.0139606
0.975 0.475 -7.86986 98.1172 0.133213 0.0152422
0.975 0.5 -7.96194 98.0909 -3.43653e-13 0.0156876
0.975 0.525 -7.86986 98.1172 -0.133213 0.0152422
0.975 0.55 -7.60514 98.1933 -0.257306 0.0139606
0.975 0.575 -7.18112 98.3137 -0.364294 0.0119822
0.975 0.6 -6.63121 98.4683 -0.448342 0.00952595
0.975 0.625 -5.98421 98.6468 -0.506152 0.00681905
0.975 0.65 -5.28243 98.8368 -0.537174 0.004119
0.975 0.675 -4.55559 99.0285 -0.543164 0.00159285
0.975 0.7 -3.84075 99.2118 -0.527599 -0.000566207
0.975 0.725 -3.1585 99.3811 -0.495149 -0.00233579
0.975 0.75 -2.53179 99.5308 -0.450509 -0.0036032
0.975 0.775 -1.97088 99.6598 -0.39878 -0.00449281
0.975 0.8 -1.48124 99.7666 -0.343487 -0.00492648
0.975 0.825 -1.06952 99.8532 -0.288761 -0.0051332
0.975 0.85 -0.72225 99.921 -0.235761 -0.00501674
0.975 0.875 -0.45403 99.9722 -0.187493 -0.00485735
0.975 0.9 -0.229612 100.011 -0.142529 -0.00452364
0.975 0.925 -0.0837633 100.036 -0.103324 -0.00427907
0.975 0.95 0.0396988 100.056 -0.06615 -0.00402447
0.975 0.975 0.0995268 100.064 -0.0336649 -0.00379582
0.975 1 0.0762201 100.065 1.07341e-12 -0.0040964
1 0 -0.0477609 100.039 8.86196e-11 -0.00423032
1 0.025 -0.0176829 100.039 0.0351835 -0.00395997
1 0.05 -0.0823293 100.029 0.0691819 -0.00413087
1 0.075 -0.210829 100.007 0.107161 -0.0042734
1 0.1 -0.361232 99.979 0.146451 -0.00439956
1 0.125 -0.591785 99.9368 0.190416 -0.00456074
1 0.15 -0.861725 99.8827 0.236441 -0.00454954
1 0.175 -1.20932 99.8122 0.285854 -0.00447477
1 0.2 -1.61348 99.7245 0.335566 -0.00409973
1 0.225 -2.09012 99.6183 0.384636 -0.00352554
1 0.25 -2.62731 99.4928 0.429149 -0.002557
1 0.275 -3.22173 99.3496 0.466203 -0.00129232
1 0.3 -3.86034 99.1902 0.491323 0.000373553
1 0.325 -4.52314 99.0201 0.500788 0.00231415
1 0.35 -5.19013 98.8446 0.490799 0.00451596
1 0.375 -5.82883 98.6727 0.458831 0.00680084
1 0.4 -6.4133 98.5127 0.40372 0.00904848
1 0.425 -6.90692 98.3753 0.326304 0.0110491
1 0.45 -7.28595 98.2689 0.229578 0.0126445
1 0.475 -7.52159 98.202 0.118579 0.0136661
1 0.5 -7.60365 98.1788 -6.12972e-13 0.0140222
1 0.525 -7.52159 98.202 -0.118579 0.0136661
1 0.55 -7.28595 98.2689 -0.229578 0.0126445
1 0.575 -6.90692 98.3753 -0.326304 0.0110491
1 0.6 -6.4133 98.5127 -0.40372 0.00904848
1 0.625 -5.82883 98.6727 -0.458831 0.00680084
1 0.65 -5.19013 98.8446 -0.490799 0.00451596
1 0.675 -4.52314 99.0201 -0.500788 0.00231415
1 0.7 -3.86034 99.1902 -0.491323 0.000373553
1 0.725 -3.22173 99.3496 -0.466203 -0.00129232
1 0.75 -2.62731 99.4928 -0.429149 -0.002557
1 0.775 -2.09012 99.6183 -0.384636 -0.00352554
1 0.8 -1.61348 99.7245 -0.335566 -0.00409973
1 0.825 -1.20932 99.8122 -0.285854 -0.00447477
1 0.85 -0.861725 99.8827 -0.236441 -0.00454954
1 0.875 -0.591785 99.9368 -0.190416 -0.00456074
1 0.9 -0.361232 99.979 -0.146451 -0.00439956
1 0.925 -0.210829 100.007 -0.107161 -0.0042734
1 0.95 -0.0823293 100.029 -0.0691819 -0.00413087
1 0.975 -0.0176829 100.039 -0.0351835 -0.00395997
1 1 -0.0477609 100.039 8.86196e-11 -0.00423032
