0 30.8589 10.221 78.1312 0
0.0025 30.4212 10.1364 77.957 0
0.005 29.9804 10.0628 77.7327 0
0.0075 29.5368 9.98011 77.5043 0
0.01 29.0907 9.89376 77.2718 0
0.0125 28.6422 9.80246 77.0351 0
0.015 28.1916 9.7067 76.7943 0
0.0175 27.7392 9.60651 76.5493 0
0.02 27.2853 9.50204 76.3001 0
0.0225 26.83 9.39343 76.0466 0
0.025 26.3738 9.28081 75.7888 0
0.0275 25.9168 9.16434 75.5267 0
0.03 25.4593 9.04416 75.2602 0
0.0325 25.0016 8.92043 74.9895 0
0.035 24.544 8.79332 74.7144 0
0.0375 24.0867 8.66299 74.435 0
0.04 23.63 8.52961 74.1513 0
0.0425 23.1743 8.39336 73.8632 0
0.045 22.7197 8.25441 73.5708 0
0.0475 22.2666 8.11294 73.2742 0
0.05 21.8152 7.96914 72.9734 0
0.0525 21.3659 7.82318 72.6683 0
0.055 20.9188 7.67527 72.3591 0
0.0575 20.4743 7.52557 72.0458 0
0.06 20.0326 7.37429 71.7285 0
0.0625 19.594 7.22161 71.4073 0
0.065 19.1588 7.06771 71.0822 0
0.0675 18.7272 6.9128 70.7533 0
0.07 18.2994 6.75704 70.4207 0
0.0725 17.8758 6.60064 70.0847 0
0.075 17.4565 6.44377 69.7451 0
0.0775 17.0418 6.28661 69.4024 0
0.08 16.6319 6.12935 69.0564 0
0.0825 16.2271 5.97216 68.7075 0
0.085 15.8275 5.81522 68.3559 0
0.0875 15.4334 5.65868 68.0016 0
0.09 15.045 5.50273 67.6449 0
0.0925 14.6625 5.34751 67.286 0
0.095 14.2859 5.19318 66.9252 0
0.0975 13.9157 5.03989 66.5627 0
0.1 13.5518 4.8878 66.1987 0
0.1025 13.1945 4.73702 65.8336 0
0.105 12.8439 4.58771 65.4675 0
0.1075 12.5001 4.43999 65.1008 0
0.11 12.1633 4.29397 64.7339 0
0.1125 11.8336 4.14977 64.367 0
0.115 11.5111 4.0075 64.0005 0
0.1175 11.1959 3.86726 63.6348 0
0.12 10.8881 3.72915 63.2702 0
0.1225 10.5878 3.59324 62.9071 0
0.125 10.295 3.45962 62.5458 0
0.1275 10.0099 3.32836 62.1869 0
0.13 9.73241 3.19952 61.8306 0
0.1325 9.46264 3.07318 61.4775 0
0.135 9.20062 2.94937 61.1279 0
0.1375 8.94636 2.82814 60.7823 0
0.14 8.69988 2.70954 60.4411 0
0.1425 8.46118 2.5936 60.1047 0
0.145 8.23027 2.48033 59.7735 0
0.1475 8.00712 2.36977 59.4481 0
0.15 7.79172 2.26193 59.1287 0
0.1525 7.58405 2.15682 58.8158 0
0.155 7.38405 2.05445 58.5098 0
0.1575 7.19169 1.95481 58.2111 0
0.16 7.00691 1.8579 57.9199 0
0.1625 6.82966 1.76371 57.6368 0
0.165 6.65986 1.67224 57.3619 0
0.1675 6.49745 1.58346 57.0955 0
0.17 6.34235 1.49736 56.8379 0
0.1725 6.19446 1.41393 56.5894 0
0.175 6.0537 1.33313 56.3501 0
0.1775 5.91996 1.25494 56.1201 0
0.18 5.79315 1.17934 55.8996 0
0.1825 5.67315 1.1063 55.6886 0
0.185 5.55985 1.03578 55.4873 0
0.1875 5.45313 0.967763 55.2955 0
0.19 5.35285 0.902214 55.1133 0
0.1925 5.2589 0.8391 54.9407 0
0.195 5.17113 0.778389 54.7774 0
0.1975 5.08939 0.720047 54.6235 0
0.2 5.01355 0.664042 54.4786 0
0.2025 4.94345 0.610338 54.3427 0
0.205 4.87893 0.558901 54.2156 0
0.2075 4.81982 0.509693 54.097 0
0.21 4.76596 0.462678 53.9866 0
0.2125 4.71717 0.417817 53.8844 0
0.215 4.67326 0.375069 53.7898 0
0.2175 4.63405 0.334392 53.7029 0
0.22 4.59934 0.295739 53.6232 0
0.2225 4.56892 0.259062 53.5505 0
0.225 4.54258 0.224308 53.4845 0
0.2275 4.52009 0.191418 53.4251 0
0.23 4.50122 0.16033 53.372 0
0.2325 4.48572 0.130971 53.325 0
0.235 4.47333 0.103261 53.2839 0
0.2375 4.46378 0.077108 53.2485 0
0.24 4.45676 0.0524068 53.2187 0
0.2425 4.45197 0.0290319 53.1943 0
0.245 4.44905 0.00683457 53.1753 0
0.2475 4.4476 -0.0143774 53.1616 0
0.25 4.4472 -0.0348387 53.1532 0
0.2525 4.4472 -0.0550102 53.1499 0
0.255 4.44764 -0.0755605 53.1519 0
0.2575 4.44915 -0.0969464 53.1591 0
0.26 4.45214 -0.119406 53.1717 0
0.2625 4.45703 -0.143133 53.1898 0
0.265 4.46415 -0.168279 53.2133 0
0.2675 4.47381 -0.194969 53.2426 0
0.27 4.48632 -0.223312 53.2778 0
0.2725 4.50193 -0.2534 53.319 0
0.275 4.52092 -0.285314 53.3664 0
0.2775 4.54353 -0.319128 53.4203 0
0.28 4.56998 -0.354906 53.481 0
0.2825 4.60049 -0.392707 53.5486 0
0.285 4.63529 -0.432584 53.6234 0
0.2875 4.67456 -0.474589 53.7057 0
0.29 4.71851 -0.518768 53.7957 0
0.2925 4.76732 -0.565164 53.8937 0
0.295 4.82117 -0.613819 54 0
0.2975 4.88024 -0.664773 54.1147 0
0.3 4.94468 -0.718066 54.2381 0
0.3025 5.01467 -0.773733 54.3705 0
0.305 5.09035 -0.831812 54.512 0
0.3075 5.17187 -0.892338 54.6627 0
0.31 5.25938 -0.955346 54.8228 0
0.3125 5.35302 -1.02087 54.9924 0
0.315 5.45292 -1.08895 55.1716 0
0.3175 5.5592 -1.1596 55.3604 0
0.32 5.67199 -1.23288 55.5588 0
0.3225 5.79141 -1.3088 55.7669 0
0.325 5.91757 -1.3874 55.9844 0
0.3275 6.05057 -1.4687 56.2113 0
0.33 6.19052 -1.55274 56.4475 0
0.3325 6.33751 -1.63954 56.6928 0
0.335 6.49163 -1.72912 56.947 0
0.3375 6.65297 -1.8215 57.2098 0
0.34 6.82159 -1.9167 57.481 0
0.3425 6.99758 -2.01474 57.7602 0
0.345 7.18099 -2.11563 58.0471 0
0.3475 7.37189 -2.21937 58.3415 0
0.35 7.57032 -2.32597 58.6429 0
0.3525 7.77634 -2.43543 58.9509 0
0.355 7.98996 -2.54775 59.2651 0
0.3575 8.21123 -2.66291 59.5852 0
0.36 8.44016 -2.78089 59.9107 0
0.3625 8.67677 -2.90168 60.2413 0
0.365 8.92105 -3.02524 60.5763 0
0.3675 9.17301 -3.15155 60.9156 0
0.37 9.43263 -3.28056 61.2586 0
0.3725 9.69988 -3.41223 61.6048 0
0.375 9.97474 -3.54649 61.954 0
0.3775 10.2572 -3.6833 62.3057 0
0.38 10.5471 -3.82258 62.6595 0
0.3825 10.8445 -3.96426 63.015 0
0.385 11.1493 -4.10826 63.3718 0
0.3875 11.4614 -4.25449 63.7296 0
0.39 11.7807 -4.40285 64.088 0
0.3925 12.1071 -4.55324 64.4466 0
0.395 12.4406 -4.70555 64.8052 0
0.3975 12.781 -4.85966 65.1635 0
0.4 13.1281 -5.01545 65.5211 0
0.4025 13.4819 -5.1728 65.8777 0
0.405 13.8421 -5.33155 66.2331 0
0.4075 14.2087 -5.49158 66.587 0
0.41 14.5815 -5.65274 66.9393 0
0.4125 14.9603 -5.81486 67.2895 0
0.415 15.345 -5.9778 67.6376 0
0.4175 15.7352 -6.14138 67.9833 0
0.42 16.131 -6.30544 68.3265 0
0.4225 16.5319 -6.46981 68.6669 0
0.425 16.938 -6.63431 69.0045 0
0.4275 17.3488 -6.79876 69.339 0
0.43 17.7642 -6.96298 69.6703 0
0.4325 18.184 -7.12678 69.9983 0
0.435 18.608 -7.28997 70.3228 0
0.4375 19.0358 -7.45236 70.6438 0
0.44 19.4673 -7.61377 70.9612 0
0.4425 19.9022 -7.77399 71.2749 0
0.445 20.3402 -7.93284 71.5848 0
0.4475 20.7811 -8.09012 71.8908 0
0.45 21.2247 -8.24564 72.1928 0
0.4525 21.6705 -8.39921 72.4909 0
0.455 22.1185 -8.55063 72.785 0
0.4575 22.5684 -8.69972 73.0751 0
0.46 23.0197 -8.84629 73.361 0
0.4625 23.4724 -8.99015 73.6429 0
0.465 23.926 -9.13112 73.9206 0
0.4675 24.3804 -9.26903 74.1942 0
0.47 24.8353 -9.40369 74.4637 0
0.4725 25.2903 -9.53494 74.729 0
0.475 25.7453 -9.6626 74.9902 0
0.4775 26.1999 -9.78652 75.2474 0
0.48 26.6539 -9.90654 75.5004 0
0.4825 27.107 -10.0225 75.7494 0
0.485 27.559 -10.1343 75.9943 0
0.4875 28.0095 -10.2417 76.2352 0
0.49 28.4584 -10.3447 76.4721 0
0.4925 28.9054 -10.443 76.705 0
0.495 29.3502 -10.5366 76.9341 0
0.4975 29.7926 -10.6254 77.1592 0
0.5 30.2323 -10.7092 77.3806 0
0.5025 30.6691 -10.788 77.5982 0
0.505 31.1028 -10.8617 77.812 0
0.5075 31.5331 -10.9301 78.0221 0
0.51 31.9599 -10.9932 78.2286 0
0.5125 32.3829 -11.051 78.4315 0
0.515 32.8018 -11.1033 78.6309 0
0.5175 33.2166 -11.1501 78.8267 0
0.52 33.627 -11.1913 79.0192 0
0.5225 34.0328 -11.227 79.2083 0
0.525 34.4338 -11.2571 79.394 0
0.5275 34.8299 -11.2815 79.5765 0
0.53 35.2209 -11.3003 79.7558 0
0.5325 35.6066 -11.3134 79.932 0
0.535 35.9869 -11.3208 80.105 0
0.5375 36.3617 -11.3226 80.275 0
0.54 36.7307 -11.3188 80.4421 0
0.5425 37.0939 -11.3093 80.6062 0
0.545 37.4511 -11.2942 80.7674 0
0.5475 37.8022 -11.2736 80.9258 0
0.55 38.1472 -11.2474 81.0815 0
0.5525 38.4858 -11.2157 81.2344 0
0.555 38.8181 -11.1787 81.3847 0
0.5575 39.144 -11.1363 81.5324 0
0.56 39.4632 -11.0886 81.6775 0
0.5625 39.7759 -11.0356 81.8201 0
0.565 40.0819 -10.9776 81.9603 0
0.5675 40.3812 -10.9144 82.098 0
0.57 40.6737 -10.8463 82.2334 0
0.5725 40.9594 -10.7734 82.3665 0
0.575 41.2383 -10.6956 82.4973 0
0.5775 41.5102 -10.6132 82.6258 0
0.58 41.7753 -10.5262 82.7521 0
0.5825 42.0335 -10.4348 82.8763 0
0.585 42.2848 -10.339 82.9984 0
0.5875 42.5292 -10.239 83.1184 0
0.59 42.7667 -10.1348 83.2364 0
0.5925 42.9974 -10.0268 83.3523 0
0.595 43.2212 -9.9148 83.4663 0
0.5975 43.4381 -9.79913 83.5783 0
0.6 43.6483 -9.67986 83.6884 0
0.6025 43.8518 -9.55714 83.7966 0
0.605 44.0485 -9.43108 83.9029 0
0.6075 44.2386 -9.30184 84.0074 0
0.61 44.4222 -9.16954 84.1101 0
0.6125 44.5992 -9.03432 84.211 0
0.615 44.7697 -8.89632 84.3101 0
0.6175 44.9339 -8.75568 84.4075 0
0.62 45.0918 -8.61254 84.5031 0
0.6225 45.2435 -8.46703 84.597 0
0.625 45.389 -8.3193 84.6892 0
0.6275 45.5285 -8.16948 84.7797 0
0.63 45.6621 -8.0177 84.8686 0
0.6325 45.7898 -7.86411 84.9557 0
0.635 45.9118 -7.70883 85.0412 0
0.6375 46.0282 -7.552 85.1251 0
0.64 46.1391 -7.39375 85.2073 0
0.6425 46.2446 -7.23421 85.2879 0
0.645 46.3448 -7.07351 85.3669 0
0.6475 46.4399 -6.91177 85.4442 0
0.65 46.5299 -6.74911 85.5199 0
0.6525 46.6151 -6.58565 85.594 0
0.655 46.6954 -6.42152 85.6665 0
0.6575 46.7711 -6.25682 85.7374 0
0.66 46.8424 -6.09167 85.8066 0
0.6625 46.9092 -5.92617 85.8743 0
0.665 46.9718 -5.76043 85.9403 0
0.6675 47.0303 -5.59455 86.0047 0
0.67 47.0849 -5.42863 86.0674 0
0.6725 47.1356 -5.26276 86.1285 0
0.675 47.1827 -5.09704 86.188 0
0.6775 47.2263 -4.93154 86.2459 0
0.68 47.2664 -4.76635 86.3021 0
0.6825 47.3034 -4.60155 86.3566 0
0.685 47.3372 -4.43721 86.4095 0
0.6875 47.3681 -4.27339 86.4607 0
0.69 47.3962 -4.11017 86.5102 0
0.6925 47.4216 -3.9476 86.5581 0
0.695 47.4445 -3.78574 86.6043 0
0.6975 47.4651 -3.62462 86.6487 0
0.7 47.4834 -3.46431 86.6915 0
0.7025 47.4997 -3.30482 86.7326 0
0.705 47.514 -3.14621 86.7719 0
0.7075 47.5265 -2.98848 86.8095 0
0.71 47.5373 -2.83167 86.8454 0
0.7125 47.5466 -2.67579 86.8795 0
0.715 47.5545 -2.52085 86.9119 0
0.7175 47.5611 -2.36684 86.9425 0
0.72 47.5666 -2.21377 86.9713 0
0.7225 47.5711 -2.06161 86.9984 0
0.725 47.5747 -1.91036 87.0237 0
0.7275 47.5775 -1.75998 87.0472 0
0.73 47.5796 -1.61044 87.0689 0
0.7325 47.5812 -1.4617 87.0888 0
0.735 47.5823 -1.3137 87.1069 0
0.7375 47.5831 -1.16638 87.1232 0
0.74 47.5835 -1.01967 87.1376 0
0.7425 47.5838 -0.8735 87.1503 0
0.745 47.5839 -0.727766 87.1611 0
0.7475 47.5839 -0.582372 87.1701 0
0.75 47.584 -0.437205 87.1773 0
0.7525 47.584 -0.292142 87.1827 0
0.755 47.584 -0.147053 87.1862 0
0.7575 47.5839 -0.00180773 87.1879 0
0.76 47.5839 0.14371 87.1877 0
0.7625 47.5837 0.289608 87.1857 0
0.765 47.5834 0.435981 87.1819 0
0.7675 47.5828 0.582913 87.1762 0
0.77 47.5819 0.730479 87.1688 0
0.7725 47.5807 0.878743 87.1594 0
0.775 47.5789 1.02776 87.1483 0
0.7775 47.5765 1.17758 87.1353 0
0.78 47.5735 1.32824 87.1205 0
0.7825 47.5696 1.47976 87.1039 0
0.785 47.5647 1.63218 87.0854 0
0.7875 47.5588 1.78551 87.0651 0
0.79 47.5517 1.93974 87.0431 0
0.7925 47.5433 2.0949 87.0192 0
0.795 47.5335 2.25096 86.9935 0
0.7975 47.522 2.40792 86.966 0
0.8 47.5089 2.56576 86.9367 0
0.8025 47.4939 2.72446 86.9056 0
0.805 47.4769 2.88398 86.8728 0
0.8075 47.4577 3.0443 86.8381 0
0.81 47.4363 3.20536 86.8017 0
0.8125 47.4125 3.36714 86.7635 0
0.815 47.3861 3.52956 86.7236 0
0.8175 47.3569 3.69259 86.6819 0
0.82 47.3249 3.85615 86.6384 0
0.8225 47.2899 4.02019 86.5932 0
0.825 47.2518 4.18463 86.5462 0
0.8275 47.2104 4.3494 86.4975 0
0.83 47.1655 4.51442 86.4471 0
0.8325 47.117 4.67961 86.3949 0
0.835 47.0648 4.84488 86.3409 0
0.8375 47.0087 5.01014 86.2852 0
0.84 46.9486 5.1753 86.2278 0
0.8425 46.8843 5.34026 86.1687 0
0.845 46.8158 5.50491 86.1078 0
0.8475 46.7428 5.66916 86.0452 0
0.85 46.6652 5.8329 85.9808 0
0.8525 46.583 5.99601 85.9148 0
0.855 46.4959 6.15838 85.8469 0
0.8575 46.4038 6.3199 85.7773 0
0.86 46.3066 6.48044 85.706 0
0.8625 46.2043 6.63989 85.6329 0
0.865 46.0965 6.79812 85.558 0
0.8675 45.9834 6.95501 85.4814 0
0.87 45.8646 7.11042 85.4029 0
0.8725 45.7402 7.26424 85.3227 0
0.875 45.6099 7.41633 85.2407 0
0.8775 45.4738 7.56655 85.1568 0
0.88 45.3316 7.71478 85.0711 0
0.8825 45.1834 7.86088 84.9836 0
0.885 45.0289 8.00471 84.8941 0
0.8875 44.8682 8.14615 84.8028 0
0.89 44.7011 8.28505 84.7096 0
0.8925 44.5276 8.42129 84.6145 0
0.895 44.3475 8.55472 84.5174 0
0.8975 44.1609 8.68522 84.4183 0
0.9 43.9676 8.81264 84.3172 0
0.9025 43.7676 8.93687 84.2141 0
0.905 43.5609 9.05775 84.109 0
0.9075 43.3473 9.17517 84.0017 0
0.91 43.1269 9.289 83.8924 0
0.9125 42.8996 9.39911 83.7809 0
0.915 42.6654 9.50537 83.6672 0
0.9175 42.4243 9.60766 83.5513 0
0.92 42.1762 9.70588 83.4331 0
0.9225 41.9211 9.79989 83.3127 0
0.925 41.6591 9.88958 83.1899 0
0.9275 41.3902 9.97485 83.0647 0
0.93 41.1143 10.0556 82.9371 0
0.9325 40.8315 10.1317 82.8071 0
0.935 40.5417 10.2031 82.6745 0
0.9375 40.2452 10.2696 82.5394 0
0.94 39.9418 10.3313 82.4017 0
0.9425 39.6316 10.3879 82.2613 0
0.945 39.3147 10.4395 82.1183 0
0.9475 38.9912 10.486 81.9725 0
0.95 38.6611 10.5272 81.8239 0
0.9525 38.3245 10.5632 81.6724 0
0.955 37.9815 10.5938 81.518 0
0.9575 37.6322 10.619 81.3607 0
0.96 37.2767 10.6388 81.2003 0
0.9625 36.9151 10.6532 81.0368 0
0.965 36.5475 10.6621 80.8703 0
0.9675 36.174 10.6655 80.7005 0
0.97 35.7949 10.6633 80.5275 0
0.9725 35.4101 10.6557 80.3512 0
0.975 35.02 10.6424 80.1715 0
0.9775 34.6246 10.6237 79.9884 0
0.98 34.2241 10.5994 79.8018 0
0.9825 33.8187 10.5697 79.6117 0
0.985 33.4085 10.5345 79.418 0
0.9875 32.9938 10.4939 79.2207 0
0.99 32.5747 10.4478 79.0196 0
0.9925 32.1515 10.3967 78.8148 0
0.995 31.7243 10.3392 78.6062 0
0.9975 31.2934 10.2807 78.3938 0
1 30.8589 10.2012 78.2235 0
