0 19.8148 1.6601 18.4636 18.5366 0
0.005 19.1267 1.59388 17.8359 18.5433 0
0.01 18.4813 1.48303 17.2448 18.4671 0
0.015 17.8758 1.39297 16.6911 18.3212 0
0.02 17.3076 1.30526 16.172 18.2765 0
0.025 16.7743 1.2243 15.6851 18.2088 0
0.03 16.2736 1.14835 15.2284 18.1511 0
0.035 15.8033 1.07737 14.7998 18.095 0
0.04 15.3615 1.01089 14.3976 18.0428 0
0.045 14.9465 0.948593 14.02 17.9941 0
0.05 14.5565 0.890145 13.6656 17.9491 0
0.055 14.19 0.835252 13.333 17.9079 0
0.06 13.8456 0.783638 13.0207 17.8705 0
0.065 13.522 0.735048 12.7277 17.837 0
0.07 13.218 0.68925 12.4527 17.8074 0
0.075 12.9324 0.646026 12.1949 17.7818 0
0.08 12.6642 0.605182 11.9531 17.7603 0
0.085 12.4124 0.566535 11.7267 17.7427 0
0.09 12.1763 0.529921 11.5146 17.7292 0
0.095 11.9549 0.49519 11.3163 17.7198 0
0.1 11.7475 0.462207 11.131 17.7144 0
0.105 11.5534 0.430847 10.958 17.7131 0
0.11 11.372 0.401001 10.7967 17.7157 0
0.115 11.2025 0.372569 10.6467 17.7223 0
0.12 11.0446 0.345461 10.5072 17.7328 0
0.125 10.8975 0.319601 10.3779 17.747 0
0.13 10.7609 0.294918 10.2582 17.765 0
0.135 10.6342 0.271353 10.1477 17.7865 0
0.14 10.517 0.248852 10.0459 17.8113 0
0.145 10.4089 0.227371 9.95245 17.8393 0
0.15 10.3094 0.206872 9.86684 17.8703 0
0.155 10.2182 0.187322 9.7887 17.9038 0
0.16 10.1349 0.168696 9.71762 17.9398 0
0.165 10.0591 0.150971 9.65321 17.9777 0
0.17 9.99054 0.13413 9.59509 18.0173 0
0.175 9.92878 0.118162 9.54287 18.058 0
0.18 9.87352 0.103057 9.4962 18.0995 0
0.185 9.82442 0.0888114 9.45469 18.1413 0
0.19 9.78117 0.0754227 9.41801 18.183 0
0.195 9.74344 0.0628932 9.38581 18.2239 0
0.2 9.71091 0.0512281 9.35775 18.2636 0
0.205 9.68325 0.0404354 9.33352 18.3015 0
0.21 9.66015 0.0305251 9.31282 18.3373 0
0.215 9.64126 0.0215086 9.29535 18.3702 0
0.22 9.62626 0.0133972 9.28084 18.3999 0
0.225 9.61478 0.00619964 9.26903 18.4259 0
0.23 9.60647 -8.16223e-05 9.25971 18.4477 0
0.235 9.60092 -0.00545645 9.25268 18.465 0
0.24 9.5977 -0.00995574 9.24777 18.4775 0
0.245 9.59629 -0.0136578 9.24488 18.4849 0
0.25 9.59607 -0.0167282 9.24392 18.487 0
0.255 9.59626 -0.0197895 9.24488 18.4839 0
0.26 9.59762 -0.0234771 9.24777 18.4755 0
0.265 9.60077 -0.0279685 9.25268 18.462 0
0.27 9.60623 -0.0333436 9.25971 18.4435 0
0.275 9.61444 -0.0396356 9.26903 18.4205 0
0.28 9.6258 -0.0468558 9.28084 18.3931 0
0.285 9.64067 -0.0550027 9.29535 18.362 0
0.29 9.65942 -0.0640689 9.31282 18.3274 0
0.295 9.68237 -0.0740441 9.33352 18.2899 0
0.3 9.70986 -0.084918 9.35775 18.25 0
0.305 9.74222 -0.0966815 9.38581 18.2083 0
0.31 9.77976 -0.109328 9.41801 18.1651 0
0.315 9.82282 -0.122852 9.45469 18.1211 0
0.32 9.8717 -0.137255 9.4962 18.0768 0
0.325 9.92674 -0.152537 9.54287 18.0326 0
0.33 9.98827 -0.168706 9.59509 17.989 0
0.335 10.0566 -0.18577 9.65321 17.9465 0
0.34 10.1321 -0.203744 9.71762 17.9055 0
0.345 10.2152 -0.222645 9.7887 17.8665 0
0.35 10.3061 -0.242496 9.86684 17.8297 0
0.355 10.4052 -0.263325 9.95245 17.7955 0
0.36 10.5131 -0.285165 10.0459 17.7642 0
0.365 10.6299 -0.308056 10.1477 17.7361 0
0.37 10.7563 -0.332044 10.2582 17.7113 0
0.375 10.8926 -0.357183 10.3779 17.69 0
0.38 11.0392 -0.383534 10.5072 17.6724 0
0.385 11.1968 -0.411169 10.6467 17.6586 0
0.39 11.3658 -0.440168 10.7967 17.6486 0
0.395 11.5469 -0.47062 10.958 17.6427 0
0.4 11.7405 -0.502629 11.131 17.6407 0
0.405 11.9474 -0.536305 11.3163 17.6427 0
0.41 12.1683 -0.571775 11.5146 17.6488 0
0.415 12.404 -0.609177 11.7267 17.659 0
0.42 12.6551 -0.648664 11.9532 17.6732 0
0.425 12.9227 -0.690403 12.1949 17.6914 0
0.43 13.2077 -0.734578 12.4527 17.7136 0
0.435 13.5111 -0.781389 12.7277 17.7398 0
0.44 13.834 -0.831055 13.0207 17.7699 0
0.445 14.1776 -0.883814 13.333 17.8038 0
0.45 14.5433 -0.939925 13.6656 17.8415 0
0.455 14.9325 -0.999666 14.02 17.883 0
0.46 15.3466 -1.06334 14.3976 17.928 0
0.465 15.7874 -1.13128 14.7998 17.9767 0
0.47 16.2567 -1.20383 15.2284 18.0287 0
0.475 16.7563 -1.28137 15.6851 18.084 0
0.48 17.2885 -1.36431 16.172 18.1424 0
0.485 17.8554 -1.45308 16.6912 18.2038 0
0.49 18.4595 -1.54814 17.2449 18.2678 0
0.495 19.1034 -1.64997 17.8356 18.3342 0
0.5 19.79 -1.75908 18.4662 18.4027 0
0.505 20.5223 -1.87601 19.1394 18.4728 0
0.51 21.3035 -2.00131 19.8583 18.5441 0
0.515 22.1371 -2.13553 20.6265 18.616 0
0.52 23.0267 -2.27925 21.4474 18.6879 0
0.525 23.9763 -2.43301 22.3248 18.7589 0
0.53 24.9898 -2.59737 23.263 18.8282 0
0.535 26.0716 -2.77281 24.2662 18.8946 0
0.54 27.2261 -2.95978 25.3389 18.957 0
0.545 28.4579 -3.15861 26.486 19.0138 0
0.55 29.7715 -3.36954 27.7124 19.0634 0
0.555 31.1716 -3.59261 29.0231 19.1039 0
0.56 32.6628 -3.82768 30.4235 19.1332 0
0.565 34.2495 -4.07432 31.9185 19.1487 0
0.57 35.9358 -4.33176 33.5134 19.1477 0
0.575 37.7253 -4.59882 35.2128 19.1272 0
0.58 39.621 -4.87387 37.0212 19.0837 0
0.585 41.6251 -5.15466 38.9424 19.0136 0
0.59 43.7385 -5.43834 40.9794 18.9128 0
0.595 45.961 -5.7213 43.134 18.7771 0
0.6 48.2905 -5.99916 45.4067 18.6021 0
0.605 50.723 -6.26673 47.7961 18.3831 0
0.61 53.2524 -6.51795 50.2985 18.1154 0
0.615 55.8698 -6.74601 52.9081 17.7946 0
0.62 58.5635 -6.94338 55.6157 17.4165 0
0.625 61.319 -7.10206 58.4091 16.9772 0
0.63 64.1184 -7.21379 61.2724 16.4739 0
0.635 66.941 -7.27042 64.1861 15.9045 0
0.64 69.7632 -7.26436 67.1267 15.2681 0
0.645 72.5587 -7.18912 70.0674 14.5656 0
0.65 75.2997 -7.03982 72.9784 13.7994 0
0.655 77.957 -6.81383 75.8272 12.974 0
0.66 80.5014 -6.51128 78.5802 12.0957 0
0.665 82.9046 -6.13544 81.2038 11.173 0
0.67 85.1408 -5.69301 83.6657 10.2163 0
0.675 87.1873 -5.19409 85.9367 9.23746 0
0.68 89.0266 -4.65195 87.9925 8.24988 0
0.685 90.6463 -4.0824 89.8148 7.26756 0
0.69 92.0408 -3.50306 91.3928 6.30482 0
0.695 93.2112 -2.93222 92.7237 5.37565 0
0.7 94.1654 -2.38776 93.8131 4.49319 0
0.705 94.9175 -1.88593 94.6746 3.66925 0
0.71 95.4871 -1.44024 95.3289 2.91403 0
0.715 95.8984 -1.06059 95.8021 2.23586 0
0.72 96.1779 -0.752637 96.1243 1.64124 0
0.725 96.3537 -0.517403 96.3271 1.1349 0
0.73 96.453 -0.351319 96.4417 0.720028 0
0.735 96.5009 -0.246485 96.4972 0.398606 0
0.74 96.5186 -0.191216 96.5179 0.171233 0
0.745 96.5225 -0.170811 96.5225 0.0422772 0
0.75 96.5227 -0.168457 96.5226 0.00760211 0
0.755 96.5225 -0.166256 96.5225 0.0630928 0
0.76 96.5189 -0.146289 96.5179 0.215935 0
0.765 96.5019 -0.0916818 96.4972 0.465387 0
0.77 96.4553 0.0123674 96.4418 0.808333 0
0.775 96.3582 0.177673 96.3271 1.24415 0
0.78 96.1856 0.412293 96.1243 1.77071 0
0.785 95.9101 0.719972 95.8022 2.38468 0
0.79 95.5039 1.09985 95.3289 3.08119 0
0.795 94.9402 1.54645 94.6747 3.85363 0
0.8 94.1949 2.05002 93.8131 4.69353 0
0.805 93.248 2.59718 92.7237 5.59059 0
0.81 92.0853 3.17175 91.3928 6.53293 0
0.815 90.6987 3.75592 89.8148 7.50733 0
0.82 89.0868 4.33138 87.9925 8.49977 0
0.825 87.255 4.8805 85.9367 9.49594 0
0.83 85.2154 5.38736 83.6656 10.4818 0
0.835 82.9856 5.83861 81.2037 11.4441 0
0.84 80.5878 6.22401 78.5802 12.3709 0
0.845 78.0479 6.5367 75.8271 13.252 0
0.85 75.394 6.77327 72.9783 14.079 0
0.855 72.6555 6.93343 70.0674 14.8456 0
0.86 69.8613 7.01967 67.1267 15.5475 0
0.865 67.0397 7.03673 64.1861 16.1822 0
0.87 64.2166 6.99099 61.2725 16.7493 0
0.875 61.416 6.88994 58.4092 17.2496 0
0.88 58.6588 6.74165 55.6158 17.6851 0
0.885 55.9626 6.5543 52.9081 18.0591 0
0.89 53.3424 6.33588 50.2986 18.3753 0
0.895 50.8097 6.09386 47.7961 18.638 0
0.9 48.3737 5.83505 45.4067 18.8519 0
0.905 46.0405 5.56548 43.1341 19.0216 0
0.91 43.8143 5.29035 40.9794 19.1517 0
0.915 41.697 5.01406 38.9425 19.2469 0
0.92 39.6892 4.74021 37.0212 19.3113 0
0.925 37.7897 4.47169 35.2128 19.3491 0
0.93 35.9965 4.21073 33.5134 19.364 0
0.935 34.3067 3.95902 31.9186 19.3594 0
0.94 32.7166 3.71774 30.4235 19.3383 0
0.945 31.2221 3.48769 29.0232 19.3036 0
0.95 29.8189 3.2693 27.7124 19.2577 0
0.955 28.5023 3.06275 26.486 19.2028 0
0.96 27.2678 2.86802 25.3389 19.1407 0
0.965 26.1107 2.68488 24.2662 19.0734 0
0.97 25.0264 2.51304 23.263 19.0016 0
0.975 24.0106 2.35198 22.3248 18.9288 0
0.98 23.0589 2.20159 21.4474 18.8478 0
0.985 22.1672 2.05995 20.6264 18.7921 0
0.99 21.3317 1.93159 19.8588 18.6329 0
0.995 20.5488 1.7977 19.1379 18.5433 0
1 19.8148 1.72359 18.471 18.5366 0
