0 14.65 5.33046 58.7601 0
0.0025 14.6007 5.30885 58.7951 0
0.005 14.5524 5.29114 58.8418 0
0.0075 14.5053 5.27075 58.8909 0
0.01 14.4598 5.24961 58.9426 0
0.0125 14.4162 5.22748 58.9967 0
0.015 14.3752 5.20475 59.0534 0
0.0175 14.3378 5.18224 59.1126 0
0.02 14.3065 5.16055 59.1743 0
0.0225 14.2862 5.1621 59.2385 0
0.025 14.2508 5.17981 59.3051 0
0.0275 14.2091 5.19048 59.3741 0
0.03 14.1625 5.19863 59.4456 0
0.0325 14.1119 5.20286 59.5194 0
0.035 14.0577 5.20361 59.5956 0
0.0375 14.0005 5.20088 59.6741 0
0.04 13.9403 5.19479 59.7549 0
0.0425 13.8775 5.18544 59.838 0
0.045 13.8122 5.1729 59.9234 0
0.0475 13.7445 5.15727 60.0109 0
0.05 13.6747 5.1386 60.1005 0
0.0525 13.6028 5.11698 60.1923 0
0.055 13.529 5.09246 60.2862 0
0.0575 13.4534 5.0651 60.382 0
0.06 13.3759 5.03498 60.4799 0
0.0625 13.2969 5.00214 60.5797 0
0.065 13.2163 4.96664 60.6813 0
0.0675 13.1342 4.92855 60.7848 0
0.07 13.0508 4.88793 60.8901 0
0.0725 12.9661 4.84483 60.9972 0
0.075 12.8803 4.79932 61.1059 0
0.0775 12.7933 4.75146 61.2162 0
0.08 12.7054 4.70131 61.3282 0
0.0825 12.6165 4.64894 61.4417 0
0.085 12.5269 4.59441 61.5566 0
0.0875 12.4365 4.53779 61.673 0
0.09 12.3456 4.47916 61.7907 0
0.0925 12.254 4.41858 61.9098 0
0.095 12.1621 4.35613 62.0302 0
0.0975 12.0698 4.29187 62.1517 0
0.1 11.9773 4.22589 62.2744 0
0.1025 11.8846 4.15827 62.3982 0
0.105 11.7919 4.08908 62.5231 0
0.1075 11.6993 4.0184 62.6489 0
0.11 11.6068 3.94631 62.7757 0
0.1125 11.5145 3.8729 62.9034 0
0.115 11.4226 3.79825 63.0319 0
0.1175 11.3312 3.72243 63.1611 0
0.12 11.2402 3.64555 63.291 0
0.1225 11.1499 3.56767 63.4215 0
0.125 11.0604 3.4889 63.5526 0
0.1275 10.9717 3.4093 63.6841 0
0.13 10.8839 3.32897 63.8161 0
0.1325 10.7971 3.248 63.9483 0
0.135 10.7114 3.16647 64.0808 0
0.1375 10.627 3.08447 64.2135 0
0.14 10.5438 3.00208 64.3462 0
0.1425 10.462 2.91939 64.4788 0
0.145 10.3816 2.83648 64.6114 0
0.1475 10.3028 2.75343 64.7436 0
0.15 10.2257 2.67033 64.8756 0
0.1525 10.1502 2.58726 65.007 0
0.155 10.0765 2.5043 65.1379 0
0.1575 10.0047 2.42152 65.268 0
0.16 9.93474 2.339 65.3973 0
0.1625 9.86678 2.25682 65.5257 0
0.165 9.80086 2.17504 65.6528 0
0.1675 9.73704 2.09375 65.7787 0
0.17 9.67536 2.01299 65.9032 0
0.1725 9.61587 1.93286 66.0261 0
0.175 9.55861 1.85339 66.1472 0
0.1775 9.50363 1.77466 66.2663 0
0.18 9.45094 1.69671 66.3834 0
0.1825 9.40059 1.61961 66.4981 0
0.185 9.35259 1.5434 66.6104 0
0.1875 9.30695 1.46813 66.7201 0
0.19 9.26369 1.39384 66.8269 0
0.1925 9.22281 1.32058 66.9306 0
0.195 9.18431 1.24837 67.0311 0
0.1975 9.14818 1.17724 67.1282 0
0.2 9.1144 1.10724 67.2216 0
0.2025 9.08296 1.03837 67.3112 0
0.205 9.05382 0.970652 67.3968 0
0.2075 9.02697 0.904107 67.4782 0
0.21 9.00234 0.83874 67.5553 0
0.2125 8.9799 0.774558 67.628 0
0.215 8.95959 0.711556 67.6954 0
0.2175 8.94135 0.64973 67.7581 0
0.22 8.92511 0.589069 67.8158 0
0.2225 8.9108 0.529555 67.8682 0
0.225 8.89834 0.471165 67.9153 0
0.2275 8.88763 0.413871 67.9569 0
0.23 8.87858 0.357637 67.9928 0
0.2325 8.87108 0.30242 68.023 0
0.235 8.86502 0.248172 68.0474 0
0.2375 8.86028 0.194834 68.0658 0
0.24 8.85673 0.142339 68.0783 0
0.2425 8.85422 0.0906092 68.0847 0
0.245 8.8526 0.0395549 68.0851 0
0.2475 8.8517 -0.0109304 68.0794 0
0.25 8.85134 -0.0609775 68.0675 0
0.2525 8.85129 -0.110752 68.0496 0
0.255 8.85133 -0.160543 68.0256 0
0.2575 8.85169 -0.210651 67.9955 0
0.26 8.85257 -0.261253 67.9595 0
0.2625 8.85417 -0.312486 67.9176 0
0.265 8.85666 -0.364458 67.8699 0
0.2675 8.8602 -0.417262 67.8165 0
0.27 8.86491 -0.470979 67.7575 0
0.2725 8.87094 -0.525675 67.693 0
0.275 8.87841 -0.581409 67.6232 0
0.2775 8.88742 -0.638231 67.5482 0
0.28 8.89808 -0.696184 67.4682 0
0.2825 8.91049 -0.755301 67.3833 0
0.285 8.92474 -0.815613 67.2938 0
0.2875 8.9409 -0.877139 67.1998 0
0.29 8.95906 -0.939898 67.1016 0
0.2925 8.97927 -1.0039 66.9992 0
0.295 9.0016 -1.06914 66.893 0
0.2975 9.0261 -1.13563 66.7831 0
0.3 9.05282 -1.20336 66.6697 0
0.3025 9.0818 -1.27232 66.553 0
0.305 9.11306 -1.34249 66.4334 0
0.3075 9.14664 -1.41385 66.3109 0
0.31 9.18256 -1.48638 66.1857 0
0.3125 9.22083 -1.56004 66.0582 0
0.315 9.26146 -1.63481 65.9284 0
0.3175 9.30444 -1.71064 65.7966 0
0.32 9.34979 -1.78749 65.663 0
0.3225 9.39747 -1.86532 65.5277 0
0.325 9.44749 -1.94408 65.391 0
0.3275 9.49981 -2.02371 65.253 0
0.33 9.55441 -2.10416 65.1139 0
0.3325 9.61127 -2.18536 64.9739 0
0.335 9.67033 -2.26726 64.8331 0
0.3375 9.73157 -2.34979 64.6916 0
0.34 9.79493 -2.43288 64.5497 0
0.3425 9.86037 -2.51646 64.4075 0
0.345 9.92782 -2.60046 64.265 0
0.3475 9.99724 -2.6848 64.1224 0
0.35 10.0686 -2.7694 63.9799 0
0.3525 10.1417 -2.85418 63.8375 0
0.355 10.2166 -2.93907 63.6954 0
0.3575 10.2932 -3.02398 63.5536 0
0.36 10.3714 -3.10882 63.4122 0
0.3625 10.4512 -3.19352 63.2714 0
0.365 10.5324 -3.27798 63.1312 0
0.3675 10.615 -3.36212 62.9917 0
0.37 10.6989 -3.44584 62.853 0
0.3725 10.784 -3.52907 62.7151 0
0.375 10.8702 -3.61171 62.5781 0
0.3775 10.9574 -3.69368 62.4421 0
0.38 11.0455 -3.77488 62.3071 0
0.3825 11.1345 -3.85523 62.1732 0
0.385 11.2243 -3.93464 62.0404 0
0.3875 11.3147 -4.01302 61.9088 0
0.39 11.4056 -4.09028 61.7784 0
0.3925 11.497 -4.16634 61.6492 0
0.395 11.5888 -4.24111 61.5214 0
0.3975 11.6809 -4.3145 61.395 0
0.4 11.7731 -4.38644 61.2699 0
0.4025 11.8654 -4.45684 61.1463 0
0.405 11.9577 -4.52562 61.0242 0
0.4075 12.0499 -4.59269 60.9036 0
0.41 12.1419 -4.65799 60.7845 0
0.4125 12.2336 -4.72143 60.667 0
0.415 12.3249 -4.78295 60.5512 0
0.4175 12.4157 -4.84245 60.437 0
0.42 12.5059 -4.89989 60.3246 0
0.4225 12.5955 -4.95517 60.2143 0
0.425 12.6843 -5.00824 60.1052 0
0.4275 12.7723 -5.05904 59.9981 0
0.43 12.8593 -5.10749 59.893 0
0.4325 12.9453 -5.15354 59.7898 0
0.435 13.0302 -5.19711 59.6886 0
0.4375 13.1139 -5.23816 59.5893 0
0.44 13.1963 -5.27663 59.4921 0
0.4425 13.2773 -5.31245 59.3969 0
0.445 13.3568 -5.34557 59.3039 0
0.4475 13.4348 -5.37594 59.213 0
0.45 13.5111 -5.4035 59.1243 0
0.4525 13.5857 -5.4282 59.0378 0
0.455 13.6584 -5.44998 58.9536 0
0.4575 13.7291 -5.46878 58.8717 0
0.46 13.7978 -5.48454 58.7921 0
0.4625 13.8643 -5.49721 58.7149 0
0.465 13.9284 -5.50671 58.64 0
0.4675 13.9901 -5.51299 58.5676 0
0.47 14.0491 -5.51596 58.4975 0
0.4725 14.1052 -5.51557 58.43 0
0.475 14.1582 -5.51172 58.3649 0
0.4775 14.2075 -5.50444 58.3023 0
0.48 14.2528 -5.49353 58.2423 0
0.4825 14.293 -5.48008 58.1847 0
0.485 14.3261 -5.4622 58.1297 0
0.4875 14.3454 -5.4654 58.0773 0
0.49 14.3784 -5.48942 58.0274 0
0.4925 14.4163 -5.51029 57.9802 0
0.495 14.4575 -5.53177 57.9354 0
0.4975 14.5011 -5.55211 57.8933 0
0.5 14.5465 -5.57142 57.8537 0
0.5025 14.5934 -5.58942 57.8168 0
0.505 14.6415 -5.60602 57.7823 0
0.5075 14.6906 -5.62112 57.7505 0
0.51 14.7404 -5.63465 57.7213 0
0.5125 14.7908 -5.64652 57.6945 0
0.515 14.8418 -5.6567 57.6704 0
0.5175 14.8931 -5.66511 57.6488 0
0.52 14.9448 -5.67172 57.6297 0
0.5225 14.9966 -5.67647 57.6131 0
0.525 15.0486 -5.67929 57.599 0
0.5275 15.1006 -5.68017 57.5874 0
0.53 15.1525 -5.67873 57.5782 0
0.5325 15.2041 -5.67587 57.5715 0
0.535 15.2558 -5.67189 57.5672 0
0.5375 15.3075 -5.66592 57.5652 0
0.54 15.359 -5.65803 57.5657 0
0.5425 15.4103 -5.64818 57.5685 0
0.545 15.4614 -5.63639 57.5736 0
0.5475 15.5121 -5.62266 57.5809 0
0.55 15.5626 -5.60697 57.5906 0
0.5525 15.6126 -5.58933 57.6024 0
0.555 15.6623 -5.56975 57.6165 0
0.5575 15.7115 -5.54823 57.6327 0
0.56 15.7602 -5.52477 57.6511 0
0.5625 15.8085 -5.49939 57.6715 0
0.565 15.8561 -5.4721 57.694 0
0.5675 15.9033 -5.44289 57.7185 0
0.57 15.9498 -5.41179 57.745 0
0.5725 15.9958 -5.37883 57.7734 0
0.575 16.0411 -5.34399 57.8038 0
0.5775 16.0858 -5.30732 57.8359 0
0.58 16.1298 -5.26883 57.8699 0
0.5825 16.1731 -5.22854 57.9057 0
0.585 16.2156 -5.18646 57.9432 0
0.5875 16.2575 -5.14264 57.9824 0
0.59 16.2986 -5.09708 58.0232 0
0.5925 16.339 -5.04983 58.0656 0
0.595 16.3786 -5.00089 58.1095 0
0.5975 16.4174 -4.95031 58.1549 0
0.6 16.4554 -4.89812 58.2017 0
0.6025 16.4926 -4.84433 58.2499 0
0.605 16.529 -4.78899 58.2995 0
0.6075 16.5646 -4.73213 58.3502 0
0.61 16.5993 -4.67378 58.4022 0
0.6125 16.6332 -4.61398 58.4554 0
0.615 16.6663 -4.55276 58.5096 0
0.6175 16.6985 -4.49015 58.5649 0
0.62 16.7298 -4.42619 58.6211 0
0.6225 16.7603 -4.36092 58.6782 0
0.625 16.7899 -4.29438 58.7362 0
0.6275 16.8186 -4.2266 58.7949 0
0.63 16.8465 -4.15762 58.8543 0
0.6325 16.8735 -4.08747 58.9144 0
0.635 16.8997 -4.01619 58.9751 0
0.6375 16.925 -3.94385 59.0362 0
0.64 16.9494 -3.87052 59.0978 0
0.6425 16.973 -3.79617 59.1597 0
0.645 16.9957 -3.72086 59.222 0
0.6475 17.0176 -3.64463 59.2844 0
0.65 17.0387 -3.56752 59.3469 0
0.6525 17.0589 -3.48957 59.4095 0
0.655 17.0783 -3.41082 59.4721 0
0.6575 17.0968 -3.3313 59.5345 0
0.66 17.1146 -3.25106 59.5968 0
0.6625 17.1316 -3.17014 59.6588 0
0.665 17.1478 -3.08858 59.7205 0
0.6675 17.1632 -3.00641 59.7817 0
0.67 17.1778 -2.92367 59.8425 0
0.6725 17.1917 -2.8404 59.9026 0
0.675 17.2048 -2.75664 59.9621 0
0.6775 17.2172 -2.67242 60.0208 0
0.68 17.229 -2.58778 60.0787 0
0.6825 17.24 -2.50276 60.1355 0
0.685 17.2503 -2.41738 60.1913 0
0.6875 17.26 -2.33168 60.2459 0
0.69 17.269 -2.2457 60.2991 0
0.6925 17.2774 -2.15946 60.3507 0
0.695 17.2851 -2.073 60.401 0
0.6975 17.2923 -1.98662 60.4542 0
0.7 17.2989 -1.90088 60.5251 0
0.7025 17.305 -1.81266 60.601 0
0.705 17.3105 -1.72443 60.6226 0
0.7075 17.3155 -1.6384 60.6442 0
0.71 17.32 -1.55141 60.6806 0
0.7125 17.324 -1.46406 60.7208 0
0.715 17.3275 -1.37691 60.76 0
0.7175 17.3307 -1.28998 60.7973 0
0.72 17.3336 -1.20298 60.8325 0
0.7225 17.3361 -1.11604 60.8655 0
0.725 17.3383 -1.02914 60.8965 0
0.7275 17.3402 -0.942308 60.9253 0
0.73 17.3418 -0.85555 60.9519 0
0.7325 17.3431 -0.768882 60.9763 0
0.735 17.3442 -0.682313 60.9985 0
0.7375 17.345 -0.595853 61.0185 0
0.74 17.3456 -0.509512 61.0362 0
0.7425 17.3461 -0.423299 61.0515 0
0.745 17.3464 -0.337214 61.0646 0
0.7475 17.3467 -0.251228 61.0754 0
0.75 17.3468 -0.165312 61.0838 0
0.7525 17.3469 -0.0794576 61.0899 0
0.755 17.3469 0.00637176 61.0936 0
0.7575 17.3469 0.09225 61.095 0
0.76 17.3468 0.178214 61.0941 0
0.7625 17.3465 0.264261 61.0908 0
0.765 17.346 0.350377 61.0853 0
0.7675 17.3453 0.436605 61.0774 0
0.77 17.3445 0.522747 61.0673 0
0.7725 17.3436 0.609545 61.055 0
0.775 17.3414 0.695667 61.0404 0
0.7775 17.3399 0.781237 61.0237 0
0.78 17.3382 0.86759 61.0048 0
0.7825 17.3361 0.953839 60.9839 0
0.785 17.3338 1.04017 60.9609 0
0.7875 17.3311 1.1265 60.9359 0
0.79 17.3281 1.21282 60.9089 0
0.7925 17.3247 1.29909 60.8801 0
0.795 17.3209 1.38533 60.8494 0
0.7975 17.3166 1.47134 60.817 0
0.8 17.3122 1.55773 60.7828 0
0.8025 17.3071 1.64426 60.747 0
0.805 17.3014 1.73031 60.7097 0
0.8075 17.2952 1.81626 60.6708 0
0.81 17.2884 1.90198 60.6305 0
0.8125 17.281 1.98748 60.5888 0
0.815 17.273 2.07273 60.5458 0
0.8175 17.2644 2.15769 60.5016 0
0.82 17.2551 2.24233 60.4563 0
0.8225 17.2452 2.32663 60.4099 0
0.825 17.2346 2.41054 60.3625 0
0.8275 17.2233 2.49404 60.3142 0
0.83 17.2113 2.57709 60.2651 0
0.8325 17.1985 2.65965 60.2153 0
0.835 17.1851 2.74169 60.1648 0
0.8375 17.1709 2.82318 60.1137 0
0.84 17.1559 2.90407 60.0622 0
0.8425 17.1401 2.98433 60.0102 0
0.845 17.1236 3.06392 59.9578 0
0.8475 17.1062 3.1428 59.9052 0
0.85 17.0881 3.22093 59.8524 0
0.8525 17.0691 3.29828 59.7995 0
0.855 17.0493 3.3748 59.7466 0
0.8575 17.0287 3.45046 59.6938 0
0.86 17.0072 3.52521 59.6411 0
0.8625 16.9848 3.59903 59.5885 0
0.865 16.9617 3.67186 59.5363 0
0.8675 16.9376 3.74367 59.4844 0
0.87 16.9127 3.81442 59.433 0
0.8725 16.887 3.8841 59.382 0
0.875 16.8603 3.95268 59.3316 0
0.8775 16.8328 4.02006 59.2819 0
0.88 16.8044 4.08622 59.2329 0
0.8825 16.7752 4.15113 59.1846 0
0.885 16.745 4.21476 59.1372 0
0.8875 16.714 4.27705 59.0907 0
0.89 16.6821 4.33799 59.0451 0
0.8925 16.6494 4.39754 59.0006 0
0.895 16.6158 4.45566 58.9572 0
0.8975 16.5814 4.51231 58.915 0
0.9 16.5461 4.56747 58.8739 0
0.9025 16.5099 4.62111 58.8342 0
0.905 16.473 4.67318 58.7957 0
0.9075 16.4352 4.72367 58.7586 0
0.91 16.3966 4.77254 58.723 0
0.9125 16.3572 4.81976 58.6889 0
0.915 16.317 4.86532 58.6563 0
0.9175 16.2761 4.90917 58.6253 0
0.92 16.2343 4.9513 58.5959 0
0.9225 16.1919 4.99168 58.5682 0
0.925 16.1487 5.0303 58.5423 0
0.9275 16.1048 5.06712 58.5181 0
0.93 16.0602 5.10213 58.4958 0
0.9325 16.0149 5.13532 58.4753 0
0.935 15.969 5.16666 58.4568 0
0.9375 15.9225 5.19614 58.4401 0
0.94 15.8753 5.22374 58.4255 0
0.9425 15.8276 5.24946 58.4129 0
0.945 15.7793 5.27328 58.4024 0
0.9475 15.7304 5.2952 58.3939 0
0.95 15.6811 5.31521 58.3876 0
0.9525 15.6313 5.3333 58.3835 0
0.955 15.5811 5.34947 58.3815 0
0.9575 15.5304 5.36371 58.3818 0
0.96 15.4794 5.37604 58.3844 0
0.9625 15.4281 5.38645 58.3892 0
0.965 15.3764 5.39494 58.3964 0
0.9675 15.3246 5.40153 58.4059 0
0.97 15.2725 5.40622 58.4177 0
0.9725 15.2203 5.409 58.4319 0
0.975 15.1681 5.41003 58.4486 0
0.9775 15.116 5.40996 58.4677 0
0.98 15.0635 5.40827 58.4892 0
0.9825 15.011 5.40437 58.5132 0
0.985 14.9586 5.39859 58.5396 0
0.9875 14.9063 5.39096 58.5686 0
0.99 14.8542 5.38152 58.6001 0
0.9925 14.8024 5.37046 58.634 0
0.995 14.751 5.35734 58.6705 0
0.9975 14.7002 5.34403 58.7095 0
1 14.65 5.32389 58.7421 0
