0 0 20.6935 -3.02581 -0.279565 73.0033 -13.9831 1.27418
0 0.05 20.7666 -2.93445 1.7365 71.9241 -13.1912 -12.4809
0 0.1 20.8662 -2.5818 3.48451 68.9728 -10.9283 -23.852
0 0.15 20.9074 -1.94464 5.01279 65.7116 -7.68555 -31.7089
0 0.2 20.8947 -1.04978 6.04279 63.3657 -3.93841 -36.1394
0 0.25 20.8805 1.39305e-07 6.41136 62.5303 1.49772e-07 -37.5545
0 0.3 20.8947 1.04978 6.04329 63.3657 3.93841 -36.1394
0 0.35 20.9074 1.94464 5.01077 65.7116 7.68555 -31.7089
0 0.4 20.8662 2.5818 3.49209 68.9728 10.9283 -23.852
0 0.45 20.7666 2.93445 1.70819 71.9241 13.1912 -12.4809
0 0.5 20.6935 3.02581 -0.173922 73.0033 13.9831 1.27418
0 0.55 20.7372 2.9392 -2.04827 71.4866 13.1028 14.9004
0 0.6 20.7913 2.59274 -3.76381 68.242 10.797 25.9815
0 0.65 20.7839 1.95726 -5.15343 64.8431 7.56684 33.5533
0 0.7 20.734 1.05817 -6.05827 62.4504 3.87045 37.7974
0 0.75 20.7057 1.27323e-07 -6.37291 61.6055 1.56779e-07 39.1495
0 0.8 20.734 -1.05817 -6.05777 62.4504 -3.87045 37.7974
0 0.85 20.7839 -1.95726 -5.15545 64.8431 -7.56684 33.5533
0 0.9 20.7913 -2.59274 -3.75623 68.242 -10.797 25.9814
0 0.95 20.7372 -2.9392 -2.07658 71.4866 -13.1028 14.9004
0 1 20.6935 -3.02581 -0.0682797 73.0033 -13.9831 1.27418
0.05 0 20.7082 -2.86106 -0.358508 72.6447 -12.8883 3.72936
0.05 0.05 20.3503 -2.83303 1.5482 72.7218 -13.2248 -9.53697
0.05 0.1 19.899 -2.57217 3.14028 70.6469 -11.8882 -21.3339
0.05 0.15 19.3516 -1.9926 4.449 67.7068 -8.95657 -29.9993
0.05 0.2 18.8734 -1.09598 5.28145 65.3351 -4.80725 -35.0844
0.05 0.25 18.6805 6.14328e-08 5.56858 64.4461 5.55619e-08 -36.7387
0.05 0.3 18.8734 1.09598 5.28194 65.3351 4.80725 -35.0844
0.05 0.35 19.3516 1.9926 4.44701 67.7068 8.95657 -29.9993
0.05 0.4 19.899 2.57217 3.14773 70.6469 11.8882 -21.3339
0.05 0.45 20.3503 2.83303 1.52042 72.7218 13.2248 -9.53697
0.05 0.5 20.7082 2.86106 -0.254803 72.6447 12.8883 3.72936
0.05 0.55 21.1695 2.70589 -2.04794 70.3113 11.1743 16.027
0.05 0.6 21.6693 2.30889 -3.72913 66.8675 8.62406 25.597
0.05 0.65 22.0825 1.69145 -5.14136 63.6561 5.7505 32.0166
0.05 0.7 22.3417 0.896249 -6.08845 61.5046 2.85094 35.6091
0.05 0.75 22.4284 1.60879e-07 -6.42347 60.759 1.92992e-07 36.7573
0.05 0.8 22.3417 -0.896249 -6.08795 61.5046 -2.85094 35.6091
0.05 0.85 22.0825 -1.69145 -5.14335 63.6561 -5.7505 32.0166
0.05 0.9 21.6693 -2.30888 -3.72169 66.8675 -8.62406 25.597
0.05 0.95 21.1695 -2.70589 -2.07572 70.3113 -11.1743 16.027
0.05 1 20.7082 -2.86106 -0.151099 72.6447 -12.8883 3.72936
0.1 0 20.7596 -2.38751 -0.385073 71.8037 -10.164 4.94553
0.1 0.05 19.9894 -2.40745 1.23475 72.9624 -11.2606 -6.10817
0.1 0.1 18.9416 -2.23931 2.54799 72.2064 -11.0182 -16.7107
0.1 0.15 17.6991 -1.77035 3.5645 70.1526 -8.98874 -25.2018
0.1 0.2 16.646 -0.985375 4.15613 68.0939 -5.11106 -30.5678
0.1 0.25 16.2298 -1.16129e-08 4.34621 67.245 -7.13741e-08 -32.3909
0.1 0.3 16.646 0.985375 4.15656 68.0939 5.11106 -30.5678
0.1 0.35 17.6991 1.77035 3.56275 70.1526 8.98874 -25.2018
0.1 0.4 18.9416 2.23931 2.55456 72.2064 11.0182 -16.7107
0.1 0.45 19.9894 2.40745 1.21022 72.9624 11.2606 -6.10817
0.1 0.5 20.7596 2.38751 -0.293532 71.8037 10.164 4.94553
0.1 0.55 21.5611 2.19207 -1.81152 69.1358 8.28313 14.7476
0.1 0.6 22.3605 1.81367 -3.21102 65.9643 6.10286 22.3163
0.1 0.65 23.0088 1.29368 -4.35632 63.2029 3.94018 27.4774
0.1 0.7 23.4234 0.673537 -5.10557 61.3898 1.91633 30.4306
0.1 0.75 23.5651 1.56082e-07 -5.36673 60.7641 1.83805e-07 31.388
0.1 0.8 23.4234 -0.673537 -5.10513 61.3898 -1.91633 30.4306
0.1 0.85 23.0088 -1.29368 -4.35807 63.2029 -3.94018 27.4774
0.1 0.9 22.3605 -1.81367 -3.20445 65.9643 -6.10286 22.3163
0.1 0.95 21.5611 -2.19207 -1.83605 69.1358 -8.28313 14.7476
0.1 1 20.7596 -2.38751 -0.201991 71.8037 -10.164 4.94553
0.15 0 20.8278 -1.67589 -0.351783 70.8448 -6.74299 4.608
0.15 0.05 19.7011 -1.72761 0.82474 72.7556 -7.9228 -3.12877
0.15 0.1 18.1229 -1.63255 1.72375 73.3277 -8.33113 -10.9926
0.15 0.15 16.2421 -1.30153 2.33673 72.532 -7.31954 -17.8546
0.15 0.2 14.6775 -0.721388 2.61458 71.2026 -4.40584 -22.5995
0.15 0.25 14.072 -4.95616e-08 2.67169 70.5667 -1.79412e-07 -24.3126
0.15 0.3 14.6775 0.721388 2.61488 71.2026 4.40584 -22.5995
0.15 0.35 16.2421 1.30153 2.33552 72.532 7.31954 -17.8546
0.15 0.4 18.1229 1.63255 1.72827 73.3277 8.33113 -10.9926
0.15 0.45 19.7011 1.72761 0.807851 72.7556 7.9228 -3.12877
0.15 0.5 20.8278 1.67589 -0.28875 70.8448 6.74299 4.608
0.15 0.55 21.8638 1.50284 -1.39267 68.1928 5.26384 11.3443
0.15 0.6 22.823 1.21509 -2.38827 65.4946 3.7647 16.629
0.15 0.65 23.5715 0.85095 -3.1855 63.2739 2.3823 20.3508
0.15 0.7 24.0418 0.437497 -3.6953 61.8406 1.14454 22.5469
0.15 0.75 24.2014 1.14409e-07 -3.87029 61.3476 1.38365e-07 23.2718
0.15 0.8 24.0418 -0.437497 -3.69499 61.8406 -1.14454 22.5469
0.15 0.85 23.5715 -0.850949 -3.18671 63.2739 -2.3823 20.3508
0.15 0.9 22.823 -1.21509 -2.38375 65.4946 -3.7647 16.629
0.15 0.95 21.8638 -1.50284 -1.40956 68.1928 -5.26384 11.3443
0.15 1 20.8278 -1.67589 -0.225718 70.8448 -6.74299 4.608
0.2 0 20.8903 -0.852651 -0.276435 70.1251 -3.27053 3.14632
0.2 0.05 19.5091 -0.894817 0.352358 72.418 -3.98634 -0.781099
0.2 0.1 17.565 -0.851617 0.811035 73.9032 -4.3963 -4.90649
0.2 0.15 15.272 -0.677623 1.08372 74.2175 -4.06547 -8.73575
0.2 0.2 13.4289 -0.367282 1.15101 73.7704 -2.54338 -11.5914
0.2 0.25 12.7884 -4.42082e-08 1.14081 73.479 -1.70567e-07 -12.68
0.2 0.3 13.4289 0.367282 1.15116 73.7704 2.54338 -11.5914
0.2 0.35 15.272 0.677623 1.08313 74.2175 4.06547 -8.73575
0.2 0.4 17.565 0.851617 0.81325 73.9032 4.3963 -4.90649
0.2 0.45 19.5091 0.894817 0.344091 72.418 3.98634 -0.781099
0.2 0.5 20.8903 0.852651 -0.245581 70.1251 3.27053 3.14632
0.2 0.55 22.0505 0.750283 -0.834908 67.6125 2.48852 6.55818
0.2 0.6 23.0669 0.600289 -1.3502 65.3327 1.74816 9.28844
0.2 0.65 23.8409 0.417288 -1.74878 63.5635 1.0912 11.2675
0.2 0.7 24.3181 0.212975 -1.99498 62.4559 0.519081 12.4667
0.2 0.75 24.4774 5.5783e-08 -2.07826 62.08 7.12378e-08 12.8688
0.2 0.8 24.3181 -0.212975 -1.99483 62.4559 -0.519081 12.4667
0.2 0.85 23.8409 -0.417288 -1.74937 63.5635 -1.0912 11.2675
0.2 0.9 23.0669 -0.600289 -1.34799 65.3327 -1.74816 9.28844
0.2 0.95 22.0505 -0.750283 -0.843175 67.6125 -2.48852 6.55818
0.2 1 20.8903 -0.852651 -0.214726 70.1251 -3.27053 3.14632
0.25 0 20.9172 0.000261969 -0.182994 69.8771 0.0829887 1.16833
0.25 0.05 19.4358 0.00145179 -0.158342 72.2416 0.0903821 1.20708
0.25 0.1 17.3569 0.00320903 -0.129175 73.9951 0.089053 1.24438
0.25 0.15 14.9233 0.00246634 -0.10238 74.7005 0.0740078 1.27179
0.25 0.2 13.0616 -0.000106671 -0.0879203 74.6301 0.0428663 1.28706
0.25 0.25 12.4612 -6.75284e-10 -0.0856375 74.5091 -1.07584e-09 1.29226
0.25 0.3 13.0616 0.00010667 -0.0879207 74.6301 -0.0428663 1.28706
0.25 0.35 14.9233 -0.00246634 -0.102378 74.7005 -0.0740078 1.27179
0.25 0.4 17.3569 -0.00320904 -0.129182 73.9951 -0.089053 1.24438
0.25 0.45 19.4358 -0.00145179 -0.158315 72.2416 -0.0903821 1.20708
0.25 0.5 20.9172 -0.000261969 -0.183095 69.8771 -0.0829887 1.16833
0.25 0.55 22.1151 -0.000152865 -0.202523 67.4614 -0.0716217 1.13472
0.25 0.6 23.1392 0.000141424 -0.216828 65.3638 -0.058121 1.10948
0.25 0.65 23.9098 0.000622536 -0.225877 63.7838 -0.0417732 1.09368
0.25 0.7 24.3765 0.000592313 -0.230393 62.815 -0.022037 1.08596
0.25 0.75 24.5333 2.35254e-10 -0.231721 62.49 -5.23827e-09 1.0838
0.25 0.8 24.3765 -0.000592313 -0.230393 62.815 0.022037 1.08596
0.25 0.85 23.9098 -0.000622536 -0.225875 63.7838 0.0417732 1.09368
0.25 0.9 23.1392 -0.000141424 -0.216835 65.3638 0.058121 1.10948
0.25 0.95 22.1151 0.000152864 -0.202496 67.4614 0.0716217 1.13472
0.25 1 20.9172 0.000261969 -0.183196 69.8771 0.0829887 1.16833
0.3 0 20.8924 0.851647 -0.0888057 70.1751 3.43313 -0.793126
0.3 0.05 19.4951 0.896747 -0.671909 72.3351 4.15399 3.20773
0.3 0.1 17.5294 0.857258 -1.07391 73.6608 4.54797 7.37813
0.3 0.15 15.2168 0.683459 -1.29056 73.8148 4.17794 11.2098
0.3 0.2 13.3675 0.36948 -1.32041 73.2456 2.60179 14.04
0.3 0.25 12.7333 4.42084e-08 -1.29923 72.9082 1.6998e-07 15.1134
0.3 0.3 13.3675 -0.36948 -1.32055 73.2456 -2.60179 14.04
0.3 0.35 15.2168 -0.683458 -1.28996 73.8148 -4.17794 11.2098
0.3 0.4 17.5294 -0.857258 -1.07614 73.6608 -4.54797 7.37813
0.3 0.45 19.4951 -0.896747 -0.663589 72.3351 -4.15399 3.20773
0.3 0.5 20.8924 -0.851647 -0.119859 70.1751 -3.43313 -0.793126
0.3 0.55 22.0584 -0.748554 0.431983 67.758 -2.63326 -4.28609
0.3 0.6 23.0759 -0.598575 0.917452 65.5387 -1.86702 -7.08787
0.3 0.65 23.8501 -0.415943 1.29542 63.8047 -1.17655 -9.11848
0.3 0.7 24.327 -0.21214 1.52989 62.7154 -0.563864 -10.3472
0.3 0.75 24.4862 -5.47018e-08 1.60947 62.3453 -8.14401e-08 -10.7587
0.3 0.8 24.327 0.21214 1.52974 62.7154 0.563863 -10.3472
0.3 0.85 23.8501 0.415943 1.29601 63.8047 1.17655 -9.11848
0.3 0.9 23.0759 0.598575 0.915224 65.5387 1.86702 -7.08787
0.3 0.95 22.0584 0.748554 0.440304 67.758 2.63326 -4.28609
0.3 1 20.8924 0.851647 -0.150912 70.1751 3.43313 -0.793126
0.35 0 20.8308 1.67179 -0.0119494 70.9312 6.8932 -2.20858
0.35 0.05 19.6775 1.72747 -1.15243 72.581 8.05066 5.58412
0.35 0.1 18.0579 1.63662 -2.00326 72.8677 8.41214 13.4102
0.35 0.15 16.1321 1.30693 -2.56291 71.8228 7.34832 20.1523
0.35 0.2 14.5372 0.724349 -2.79789 70.329 4.40581 24.7623
0.35 0.25 13.923 5.04784e-08 -2.83808 69.6366 1.81767e-07 26.4162
0.35 0.3 14.5372 -0.724349 -2.79819 70.329 -4.40581 24.7623
0.35 0.35 16.1321 -1.30693 -2.5617 71.8228 -7.34832 20.1523
0.35 0.4 18.0579 -1.63662 -2.0078 72.8677 -8.41214 13.4102
0.35 0.45 19.6775 -1.72747 -1.13547 72.581 -8.05066 5.58412
0.35 0.5 20.8308 -1.67179 -0.0752633 70.9312 -6.8932 -2.20858
0.35 0.55 21.8791 -1.49649 0.994708 68.4718 -5.41164 -9.06136
0.35 0.6 22.8453 -1.20852 1.95701 65.8902 -3.89124 -14.474
0.35 0.65 23.5976 -0.845569 2.72671 63.7296 -2.47384 -18.2991
0.35 0.7 24.07 -0.434466 3.21818 62.323 -1.19231 -20.559
0.35 0.75 24.2303 -1.12441e-07 3.38673 61.8374 -1.48053e-07 -21.3051
0.35 0.8 24.07 0.434466 3.21788 62.323 1.19231 -20.559
0.35 0.85 23.5976 0.845569 2.72792 63.7296 2.47384 -18.2991
0.35 0.9 22.8453 1.20852 1.95247 65.8902 3.89124 -14.474
0.35 0.95 21.8791 1.49649 1.01167 68.4718 5.41164 -9.06136
0.35 1 20.8308 1.67179 -0.138577 70.9312 6.8932 -2.20858
0.4 0 20.7624 2.38124 0.0242802 71.8978 10.2865 -2.48191
0.4 0.05 19.9614 2.4063 -1.57228 72.686 11.3237 8.5853
0.4 0.1 18.8601 2.24306 -2.84879 71.5804 11.0095 19.0375
0.4 0.15 17.5547 1.77648 -3.81967 69.2776 8.93515 27.291
0.4 0.2 16.4521 0.98969 -4.37066 67.0849 5.06443 32.4509
0.4 0.25 16.0176 1.44357e-08 -4.54412 66.1957 7.74121e-08 34.1937
0.4 0.3 16.4521 -0.98969 -4.3711 67.0849 -5.06443 32.4509
0.4 0.35 17.5547 -1.77648 -3.81791 69.2776 -8.93515 27.291
0.4 0.4 18.8601 -2.24306 -2.85538 71.5804 -11.0095 19.0375
0.4 0.45 19.9614 -2.4063 -1.54766 72.686 -11.3237 8.5853
0.4 0.5 20.7624 -2.38124 -0.0676023 71.8978 -10.2865 -2.48191
0.4 0.55 21.5831 -2.18261 1.42307 69.5204 -8.43047 -12.4383
0.4 0.6 22.4002 -1.80244 2.79371 66.519 -6.24012 -20.2085
0.4 0.65 23.0617 -1.28356 3.91521 63.8345 -4.04252 -25.5391
0.4 0.7 23.4848 -0.667547 4.64896 62.0486 -1.97018 -28.5971
0.4 0.75 23.6295 -1.54115e-07 4.90479 61.4289 -1.93519e-07 -29.5894
0.4 0.8 23.4848 0.667547 4.64852 62.0486 1.97018 -28.5971
0.4 0.85 23.0617 1.28356 3.91697 63.8345 4.04252 -25.5391
0.4 0.9 22.4002 1.80244 2.78711 66.519 6.24012 -20.2085
0.4 0.95 21.5831 2.18261 1.44769 69.5204 8.43047 -12.4383
0.4 1 20.7624 2.38124 -0.159485 71.8978 10.2865 -2.48191
0.45 0 20.7084 2.85894 -0.00185934 72.7072 12.96 -1.20613
0.45 0.05 20.3218 2.83396 -1.90133 72.3481 13.2084 12.004
0.45 0.1 19.8149 2.57883 -3.49209 69.9282 11.802 23.5522
0.45 0.15 19.2045 2.00185 -4.80319 66.792 8.85364 31.923
0.45 0.2 18.676 1.10252 -5.63834 64.3371 4.74076 36.7934
0.45 0.25 18.4639 -5.68009e-08 -5.92655 63.4269 -4.71823e-08 38.3713
0.45 0.3 18.676 -1.10252 -5.63884 64.3371 -4.74076 36.7934
0.45 0.35 19.2045 -2.00185 -4.80118 66.792 -8.85364 31.923
0.45 0.4 19.8149 -2.57883 -3.49964 69.9282 -11.802 23.5522
0.45 0.45 20.3218 -2.83396 -1.87317 72.3481 -13.2084 12.004
0.45 0.5 20.7084 -2.85894 -0.106929 72.7072 -12.96 -1.20613
0.45 0.55 21.1972 -2.69735 1.66708 70.7537 -11.3065 -13.6694
0.45 0.6 21.7279 -2.29596 3.31466 67.5385 -8.76768 -23.5054
0.45 0.65 22.1702 -1.6783 4.68515 64.4254 -5.8647 -30.1601
0.45 0.7 22.4503 -0.888027 5.59723 62.3042 -2.91262 -33.8991
0.45 0.75 22.5447 -1.61019e-07 5.91853 61.5641 -2.04406e-07 -35.0958
0.45 0.8 22.4503 0.888027 5.59673 62.3042 2.91262 -33.8991
0.45 0.85 22.1702 1.6783 4.68716 64.4254 5.8647 -30.1601
0.45 0.9 21.7279 2.29596 3.30712 67.5385 8.76768 -23.5054
0.45 0.95 21.1972 2.69735 1.69524 70.7537 11.3065 -13.6694
0.45 1 20.7084 2.85894 -0.211998 72.7072 12.96 -1.20613
0.5 0 20.6935 3.02581 -0.0743503 73.0033 13.9831 1.27418
0.5 0.05 20.7372 2.9392 -2.08746 71.4866 13.1028 14.9004
0.5 0.1 20.7913 2.59274 -3.80486 68.242 10.797 25.9815
0.5 0.15 20.7839 1.95726 -5.27157 64.8431 7.56684 33.5533
0.5 0.2 20.734 1.05817 -6.23972 62.4505 3.87045 37.7975
0.5 0.25 20.7057 -1.35517e-07 -6.58222 61.6055 -1.42342e-07 39.1495
0.5 0.3 20.734 -1.05817 -6.24023 62.4505 -3.87046 37.7975
0.5 0.35 20.7839 -1.95726 -5.26954 64.8431 -7.56684 33.5533
0.5 0.4 20.7913 -2.59274 -3.81245 68.2421 -10.797 25.9815
0.5 0.45 20.7372 -2.9392 -2.05915 71.4866 -13.1028 14.9004
0.5 0.5 20.6935 -3.02581 -0.179995 73.0033 -13.9831 1.27418
0.5 0.55 20.7666 -2.93445 1.69598 71.9241 -13.1912 -12.4809
0.5 0.6 20.8662 -2.58181 3.43995 68.9728 -10.9283 -23.852
0.5 0.65 20.9074 -1.94464 4.88919 65.7116 -7.68555 -31.7089
0.5 0.7 20.8947 -1.04978 5.85464 63.3657 -3.93841 -36.1394
0.5 0.75 20.8805 -1.31515e-07 6.19494 62.5303 -1.72158e-07 -37.5544
0.5 0.8 20.8947 1.04978 5.85414 63.3657 3.93841 -36.1394
0.5 0.85 20.9074 1.94464 4.89121 65.7116 7.68555 -31.7089
0.5 0.9 20.8662 2.58181 3.43237 68.9728 10.9283 -23.852
0.5 0.95 20.7666 2.93445 1.72429 71.9241 13.1912 -12.4809
0.5 1 20.6935 3.02581 -0.285639 73.0033 13.9831 1.27418
0.55 0 20.7082 2.86106 -0.149472 72.6447 12.8883 3.72936
0.55 0.05 21.1695 2.70589 -2.07281 70.3113 11.1743 16.027
0.55 0.1 21.6693 2.30888 -3.70865 66.8675 8.62406 25.597
0.55 0.15 22.0825 1.69145 -5.11223 63.6561 5.7505 32.0166
0.55 0.2 22.3417 0.896248 -6.0392 61.5046 2.85094 35.6091
0.55 0.25 22.4284 -1.84691e-07 -6.36739 60.759 -1.86152e-07 36.7573
0.55 0.3 22.3417 -0.896249 -6.0397 61.5046 -2.85094 35.6091
0.55 0.35 22.0825 -1.69145 -5.11025 63.6561 -5.7505 32.0166
0.55 0.4 21.6693 -2.30888 -3.7161 66.8675 -8.62406 25.597
0.55 0.45 21.1695 -2.70589 -2.04502 70.3113 -11.1743 16.027
0.55 0.5 20.7082 -2.86106 -0.253176 72.6447 -12.8883 3.72936
0.55 0.55 20.3503 -2.83303 1.52369 72.7218 -13.2248 -9.53697
0.55 0.6 19.899 -2.57217 3.1617 70.6469 -11.8882 -21.3339
0.55 0.65 19.3516 -1.9926 4.47959 67.7068 -8.95657 -29.9993
0.55 0.7 18.8734 -1.09598 5.33249 65.3351 -4.80725 -35.0844
0.55 0.75 18.6805 -7.77554e-08 5.62657 64.4461 -9.78064e-08 -36.7387
0.55 0.8 18.8734 1.09598 5.332 65.3351 4.80725 -35.0844
0.55 0.85 19.3516 1.9926 4.48157 67.7068 8.95657 -29.9993
0.55 0.9 19.899 2.57217 3.15425 70.6469 11.8882 -21.3339
0.55 0.95 20.3503 2.83303 1.55147 72.7218 13.2248 -9.53697
0.55 1 20.7082 2.86106 -0.35688 72.6447 12.8883 3.72936
0.6 0 20.7596 2.38751 -0.202426 71.8037 10.164 4.94553
0.6 0.05 21.5611 2.19207 -1.83683 69.1358 8.28313 14.7476
0.6 0.1 22.3605 1.81367 -3.20794 65.9643 6.10286 22.3163
0.6 0.15 23.0088 1.29368 -4.36641 63.2029 3.94018 27.4774
0.6 0.2 23.4234 0.673537 -5.1182 61.3899 1.91633 30.4306
0.6 0.25 23.5651 -1.80479e-07 -5.38176 60.7641 -1.77592e-07 31.388
0.6 0.3 23.4234 -0.673537 -5.11863 61.3899 -1.91633 30.4306
0.6 0.35 23.0088 -1.29368 -4.36466 63.2029 -3.94018 27.4774
0.6 0.4 22.3605 -1.81367 -3.21451 65.9643 -6.10286 22.3163
0.6 0.45 21.5611 -2.19207 -1.8123 69.1358 -8.28313 14.7476
0.6 0.5 20.7596 -2.38751 -0.293968 71.8037 -10.164 4.94553
0.6 0.55 19.9894 -2.40745 1.20934 72.9624 -11.2606 -6.10817
0.6 0.6 18.9416 -2.23931 2.55081 72.2064 -11.0182 -16.7107
0.6 0.65 17.6991 -1.77035 3.55402 70.1526 -8.98874 -25.2018
0.6 0.7 16.646 -0.985375 4.14301 68.0939 -5.11106 -30.5678
0.6 0.75 16.2298 -1.17299e-08 4.33066 67.245 1.77533e-08 -32.3909
0.6 0.8 16.646 0.985375 4.14258 68.0939 5.11106 -30.5678
0.6 0.85 17.6991 1.77035 3.55577 70.1526 8.98874 -25.2018
0.6 0.9 18.9416 2.23931 2.54424 72.2064 11.0182 -16.7107
0.6 0.95 19.9894 2.40745 1.23387 72.9624 11.2606 -6.10817
0.6 1 20.7596 2.38751 -0.385509 71.8037 10.164 4.94553
0.65 0 20.8278 1.67589 -0.2256 70.8448 6.74299 4.608
0.65 0.05 21.8638 1.50284 -1.40935 68.1928 5.26384 11.3443
0.65 0.1 22.823 1.21509 -2.38281 65.4946 3.7647 16.629
0.65 0.15 23.5715 0.850949 -3.18446 63.2739 2.3823 20.3508
0.65 0.2 24.0418 0.437496 -3.69147 61.8406 1.14454 22.5469
0.65 0.25 24.2014 -1.30496e-07 -3.86624 61.3476 -1.3283e-07 23.2718
0.65 0.3 24.0418 -0.437497 -3.69178 61.8406 -1.14454 22.5469
0.65 0.35 23.5715 -0.850949 -3.18326 63.2739 -2.3823 20.3508
0.65 0.4 22.823 -1.21509 -2.38733 65.4946 -3.7647 16.629
0.65 0.45 21.8638 -1.50284 -1.39246 68.1928 -5.26384 11.3443
0.65 0.5 20.8278 -1.67589 -0.288633 70.8448 -6.74299 4.608
0.65 0.55 19.7011 -1.72761 0.808087 72.7556 -7.9228 -3.12877
0.65 0.6 18.1229 -1.63255 1.72928 73.3277 -8.33113 -10.9926
0.65 0.65 16.2421 -1.30153 2.33787 72.532 -7.31954 -17.8546
0.65 0.7 14.6775 -0.721388 2.61853 71.2026 -4.40584 -22.5995
0.65 0.75 14.072 4.02437e-08 2.67588 70.5667 1.49077e-07 -24.3126
0.65 0.8 14.6775 0.721388 2.61823 71.2026 4.40584 -22.5995
0.65 0.85 16.2421 1.30153 2.33908 72.532 7.31954 -17.8546
0.65 0.9 18.1229 1.63255 1.72476 73.3277 8.33113 -10.9926
0.65 0.95 19.7011 1.72761 0.824977 72.7556 7.9228 -3.12877
0.65 1 20.8278 1.67589 -0.351665 70.8448 6.74299 4.608
0.7 0 20.8903 0.852651 -0.214759 70.1251 3.27053 3.14632
0.7 0.05 22.0505 0.750283 -0.843235 67.6125 2.48852 6.55818
0.7 0.1 23.0669 0.600289 -1.34826 65.3327 1.74816 9.28844
0.7 0.15 23.8409 0.417288 -1.75001 63.5635 1.0912 11.2675
0.7 0.2 24.3181 0.212975 -1.99584 62.4559 0.519081 12.4667
0.7 0.25 24.4774 -6.26025e-08 -2.07942 62.08 -7.02394e-08 12.8688
0.7 0.3 24.3181 -0.212975 -1.99599 62.4559 -0.519081 12.4667
0.7 0.35 23.8409 -0.417288 -1.74942 63.5635 -1.0912 11.2675
0.7 0.4 23.0669 -0.600289 -1.35047 65.3327 -1.74816 9.28844
0.7 0.45 22.0505 -0.750283 -0.834968 67.6125 -2.48852 6.55818
0.7 0.5 20.8903 -0.85265 -0.245614 70.1251 -3.27053 3.14632
0.7 0.55 19.5091 -0.894817 0.344024 72.418 -3.98634 -0.781099
0.7 0.6 17.565 -0.851617 0.812963 73.9032 -4.3963 -4.90649
0.7 0.65 15.272 -0.677623 1.08246 74.2175 -4.06547 -8.73575
0.7 0.7 13.4289 -0.367282 1.15012 73.7703 -2.54338 -11.5914
0.7 0.75 12.7884 4.78393e-08 1.13961 73.479 1.74422e-07 -12.68
0.7 0.8 13.4289 0.367282 1.14997 73.7703 2.54338 -11.5914
0.7 0.85 15.272 0.677623 1.08305 74.2175 4.06547 -8.73575
0.7 0.9 17.565 0.851617 0.810748 73.9032 4.3963 -4.90649
0.7 0.95 19.5091 0.894817 0.352291 72.418 3.98634 -0.781099
0.7 1 20.8903 0.852651 -0.276469 70.1251 3.27053 3.14632
0.75 0 20.9172 -0.000261955 -0.183179 69.8771 -0.0829887 1.16833
0.75 0.05 22.1151 -0.000152852 -0.202464 67.4614 -0.0716217 1.13472
0.75 0.1 23.1392 0.000141434 -0.216696 65.3638 -0.0581211 1.10948
0.75 0.15 23.9098 0.000622543 -0.225547 63.7838 -0.0417732 1.09368
0.75 0.2 24.3765 0.000592315 -0.229881 62.815 -0.022037 1.08596
0.75 0.25 24.5333 -1.21858e-09 -0.231133 62.49 -1.33118e-09 1.0838
0.75 0.3 24.3765 -0.000592318 -0.229881 62.815 0.022037 1.08596
0.75 0.35 23.9098 -0.000622545 -0.225549 63.7838 0.0417732 1.09368
0.75 0.4 23.1392 -0.000141436 -0.216689 65.3638 0.0581211 1.10948
0.75 0.45 22.1151 0.000152851 -0.202491 67.4614 0.0716217 1.13472
0.75 0.5 20.9172 0.000261954 -0.183078 69.8771 0.0829887 1.16833
0.75 0.55 19.4358 0.00145178 -0.158283 72.2416 0.0903821 1.20708
0.75 0.6 17.3569 0.00320902 -0.129043 73.995 0.089053 1.24438
0.75 0.65 14.9233 0.00246633 -0.102049 74.7005 0.0740078 1.27179
0.75 0.7 13.0616 -0.000106675 -0.0874088 74.6301 0.0428663 1.28706
0.75 0.75 12.4612 9.4697e-10 -0.0850495 74.5091 3.31459e-09 1.29226
0.75 0.8 13.0616 0.000106677 -0.0874083 74.6301 -0.0428663 1.28706
0.75 0.85 14.9233 -0.00246632 -0.102051 74.7005 -0.0740078 1.27179
0.75 0.9 17.3569 -0.00320902 -0.129035 73.995 -0.089053 1.24438
0.75 0.95 19.4358 -0.00145178 -0.15831 72.2416 -0.0903821 1.20708
0.75 1 20.9172 -0.000261955 -0.182977 69.8771 -0.0829887 1.16833
0.8 0 20.8924 -0.851647 -0.150945 70.1751 -3.43313 -0.793126
0.8 0.05 22.0584 -0.748554 0.440237 67.758 -2.63326 -4.28609
0.8 0.1 23.0759 -0.598574 0.914937 65.5387 -1.86702 -7.08787
0.8 0.15 23.8501 -0.415943 1.29535 63.8047 -1.17655 -9.11848
0.8 0.2 24.327 -0.21214 1.5287 62.7154 -0.563863 -10.3472
0.8 0.25 24.4862 5.9508e-08 1.60827 62.3453 6.79149e-08 -10.7587
0.8 0.3 24.327 0.21214 1.52885 62.7154 0.563864 -10.3472
0.8 0.35 23.8501 0.415943 1.29475 63.8047 1.17655 -9.11849
0.8 0.4 23.0759 0.598575 0.917166 65.5387 1.86702 -7.08787
0.8 0.45 22.0584 0.748554 0.431916 67.758 2.63326 -4.28609
0.8 0.5 20.8924 0.851647 -0.119892 70.1751 3.43313 -0.793126
0.8 0.55 19.4951 0.896747 -0.66365 72.3351 4.15399 3.20773
0.8 0.6 17.5294 0.857258 -1.07641 73.6608 4.54797 7.37813
0.8 0.65 15.2168 0.683458 -1.2906 73.8148 4.17794 11.2098
0.8 0.7 13.3675 0.36948 -1.32156 73.2456 2.60179 14.04
0.8 0.75 12.7333 -4.82798e-08 -1.30038 72.9082 -1.72344e-07 15.1134
0.8 0.8 13.3675 -0.36948 -1.32141 73.2456 -2.60179 14.04
0.8 0.85 15.2168 -0.683458 -1.2912 73.8148 -4.17794 11.2098
0.8 0.9 17.5294 -0.857258 -1.07418 73.6608 -4.54797 7.37813
0.8 0.95 19.4951 -0.896747 -0.67197 72.3351 -4.15399 3.20773
0.8 1 20.8924 -0.851647 -0.0888393 70.1751 -3.43313 -0.793126
0.85 0 20.8308 -1.67179 -0.13846 70.9311 -6.8932 -2.20858
0.85 0.05 21.8791 -1.49649 1.01191 68.4718 -5.41164 -9.06136
0.85 0.1 22.8453 -1.20852 1.95348 65.8902 -3.89124 -14.474
0.85 0.15 23.5976 -0.845569 2.73027 63.7296 -2.47384 -18.2991
0.85 0.2 24.07 -0.434466 3.22153 62.323 -1.19231 -20.559
0.85 0.25 24.2303 1.26645e-07 3.39091 61.8374 1.31595e-07 -21.3051
0.85 0.3 24.07 0.434466 3.22183 62.323 1.19231 -20.559
0.85 0.35 23.5976 0.845569 2.72906 63.7296 2.47384 -18.2991
0.85 0.4 22.8453 1.20852 1.95802 65.8902 3.89124 -14.474
0.85 0.45 21.8791 1.49649 0.994944 68.4718 5.41164 -9.06136
0.85 0.5 20.8308 1.67179 -0.0751459 70.9312 6.8932 -2.20858
0.85 0.55 19.6775 1.72747 -1.13526 72.581 8.05066 5.58412
0.85 0.6 18.0579 1.63662 -2.00686 72.8677 8.41214 13.4102
0.85 0.65 16.1321 1.30693 -2.55945 71.8228 7.34832 20.1523
0.85 0.7 14.5372 0.724349 -2.79467 70.329 4.40581 24.7623
0.85 0.75 13.923 -4.38702e-08 -2.83403 69.6366 -1.58045e-07 26.4162
0.85 0.8 14.5372 -0.724349 -2.79437 70.329 -4.40581 24.7623
0.85 0.85 16.1321 -1.30693 -2.56066 71.8228 -7.34832 20.1523
0.85 0.9 18.0579 -1.63662 -2.00231 72.8677 -8.41214 13.4102
0.85 0.95 19.6775 -1.72747 -1.15222 72.581 -8.05066 5.58412
0.85 1 20.8308 -1.67179 -0.0118322 70.9311 -6.8932 -2.20858
0.9 0 20.7624 -2.38124 -0.159921 71.8978 -10.2865 -2.48191
0.9 0.05 21.5831 -2.18261 1.44681 69.5204 -8.43047 -12.4383
0.9 0.1 22.4002 -1.80244 2.78337 66.519 -6.24012 -20.2085
0.9 0.15 23.0617 -1.28356 3.90823 63.8345 -4.04252 -25.5391
0.9 0.2 23.4848 -0.667547 4.63497 62.0486 -1.97018 -28.5971
0.9 0.25 23.6295 1.77298e-07 4.88925 61.4289 1.78508e-07 -29.5894
0.9 0.3 23.4848 0.667547 4.63541 62.0486 1.97018 -28.5971
0.9 0.35 23.0617 1.28356 3.90647 63.8345 4.04252 -25.5391
0.9 0.4 22.4002 1.80244 2.78996 66.519 6.24012 -20.2085
0.9 0.45 21.5831 2.18261 1.42219 69.5204 8.43047 -12.4383
0.9 0.5 20.7624 2.38124 -0.0680384 71.8978 10.2865 -2.48191
0.9 0.55 19.9614 2.4063 -1.54844 72.686 11.3237 8.5853
0.9 0.6 18.8601 2.24306 -2.85887 71.5804 11.0095 19.0375
0.9 0.65 17.5547 1.77648 -3.82625 69.2775 8.93515 27.291
0.9 0.7 16.4521 0.98969 -4.38416 67.0849 5.06443 32.4509
0.9 0.75 16.0176 3.5525e-09 -4.55916 66.1957 -3.58805e-08 34.1937
0.9 0.8 16.4521 -0.98969 -4.38372 67.0849 -5.06443 32.4509
0.9 0.85 17.5547 -1.77648 -3.82801 69.2775 -8.93515 27.291
0.9 0.9 18.8601 -2.24306 -2.85228 71.5804 -11.0095 19.0375
0.9 0.95 19.9614 -2.4063 -1.57306 72.686 -11.3237 8.58529
0.9 1 20.7624 -2.38124 0.023844 71.8978 -10.2865 -2.48191
0.95 0 20.7084 -2.85894 -0.21037 72.7072 -12.96 -1.20613
0.95 0.05 21.1972 -2.69735 1.69851 70.7537 -11.3065 -13.6694
0.95 0.1 21.7279 -2.29596 3.32109 67.5385 -8.76768 -23.5054
0.95 0.15 22.1702 -1.6783 4.71974 64.4254 -5.8647 -30.1601
0.95 0.2 22.4503 -0.888027 5.64728 62.3042 -2.91262 -33.8991
0.95 0.25 22.5447 1.84758e-07 5.97652 61.5641 1.90381e-07 -35.0958
0.95 0.3 22.4503 0.888027 5.64778 62.3042 2.91262 -33.8991
0.95 0.35 22.1702 1.6783 4.71773 64.4254 5.8647 -30.1601
0.95 0.4 21.7279 2.29596 3.32863 67.5385 8.76768 -23.5054
0.95 0.45 21.1972 2.69735 1.67036 70.7537 11.3065 -13.6694
0.95 0.5 20.7084 2.85894 -0.105301 72.7072 12.96 -1.20613
0.95 0.55 20.3218 2.83396 -1.87026 72.3481 13.2084 12.004
0.95 0.6 19.8149 2.57883 -3.4866 69.9282 11.802 23.5522
0.95 0.65 19.2045 2.00185 -4.77006 66.792 8.85364 31.923
0.95 0.7 18.676 1.10252 -5.59009 64.3371 4.74076 36.7934
0.95 0.75 18.4639 6.95191e-08 -5.87047 63.4269 7.87434e-08 38.3713
0.95 0.8 18.676 -1.10252 -5.58958 64.3371 -4.74076 36.7934
0.95 0.85 19.2045 -2.00185 -4.77208 66.792 -8.85364 31.923
0.95 0.9 19.8149 -2.57883 -3.47906 69.9282 -11.802 23.5522
0.95 0.95 20.3218 -2.83396 -1.89841 72.3481 -13.2084 12.004
0.95 1 20.7084 -2.85894 -0.000232825 72.7072 -12.96 -1.20613
1 0 20.6935 -3.02581 -0.291713 73.0033 -13.9831 1.27418
1 0.05 20.7666 -2.93445 1.71208 71.9241 -13.1912 -12.4809
1 0.1 20.8662 -2.5818 3.38022 68.9728 -10.9283 -23.852
1 0.15 20.9074 -1.94464 4.76963 65.7116 -7.68555 -31.7089
1 0.2 20.8947 -1.04978 5.66549 63.3657 -3.93841 -36.1394
1 0.25 20.8805 1.39305e-07 5.97853 62.5303 1.49772e-07 -37.5545
1 0.3 20.8947 1.04978 5.666 63.3657 3.93841 -36.1394
1 0.35 20.9074 1.94464 4.76761 65.7116 7.68555 -31.7089
1 0.4 20.8662 2.5818 3.38781 68.9728 10.9283 -23.852
1 0.45 20.7666 2.93445 1.68377 71.9241 13.1912 -12.4809
1 0.5 20.6935 3.02581 -0.186067 73.0033 13.9831 1.27418
1 0.55 20.7372 2.9392 -2.07003 71.4866 13.1028 14.9004
1 0.6 20.7913 2.59274 -3.86109 68.242 10.797 25.9815
1 0.65 20.7839 1.95726 -5.38566 64.8431 7.56684 33.5533
1 0.7 20.734 1.05817 -6.42218 62.4504 3.87045 37.7974
1 0.75 20.7057 1.27323e-07 -6.79152 61.6055 1.56779e-07 39.1495
1 0.8 20.734 -1.05817 -6.42168 62.4504 -3.87045 37.7974
1 0.85 20.7839 -1.95726 -5.38768 64.8431 -7.56684 33.5533
1 0.9 20.7913 -2.59274 -3.8535 68.242 -10.797 25.9814
1 0.95 20.7372 -2.9392 -2.09834 71.4866 -13.1028 14.9004
1 1 20.6935 -3.02581 -0.0804213 73.0033 -13.9831 1.27418
