0 0 16.843 -2.83046 -0.0432045 16.606 -2.78537 16.0745 -2.73088 0.907603
0 0.05 16.9167 -2.68601 0.141307 16.529 -2.61921 15.9724 -2.56279 -5.3479
0 0.1 17.243 -2.25367 0.388023 16.6233 -2.16985 16.8392 -2.23179 -9.09339
0 0.15 17.7197 -1.60532 0.6447 16.8886 -1.52738 17.7913 -1.63487 -11.5301
0 0.2 18.1286 -0.831561 0.826213 17.1462 -0.784957 18.5193 -0.861206 -12.8743
0 0.25 18.2876 5.31911e-07 0.891745 17.2499 1.48363e-07 18.7942 3.01704e-05 -13.2994
0 0.3 18.1286 0.831562 0.826325 17.1462 0.784959 18.5189 0.861094 -12.8745
0 0.35 17.7197 1.60532 0.644265 16.8886 1.52737 17.793 1.63524 -11.5293
0 0.4 17.2429 2.25367 0.389649 16.6233 2.16986 16.8324 2.23048 -9.09664
0 0.45 16.9166 2.686 0.135183 16.5288 2.61918 15.9981 2.56737 -5.33499
0 0.5 16.8429 2.83044 -0.0204214 16.6068 2.78552 15.9449 2.70862 -0.653384
0 0.55 16.9138 2.68575 -0.202956 16.5289 2.61919 15.9352 2.56237 5.64828
0 0.6 17.2352 2.25295 -0.543737 16.6232 2.16985 15.6492 2.07836 12.0891
0 0.65 17.7069 1.6044 -0.93929 16.8883 1.5273 15.3208 1.41142 16.8856
0 0.7 18.1121 0.83093 -1.25288 17.1458 0.784892 15.0973 0.703747 19.8916
0 0.75 18.2697 1.48936e-07 -1.3733 17.2496 4.63556e-07 15.0215 -2.40272e-05 20.9291
0 0.8 18.1121 -0.830931 -1.25277 17.1458 -0.784893 15.0968 -0.703649 19.8918
0 0.85 17.7069 -1.6044 -0.939727 16.8883 -1.5273 15.3227 -1.41178 16.8848
0 0.9 17.2352 -2.25295 -0.542096 16.6233 -2.16987 15.6419 -2.077 12.0923
0 0.95 16.9139 -2.68577 -0.209057 16.5288 -2.61916 15.9635 -2.56727 5.63579
0 1 16.843 -2.83046 0.0023819 16.609 -2.78588 15.6127 -2.65204 -2.33066
0.05 0 16.812 -2.67205 -0.0767818 16.5311 -2.62421 15.7818 -2.52763 2.04666
0.05 0.05 15.9613 -2.34744 0.100301 15.5447 -2.27802 16.637 -2.48141 -3.83563
0.05 0.1 15.1035 -1.78836 0.283638 14.5549 -1.71908 16.7924 -2.01501 -7.58195
0.05 0.15 14.5059 -1.15941 0.476018 13.849 -1.10398 16.8897 -1.36645 -10.266
0.05 0.2 14.1838 -0.559807 0.610919 13.4567 -0.529791 16.9704 -0.676888 -11.857
0.05 0.25 14.084 1.04558e-06 0.659668 13.3327 9.28224e-07 17.0021 8.98772e-06 -12.3796
0.05 0.3 14.1838 0.559813 0.61102 13.4567 0.529796 16.9703 0.676865 -11.857
0.05 0.35 14.5059 1.15943 0.475613 13.8489 1.104 16.8902 1.36657 -10.2657
0.05 0.4 15.1035 1.78839 0.285134 14.5549 1.7191 16.7902 2.01466 -7.58286
0.05 0.45 15.9613 2.34746 0.0946652 15.5447 2.27804 16.6428 2.48252 -3.83273
0.05 0.5 16.8119 2.67203 -0.0557755 16.5313 2.62424 15.8115 2.53194 0.770798
0.05 0.55 17.959 2.75251 -0.300104 17.5392 2.69104 15.2923 2.34327 7.67931
0.05 0.6 20.0237 2.64918 -0.729736 19.3105 2.55403 15.6374 2.08454 13.5573
0.05 0.65 22.5201 2.20374 -1.25715 21.5126 2.10407 16.0126 1.58514 18.052
0.05 0.7 24.6359 1.28749 -1.73712 23.3711 1.21986 16.4619 0.874991 20.9686
0.05 0.75 25.4761 -1.21357e-06 -1.9339 24.109 -1.01803e-06 16.6291 -7.31876e-06 22.013
0.05 0.8 24.6359 -1.2875 -1.73702 23.3711 -1.21987 16.4619 -0.874969 20.9686
0.05 0.85 22.5201 -2.20376 -1.25755 21.5126 -2.10409 16.013 -1.58525 18.0518
0.05 0.9 20.0237 -2.64921 -0.728211 19.3105 -2.55407 15.6353 -2.08418 13.558
0.05 0.95 17.959 -2.75255 -0.30572 17.5392 -2.69108 15.2989 -2.34452 7.67679
0.05 1 16.812 -2.67205 -0.034778 16.5311 -2.62421 15.9001 -2.54657 -0.514251
0.1 0 16.7124 -2.31413 -0.101339 16.3514 -2.26352 15.8567 -2.20462 2.40766
0.1 0.05 15.0395 -1.84256 0.0645677 14.6012 -1.78308 16.901 -2.09887 -2.55918
0.1 0.1 13.5449 -1.29831 0.158915 13.0477 -1.24618 17.1535 -1.66349 -5.03205
0.1 0.15 12.4874 -0.803882 0.233924 11.9613 -0.766982 17.1563 -1.11538 -6.74312
0.1 0.2 11.8932 -0.379278 0.277237 11.3465 -0.360452 17.1588 -0.5519 -7.72868
0.1 0.25 11.704 1.28374e-06 0.292196 11.1501 1.25859e-06 17.1605 -7.90905e-07 -8.04408
0.1 0.3 11.8932 0.379282 0.277292 11.3465 0.360456 17.1588 0.551915 -7.72866
0.1 0.35 12.4874 0.803887 0.233698 11.9613 0.766987 17.1561 1.11535 -6.74319
0.1 0.4 13.5449 1.29831 0.159758 13.0477 1.24618 17.1541 1.66361 -5.03191
0.1 0.45 15.0395 1.84255 0.061417 14.6013 1.78307 16.8986 2.09844 -2.55968
0.1 0.5 16.7123 2.3141 -0.0895732 16.3513 2.26348 15.6734 2.17957 1.86715
0.1 0.55 19.1208 2.68649 -0.404234 18.614 2.61903 14.8501 2.07045 8.9139
0.1 0.6 23.346 3.03109 -0.948724 22.5509 2.93002 14.9035 1.92673 14.9443
0.1 0.65 29.0278 2.96721 -1.71813 27.9203 2.85683 14.9645 1.52432 20.3215
0.1 0.7 34.4227 1.94545 -2.47648 33.0443 1.87013 15.0891 0.849517 24.0804
0.1 0.75 36.725 6.95901e-08 -2.82325 35.2351 2.4701e-08 15.2558 1.52129e-06 25.3051
0.1 0.8 34.4227 -1.94545 -2.47642 33.0443 -1.87013 15.0891 -0.849522 24.0803
0.1 0.85 29.0278 -2.96721 -1.71835 27.9203 -2.85682 14.9644 -1.5243 20.3216
0.1 0.9 23.346 -3.03108 -0.947873 22.5509 -2.93001 14.9039 -1.92682 14.9441
0.1 0.95 19.1208 -2.6865 -0.407366 18.6141 -2.61904 14.8475 -2.07001 8.91468
0.1 1 16.7124 -2.31413 -0.0778036 16.3514 -2.26352 15.4765 -2.15177 1.33057
0.15 0 16.5503 -1.80647 -0.109715 16.1331 -1.76114 16.1415 -1.7633 2.4408
0.15 0.05 14.2535 -1.30343 0.0216376 13.8171 -1.25987 16.8814 -1.5604 -1.22644
0.15 0.1 12.4933 -0.859704 0.0806213 12.0448 -0.825229 17.3603 -1.20818 -2.78756
0.15 0.15 11.31 -0.516668 0.112685 10.8727 -0.493645 17.4834 -0.808418 -3.66607
0.15 0.2 10.6523 -0.24172 0.126212 10.2231 -0.23025 17.541 -0.403557 -4.05132
0.15 0.25 10.4438 3.24739e-07 0.129376 10.0189 3.0752e-07 17.5568 1.2073e-06 -4.13789
0.15 0.3 10.6523 0.241719 0.126206 10.2231 0.23025 17.5409 0.403555 -4.05133
0.15 0.35 11.31 0.516665 0.112704 10.8727 0.493642 17.4833 0.808415 -3.66612
0.15 0.4 12.4933 0.859701 0.0805528 12.0448 0.825226 17.3604 1.20816 -2.78757
0.15 0.45 14.2535 1.30344 0.0219025 13.8171 1.25987 16.8816 1.56048 -1.22655
0.15 0.5 16.5503 1.80646 -0.110698 16.1331 1.76115 15.5525 1.69875 2.52762
0.15 0.55 20.1337 2.37103 -0.401541 19.5868 2.31059 14.363 1.6669 8.33723
0.15 0.6 26.5352 3.05356 -0.907764 25.7547 2.9693 13.78 1.54549 13.518
0.15 0.65 36.0149 3.33235 -1.58981 35.0801 3.25576 12.6037 1.10176 18.8985
0.15 0.7 45.4246 2.23694 -2.12159 44.5499 2.20412 10.6228 0.447363 22.6316
0.15 0.75 49.2317 2.9243e-06 -2.08306 48.5107 2.87838e-06 9.1786 9.51156e-08 22.5081
0.15 0.8 45.4246 -2.23694 -2.12159 44.5499 -2.20412 10.6228 -0.44736 22.6316
0.15 0.85 36.0149 -3.33234 -1.5898 35.0801 -3.25575 12.6037 -1.10176 18.8985
0.15 0.9 26.5352 -3.05355 -0.907842 25.7546 -2.96929 13.78 -1.54547 13.5181
0.15 0.95 20.1337 -2.37102 -0.401275 19.5868 -2.31058 14.3634 -1.66698 8.33699
0.15 1 16.5503 -1.80647 -0.111672 16.1331 -1.76114 14.9677 -1.63508 2.61323
0.2 0 16.3824 -1.03935 -0.0832862 15.9579 -1.01304 16.2509 -1.02183 1.73341
0.2 0.05 13.7307 -0.701882 -0.0119797 13.3169 -0.678986 16.7817 -0.862154 -0.244057
0.2 0.1 11.8987 -0.445026 0.0179782 11.4913 -0.427395 17.4791 -0.660525 -1.04745
0.2 0.15 10.7234 -0.262595 0.0262814 10.3346 -0.25043 17.8103 -0.443124 -1.36754
0.2 0.2 10.0902 -0.121583 0.023152 9.71627 -0.115329 18.0187 -0.221815 -1.39341
0.2 0.25 9.90021 -4.20111e-07 0.0196417 9.52996 -4.02425e-07 18.1047 -1.03679e-06 -1.35615
0.2 0.3 10.0902 0.121582 0.0231264 9.71627 0.115328 18.0187 0.221814 -1.39342
0.2 0.35 10.7234 0.262594 0.0263847 10.3346 0.250429 17.8103 0.443119 -1.36755
0.2 0.4 11.8987 0.445026 0.017592 11.4913 0.427396 17.4792 0.660539 -1.04743
0.2 0.45 13.7307 0.701886 -0.010536 13.3169 0.67899 16.7814 0.862116 -0.244141
0.2 0.5 16.3824 1.03935 -0.0886669 15.9579 1.01303 15.372 0.966658 1.97123
0.2 0.55 20.7327 1.47583 -0.260806 20.2069 1.44173 13.856 0.954691 5.33518
0.2 0.6 28.6852 2.0283 -0.547262 27.9963 1.98672 12.6023 0.833571 8.23233
0.2 0.65 41.0107 2.2372 -0.892127 40.3739 2.21577 9.79892 0.42246 11.7997
0.2 0.7 52.4639 1.37974 -0.825629 52.2375 1.3825 4.50494 0.0276538 12.7452
0.2 0.75 55.5933 1.14999e-06 -0.512694 55.5371 1.15414e-06 1.39748 9.09751e-08 9.67649
0.2 0.8 52.4639 -1.37974 -0.825655 52.2375 -1.3825 4.50494 -0.0276544 12.7452
0.2 0.85 41.0107 -2.2372 -0.892025 40.3739 -2.21577 9.79892 -0.422459 11.7997
0.2 0.9 28.6852 -2.0283 -0.547649 27.9963 -1.98672 12.6024 -0.833579 8.23235
0.2 0.95 20.7327 -1.47583 -0.259365 20.2068 -1.44173 13.8558 -0.954657 5.33523
0.2 1 16.3824 -1.03935 -0.0940447 15.9579 -1.01304 14.4922 -0.911243 2.20914
0.25 0 16.3074 0.000834687 -0.0284515 15.8915 -0.000151973 16.2696 0.0159459 0.0570045
0.25 0.05 13.5505 0.000555362 -0.023568 13.1516 -8.06565e-05 16.7294 0.0100726 0.0583114
0.25 0.1 11.7123 0.000351465 -0.0202957 11.3209 -7.61936e-05 17.5302 0.00669426 0.0609609
0.25 0.15 10.5571 0.000166973 -0.0181955 10.1798 -7.27578e-05 17.9597 0.00374404 0.0626718
0.25 0.2 9.95684 4.97526e-05 -0.0170773 9.58324 -4.45366e-05 18.2548 0.00152988 0.0638354
0.25 0.25 9.78459 -2.1739e-07 -0.0167544 9.40732 -2.15138e-07 18.3808 -3.75673e-07 0.0643807
0.25 0.3 9.95684 -4.99272e-05 -0.0170772 9.58324 4.4363e-05 18.2548 -0.00153044 0.0638321
0.25 0.35 10.5571 -0.000166775 -0.0181956 10.1798 7.29696e-05 17.9597 -0.00374306 0.0626708
0.25 0.4 11.7123 -0.000351269 -0.0202958 11.3209 7.6433e-05 17.5303 -0.00669777 0.0609821
0.25 0.45 13.5505 -0.000554655 -0.0235672 13.1516 8.1173e-05 16.7293 -0.0100592 0.0582543
0.25 0.5 16.3074 -0.000834569 -0.0284512 15.8915 0.000152439 15.2816 -0.0150175 0.054454
0.25 0.55 20.9077 -0.00140935 -0.0365903 20.4068 0.000466497 13.591 -0.0230315 0.0506257
0.25 0.6 29.3881 -0.00242078 -0.0516114 28.7431 0.00132751 12.1889 -0.0345235 0.0455996
0.25 0.65 42.7918 -0.00273493 -0.0752981 42.2838 0.00226757 8.44559 -0.0439516 0.0253143
0.25 0.7 54.0507 -0.000742471 -0.0946279 53.9795 0.00103424 1.78216 -0.0252398 -0.00199205
0.25 0.75 56.6295 -8.0114e-07 -0.09872 56.6427 -8.00504e-07 -0.605386 -5.13276e-08 -0.0072931
0.25 0.8 54.0507 0.00074142 -0.094628 53.9795 -0.0010353 1.78216 0.02524 -0.00198785
0.25 0.85 42.7918 0.00273548 -0.0752975 42.2838 -0.00226701 8.4456 0.0439512 0.0253058
0.25 0.9 29.3881 0.00242123 -0.0516112 28.7431 -0.00132716 12.1889 0.0345262 0.0456089
0.25 0.95 20.9077 0.00140848 -0.0365916 20.4068 -0.000467194 13.5909 0.0230214 0.0506426
0.25 1 16.3074 0.000834687 -0.0284481 15.8915 -0.000151973 14.294 0.0140096 0.0518051
0.3 0 16.3825 1.04103 0.0262051 15.9578 1.01274 16.2539 1.05317 -1.61941
0.3 0.05 13.73 0.702972 -0.035826 13.3168 0.678782 16.7715 0.882208 0.361242
0.3 0.1 11.8978 0.44574 -0.0596086 11.4913 0.427218 17.466 0.674211 1.16924
0.3 0.15 10.7224 0.262988 -0.0641922 10.3346 0.2503 17.7967 0.451028 1.49179
0.3 0.2 10.0893 0.121738 -0.059222 9.71626 0.11526 18.0058 0.225237 1.51912
0.3 0.25 9.89945 -4.43823e-08 -0.055202 9.52996 -3.80797e-08 18.0926 -7.52322e-08 1.48244
0.3 0.3 10.0893 -0.121738 -0.0591962 9.71626 -0.11526 18.0059 -0.225237 1.51912
0.3 0.35 10.7224 -0.262988 -0.0642956 10.3346 -0.250301 17.7967 -0.451028 1.49179
0.3 0.4 11.8978 -0.445741 -0.0592215 11.4913 -0.427218 17.4661 -0.674212 1.16925
0.3 0.45 13.73 -0.702971 -0.0372705 13.3168 -0.678782 16.7715 -0.882207 0.361209
0.3 0.5 16.3825 -1.04103 0.0315976 15.9578 -1.01274 15.3752 -0.99622 -1.86206
0.3 0.55 20.7349 -1.4788 0.18824 20.2068 -1.44092 13.8831 -0.999736 -5.23318
0.3 0.6 28.691 -2.03332 0.446208 27.9962 -1.98444 12.6548 -0.897867 -8.13918
0.3 0.65 41.0217 -2.24321 0.746788 40.3733 -2.21188 9.89154 -0.50032 -11.7334
0.3 0.7 52.4741 -1.38226 0.6394 52.2376 -1.38026 4.61175 -0.0772603 -12.7243
0.3 0.75 55.6 -1.85464e-06 0.315616 55.5379 -1.85742e-06 1.47696 3.19089e-08 -9.67892
0.3 0.8 52.4741 1.38226 0.639427 52.2376 1.38025 4.61175 0.0772598 -12.7243
0.3 0.85 41.0217 2.2432 0.746686 40.3733 2.21188 9.89156 0.50032 -11.7335
0.3 0.9 28.6909 2.03331 0.446595 27.9962 1.98444 12.6548 0.897866 -8.13916
0.3 0.95 20.7349 1.4788 0.186793 20.2068 1.44092 13.883 0.999735 -5.23317
0.3 1 16.3825 1.04103 0.0369919 15.9578 1.01274 14.4966 0.939303 -2.10474
0.35 0 16.5506 1.80801 0.0518578 16.133 1.76089 16.1421 1.79104 -2.32887
0.35 0.05 14.2521 1.30435 -0.0711691 13.8171 1.25956 16.8603 1.57917 1.34442
0.35 0.1 12.4912 0.860307 -0.123142 12.0448 0.824931 17.3312 1.22135 2.90869
0.35 0.15 11.3076 0.517031 -0.149666 10.8727 0.493466 17.4506 0.816248 3.78783
0.35 0.2 10.6498 0.241898 -0.159591 10.2231 0.230176 17.5072 0.407209 4.17298
0.35 0.25 10.4412 -5.42724e-08 -0.161477 10.0189 -5.42372e-08 17.523 -9.11732e-08 4.2594
0.35 0.3 10.6498 -0.241899 -0.159587 10.2231 -0.230176 17.5072 -0.407209 4.17298
0.35 0.35 11.3076 -0.517032 -0.149685 10.8727 -0.493467 17.4507 -0.816249 3.78784
0.35 0.4 12.4912 -0.860308 -0.123069 12.0448 -0.824932 17.3312 -1.22135 2.90869
0.35 0.45 14.2521 -1.30435 -0.0714375 13.8171 -1.25956 16.8603 -1.57916 1.3444
0.35 0.5 16.5506 -1.80801 0.05286 16.133 -1.76089 15.5556 -1.72597 -2.4181
0.35 0.55 20.1378 -2.37401 0.331324 19.5868 -2.31007 14.4094 -1.70765 -8.23334
0.35 0.6 26.5458 -3.05858 0.815696 25.7544 -2.9678 13.8715 -1.59972 -13.4174
0.35 0.65 36.0357 -3.33842 1.46528 35.0794 -3.25334 12.7476 -1.15734 -18.8076
0.35 0.7 45.454 -2.241 1.96419 44.5486 -2.20212 10.8142 -0.48415 -22.5558
0.35 0.75 49.261 -1.89928e-06 1.91207 48.5096 -1.86723e-06 9.37897 -3.9367e-07 -22.4438
0.35 0.8 45.454 2.241 1.9642 44.5486 2.20212 10.8142 0.48415 -22.5558
0.35 0.85 36.0357 3.33842 1.46526 35.0794 3.25334 12.7476 1.15734 -18.8076
0.35 0.9 26.5458 3.05858 0.815766 25.7544 2.9678 13.8715 1.59972 -13.4174
0.35 0.95 20.1378 2.37401 0.331054 19.5868 2.31007 14.4094 1.70765 -8.23334
0.35 1 16.5506 1.80801 0.0538638 16.133 1.76089 14.9692 1.6609 -2.50735
0.4 0 16.7126 2.3151 0.043748 16.3513 2.26321 15.8646 2.22687 -2.29559
0.4 0.05 15.0375 1.84301 -0.117281 14.6014 1.78262 16.8672 2.11272 2.67735
0.4 0.1 13.5414 1.29859 -0.209379 13.0478 1.24574 17.1069 1.67376 5.15151
0.4 0.15 12.4829 0.804073 -0.285578 11.9613 0.766751 17.0998 1.12115 6.86235
0.4 0.2 11.888 0.379393 -0.331408 11.3465 0.360371 17.0979 0.554627 7.84715
0.4 0.25 11.6986 -1.89984e-07 -0.347637 11.1501 -1.79216e-07 17.0982 -2.84869e-07 8.16233
0.4 0.3 11.888 -0.379393 -0.331464 11.3465 -0.360372 17.0979 -0.554628 7.84714
0.4 0.35 12.4829 -0.804074 -0.285353 11.9613 -0.766752 17.0998 -1.12116 6.86235
0.4 0.4 13.5414 -1.29859 -0.210221 13.0478 -1.24574 17.1069 -1.67376 5.15151
0.4 0.45 15.0375 -1.84301 -0.114135 14.6014 -1.78262 16.8672 -2.11272 2.67734
0.4 0.5 16.7126 -2.3151 0.0320065 16.3513 -2.26321 15.674 -2.20011 -1.75798
0.4 0.55 19.1255 -2.68874 0.337315 18.6141 -2.61873 14.9059 -2.10202 -8.80808
0.4 0.6 23.3583 -3.03501 0.863977 22.5509 -2.9293 15.0096 -1.96603 -14.8373
0.4 0.65 29.0518 -2.97213 1.60848 27.9203 -2.85602 15.119 -1.56006 -20.2138
0.4 0.7 34.4592 -1.94905 2.34309 33.0448 -1.86955 15.2798 -0.870757 -23.9708
0.4 0.75 36.7674 -2.32261e-07 2.67949 35.2358 -2.16443e-07 15.4636 -1.5198e-07 -25.193
0.4 0.8 34.4592 1.94905 2.34303 33.0448 1.86955 15.2798 0.870757 -23.9708
0.4 0.85 29.0518 2.97213 1.60871 27.9203 2.85602 15.119 1.56006 -20.2138
0.4 0.9 23.3583 3.03501 0.863133 22.5509 2.9293 15.0096 1.96603 -14.8373
0.4 0.95 19.1255 2.68874 0.340461 18.6141 2.61873 14.9059 2.10202 -8.80808
0.4 1 16.7126 2.3151 0.0202656 16.3513 2.26321 15.4833 2.17336 -1.22039
0.45 0 16.8121 2.67226 0.0157675 16.5313 2.62392 15.7529 2.53258 -1.94047
0.45 0.05 15.9589 2.34738 -0.15474 15.5448 2.2776 16.6038 2.48968 3.9484
0.45 0.1 15.0981 1.78822 -0.323441 14.5549 1.7187 16.7244 2.01859 7.69974
0.45 0.15 14.498 1.15926 -0.494791 13.8488 1.10379 16.8082 1.3679 10.3827
0.45 0.2 14.1743 0.559721 -0.610899 13.4566 0.529715 16.8801 0.677216 11.9741
0.45 0.25 14.0739 -1.66954e-07 -0.651912 13.3326 -1.57119e-07 16.9095 -2.09946e-07 12.4966
0.45 0.3 14.1743 -0.559721 -0.610999 13.4566 -0.529715 16.8801 -0.677216 11.9741
0.45 0.35 14.498 -1.15926 -0.49439 13.8488 -1.10379 16.8082 -1.3679 10.3827
0.45 0.4 15.0981 -1.78822 -0.324946 14.5549 -1.7187 16.7244 -2.01858 7.69974
0.45 0.45 15.9589 -2.34738 -0.149119 15.5448 -2.2776 16.6038 -2.48968 3.9484
0.45 0.5 16.8121 -2.67226 -0.00520924 16.5313 -2.62392 15.8098 -2.54173 -0.661719
0.45 0.55 17.963 -2.75352 0.238857 17.5393 -2.69079 15.347 -2.3603 -7.5726
0.45 0.6 20.0343 -2.65122 0.672885 19.3106 -2.55369 15.7385 -2.10641 -13.4471
0.45 0.65 22.5392 -2.20631 1.21069 21.513 -2.10393 16.1482 -1.60375 -17.9391
0.45 0.7 24.663 -1.28939 1.70127 23.3719 -1.21986 16.6195 -0.885724 -20.852
0.45 0.75 25.5066 2.32472e-07 1.90278 24.11 2.17741e-07 16.7936 1.70093e-07 -21.8953
0.45 0.8 24.663 1.28939 1.70117 23.3719 1.21986 16.6195 0.885724 -20.852
0.45 0.85 22.5392 2.20631 1.21109 21.513 2.10393 16.1482 1.60375 -17.9391
0.45 0.9 20.0343 2.65122 0.67138 19.3106 2.55369 15.7385 2.10641 -13.4471
0.45 0.95 17.963 2.75352 0.244477 17.5393 2.69079 15.347 2.3603 -7.5726
0.45 1 16.8121 2.67226 -0.0261859 16.5313 2.62392 15.8668 2.55089 0.617024
0.5 0 16.8429 2.83044 -0.00659031 16.6068 2.78552 15.9437 2.70843 -1.51167
0.5 0.05 16.9138 2.68575 -0.204639 16.5289 2.61919 15.9436 2.56372 5.54708
0.5 0.1 17.2352 2.25295 -0.494953 16.6232 2.16985 16.1995 2.15144 10.6527
0.5 0.15 17.7069 1.6044 -0.822793 16.8883 1.5273 16.5029 1.52032 14.2726
0.5 0.2 18.1121 0.83093 -1.07066 17.1458 0.784892 16.7465 0.780613 16.4522
0.5 0.25 18.2697 4.33377e-08 -1.16391 17.2496 4.01839e-08 16.8437 3.93644e-08 17.1849
0.5 0.3 18.1121 -0.83093 -1.07077 17.1458 -0.784892 16.7465 -0.780613 16.4522
0.5 0.35 17.7069 -1.6044 -0.822357 16.8883 -1.5273 16.5029 -1.52032 14.2726
0.5 0.4 17.2352 -2.25295 -0.496588 16.6232 -2.16985 16.1995 -2.15144 10.6527
0.5 0.45 16.9138 -2.68575 -0.198534 16.5289 -2.61919 15.9436 -2.56372 5.54708
0.5 0.5 16.8429 -2.83044 -0.0293746 16.6068 -2.78552 15.9418 -2.70812 0.0551215
0.5 0.55 16.9166 -2.686 0.139661 16.5288 -2.61918 15.9901 -2.56609 -5.43669
0.5 0.6 17.2429 -2.25367 0.436822 16.6233 -2.16986 16.2843 -2.15786 -10.5399
0.5 0.65 17.7197 -1.60532 0.761267 16.8886 -1.52737 16.6119 -1.52669 -14.1576
0.5 0.7 18.1286 -0.831562 1.0086 17.1462 -0.784958 16.8684 -0.784357 -16.3356
0.5 0.75 18.2876 4.47104e-08 1.10132 17.2499 4.13514e-08 16.9698 4.12123e-08 -17.0677
0.5 0.8 18.1286 0.831562 1.00849 17.1462 0.784958 16.8684 0.784357 -16.3356
0.5 0.85 17.7197 1.60532 0.761703 16.8886 1.52737 16.6119 1.52669 -14.1576
0.5 0.9 17.2429 2.25367 0.435187 16.6233 2.16986 16.2843 2.15786 -10.5399
0.5 0.95 16.9166 2.686 0.145766 16.5288 2.61918 15.9901 2.56609 -5.43669
0.5 1 16.8429 2.83044 -0.0521589 16.6068 2.78552 15.9401 2.70781 1.62191
0.55 0 16.8119 2.67203 -0.0323787 16.5313 2.62424 15.8711 2.5415 -0.507143
0.55 0.05 17.959 2.75251 -0.306915 17.5392 2.69104 15.2923 2.34327 7.67931
0.55 0.1 20.0237 2.64918 -0.740863 19.3105 2.55403 15.6374 2.08454 13.5573
0.55 0.15 22.5201 2.20374 -1.28889 21.5126 2.10407 16.0126 1.58514 18.052
0.55 0.2 24.6359 1.28749 -1.78582 23.3711 1.21986 16.462 0.874989 20.9686
0.55 0.25 25.4761 2.34747e-07 -1.99 24.109 2.20108e-07 16.629 1.70869e-07 22.013
0.55 0.3 24.6359 -1.28749 -1.78592 23.3711 -1.21986 16.462 -0.874989 20.9686
0.55 0.35 22.5201 -2.20374 -1.28849 21.5126 -2.10407 16.0126 -1.58514 18.052
0.55 0.4 20.0237 -2.64918 -0.74237 19.3105 -2.55403 15.6374 -2.08454 13.5573
0.55 0.45 17.959 -2.75251 -0.301289 17.5392 -2.69104 15.2923 -2.34327 7.67931
0.55 0.5 16.8119 -2.67203 -0.0533765 16.5313 -2.62424 15.8115 -2.53195 0.770785
0.55 0.55 15.9613 -2.34746 0.0934653 15.5447 -2.27804 16.6428 -2.48252 -3.83272
0.55 0.6 15.1035 -1.78839 0.272494 14.5549 -1.7191 16.7902 -2.01466 -7.58287
0.55 0.65 14.5059 -1.15943 0.444262 13.8489 -1.104 16.8902 -1.36657 -10.2657
0.55 0.7 14.1838 -0.559813 0.562178 13.4567 -0.529796 16.9703 -0.676868 -11.857
0.55 0.75 14.084 -1.63429e-07 0.603514 13.3327 -1.53914e-07 17.0022 -2.03985e-07 -12.3796
0.55 0.8 14.1838 0.559813 0.562078 13.4567 0.529796 16.9703 0.676867 -11.857
0.55 0.85 14.5059 1.15943 0.444664 13.8489 1.104 16.8902 1.36657 -10.2657
0.55 0.9 15.1035 1.78839 0.270987 14.5549 1.7191 16.7903 2.01466 -7.58287
0.55 0.95 15.9613 2.34746 0.0990915 15.5447 2.27804 16.6428 2.48252 -3.83272
0.55 1 16.8119 2.67203 -0.0743744 16.5313 2.62424 15.7519 2.5224 2.04872
0.6 0 16.7123 2.3141 -0.0784541 16.3513 2.26348 15.4835 2.15316 1.32919
0.6 0.05 19.1208 2.68649 -0.407068 18.614 2.61903 14.8501 2.07045 8.9139
0.6 0.1 23.346 3.03109 -0.944493 22.5509 2.93002 14.9035 1.92673 14.9443
0.6 0.15 29.0278 2.96721 -1.70995 27.9203 2.85683 14.9645 1.52432 20.3215
0.6 0.2 34.4227 1.94545 -2.46334 33.0443 1.87013 15.0891 0.849517 24.0804
0.6 0.25 36.725 -2.47689e-07 -2.80821 35.2351 -2.31679e-07 15.2558 -1.57668e-07 25.3051
0.6 0.3 34.4227 -1.94545 -2.4634 33.0443 -1.87013 15.0891 -0.849517 24.0804
0.6 0.35 29.0278 -2.96721 -1.70973 27.9203 -2.85683 14.9645 -1.52432 20.3215
0.6 0.4 23.346 -3.03109 -0.945338 22.5509 -2.93002 14.9035 -1.92673 14.9443
0.6 0.45 19.1208 -2.68649 -0.403917 18.614 -2.61903 14.8501 -2.07045 8.9139
0.6 0.5 16.7123 -2.3141 -0.0902162 16.3513 -2.26348 15.6734 -2.17957 1.86715
0.6 0.55 15.0395 -1.84255 0.0617386 14.6013 -1.78307 16.8986 -2.09844 -2.55968
0.6 0.6 13.5449 -1.29831 0.163147 13.0477 -1.24618 17.1541 -1.66361 -5.03191
0.6 0.65 12.4874 -0.803887 0.242101 11.9613 -0.766987 17.1561 -1.11535 -6.74319
0.6 0.7 11.8932 -0.379282 0.290384 11.3465 -0.360455 17.1588 -0.551914 -7.72866
0.6 0.75 11.704 -1.96944e-07 0.307248 11.1501 -1.8589e-07 17.1605 -2.94485e-07 -8.04408
0.6 0.8 11.8932 0.379281 0.290328 11.3465 0.360455 17.1588 0.551913 -7.72866
0.6 0.85 12.4874 0.803886 0.242326 11.9613 0.766986 17.1561 1.11535 -6.74319
0.6 0.9 13.5449 1.29831 0.162303 13.0477 1.24618 17.1541 1.66361 -5.03192
0.6 0.95 15.0395 1.84255 0.0648904 14.6013 1.78307 16.8987 2.09844 -2.55968
0.6 1 16.7123 2.3141 -0.101979 16.3513 2.26348 15.8634 2.20599 2.40512
0.65 0 16.5503 1.80647 -0.111507 16.1331 1.76115 14.9654 1.63463 2.61382
0.65 0.05 20.1337 2.37103 -0.401363 19.5868 2.31059 14.363 1.6669 8.33723
0.65 0.1 26.5352 3.05356 -0.908745 25.7547 2.96929 13.78 1.54549 13.518
0.65 0.15 36.0149 3.33235 -1.59206 35.0801 3.25576 12.6037 1.10176 18.8985
0.65 0.2 45.4246 2.23694 -2.12511 44.5499 2.20412 10.6228 0.447362 22.6316
0.65 0.25 49.2317 -1.97539e-06 -2.08711 48.5107 -1.9433e-06 9.1786 -4.00009e-07 22.5081
0.65 0.3 45.4246 -2.23694 -2.12511 44.5499 -2.20412 10.6228 -0.447363 22.6316
0.65 0.35 36.0149 -3.33235 -1.59208 35.0801 -3.25576 12.6037 -1.10176 18.8985
0.65 0.4 26.5352 -3.05356 -0.908676 25.7547 -2.9693 13.78 -1.54549 13.518
0.65 0.45 20.1337 -2.37103 -0.401626 19.5868 -2.31059 14.363 -1.6669 8.33723
0.65 0.5 16.5503 -1.80647 -0.110525 16.1331 -1.76115 15.5525 -1.69875 2.52762
0.65 0.55 14.2535 -1.30344 0.0218159 13.8171 -1.25987 16.8816 -1.56048 -1.22655
0.65 0.6 12.4933 -0.859701 0.0796406 12.0448 -0.825226 17.3604 -1.20816 -2.78757
0.65 0.65 11.31 -0.516665 0.110442 10.8727 -0.493642 17.4833 -0.808414 -3.66612
0.65 0.7 10.6523 -0.241719 0.122682 10.2231 -0.230249 17.5409 -0.403554 -4.05133
0.65 0.75 10.4438 -8.09458e-08 0.125324 10.0189 -7.96564e-08 17.5568 -1.35876e-07 -4.13789
0.65 0.8 10.6523 0.241719 0.122686 10.2231 0.230249 17.5409 0.403553 -4.05133
0.65 0.85 11.31 0.516664 0.110423 10.8727 0.493641 17.4833 0.808413 -3.66611
0.65 0.9 12.4933 0.8597 0.0797114 12.0448 0.825225 17.3604 1.20816 -2.78757
0.65 0.95 14.2535 1.30344 0.0215535 13.8171 1.25987 16.8816 1.56049 -1.22656
0.65 1 16.5503 1.80647 -0.109545 16.1331 1.76115 16.1396 1.76288 2.44146
0.7 0 16.3824 1.03935 -0.0940973 15.9579 1.01304 14.4927 0.911353 2.20914
0.7 0.05 20.7327 1.47583 -0.259338 20.2069 1.44173 13.8559 0.954689 5.33516
0.7 0.1 28.6852 2.02829 -0.547387 27.9963 1.98671 12.6023 0.83357 8.23232
0.7 0.15 41.0107 2.2372 -0.89138 40.3739 2.21576 9.79893 0.42246 11.7997
0.7 0.2 52.4639 1.37973 -0.824648 52.2375 1.38249 4.50494 0.0276535 12.7452
0.7 0.25 55.5933 -1.86795e-06 -0.511537 55.5371 -1.87176e-06 1.39748 4.15997e-08 9.67649
0.7 0.3 52.4639 -1.37974 -0.824622 52.2375 -1.3825 4.50494 -0.0276539 12.7452
0.7 0.35 41.0107 -2.2372 -0.891481 40.3739 -2.21577 9.79892 -0.42246 11.7997
0.7 0.4 28.6852 -2.0283 -0.547002 27.9963 -1.98672 12.6023 -0.833571 8.23233
0.7 0.45 20.7327 -1.47583 -0.260782 20.2069 -1.44173 13.856 -0.954691 5.33518
0.7 0.5 16.3824 -1.03935 -0.0887163 15.9579 -1.01303 15.372 -0.966658 1.97123
0.7 0.55 13.7307 -0.701886 -0.0105113 13.3169 -0.67899 16.7814 -0.862116 -0.24414
0.7 0.6 11.8987 -0.445026 0.0178526 11.4913 -0.427396 17.4792 -0.660539 -1.04743
0.7 0.65 10.7234 -0.262594 0.0270311 10.3346 -0.250429 17.8103 -0.443119 -1.36755
0.7 0.7 10.0902 -0.121582 0.0241334 9.71627 -0.115328 18.0187 -0.221814 -1.39342
0.7 0.75 9.90021 -7.73591e-08 0.0207994 9.52996 -6.97222e-08 18.1047 -1.38888e-07 -1.35615
0.7 0.8 10.0902 0.121582 0.0241591 9.71627 0.115328 18.0187 0.221814 -1.39342
0.7 0.85 10.7234 0.262593 0.0269279 10.3346 0.250429 17.8103 0.443118 -1.36755
0.7 0.9 11.8987 0.445026 0.0182388 11.4913 0.427395 17.4792 0.660538 -1.04742
0.7 0.95 13.7307 0.701887 -0.0119522 13.3169 0.67899 16.7815 0.862118 -0.244172
0.7 1 16.3824 1.03935 -0.0833373 15.9579 1.01304 16.2514 1.02194 1.73338
0.75 0 16.3074 -0.0008348 -0.028426 15.8915 0.000151895 14.2937 -0.0140087 0.0518786
0.75 0.05 20.9077 -0.00141013 -0.0366021 20.4068 0.000465866 13.5909 -0.0230416 0.0506107
0.75 0.1 29.3881 -0.0024195 -0.0517416 28.7431 0.00132874 12.1889 -0.0345208 0.0455929
0.75 0.15 42.7918 -0.00273316 -0.0756221 42.2838 0.00226934 8.4456 -0.0439517 0.0253263
0.75 0.2 54.0507 -0.000742162 -0.095131 53.9795 0.00103454 1.78216 -0.0252395 -0.00199659
0.75 0.25 56.6295 -7.57986e-07 -0.099299 56.6427 -7.5844e-07 -0.605385 -3.42136e-08 -0.00729615
0.75 0.3 54.0507 0.000741298 -0.0951311 53.9795 -0.00103541 1.78216 0.0252398 -0.00199277
0.75 0.35 42.7918 0.00273413 -0.0756214 42.2838 -0.00226836 8.44559 0.0439514 0.0253171
0.75 0.4 29.3881 0.00242032 -0.0517417 28.7431 -0.00132796 12.1889 0.0345233 0.0456006
0.75 0.45 20.9077 0.00140916 -0.0366026 20.4068 -0.000466682 13.591 0.0230313 0.0506271
0.75 0.5 16.3074 0.000834507 -0.0284264 15.8915 -0.000152498 15.2816 0.0150171 0.0544542
0.75 0.55 13.5505 0.000554657 -0.0235795 13.1516 -8.11728e-05 16.7293 0.0100592 0.058255
0.75 0.6 11.7123 0.000351309 -0.0204261 11.3209 -7.6393e-05 17.5303 0.00669782 0.0609821
0.75 0.65 10.5571 0.000166771 -0.0185188 10.1798 -7.29769e-05 17.9597 0.00374306 0.0626717
0.75 0.7 9.95684 4.96718e-05 -0.0175805 9.58324 -4.46124e-05 18.2548 0.00152992 0.0638316
0.75 0.75 9.78459 -2.13533e-07 -0.0173329 9.40732 -2.12147e-07 18.3808 -3.55513e-07 0.0643752
0.75 0.8 9.95684 -4.98711e-05 -0.0175804 9.58324 4.44163e-05 18.2548 -0.00153054 0.0638279
0.75 0.85 10.5571 -0.00016668 -0.0185189 10.1798 7.30804e-05 17.9597 -0.00374219 0.0626702
0.75 0.9 11.7123 -0.000351214 -0.0204264 11.3209 7.65316e-05 17.5302 -0.00670172 0.0610013
0.75 0.95 13.5505 -0.000554044 -0.0235778 13.1516 8.16113e-05 16.7294 -0.0100451 0.0581971
0.75 1 16.3074 -0.0008348 -0.0284296 15.8915 0.000151895 16.2693 -0.015945 0.0570902
0.8 0 16.3826 -1.04104 0.0369389 15.9578 -1.01274 14.4972 -0.939424 -2.10456
0.8 0.05 20.7349 -1.4788 0.186821 20.2068 -1.44092 13.8828 -0.999699 -5.23325
0.8 0.1 28.6909 -2.03332 0.446857 27.9962 -1.98444 12.6549 -0.897875 -8.1392
0.8 0.15 41.0217 -2.24321 0.747332 40.3733 -2.21188 9.89154 -0.500319 -11.7335
0.8 0.2 52.4741 -1.38226 0.640433 52.2376 -1.38026 4.61175 -0.0772606 -12.7243
0.8 0.25 55.6 9.92869e-07 0.316774 55.5379 1.00099e-06 1.47696 5.35985e-08 -9.67892
0.8 0.3 52.4741 1.38226 0.640407 52.2376 1.38026 4.61175 0.0772601 -12.7243
0.8 0.35 41.0217 2.24321 0.747434 40.3733 2.21188 9.89154 0.50032 -11.7334
0.8 0.4 28.691 2.03332 0.446469 27.9962 1.98444 12.6548 0.897867 -8.13918
0.8 0.45 20.7349 1.4788 0.188265 20.2068 1.44092 13.8831 0.999736 -5.23318
0.8 0.5 16.3825 1.04103 0.0315481 15.9578 1.01274 15.3752 0.99622 -1.86205
0.8 0.55 13.73 0.702971 -0.0372461 13.3168 0.678782 16.7715 0.882207 0.361209
0.8 0.6 11.8978 0.445741 -0.058961 11.4913 0.427218 17.4661 0.674212 1.16925
0.8 0.65 10.7224 0.262988 -0.0636495 10.3346 0.250301 17.7967 0.451028 1.49179
0.8 0.7 10.0893 0.121738 -0.0581901 9.71626 0.11526 18.0059 0.225238 1.51912
0.8 0.75 9.89945 -2.87319e-07 -0.0540452 9.52996 -2.73942e-07 18.0926 -8.18516e-07 1.48244
0.8 0.8 10.0893 -0.121739 -0.0582157 9.71626 -0.115261 18.0058 -0.225238 1.51911
0.8 0.85 10.7224 -0.262989 -0.0635459 10.3346 -0.250302 17.7967 -0.451033 1.49177
0.8 0.9 11.8978 -0.44574 -0.0593482 11.4913 -0.427218 17.4659 -0.674198 1.16927
0.8 0.95 13.73 -0.702968 -0.0357989 13.3168 -0.678779 16.7718 -0.882248 0.361137
0.8 1 16.3826 -1.04104 0.0261533 15.9578 -1.01274 16.2544 -1.05329 -1.61921
0.85 0 16.5506 -1.80802 0.0540284 16.1331 -1.76089 14.9672 -1.66049 -2.50758
0.85 0.05 20.1378 -2.374 0.330967 19.5868 -2.31007 14.4098 -1.70774 -8.23308
0.85 0.1 26.5457 -3.05857 0.814865 25.7544 -2.96779 13.8715 -1.5997 -13.4174
0.85 0.15 36.0357 -3.33841 1.46301 35.0794 -3.25334 12.7476 -1.15735 -18.8076
0.85 0.2 45.454 -2.241 1.96067 44.5486 -2.20212 10.8142 -0.484147 -22.5558
0.85 0.25 49.261 3.65656e-06 1.90801 48.5096 3.59812e-06 9.37897 2.23542e-07 -22.4438
0.85 0.3 45.454 2.241 1.96067 44.5486 2.20212 10.8142 0.484151 -22.5558
0.85 0.35 36.0357 3.33842 1.46302 35.0794 3.25334 12.7476 1.15734 -18.8076
0.85 0.4 26.5458 3.05858 0.814784 25.7544 2.9678 13.8715 1.59972 -13.4174
0.85 0.45 20.1378 2.37401 0.331237 19.5868 2.31007 14.4094 1.70765 -8.23334
0.85 0.5 16.5506 1.80801 0.0530331 16.133 1.76089 15.5556 1.72597 -2.4181
0.85 0.55 14.2521 1.30435 -0.071523 13.8171 1.25956 16.8603 1.57916 1.3444
0.85 0.6 12.4912 0.860308 -0.123981 12.0448 0.824932 17.3312 1.22135 2.90869
0.85 0.65 11.3076 0.517032 -0.151947 10.8727 0.493467 17.4506 0.816249 3.78784
0.85 0.7 10.6498 0.241899 -0.163108 10.2231 0.230176 17.5072 0.40721 4.17298
0.85 0.75 10.4412 4.8024e-07 -0.165527 10.0189 4.56068e-07 17.523 1.57116e-06 4.2594
0.85 0.8 10.6498 -0.241899 -0.163114 10.2231 -0.230176 17.5073 -0.407212 4.17297
0.85 0.85 11.3076 -0.517034 -0.151927 10.8727 -0.493469 17.4507 -0.81625 3.7878
0.85 0.9 12.4912 -0.860309 -0.124051 12.0448 -0.824934 17.3311 -1.22137 2.90867
0.85 0.95 14.252 -1.30435 -0.0712524 13.817 -1.25955 16.8601 -1.57907 1.34426
0.85 1 16.5506 -1.80802 0.0520289 16.1331 -1.76089 16.1403 -1.79063 -2.32931
0.9 0 16.7127 -2.31511 0.0196142 16.3513 -2.26321 15.4914 -2.17491 -1.21909
0.9 0.05 19.1255 -2.68874 0.340763 18.6141 -2.61873 14.9032 -2.10154 -8.80897
0.9 0.1 23.3582 -3.03499 0.866518 22.5508 -2.92928 15.0101 -1.96611 -14.837
0.9 0.15 29.0518 -2.97211 1.61711 27.9203 -2.85601 15.1189 -1.56003 -20.2138
0.9 0.2 34.4592 -1.94904 2.35612 33.0448 -1.86955 15.2798 -0.870759 -23.9708
0.9 0.25 36.7674 1.29131e-06 2.69454 35.2358 1.20631e-06 15.4635 1.85687e-06 -25.193
0.9 0.3 34.4592 1.94905 2.35618 33.0448 1.86955 15.2798 0.870757 -23.9708
0.9 0.35 29.0518 2.97213 1.61689 27.9203 2.85602 15.119 1.56006 -20.2138
0.9 0.4 23.3583 3.03501 0.867365 22.5509 2.9293 15.0096 1.96603 -14.8373
0.9 0.45 19.1255 2.68874 0.337636 18.6141 2.61873 14.9059 2.10202 -8.80808
0.9 0.5 16.7126 2.3151 0.0313635 16.3513 2.26321 15.674 2.20012 -1.75797
0.9 0.55 15.0375 1.84301 -0.113817 14.6014 1.78262 16.8672 2.11272 2.67734
0.9 0.6 13.5414 1.29859 -0.206835 13.0478 1.24574 17.1069 1.67376 5.15151
0.9 0.65 12.4829 0.804074 -0.276955 11.9613 0.766752 17.0998 1.12116 6.86235
0.9 0.7 11.888 0.379394 -0.318385 11.3465 0.360372 17.0979 0.554629 7.84715
0.9 0.75 11.6986 1.22329e-06 -0.332599 11.1501 1.20849e-06 17.0982 -1.35884e-06 8.16233
0.9 0.8 11.888 -0.37939 -0.318329 11.3465 -0.360368 17.0979 -0.554612 7.84717
0.9 0.85 12.4829 -0.804068 -0.27718 11.9613 -0.766746 17.1001 -1.12119 6.86228
0.9 0.9 13.5414 -1.29859 -0.205995 13.0478 -1.24574 17.1063 -1.67363 5.15169
0.9 0.95 15.0375 -1.84301 -0.116962 14.6013 -1.78262 16.8697 -2.11318 2.6769
0.9 1 16.7127 -2.31511 0.0431036 16.3513 -2.26321 15.8722 -2.22837 -2.29355
0.95 0 16.8122 -2.67229 -0.0237862 16.5315 -2.62397 15.8437 -2.54661 0.614828
0.95 0.05 17.9631 -2.75356 0.243264 17.5393 -2.69083 15.3543 -2.36167 -7.56852
0.95 0.1 20.0343 -2.65124 0.65872 19.3106 -2.55371 15.7363 -2.10604 -13.448
0.95 0.15 22.5392 -2.20632 1.17974 21.513 -2.10394 16.1486 -1.60385 -17.9389
0.95 0.2 24.663 -1.2894 1.65233 23.3719 -1.21986 16.6195 -0.885706 -20.8521
0.95 0.25 25.5066 -5.02009e-07 1.84663 24.11 -3.62268e-07 16.7936 -6.17654e-06 -21.8953
0.95 0.3 24.663 1.28939 1.65243 23.3719 1.21986 16.6195 0.885726 -20.852
0.95 0.35 22.5392 2.20631 1.17934 21.513 2.10393 16.1482 1.60375 -17.9391
0.95 0.4 20.0343 2.65122 0.660245 19.3106 2.55369 15.7385 2.10641 -13.4471
0.95 0.45 17.963 2.75352 0.237657 17.5393 2.69079 15.3471 2.3603 -7.57257
0.95 0.5 16.8121 2.67226 -0.00281026 16.5313 2.62392 15.8095 2.54168 -0.661752
0.95 0.55 15.9589 2.34738 -0.150304 15.5448 2.2776 16.6038 2.48968 3.9484
0.95 0.6 15.0981 1.78822 -0.33758 14.5549 1.7187 16.7244 2.01858 7.69974
0.95 0.65 14.498 1.15926 -0.525723 13.8488 1.10379 16.8082 1.3679 10.3827
0.95 0.7 14.1743 0.559721 -0.659796 13.4566 0.529715 16.8801 0.677213 11.9741
0.95 0.75 14.0739 8.06359e-07 -0.708017 13.3326 7.04734e-07 16.9094 9.74657e-06 12.4966
0.95 0.8 14.1743 -0.559716 -0.659696 13.4566 -0.529711 16.8802 -0.677241 11.974
0.95 0.85 14.498 -1.15924 -0.526126 13.8488 -1.10377 16.8077 -1.36777 10.383
0.95 0.9 15.0981 -1.7882 -0.336083 14.5548 -1.71868 16.7265 -2.01895 7.69905
0.95 0.95 15.9589 -2.34738 -0.155933 15.5448 -2.27759 16.598 -2.48851 3.94978
0.95 1 16.8122 -2.67229 0.0181748 16.5315 -2.62397 15.7287 -2.52812 -1.94965
1 0 16.843 -2.83046 -0.0611119 16.606 -2.78537 16.0068 -2.71938 2.29279
1 0.05 16.9167 -2.68601 0.150245 16.529 -2.61921 15.9568 -2.56028 -5.54888
1 0.1 17.243 -2.25367 0.482352 16.6233 -2.16985 15.7437 -2.0866 -11.9798
1 0.15 17.7197 -1.60532 0.878706 16.8886 -1.52738 15.429 -1.41779 -16.7865
1 0.2 18.1286 -0.831561 1.19077 17.1462 -0.784957 15.2183 -0.707701 -19.7966
1 0.25 18.2876 5.31911e-07 1.31089 17.2499 1.48363e-07 15.1452 2.43126e-05 -20.8361
1 0.3 18.1286 0.831562 1.19088 17.1462 0.784959 15.2179 0.707606 -19.7967
1 0.35 17.7197 1.60532 0.87827 16.8886 1.52737 15.4308 1.41814 -16.7858
1 0.4 17.2429 2.25367 0.483996 16.6233 2.16986 15.7364 2.08524 -11.9832
1 0.45 16.9166 2.686 0.144139 16.5288 2.61918 15.9817 2.56474 -5.53856
1 0.5 16.8429 2.83044 -0.0383278 16.6068 2.78552 15.9414 2.70803 0.763628
1 0.55 16.9138 2.68575 -0.194112 16.5289 2.61919 15.9517 2.56502 5.44598
1 0.6 17.2352 2.25295 -0.449439 16.6232 2.16985 16.7499 2.22454 9.21636
1 0.65 17.7069 1.6044 -0.705423 16.8883 1.5273 17.6849 1.62921 11.6596
1 0.7 18.1121 0.83093 -0.888656 17.1458 0.784892 18.3956 0.857497 13.0128
1 0.75 18.2697 1.48936e-07 -0.954528 17.2496 4.63556e-07 18.666 -2.98565e-05 13.4407
1 0.8 18.1121 -0.830931 -0.888545 17.1458 -0.784893 18.3952 -0.857384 13.013
1 0.85 17.7069 -1.6044 -0.705857 16.8883 -1.5273 17.6866 -1.62959 11.6586
1 0.9 17.2352 -2.25295 -0.44781 16.6233 -2.16987 16.7429 -2.2232 9.22008
1 0.95 16.9139 -2.68577 -0.200248 16.5288 -2.61916 15.9801 -2.56995 5.43395
1 1 16.843 -2.83046 -0.015544 16.606 -2.78537 16.0746 -2.73091 -0.800089
