0 28.2305 3.76404 79.7178 0
0.0025 27.4159 3.68513 79.2603 0
0.005 26.616 3.58 78.6801 0
0.0075 25.8308 3.48253 78.0971 0
0.01 25.0605 3.38379 77.5123 0
0.0125 24.3053 3.28632 76.9259 0
0.015 23.5653 3.18959 76.338 0
0.0175 22.8406 3.09387 75.7489 0
0.02 22.1313 2.9992 75.1587 0
0.0225 21.4374 2.9057 74.5675 0
0.025 20.759 2.81345 73.9757 0
0.0275 20.0962 2.72252 73.3834 0
0.03 19.4488 2.63299 72.7907 0
0.0325 18.8169 2.54493 72.1978 0
0.035 18.2005 2.4584 71.6051 0
0.0375 17.5995 2.37345 71.0125 0
0.04 17.0137 2.29015 70.4204 0
0.0425 16.4433 2.20853 69.829 0
0.045 15.8879 2.12864 69.2383 0
0.0475 15.3476 2.05051 68.6487 0
0.05 14.8221 1.97417 68.0603 0
0.0525 14.3114 1.89964 67.4732 0
0.055 13.8152 1.82695 66.8878 0
0.0575 13.3334 1.75612 66.3042 0
0.06 12.8659 1.68714 65.7226 0
0.0625 12.4123 1.62004 65.1431 0
0.065 11.9726 1.55481 64.5661 0
0.0675 11.5465 1.49145 63.9916 0
0.07 11.1338 1.42996 63.4199 0
0.0725 10.7342 1.37033 62.8514 0
0.075 10.3475 1.31255 62.2855 0
0.0775 9.97354 1.2566 61.7233 0
0.08 9.61199 1.20246 61.1645 0
0.0825 9.26261 1.15011 60.6096 0
0.085 8.92515 1.09954 60.0585 0
0.0875 8.59935 1.05071 59.5115 0
0.09 8.28495 1.0036 58.9688 0
0.0925 7.98168 0.958175 58.4306 0
0.095 7.68927 0.914408 57.8971 0
0.0975 7.40747 0.872263 57.3684 0
0.1 7.136 0.831708 56.8447 0
0.1025 6.87458 0.792705 56.3262 0
0.105 6.62297 0.755218 55.8131 0
0.1075 6.38088 0.71921 55.3055 0
0.11 6.14805 0.684641 54.8037 0
0.1125 5.92423 0.651473 54.3078 0
0.115 5.70915 0.619666 53.8179 0
0.1175 5.50255 0.589179 53.3343 0
0.12 5.30417 0.559972 52.857 0
0.1225 5.11377 0.532005 52.3864 0
0.125 4.93111 0.505238 51.9224 0
0.1275 4.75592 0.479629 51.4654 0
0.13 4.58799 0.45514 51.0154 0
0.1325 4.42706 0.431729 50.5727 0
0.135 4.27292 0.409357 50.1373 0
0.1375 4.12533 0.387985 49.7094 0
0.14 3.98408 0.367574 49.2893 0
0.1425 3.84896 0.348088 48.8769 0
0.145 3.71975 0.329486 48.4726 0
0.1475 3.59626 0.311732 48.0764 0
0.15 3.47828 0.294792 47.6884 0
0.1525 3.36562 0.278628 47.309 0
0.155 3.25811 0.263206 46.9381 0
0.1575 3.15556 0.248493 46.576 0
0.16 3.05779 0.234455 46.2228 0
0.1625 2.96464 0.22106 45.8787 0
0.165 2.87596 0.208276 45.5437 0
0.1675 2.79158 0.196073 45.2181 0
0.17 2.71136 0.184421 44.9021 0
0.1725 2.63515 0.173291 44.5957 0
0.175 2.56283 0.162656 44.2991 0
0.1775 2.49425 0.152487 44.0125 0
0.18 2.4293 0.142759 43.7361 0
0.1825 2.36786 0.133448 43.4699 0
0.185 2.30982 0.124528 43.2142 0
0.1875 2.25506 0.115977 42.969 0
0.19 2.2035 0.107772 42.7346 0
0.1925 2.15502 0.0998922 42.5111 0
0.195 2.10956 0.0923184 42.2985 0
0.1975 2.067 0.0850318 42.097 0
0.2 2.02729 0.0780151 41.9068 0
0.2025 1.99033 0.0712527 41.7278 0
0.205 1.95606 0.0647303 41.5603 0
0.2075 1.9244 0.0584356 41.4041 0
0.21 1.89529 0.052358 41.2593 0
0.2125 1.86866 0.0464891 41.1258 0
0.215 1.84444 0.0408219 41.0037 0
0.2175 1.82256 0.0353523 40.8928 0
0.22 1.80297 0.0300795 40.7928 0
0.2225 1.78559 0.0250045 40.7036 0
0.225 1.77034 0.0201314 40.6249 0
0.2275 1.75715 0.0154674 40.5562 0
0.23 1.74593 0.0110228 40.4972 0
0.2325 1.73659 0.00681108 40.4473 0
0.235 1.72901 0.00284842 40.4059 0
0.2375 1.7231 -0.000846616 40.3723 0
0.24 1.7187 -0.00425437 40.3459 0
0.2425 1.71566 -0.00735687 40.326 0
0.245 1.71381 -0.0101409 40.3119 0
0.2475 1.71292 -0.0126115 40.3032 0
0.25 1.71273 -0.0147965 40.2995 0
0.2525 1.7128 -0.0169437 40.3006 0
0.255 1.71344 -0.019346 40.3067 0
0.2575 1.71495 -0.0220738 40.3181 0
0.26 1.71757 -0.0251368 40.3353 0
0.2625 1.7215 -0.0285273 40.3588 0
0.265 1.72689 -0.0322303 40.3894 0
0.2675 1.73387 -0.0362285 40.4277 0
0.27 1.74258 -0.0405048 40.4744 0
0.2725 1.7531 -0.045044 40.53 0
0.275 1.76555 -0.0498329 40.595 0
0.2775 1.77999 -0.0548617 40.6699 0
0.28 1.79652 -0.0601219 40.7551 0
0.2825 1.81519 -0.0656108 40.8508 0
0.285 1.83608 -0.0713266 40.9573 0
0.2875 1.85924 -0.077268 41.0748 0
0.29 1.88474 -0.0834394 41.2033 0
0.2925 1.91263 -0.0898462 41.3429 0
0.295 1.94297 -0.0964959 41.4937 0
0.2975 1.97583 -0.103398 41.6555 0
0.3 2.01126 -0.110563 41.8284 0
0.3025 2.04932 -0.118005 42.0123 0
0.305 2.09008 -0.125736 42.207 0
0.3075 2.13361 -0.133774 42.4125 0
0.31 2.17998 -0.142133 42.6285 0
0.3125 2.22925 -0.150832 42.855 0
0.315 2.28152 -0.15989 43.0918 0
0.3175 2.33685 -0.169326 43.3387 0
0.32 2.39534 -0.179159 43.5954 0
0.3225 2.45706 -0.189411 43.8619 0
0.325 2.52213 -0.200105 44.138 0
0.3275 2.59062 -0.211261 44.4234 0
0.33 2.66264 -0.222902 44.7181 0
0.3325 2.7383 -0.235052 45.0217 0
0.335 2.81769 -0.247727 45.3342 0
0.3375 2.90091 -0.260961 45.6555 0
0.34 2.98806 -0.27471 45.9853 0
0.3425 3.07921 -0.28914 46.3235 0
0.345 3.1743 -0.303313 46.67 0
0.3475 3.27261 -0.31878 47.0245 0
0.35 3.37729 -0.336596 47.3868 0
0.3525 3.4879 -0.355585 47.7566 0
0.355 3.60516 -0.376297 48.1336 0
0.3575 3.72974 -0.398862 48.5178 0
0.36 3.86248 -0.423545 48.9087 0
0.3625 4.00426 -0.450566 49.3058 0
0.365 4.15598 -0.480113 49.7084 0
0.3675 4.31845 -0.512277 50.1145 0
0.37 4.49227 -0.547008 50.5215 0
0.3725 4.6778 -0.584156 50.9238 0
0.375 4.87509 -0.62349 51.3134 0
0.3775 5.08406 -0.66515 51.6521 0
0.38 5.30455 -0.709598 51.9608 0
0.3825 5.53645 -0.757978 51.9974 0
0.385 5.77971 -0.807371 52.7126 0
0.3875 6.03433 -0.855453 53.4581 0
0.39 6.30035 -0.903975 54.1656 0
0.3925 6.57785 -0.953267 54.8549 0
0.395 6.86693 -1.0036 55.5347 0
0.3975 7.16767 -1.05513 56.2094 0
0.4 7.48016 -1.10794 56.8813 0
0.4025 7.80448 -1.16209 57.5518 0
0.405 8.1407 -1.21762 58.2215 0
0.4075 8.48888 -1.27453 58.8907 0
0.41 8.84904 -1.33281 59.5595 0
0.4125 9.2212 -1.39244 60.2278 0
0.415 9.60534 -1.45336 60.8955 0
0.4175 10.0014 -1.51552 61.5623 0
0.42 10.4093 -1.57886 62.2279 0
0.4225 10.829 -1.64327 62.8922 0
0.425 11.2602 -1.70863 63.5543 0
0.4275 11.7028 -1.77484 64.2145 0
0.43 12.1566 -1.84174 64.8722 0
0.4325 12.6211 -1.90918 65.5269 0
0.435 13.0961 -1.97697 66.1784 0
0.4375 13.5812 -2.04491 66.8261 0
0.44 14.0758 -2.1128 67.4696 0
0.4425 14.5795 -2.18038 68.1084 0
0.445 15.0916 -2.24741 68.7421 0
0.4475 15.6115 -2.31361 69.3702 0
0.45 16.1384 -2.37869 69.9921 0
0.4525 16.6714 -2.44238 70.6074 0
0.455 17.2095 -2.50421 71.2157 0
0.4575 17.7517 -2.56432 71.8168 0
0.46 18.2964 -2.62061 72.4107 0
0.4625 18.8408 -2.67539 72.998 0
0.465 19.3875 -2.73165 73.5796 0
0.4675 19.9354 -2.78734 74.1566 0
0.47 20.4833 -2.84336 74.7291 0
0.4725 21.0327 -2.90205 75.2956 0
0.475 21.5898 -2.96866 75.8521 0
0.4775 22.1725 -3.03238 76.3951 0
0.48 22.8248 -3.17233 76.923 0
0.4825 23.5432 -3.56442 77.436 0
0.485 24.4219 -3.86011 77.9369 0
0.4875 25.2802 -3.93192 78.4331 0
0.49 26.0982 -3.99683 78.9356 0
0.4925 26.8853 -4.04471 79.4521 0
0.495 27.6523 -4.14054 79.9825 0
0.4975 28.4523 -4.24449 80.5203 0
0.5 29.2646 -4.34152 81.0582 0
0.5025 30.0888 -4.4376 81.5908 0
0.505 30.9233 -4.53255 82.1152 0
0.5075 31.7677 -4.62728 82.6303 0
0.51 32.6219 -4.72205 83.1358 0
0.5125 33.4859 -4.81715 83.6319 0
0.515 34.3598 -4.91276 84.1184 0
0.5175 35.2437 -5.00903 84.5956 0
0.52 36.138 -5.10608 85.0633 0
0.5225 37.0427 -5.20401 85.5213 0
0.525 37.9581 -5.30285 85.9692 0
0.5275 38.8842 -5.40257 86.4064 0
0.53 39.8212 -5.50305 86.8324 0
0.5325 40.7687 -5.60408 87.2461 0
0.535 41.7265 -5.70534 87.6462 0
0.5375 42.694 -5.80641 88.0312 0
0.54 43.6703 -5.90682 88.3984 0
0.5425 44.6543 -6.00612 88.744 0
0.545 45.6446 -6.10375 89.0617 0
0.5475 46.6396 -6.19977 89.3399 0
0.55 47.6373 -6.2917 89.5435 0
0.5525 48.634 -6.38559 89.5875 0
0.555 49.6262 -6.45476 90.0469 0
0.5575 50.5809 -6.52848 91.2231 0
0.56 51.5696 -6.62542 91.9825 0
0.5625 52.5669 -6.71105 92.6182 0
0.565 53.5705 -6.7728 93.1912 0
0.5675 54.5557 -6.82947 93.7268 0
0.57 55.555 -6.90328 94.2367 0
0.5725 56.5619 -6.97169 94.7269 0
0.575 57.5728 -7.03538 95.2008 0
0.5775 58.5858 -7.09396 95.6608 0
0.58 59.5994 -7.14735 96.1085 0
0.5825 60.6125 -7.19543 96.5451 0
0.585 61.6239 -7.23809 96.9715 0
0.5875 62.6327 -7.27522 97.3884 0
0.59 63.6377 -7.30674 97.7963 0
0.5925 64.6381 -7.33255 98.1958 0
0.595 65.6328 -7.35256 98.587 0
0.5975 66.6211 -7.36672 98.9703 0
0.6 67.6019 -7.37494 99.3458 0
0.6025 68.5745 -7.37718 99.7137 0
0.605 69.538 -7.37338 100.074 0
0.6075 70.4915 -7.3635 100.427 0
0.61 71.4343 -7.34753 100.773 0
0.6125 72.3656 -7.32542 101.111 0
0.615 73.2845 -7.29719 101.442 0
0.6175 74.1904 -7.26283 101.766 0
0.62 75.0825 -7.22236 102.082 0
0.6225 75.96 -7.17581 102.391 0
0.625 76.8224 -7.12321 102.693 0
0.6275 77.669 -7.06463 102.987 0
0.63 78.4991 -7.00012 103.274 0
0.6325 79.312 -6.92978 103.554 0
0.635 80.1074 -6.85368 103.826 0
0.6375 80.8844 -6.77193 104.091 0
0.64 81.6428 -6.68465 104.349 0
0.6425 82.3819 -6.59196 104.599 0
0.645 83.1012 -6.49402 104.842 0
0.6475 83.8005 -6.39098 105.077 0
0.65 84.4792 -6.283 105.305 0
0.6525 85.137 -6.17025 105.526 0
0.655 85.7735 -6.05295 105.739 0
0.6575 86.3885 -5.93127 105.945 0
0.66 86.9818 -5.80544 106.144 0
0.6625 87.553 -5.67569 106.335 0
0.665 88.1021 -5.54224 106.519 0
0.6675 88.6289 -5.40534 106.696 0
0.67 89.1332 -5.26525 106.866 0
0.6725 89.6151 -5.12223 107.029 0
0.675 90.0745 -4.97656 107.185 0
0.6775 90.5114 -4.82852 107.334 0
0.68 90.9259 -4.67838 107.476 0
0.6825 91.3182 -4.52644 107.612 0
0.685 91.6883 -4.37301 107.741 0
0.6875 92.0365 -4.2184 107.863 0
0.69 92.363 -4.06292 107.979 0
0.6925 92.6681 -3.90688 108.088 0
0.695 92.9521 -3.75061 108.192 0
0.6975 93.2155 -3.59442 108.289 0
0.7 93.4585 -3.43865 108.38 0
0.7025 93.6818 -3.2836 108.466 0
0.705 93.8858 -3.12962 108.546 0
0.7075 94.0711 -2.97702 108.621 0
0.71 94.2382 -2.8261 108.69 0
0.7125 94.3879 -2.6772 108.754 0
0.715 94.5208 -2.5306 108.813 0
0.7175 94.6376 -2.38661 108.867 0
0.72 94.7393 -2.24549 108.917 0
0.7225 94.8265 -2.10752 108.962 0
0.725 94.9002 -1.97293 109.002 0
0.7275 94.9613 -1.84195 109.039 0
0.73 95.0108 -1.71477 109.071 0
0.7325 95.0498 -1.59153 109.1 0
0.735 95.0794 -1.47234 109.124 0
0.7375 95.1007 -1.35724 109.146 0
0.74 95.115 -1.24618 109.163 0
0.7425 95.1236 -1.13904 109.177 0
0.745 95.1279 -1.0355 109.188 0
0.7475 95.1294 -0.935081 109.195 0
0.75 95.1296 -0.836811 109.199 0
0.7525 95.1295 -0.738812 109.199 0
0.755 95.1286 -0.639056 109.197 0
0.7575 95.1253 -0.536391 109.191 0
0.76 95.1184 -0.430228 109.181 0
0.7625 95.1065 -0.320076 109.168 0
0.765 95.0883 -0.205614 109.152 0
0.7675 95.0623 -0.0868946 109.131 0
0.77 95.0274 0.0361126 109.107 0
0.7725 94.9823 0.163283 109.079 0
0.775 94.9261 0.294373 109.047 0
0.7775 94.8578 0.429355 109.011 0
0.78 94.7765 0.568123 108.97 0
0.7825 94.6813 0.710633 108.925 0
0.785 94.571 0.856463 108.875 0
0.7875 94.4446 1.005 108.82 0
0.79 94.3016 1.15605 108.76 0
0.7925 94.1415 1.30949 108.695 0
0.795 93.9635 1.46504 108.624 0
0.7975 93.767 1.6224 108.548 0
0.8 93.5514 1.78126 108.466 0
0.8025 93.3161 1.9413 108.379 0
0.805 93.0608 2.10221 108.285 0
0.8075 92.7848 2.26367 108.186 0
0.81 92.4878 2.42538 108.08 0
0.8125 92.1695 2.58701 107.967 0
0.815 91.8295 2.74826 107.849 0
0.8175 91.4676 2.90882 107.723 0
0.82 91.0835 3.0684 107.591 0
0.8225 90.677 3.22669 107.452 0
0.825 90.248 3.3834 107.306 0
0.8275 89.7965 3.53824 107.153 0
0.83 89.3222 3.69095 106.994 0
0.8325 88.8253 3.84124 106.826 0
0.835 88.3058 3.98885 106.652 0
0.8375 87.7636 4.13353 106.471 0
0.84 87.199 4.27504 106.282 0
0.8425 86.6121 4.41313 106.085 0
0.845 86.003 4.54758 105.882 0
0.8475 85.3721 4.67818 105.671 0
0.85 84.7194 4.80471 105.452 0
0.8525 84.0454 4.92699 105.226 0
0.855 83.3504 5.04482 104.992 0
0.8575 82.6347 5.15805 104.751 0
0.86 81.8987 5.26651 104.502 0
0.8625 81.1429 5.37004 104.246 0
0.865 80.3677 5.46852 103.982 0
0.8675 79.5736 5.56182 103.71 0
0.87 78.7611 5.64982 103.431 0
0.8725 77.9308 5.73244 103.145 0
0.875 77.0832 5.80958 102.851 0
0.8775 76.2189 5.88116 102.55 0
0.88 75.3385 5.94714 102.241 0
0.8825 74.4427 6.00745 101.925 0
0.885 73.5322 6.06209 101.602 0
0.8875 72.6075 6.11103 101.271 0
0.89 71.6694 6.15428 100.933 0
0.8925 70.7186 6.19191 100.588 0
0.895 69.7558 6.22393 100.235 0
0.8975 68.7818 6.25057 99.8723 0
0.9 67.7972 6.27108 99.5023 0
0.9025 66.8029 6.28764 99.1253 0
0.905 65.7996 6.29606 98.7418 0
0.9075 64.7881 6.29953 98.3516 0
0.91 63.7691 6.29966 97.9546 0
0.9125 62.7435 6.2924 97.5514 0
0.915 61.7121 6.28086 97.1419 0
0.9175 60.6756 6.26385 96.7245 0
0.92 59.6347 6.24185 96.2994 0
0.9225 58.5902 6.21486 95.8672 0
0.925 57.5429 6.18306 95.4284 0
0.9275 56.4935 6.14656 94.9833 0
0.93 55.4427 6.10549 94.5321 0
0.9325 54.3913 6.05998 94.0749 0
0.935 53.3401 6.01018 93.6117 0
0.9375 52.2897 5.95624 93.1426 0
0.94 51.241 5.89834 92.6678 0
0.9425 50.1947 5.83663 92.1873 0
0.945 49.1515 5.7713 91.7012 0
0.9475 48.1121 5.70253 91.2096 0
0.95 47.0773 5.63049 90.7126 0
0.9525 46.0477 5.55537 90.2103 0
0.955 45.0239 5.47735 89.7028 0
0.9575 44.0067 5.39661 89.1903 0
0.96 42.9966 5.31334 88.6729 0
0.9625 41.9942 5.22771 88.1507 0
0.965 41.0001 5.13992 87.6239 0
0.9675 40.015 5.05013 87.0925 0
0.97 39.0392 4.95854 86.5567 0
0.9725 38.0734 4.86532 86.0167 0
0.975 37.118 4.77064 85.4726 0
0.9775 36.1736 4.67467 84.9245 0
0.98 35.2404 4.5776 84.3727 0
0.9825 34.3191 4.47959 83.8172 0
0.985 33.4099 4.38081 83.2582 0
0.9875 32.5133 4.28138 82.6959 0
0.99 31.6297 4.18164 82.1304 0
0.9925 30.7592 4.08108 81.5619 0
0.995 29.9024 3.98228 80.9905 0
0.9975 29.0594 3.87634 80.4165 0
1 28.2305 3.79716 79.9622 0
