0 0 -0.208931 200.02 0.000168978 -0.0120088
0 0.025 -0.178464 200.019 0.0699934 -0.0116319
0 0.05 -0.243273 200.002 0.138407 -0.011831
0 0.075 -0.371778 199.964 0.2106 -0.0119079
0 0.1 -0.518433 199.915 0.283446 -0.0119282
0 0.125 -0.740782 199.845 0.360223 -0.0119241
0 0.15 -0.993597 199.757 0.437433 -0.0115852
0 0.175 -1.31294 199.647 0.515937 -0.0110682
0 0.2 -1.67425 199.513 0.591484 -0.00998412
0 0.225 -2.0909 199.356 0.662195 -0.00848322
0 0.25 -2.54958 199.175 0.722833 -0.00623791
0 0.275 -3.04631 198.973 0.769298 -0.00338918
0 0.3 -3.56978 198.752 0.795894 0.000230572
0 0.325 -4.10309 198.521 0.797885 0.00442429
0 0.35 -4.63184 198.285 0.770784 0.00913178
0 0.375 -5.13085 198.058 0.711779 0.0140353
0 0.4 -5.58274 197.848 0.620014 0.0188512
0 0.425 -5.96048 197.669 0.4972 0.0231668
0 0.45 -6.2489 197.531 0.347856 0.0266079
0 0.475 -6.42707 197.445 0.179067 0.0288276
0 0.5 -6.48921 197.415 3.70928e-06 0.0295946
0 0.525 -6.42707 197.445 -0.179059 0.0288275
0 0.55 -6.24891 197.531 -0.347849 0.0266078
0 0.575 -5.9605 197.669 -0.497193 0.0231667
0 0.6 -5.58276 197.848 -0.620007 0.018851
0 0.625 -5.13087 198.058 -0.711772 0.0140351
0 0.65 -4.63187 198.285 -0.770777 0.0091314
0 0.675 -4.10313 198.521 -0.797878 0.00442368
0 0.7 -3.56981 198.752 -0.795887 0.000229642
0 0.725 -3.04635 198.973 -0.769289 -0.00339062
0 0.75 -2.54963 199.175 -0.722822 -0.00623993
0 0.775 -2.09096 199.356 -0.66218 -0.00848629
0 0.8 -1.67431 199.513 -0.591462 -0.00998819
0 0.825 -1.31302 199.647 -0.515906 -0.0110743
0 0.85 -0.993695 199.757 -0.437387 -0.011593
0 0.875 -0.740926 199.845 -0.360157 -0.0119352
0 0.9 -0.518601 199.915 -0.28335 -0.0119433
0 0.925 -0.372055 199.964 -0.210466 -0.0119253
0 0.95 -0.243584 200.001 -0.138208 -0.0118679
0 0.975 -0.179013 200.019 -0.0697129 -0.0116372
0 1 -0.209637 200.02 0.000168978 -0.0119542
0.025 0 -0.320117 199.979 0.000128871 -0.0116712
0.025 0.025 -0.284775 199.979 0.0692522 -0.0113517
0.025 0.05 -0.350843 199.96 0.137017 -0.011411
0.025 0.075 -0.477797 199.92 0.207562 -0.0112355
0.025 0.1 -0.62205 199.87 0.277879 -0.0109783
0.025 0.125 -0.840562 199.797 0.350706 -0.0105902
0.025 0.15 -1.08542 199.709 0.422548 -0.00987271
0.025 0.175 -1.39418 199.598 0.494142 -0.00894728
0.025 0.2 -1.73834 199.466 0.561377 -0.00751839
0.025 0.225 -2.13331 199.313 0.622718 -0.00575308
0.025 0.25 -2.56236 199.139 0.673423 -0.00340022
0.025 0.275 -3.0238 198.947 0.710224 -0.000643559
0.025 0.3 -3.50454 198.741 0.728326 0.00263827
0.025 0.325 -3.99061 198.526 0.724145 0.0062262
0.025 0.35 -4.46799 198.31 0.694229 0.010077
0.025 0.375 -4.91533 198.102 0.636761 0.0139208
0.025 0.4 -5.31755 197.913 0.55145 0.0175776
0.025 0.425 -5.6519 197.752 0.440154 0.0207604
0.025 0.45 -5.90609 197.629 0.306884 0.0232495
0.025 0.475 -6.06256 197.552 0.157644 0.02483
0.025 0.5 -6.11713 197.526 3.63606e-06 0.0253739
0.025 0.525 -6.06257 197.552 -0.157637 0.02483
0.025 0.55 -5.9061 197.629 -0.306877 0.0232495
0.025 0.575 -5.65192 197.752 -0.440148 0.0207604
0.025 0.6 -5.31757 197.913 -0.551443 0.0175776
0.025 0.625 -4.91535 198.102 -0.636755 0.0139207
0.025 0.65 -4.46802 198.31 -0.694224 0.0100767
0.025 0.675 -3.99064 198.526 -0.72414 0.0062258
0.025 0.7 -3.50458 198.741 -0.72832 0.00263759
0.025 0.725 -3.02383 198.947 -0.710219 -0.000644667
0.025 0.75 -2.5624 199.139 -0.673416 -0.00340185
0.025 0.775 -2.13336 199.313 -0.622709 -0.00575565
0.025 0.8 -1.73839 199.466 -0.561362 -0.00752186
0.025 0.825 -1.39424 199.598 -0.494121 -0.00895263
0.025 0.85 -1.0855 199.708 -0.422514 -0.00987956
0.025 0.875 -0.840669 199.797 -0.350657 -0.0106005
0.025 0.9 -0.622171 199.869 -0.277803 -0.0109911
0.025 0.925 -0.478008 199.92 -0.207456 -0.011254
0.025 0.95 -0.351073 199.96 -0.136861 -0.0114332
0.025 0.975 -0.28519 199.979 -0.0690468 -0.0113844
0.025 1 -0.320571 199.979 0.000128871 -0.0117009
0.05 0 -0.426263 199.937 0.000133325 -0.0108292
0.05 0.025 -0.38674 199.939 0.0676102 -0.0105797
0.05 0.05 -0.453115 199.919 0.133812 -0.0105607
0.05 0.075 -0.576728 199.878 0.201904 -0.0102562
0.05 0.1 -0.716759 199.825 0.269057 -0.00986366
0.05 0.125 -0.928744 199.752 0.337493 -0.00927553
0.05 0.15 -1.16315 199.662 0.403813 -0.00837169
0.05 0.175 -1.45849 199.552 0.468647 -0.0072295
0.05 0.2 -1.78318 199.423 0.528097 -0.00561641
0.05 0.225 -2.1545 199.274 0.580959 -0.00368102
0.05 0.25 -2.55286 199.107 0.622979 -0.00121545
0.05 0.275 -2.97898 198.924 0.651631 0.00159938
0.05 0.3 -3.41823 198.73 0.662897 0.0048631
0.05 0.325 -3.85962 198.53 0.654158 0.00835967
0.05 0.35 -4.28936 198.331 0.622781 0.0120487
0.05 0.375 -4.68974 198.141 0.567713 0.0156767
0.05 0.4 -5.0474 197.969 0.489046 0.01909
0.05 0.425 -5.34338 197.824 0.388683 0.0220312
0.05 0.45 -5.56749 197.713 0.270143 0.0243171
0.05 0.475 -5.70509 197.644 0.138505 0.0257604
0.05 0.5 -5.75304 197.62 3.60885e-06 0.026257
0.05 0.525 -5.7051 197.644 -0.138498 0.0257605
0.05 0.55 -5.5675 197.713 -0.270136 0.0243171
0.05 0.575 -5.3434 197.824 -0.388677 0.0220312
0.05 0.6 -5.04742 197.969 -0.48904 0.01909
0.05 0.625 -4.68976 198.141 -0.567708 0.0156768
0.05 0.65 -4.28939 198.331 -0.622777 0.0120487
0.05 0.675 -3.85964 198.53 -0.654155 0.00835948
0.05 0.7 -3.41826 198.73 -0.662894 0.00486269
0.05 0.725 -2.97901 198.924 -0.651628 0.00159861
0.05 0.75 -2.5529 199.107 -0.622976 -0.00121668
0.05 0.775 -2.15453 199.274 -0.580955 -0.00368307
0.05 0.8 -1.78321 199.423 -0.52809 -0.00561931
0.05 0.825 -1.45853 199.552 -0.468636 -0.00723414
0.05 0.85 -1.1632 199.662 -0.403792 -0.00837777
0.05 0.875 -0.928812 199.752 -0.337459 -0.00928495
0.05 0.9 -0.716834 199.825 -0.269001 -0.00987552
0.05 0.925 -0.576873 199.878 -0.201823 -0.010274
0.05 0.95 -0.453266 199.919 -0.133688 -0.0105824
0.05 0.975 -0.387078 199.939 -0.0674386 -0.0106141
0.05 1 -0.426507 199.937 0.000133325 -0.010862
0.075 0 -0.524461 199.895 0.000119375 -0.00973931
0.075 0.025 -0.48151 199.898 0.0651322 -0.0095608
0.075 0.05 -0.547279 199.877 0.128959 -0.00946446
0.075 0.075 -0.66606 199.835 0.193872 -0.00904339
0.075 0.1 -0.800324 199.782 0.257265 -0.00852602
0.075 0.125 -1.00347 199.708 0.320868 -0.00775182
0.075 0.15 -1.22528 199.618 0.381438 -0.00667191
0.075 0.175 -1.50465 199.509 0.4395 -0.0053164
0.075 0.2 -1.80763 199.382 0.491411 -0.00351128
0.075 0.225 -2.15313 199.237 0.53627 -0.00137742
0.075 0.25 -2.51916 199.077 0.570307 0.00125372
0.075 0.275 -2.90875 198.903 0.591662 0.00421469
0.075 0.3 -3.30593 198.719 0.597028 0.00758494
0.075 0.325 -3.70268 198.531 0.584635 0.0111564
0.075 0.35 -4.0854 198.346 0.552569 0.0148851
0.075 0.375 -4.43989 198.17 0.500436 0.0185256
0.075 0.4 -4.7543 198.01 0.428642 0.0219316
0.075 0.425 -5.01329 197.877 0.339105 0.0248543
0.075 0.45 -5.20848 197.775 0.234871 0.0271206
0.075 0.475 -5.32802 197.712 0.120167 0.0285482
0.075 0.5 -5.3696 197.691 3.62731e-06 0.0290398
0.075 0.525 -5.32803 197.712 -0.12016 0.0285483
0.075 0.55 -5.20849 197.775 -0.234864 0.0271206
0.075 0.575 -5.0133 197.877 -0.339099 0.0248544
0.075 0.6 -4.75432 198.01 -0.428637 0.0219318
0.075 0.625 -4.43992 198.17 -0.500432 0.0185257
0.075 0.65 -4.08542 198.345 -0.552565 0.0148851
0.075 0.675 -3.7027 198.531 -0.584632 0.0111564
0.075 0.7 -3.30596 198.719 -0.597027 0.00758479
0.075 0.725 -2.90877 198.903 -0.591662 0.00421427
0.075 0.75 -2.51919 199.077 -0.570308 0.00125292
0.075 0.775 -2.15315 199.237 -0.536271 -0.00137893
0.075 0.8 -1.80766 199.382 -0.491412 -0.00351355
0.075 0.825 -1.50468 199.509 -0.439498 -0.00532026
0.075 0.85 -1.2253 199.618 -0.38143 -0.00667708
0.075 0.875 -1.0035 199.708 -0.320851 -0.00776027
0.075 0.9 -0.800354 199.782 -0.257231 -0.00853655
0.075 0.925 -0.666142 199.835 -0.193816 -0.00906022
0.075 0.95 -0.547348 199.877 -0.128864 -0.00948445
0.075 0.975 -0.48175 199.898 -0.0649896 -0.0095923
0.075 1 -0.52459 199.895 0.000119375 -0.00977673
0.1 0 -0.613474 199.853 9.33436e-05 -0.00850141
0.1 0.025 -0.567825 199.857 0.0618169 -0.00839099
0.1 0.05 -0.632084 199.836 0.12246 -0.00821724
0.1 0.075 -0.744528 199.793 0.183444 -0.00767387
0.1 0.1 -0.87143 199.74 0.242436 -0.00702275
0.1 0.125 -1.06334 199.665 0.300676 -0.00604828
0.1 0.15 -1.27024 199.577 0.355132 -0.00477103
0.1 0.175 -1.53085 199.468 0.406212 -0.0031715
0.1 0.2 -1.80951 199.344 0.450563 -0.00113205
0.1 0.225 -2.12645 199.203 0.487551 0.00125782
0.1 0.25 -2.45773 199.048 0.51389 0.00412877
0.1 0.275 -2.80856 198.881 0.528334 0.00733016
0.1 0.3 -3.16184 198.706 0.528253 0.0109208
0.1 0.325 -3.51246 198.527 0.51267 0.0147008
0.1 0.35 -3.84702 198.351 0.480359 0.018618
0.1 0.375 -4.15484 198.185 0.431559 0.0224295
0.1 0.4 -4.42543 198.035 0.36699 0.0259854
0.1 0.425 -4.64708 197.91 0.288596 0.0290331
0.1 0.45 -4.81311 197.814 0.198975 0.0313957
0.1 0.475 -4.9145 197.755 0.101515 0.0328834
0.1 0.5 -4.94966 197.734 3.69103e-06 0.0333963
0.1 0.525 -4.91451 197.755 -0.101507 0.0328835
0.1 0.55 -4.81312 197.814 -0.198968 0.0313958
0.1 0.575 -4.6471 197.91 -0.28859 0.0290333
0.1 0.6 -4.42544 198.035 -0.366984 0.0259856
0.1 0.625 -4.15486 198.185 -0.431555 0.0224297
0.1 0.65 -3.84705 198.351 -0.480356 0.0186183
0.1 0.675 -3.51249 198.527 -0.512669 0.0147011
0.1 0.7 -3.16187 198.706 -0.528254 0.0109209
0.1 0.725 -2.80858 198.881 -0.528337 0.0073301
0.1 0.75 -2.45775 199.048 -0.513895 0.0041284
0.1 0.775 -2.12647 199.203 -0.487557 0.0012569
0.1 0.8 -1.80952 199.344 -0.45057 -0.00113363
0.1 0.825 -1.53085 199.468 -0.406219 -0.00317447
0.1 0.85 -1.27024 199.577 -0.355136 -0.0047752
0.1 0.875 -1.06334 199.665 -0.300675 -0.00605546
0.1 0.9 -0.871419 199.74 -0.242423 -0.00703198
0.1 0.925 -0.744545 199.793 -0.183416 -0.00768905
0.1 0.95 -0.632079 199.836 -0.122398 -0.0082358
0.1 0.975 -0.567953 199.857 -0.0617158 -0.00842063
0.1 1 -0.613481 199.853 9.33436e-05 -0.00853404
0.125 0 -0.691403 199.812 6.74525e-05 -0.0070546
0.125 0.025 -0.643823 199.816 0.0576456 -0.00701469
0.125 0.05 -0.705638 199.795 0.114266 -0.00676028
0.125 0.075 -0.810218 199.752 0.170525 -0.00609092
0.125 0.1 -0.928087 199.699 0.224384 -0.00529763
0.125 0.125 -1.10624 199.624 0.276598 -0.00410889
0.125 0.15 -1.29569 199.537 0.324373 -0.00261031
0.125 0.175 -1.53433 199.43 0.36798 -0.000728477
0.125 0.2 -1.78547 199.308 0.40437 0.00160257
0.125 0.225 -2.07025 199.17 0.433144 0.00433213
0.125 0.25 -2.36314 199.019 0.451501 0.00755751
0.125 0.275 -2.67135 198.857 0.458775 0.0111528
0.125 0.3 -2.97683 198.688 0.45303 0.0151579
0.125 0.325 -3.27731 198.515 0.434095 0.0193838
0.125 0.35 -3.55968 198.345 0.401502 0.0237635
0.125 0.375 -3.81685 198.184 0.356209 0.0280461
0.125 0.4 -4.03984 198.039 0.299365 0.0320577
0.125 0.425 -4.22083 197.916 0.233028 0.0355162
0.125 0.45 -4.35503 197.823 0.159378 0.0382096
0.125 0.475 -4.43656 197.765 0.0809009 0.0399123
0.125 0.5 -4.46467 197.745 3.79827e-06 0.0405006
0.125 0.525 -4.43657 197.765 -0.0808934 0.0399123
0.125 0.55 -4.35504 197.823 -0.159371 0.0382097
0.125 0.575 -4.22085 197.916 -0.233022 0.0355164
0.125 0.6 -4.03985 198.039 -0.29936 0.032058
0.125 0.625 -3.81687 198.184 -0.356205 0.0280464
0.125 0.65 -3.5597 198.345 -0.4015 0.0237639
0.125 0.675 -3.27734 198.515 -0.434095 0.0193843
0.125 0.7 -2.97686 198.688 -0.453032 0.0151583
0.125 0.725 -2.67137 198.857 -0.45878 0.0111531
0.125 0.75 -2.36316 199.019 -0.451509 0.00755759
0.125 0.775 -2.07026 199.17 -0.433155 0.0043318
0.125 0.8 -1.78548 199.308 -0.404384 0.00160171
0.125 0.825 -1.53432 199.43 -0.367996 -0.000730509
0.125 0.85 -1.29567 199.537 -0.32439 -0.00261336
0.125 0.875 -1.10621 199.624 -0.276613 -0.0041147
0.125 0.9 -0.928037 199.699 -0.224392 -0.00530518
0.125 0.925 -0.810177 199.752 -0.170522 -0.00610433
0.125 0.95 -0.705563 199.795 -0.114238 -0.00677634
0.125 0.975 -0.643847 199.816 -0.0575867 -0.00704281
0.125 1 -0.691293 199.812 6.74525e-05 -0.00708416
0.15 0 -0.756323 199.771 3.98119e-05 -0.00541875
0.15 0.025 -0.707629 199.777 0.0525662 -0.00545172
0.15 0.05 -0.766007 199.755 0.104269 -0.00511115
0.15 0.075 -0.86111 199.713 0.154913 -0.00430597
0.15 0.1 -0.968114 199.659 0.202779 -0.0033547
0.15 0.125 -1.12973 199.585 0.248111 -0.00192617
0.15 0.15 -1.29878 199.499 0.288363 -0.000167821
0.15 0.175 -1.51165 199.393 0.323629 0.00205344
0.15 0.2 -1.7312 199.274 0.351164 0.00475718
0.15 0.225 -1.97895 199.138 0.370753 0.00794
0.15 0.25 -2.22817 198.99 0.380082 0.0116723
0.15 0.275 -2.48769 198.831 0.379053 0.0158624
0.15 0.3 -2.7387 198.664 0.366488 0.0205362
0.15 0.325 -2.98163 198.493 0.34313 0.0255196
0.15 0.35 -3.20386 198.324 0.309469 0.0307259
0.15 0.375 -3.40209 198.162 0.267449 0.0358847
0.15 0.4 -3.56928 198.015 0.218942 0.040772
0.15 0.425 -3.70211 197.89 0.166355 0.0450403
0.15 0.45 -3.79835 197.794 0.111528 0.0483971
0.15 0.475 -3.85602 197.734 0.0558732 0.0505368
0.15 0.5 -3.87568 197.713 3.94643e-06 0.0512786
0.15 0.525 -3.85603 197.734 -0.0558655 0.0505369
0.15 0.55 -3.79836 197.794 -0.111521 0.0483973
0.15 0.575 -3.70212 197.89 -0.166348 0.0450406
0.15 0.6 -3.56929 198.015 -0.218936 0.0407724
0.15 0.625 -3.40212 198.162 -0.267445 0.0358851
0.15 0.65 -3.20388 198.324 -0.309467 0.0307264
0.15 0.675 -2.98166 198.493 -0.34313 0.0255202
0.15 0.7 -2.73872 198.664 -0.366492 0.0205368
0.15 0.725 -2.48771 198.831 -0.379059 0.0158631
0.15 0.75 -2.22818 198.99 -0.380092 0.0116729
0.15 0.775 -1.97896 199.138 -0.370768 0.00794027
0.15 0.8 -1.7312 199.274 -0.351184 0.00475706
0.15 0.825 -1.51163 199.393 -0.323653 0.00205239
0.15 0.85 -1.29874 199.499 -0.288391 -0.000169698
0.15 0.875 -1.12967 199.585 -0.24814 -0.00193044
0.15 0.9 -0.968031 199.659 -0.202807 -0.00336046
0.15 0.925 -0.861015 199.713 -0.154937 -0.00431712
0.15 0.95 -0.765868 199.755 -0.104274 -0.00512458
0.15 0.975 -0.707552 199.777 -0.052551 -0.00547667
0.15 1 -0.756102 199.771 3.98119e-05 -0.00544415
0.175 0 -0.806194 199.732 1.1766e-05 -0.00359675
0.175 0.025 -0.757262 199.738 0.0464972 -0.00370527
0.175 0.05 -0.811123 199.717 0.0922975 -0.0032715
0.175 0.075 -0.894991 199.675 0.136314 -0.00231671
0.175 0.1 -0.989066 199.622 0.177147 -0.00118675
0.175 0.125 -1.131 199.549 0.214487 0.000515058
0.175 0.15 -1.27614 199.463 0.246022 0.00258252
0.175 0.175 -1.45863 199.359 0.271599 0.00521616
0.175 0.2 -1.64134 199.241 0.288744 0.00839614
0.175 0.225 -1.84558 199.107 0.297353 0.0121778
0.175 0.25 -2.0436 198.96 0.295578 0.0166151
0.175 0.275 -2.24544 198.801 0.283888 0.0216651
0.175 0.3 -2.43154 198.633 0.261971 0.0273504
0.175 0.325 -2.60486 198.459 0.231695 0.0335228
0.175 0.35 -2.75346 198.284 0.194916 0.0400751
0.175 0.375 -2.87821 198.114 0.155099 0.0467048
0.175 0.4 -2.9748 197.956 0.115476 0.0531027
0.175 0.425 -3.04563 197.819 0.0793243 0.0587993
0.175 0.45 -3.09246 197.713 0.0483502 0.063346
0.175 0.475 -3.11868 197.645 0.0225853 0.0662793
0.175 0.5 -3.12721 197.622 4.13211e-06 0.067301
0.175 0.525 -3.11868 197.645 -0.0225772 0.0662794
0.175 0.55 -3.09247 197.713 -0.0483425 0.0633462
0.175 0.575 -3.04564 197.819 -0.0793175 0.0587997
0.175 0.6 -2.97482 197.956 -0.11547 0.0531031
0.175 0.625 -2.87823 198.114 -0.155095 0.0467054
0.175 0.65 -2.75348 198.284 -0.194914 0.0400757
0.175 0.675 -2.60489 198.459 -0.231696 0.0335236
0.175 0.7 -2.43156 198.633 -0.261975 0.0273512
0.175 0.725 -2.24546 198.801 -0.283896 0.0216661
0.175 0.75 -2.04362 198.96 -0.295591 0.0166161
0.175 0.775 -1.84558 199.107 -0.297371 0.0121786
0.175 0.8 -1.64133 199.241 -0.288769 0.00839674
0.175 0.825 -1.4586 199.359 -0.27163 0.00521612
0.175 0.85 -1.27609 199.463 -0.24606 0.00258185
0.175 0.875 -1.13092 199.549 -0.21453 0.000512392
0.175 0.9 -0.988954 199.622 -0.177194 -0.00119057
0.175 0.925 -0.894848 199.675 -0.136362 -0.00232544
0.175 0.95 -0.810926 199.717 -0.0923363 -0.00328193
0.175 0.975 -0.757089 199.738 -0.0465253 -0.00372695
0.175 1 -0.805871 199.732 1.1766e-05 -0.00361764
0.2 0 -0.838927 199.695 -1.61934e-05 -0.00160149
0.2 0.025 -0.790698 199.701 0.0393361 -0.00178882
0.2 0.05 -0.838856 199.68 0.0781392 -0.00125363
0.2 0.075 -0.909546 199.639 0.11436 -0.000133176
0.2 0.1 -0.988343 199.587 0.14691 0.00119921
0.2 0.125 -1.10699 199.515 0.174845 0.00321304
0.2 0.15 -1.22404 199.43 0.196042 0.00564664
0.2 0.175 -1.37051 199.327 0.20999 0.00877776
0.2 0.2 -1.5097 199.211 0.214401 0.0125563
0.2 0.225 -1.66191 199.077 0.209155 0.0171119
0.2 0.25 -1.79843 198.93 0.192802 0.0224985
0.2 0.275 -1.92976 198.768 0.166337 0.0287445
0.2 0.3 -2.03552 198.595 0.130443 0.0358916
0.2 0.325 -2.12073 198.411 0.0884589 0.0438406
0.2 0.35 -2.17432 198.221 0.0442823 0.052474
0.2 0.375 -2.20182 198.032 0.00391286 0.0614489
0.2 0.4 -2.20302 197.85 -0.0268252 0.0703242
0.2 0.425 -2.18808 197.689 -0.0426692 0.0784199
0.2 0.45 -2.16549 197.56 -0.0415191 0.0850029
0.2 0.475 -2.14681 197.476 -0.0252096 0.0893126
0.2 0.5 -2.13946 197.447 4.3512e-06 0.0908223
0.2 0.525 -2.14682 197.476 0.0252181 0.0893127
0.2 0.55 -2.1655 197.56 0.0415271 0.0850031
0.2 0.575 -2.18809 197.689 0.0426765 0.0784202
0.2 0.6 -2.20304 197.85 0.0268313 0.0703246
0.2 0.625 -2.20184 198.032 -0.00390847 0.0614496
0.2 0.65 -2.17435 198.221 -0.0442802 0.0524748
0.2 0.675 -2.12075 198.411 -0.0884596 0.0438415
0.2 0.7 -2.03555 198.595 -0.130448 0.0358927
0.2 0.725 -1.92978 198.768 -0.166345 0.0287458
0.2 0.75 -1.79845 198.93 -0.192817 0.0224998
0.2 0.775 -1.66191 199.077 -0.209176 0.0171134
0.2 0.8 -1.50969 199.211 -0.21443 0.0125577
0.2 0.825 -1.37048 199.327 -0.210026 0.00877872
0.2 0.85 -1.22398 199.43 -0.196089 0.00564719
0.2 0.875 -1.10689 199.515 -0.1749 0.00321205
0.2 0.9 -0.988209 199.587 -0.146974 0.00119739
0.2 0.925 -0.909363 199.639 -0.114432 -0.00013926
0.2 0.95 -0.83861 199.68 -0.07821 -0.00126087
0.2 0.975 -0.790438 199.701 -0.0394064 -0.00180659
0.2 1 -0.838515 199.695 -1.61934e-05 -0.00161741
0.225 0 -0.852473 199.66 -4.33993e-05 0.000545682
0.225 0.025 -0.805957 199.667 0.0309744 0.000276204
0.225 0.05 -0.847113 199.647 0.0615686 0.000920805
0.225 0.075 -0.902483 199.606 0.0886635 0.00222291
0.225 0.1 -0.963343 199.555 0.111447 0.00378131
0.225 0.125 -1.0546 199.485 0.128231 0.00614643
0.225 0.15 -1.13863 199.402 0.136987 0.0090048
0.225 0.175 -1.24235 199.301 0.136676 0.0127229
0.225 0.2 -1.32971 199.186 0.125035 0.0172322
0.225 0.225 -1.41897 199.052 0.101697 0.0227567
0.225 0.25 -1.48033 198.903 0.0654246 0.0293745
0.225 0.275 -1.52361 198.736 0.0175945 0.0372213
0.225 0.3 -1.5271 198.552 -0.0400282 0.0463974
0.225 0.325 -1.49702 198.351 -0.10219 0.0568983
0.225 0.35 -1.42312 198.135 -0.161881 0.0686305
0.225 0.375 -1.31604 197.91 -0.208807 0.0812148
0.225 0.4 -1.18175 197.686 -0.232229 0.0940218
0.225 0.425 -1.04161 197.479 -0.222649 0.106025
0.225 0.45 -0.915772 197.308 -0.176328 0.115993
0.225 0.475 -0.82913 197.194 -0.0976549 0.122624
0.225 0.5 -0.797692 197.154 4.59897e-06 0.124962
0.225 0.525 -0.829136 197.194 0.097664 0.122624
0.225 0.55 -0.915783 197.308 0.176337 0.115993
0.225 0.575 -1.04163 197.479 0.222657 0.106026
0.225 0.6 -1.18177 197.686 0.232235 0.0940223
0.225 0.625 -1.31607 197.91 0.208811 0.0812154
0.225 0.65 -1.42315 198.135 0.161884 0.0686313
0.225 0.675 -1.49705 198.351 0.102189 0.0568994
0.225 0.7 -1.52713 198.552 0.0400238 0.0463986
0.225 0.725 -1.52363 198.736 -0.0176036 0.0372229
0.225 0.75 -1.48035 198.903 -0.06544 0.0293762
0.225 0.775 -1.41898 199.052 -0.10172 0.0227586
0.225 0.8 -1.3297 199.186 -0.125066 0.0172342
0.225 0.825 -1.24231 199.301 -0.136718 0.0127248
0.225 0.85 -1.13857 199.402 -0.137041 0.00900655
0.225 0.875 -1.05448 199.485 -0.128297 0.00614711
0.225 0.9 -0.963193 199.555 -0.111527 0.00378153
0.225 0.925 -0.902266 199.606 -0.0887559 0.00221958
0.225 0.95 -0.846828 199.647 -0.0616693 0.000916895
0.225 0.975 -0.80562 199.667 -0.0310847 0.000262657
0.225 1 -0.851985 199.66 -4.33993e-05 0.000535005
0.25 0 -0.844954 199.63 -6.92659e-05 0.00281148
0.25 0.025 -0.801231 199.637 0.0213186 0.00245693
0.25 0.05 -0.833984 199.617 0.0423898 0.00321701
0.25 0.075 -0.871708 199.578 0.0588793 0.00471298
0.25 0.1 -0.911699 199.529 0.0702006 0.00651596
0.25 0.125 -0.970985 199.461 0.0737615 0.00926456
0.25 0.15 -1.01638 199.381 0.0674852 0.0125978
0.25 0.175 -1.06948 199.282 0.0495536 0.0169828
0.25 0.2 -1.09505 199.169 0.0174472 0.0223464
0.25 0.225 -1.10797 199.036 -0.0298337 0.0290318
0.25 0.25 -1.07675 198.884 -0.0937167 0.0371747
0.25 0.275 -1.00892 198.71 -0.172824 0.0470682
0.25 0.3 -0.880279 198.511 -0.264413 0.0589375
0.25 0.325 -0.696511 198.284 -0.360838 0.0729524
0.25 0.35 -0.447459 198.028 -0.450428 0.0891176
0.25 0.375 -0.149138 197.747 -0.515671 0.107052
0.25 0.4 0.183548 197.452 -0.536773 0.125878
0.25 0.425 0.512393 197.166 -0.495692 0.144027
0.25 0.45 0.797174 196.922 -0.384388 0.15943
0.25 0.475 0.990289 196.756 -0.210659 0.169839
0.25 0.5 1.05961 196.697 4.87e-06 0.173535
0.25 0.525 0.990283 196.756 0.210669 0.169839
0.25 0.55 0.797161 196.922 0.384397 0.15943
0.25 0.575 0.512374 197.166 0.4957 0.144027
0.25 0.6 0.183524 197.452 0.536781 0.125879
0.25 0.625 -0.149167 197.747 0.515676 0.107052
0.25 0.65 -0.447491 198.028 0.450431 0.0891185
0.25 0.675 -0.696544 198.284 0.360838 0.0729535
0.25 0.7 -0.880312 198.511 0.264409 0.0589389
0.25 0.725 -1.00895 198.71 0.172815 0.0470699
0.25 0.75 -1.07677 198.884 0.0937011 0.0371767
0.25 0.775 -1.10798 199.036 0.0298102 0.0290343
0.25 0.8 -1.09504 199.169 -0.0174809 0.022349
0.25 0.825 -1.06944 199.282 -0.0495987 0.0169856
0.25 0.85 -1.01631 199.381 -0.0675448 0.0126007
0.25 0.875 -0.970866 199.461 -0.0738364 0.0092669
0.25 0.9 -0.911539 199.529 -0.0702933 0.00651819
0.25 0.925 -0.871466 199.578 -0.0589904 0.00471245
0.25 0.95 -0.83367 199.617 -0.0425177 0.00321648
0.25 0.975 -0.800829 199.637 -0.0214658 0.00244788
0.25 1 -0.844405 199.63 -6.92659e-05 0.00280622
0.275 0 -0.814831 199.604 -9.32641e-05 0.00514825
0.275 0.025 -0.77504 199.611 0.0103196 0.0047069
0.275 0.05 -0.797926 199.592 0.0204959 0.00558427
0.275 0.075 -0.815574 199.556 0.0248073 0.00727776
0.275 0.1 -0.831582 199.509 0.0228166 0.00933243
0.275 0.125 -0.854011 199.444 0.0108326 0.0124791
0.275 0.15 -0.854608 199.368 -0.0134744 0.016314
0.275 0.175 -0.84839 199.274 -0.0530468 0.0214145
0.275 0.2 -0.800809 199.165 -0.111092 0.0277178
0.275 0.225 -0.721716 199.034 -0.189864 0.0357106
0.275 0.25 -0.576931 198.882 -0.291715 0.0456278
0.275 0.275 -0.36923 198.701 -0.41607 0.0579829
0.275 0.3 -0.069717 198.485 -0.559728 0.0732197
0.275 0.325 0.31949 198.224 -0.712322 0.0918036
0.275 0.35 0.810522 197.913 -0.855458 0.113966
0.275 0.375 1.38256 197.548 -0.959883 0.139405
0.275 0.4 2.00824 197.144 -0.989822 0.166951
0.275 0.425 2.62397 196.733 -0.91106 0.194237
0.275 0.45 3.15559 196.369 -0.706153 0.217885
0.275 0.475 3.51682 196.115 -0.387185 0.234103
0.275 0.5 3.64626 196.024 5.15785e-06 0.2399
0.275 0.525 3.51682 196.115 0.387195 0.234103
0.275 0.55 3.15557 196.369 0.706163 0.217885
0.275 0.575 2.62395 196.733 0.911069 0.194237
0.275 0.6 2.00821 197.144 0.98983 0.166951
0.275 0.625 1.38253 197.548 0.959889 0.139406
0.275 0.65 0.810488 197.913 0.855462 0.113967
0.275 0.675 0.319453 198.224 0.712323 0.0918049
0.275 0.7 -0.0697531 198.485 0.559725 0.0732213
0.275 0.725 -0.369263 198.701 0.416062 0.0579848
0.275 0.75 -0.576958 198.882 0.2917 0.0456301
0.275 0.775 -0.721728 199.034 0.189841 0.0357135
0.275 0.8 -0.800808 199.165 0.111057 0.0277209
0.275 0.825 -0.848356 199.274 0.0529996 0.0214182
0.275 0.85 -0.854549 199.368 0.0134108 0.016318
0.275 0.875 -0.853892 199.444 -0.010914 0.012483
0.275 0.9 -0.831419 199.509 -0.0229201 0.00933662
0.275 0.925 -0.815316 199.556 -0.0249343 0.00728002
0.275 0.95 -0.797593 199.592 -0.0206478 0.00558712
0.275 0.975 -0.774587 199.612 -0.0105 0.00470248
0.275 1 -0.814238 199.604 -9.32641e-05 0.00514847
0.3 0 -0.761111 199.584 -0.000114911 0.00749233
0.3 0.025 -0.726427 199.592 -0.00199232 0.00696462
0.3 0.05 -0.737985 199.574 -0.00405891 0.00795416
0.3 0.075 -0.733161 199.541 -0.0134879 0.00983469
0.3 0.1 -0.722088 199.498 -0.0306628 0.0121289
0.3 0.125 -0.70275 199.439 -0.0605933 0.0156574
0.3 0.15 -0.65229 199.369 -0.106116 0.0199787
0.3 0.175 -0.577736 199.282 -0.171733 0.0257824
0.3 0.2 -0.444995 199.18 -0.261931 0.033028
0.3 0.225 -0.256899 199.057 -0.381113 0.0423638
0.3 0.25 0.0249591 198.91 -0.53372 0.0541609
0.3 0.275 0.405898 198.727 -0.721393 0.0692175
0.3 0.3 0.923042 198.496 -0.941658 0.0883009
0.3 0.325 1.58279 198.2 -1.18153 0.11232
0.3 0.35 2.40337 197.819 -1.41343 0.141905
0.3 0.375 3.36127 197.341 -1.58996 0.176972
0.3 0.4 4.4128 196.78 -1.64887 0.216053
0.3 0.425 5.45692 196.181 -1.52765 0.255731
0.3 0.45 6.36456 195.632 -1.19084 0.290773
0.3 0.475 6.98571 195.241 -0.655451 0.315122
0.3 0.5 7.20858 195.098 5.45406e-06 0.323879
0.3 0.525 6.9857 195.241 0.655462 0.315122
0.3 0.55 6.36455 195.632 1.19085 0.290773
0.3 0.575 5.4569 196.181 1.52766 0.255731
0.3 0.6 4.41277 196.78 1.64888 0.216053
0.3 0.625 3.36124 197.341 1.58996 0.176973
0.3 0.65 2.40334 197.819 1.41343 0.141906
0.3 0.675 1.58275 198.2 1.18153 0.112321
0.3 0.7 0.923002 198.496 0.941656 0.0883025
0.3 0.725 0.40586 198.727 0.721386 0.0692196
0.3 0.75 0.0249263 198.91 0.533706 0.0541634
0.3 0.775 -0.256919 199.057 0.38109 0.042367
0.3 0.8 -0.445001 199.18 0.261897 0.0330317
0.3 0.825 -0.577709 199.282 0.171685 0.0257869
0.3 0.85 -0.652238 199.369 0.10605 0.0199837
0.3 0.875 -0.702635 199.439 0.0605074 0.0156629
0.3 0.9 -0.721928 199.498 0.0305512 0.0121349
0.3 0.925 -0.732896 199.541 0.0133484 0.00983968
0.3 0.95 -0.737644 199.574 0.00388685 0.0079603
0.3 0.975 -0.725935 199.592 0.0017832 0.00696489
0.3 1 -0.760491 199.584 -0.000114911 0.00749798
0.325 0 -0.683556 199.572 -0.000133787 0.0097642
0.325 0.025 -0.655152 199.58 -0.0154692 0.00915384
0.325 0.05 -0.654032 199.564 -0.0309805 0.0102406
0.325 0.075 -0.624589 199.535 -0.0555429 0.0122779
0.325 0.1 -0.583642 199.498 -0.0895873 0.0147718
0.325 0.125 -0.51808 199.446 -0.139654 0.0186214
0.325 0.15 -0.410851 199.386 -0.209358 0.0233497
0.325 0.175 -0.259621 199.311 -0.305235 0.0297495
0.325 0.2 -0.0304243 199.224 -0.433751 0.0378021
0.325 0.225 0.283059 199.116 -0.602567 0.0483159
0.325 0.25 0.725378 198.984 -0.819782 0.0618109
0.325 0.275 1.31403 198.812 -1.09128 0.0794014
0.325 0.3 2.09917 198.58 -1.41731 0.102246
0.325 0.325 3.10266 198.255 -1.78303 0.131812
0.325 0.35 4.35536 197.801 -2.14915 0.169283
0.325 0.375 5.83536 197.187 -2.44227 0.214952
0.325 0.4 7.47913 196.418 -2.55984 0.267137
0.325 0.425 9.13326 195.559 -2.39451 0.321268
0.325 0.45 10.5858 194.744 -1.88055 0.369884
0.325 0.475 11.5884 194.151 -1.03995 0.404068
0.325 0.5 11.9491 193.933 5.74665e-06 0.416434
0.325 0.525 11.5884 194.151 1.03996 0.404068
0.325 0.55 10.5858 194.744 1.88056 0.369884
0.325 0.575 9.13324 195.559 2.39452 0.321268
0.325 0.6 7.4791 196.418 2.55985 0.267137
0.325 0.625 5.83532 197.187 2.44227 0.214952
0.325 0.65 4.35532 197.801 2.14916 0.169284
0.325 0.675 3.10262 198.255 1.78303 0.131813
0.325 0.7 2.09913 198.58 1.41731 0.102248
0.325 0.725 1.31398 198.812 1.09128 0.0794036
0.325 0.75 0.725338 198.984 0.81977 0.0618136
0.325 0.775 0.283031 199.116 0.602546 0.0483193
0.325 0.8 -0.0304398 199.224 0.433718 0.0378062
0.325 0.825 -0.259606 199.311 0.305188 0.0297546
0.325 0.85 -0.410811 199.386 0.209292 0.0233555
0.325 0.875 -0.517975 199.446 0.139566 0.0186282
0.325 0.9 -0.583493 199.498 0.0894704 0.0147795
0.325 0.925 -0.624327 199.535 0.0553942 0.0122855
0.325 0.95 -0.653694 199.564 0.0307925 0.0102499
0.325 0.975 -0.654638 199.58 0.0152364 0.00915875
0.325 1 -0.682926 199.572 -0.000133787 0.00977511
0.35 0 -0.582892 199.569 -0.000149509 0.0118707
0.35 0.025 -0.56189 199.576 -0.0298112 0.0111858
0.35 0.05 -0.546986 199.563 -0.0596636 0.0123431
0.35 0.075 -0.491309 199.54 -0.10037 0.0144821
0.35 0.1 -0.418393 199.511 -0.152495 0.0171013
0.35 0.125 -0.303244 199.471 -0.224257 0.0211547
0.35 0.15 -0.135019 199.425 -0.320274 0.0261271
0.35 0.175 0.0991434 199.369 -0.449517 0.0328884
0.35 0.2 0.433284 199.305 -0.621074 0.0414199
0.35 0.225 0.884798 199.226 -0.846954 0.0526503
0.35 0.25 1.50616 199.126 -1.14056 0.0672053
0.35 0.275 2.33113 198.988 -1.5143 0.0864596
0.35 0.3 3.4281 198.78 -1.9736 0.11191
0.35 0.325 4.84215 198.453 -2.50318 0.145541
0.35 0.35 6.62486 197.941 -3.05013 0.189105
0.35 0.375 8.76211 197.185 -3.50727 0.243372
0.35 0.4 11.1687 196.171 -3.71739 0.30668
0.35 0.425 13.6243 194.981 -3.51039 0.37362
0.35 0.45 15.8036 193.816 -2.77653 0.434743
0.35 0.475 17.3205 192.951 -1.54216 0.478267
0.35 0.5 17.8681 192.629 6.01907e-06 0.494115
0.35 0.525 17.3205 192.951 1.54218 0.478267
0.35 0.55 15.8036 193.816 2.77654 0.434743
0.35 0.575 13.6242 194.981 3.5104 0.37362
0.35 0.6 11.1687 196.171 3.7174 0.306681
0.35 0.625 8.76207 197.185 3.50728 0.243373
0.35 0.65 6.62482 197.941 3.05014 0.189106
0.35 0.675 4.8421 198.453 2.50319 0.145542
0.35 0.7 3.42805 198.78 1.9736 0.111912
0.35 0.725 2.33108 198.988 1.5143 0.0864618
0.35 0.75 1.50611 199.126 1.14055 0.0672081
0.35 0.775 0.88476 199.226 0.846935 0.052654
0.35 0.8 0.433257 199.305 0.621044 0.0414242
0.35 0.825 0.0991459 199.369 0.449472 0.0328941
0.35 0.85 -0.134993 199.425 0.320209 0.0261337
0.35 0.875 -0.303154 199.471 0.224169 0.0211627
0.35 0.9 -0.41826 199.511 0.152376 0.0171106
0.35 0.925 -0.491058 199.54 0.100216 0.0144921
0.35 0.95 -0.546663 199.563 0.0594641 0.0123553
0.35 0.975 -0.561368 199.576 0.0295602 0.0111953
0.35 1 -0.58227 199.569 -0.000149509 0.0118866
0.375 0 -0.460966 199.575 -0.000161777 0.0137101
0.375 0.025 -0.448371 199.582 -0.0445452 0.0129643
0.375 0.05 -0.418987 199.573 -0.0891465 0.0141521
0.375 0.075 -0.336315 199.558 -0.14638 0.0163111
0.375 0.1 -0.230491 199.539 -0.216981 0.0189439
0.375 0.125 -0.0642503 199.514 -0.310861 0.023021
0.375 0.15 0.166592 199.488 -0.43371 0.0279824
0.375 0.175 0.486105 199.459 -0.597088 0.0347249
0.375 0.2 0.92817 199.43 -0.813009 0.0431803
0.375 0.225 1.52236 199.396 -1.09842 0.0543041
0.375 0.25 2.32982 199.354 -1.47306 0.0686969
0.375 0.275 3.40318 199.282 -1.95742 0.0877943
0.375 0.3 4.83234 199.142 -2.56403 0.113162
0.375 0.325 6.69144 198.86 -3.27869 0.146974
0.375 0.35 9.05928 198.335 -4.03443 0.191259
0.375 0.375 11.936 197.46 -4.68608 0.247212
0.375 0.4 15.2162 196.192 -5.01284 0.313624
0.375 0.425 18.605 194.627 -4.77007 0.385278
0.375 0.45 21.643 193.043 -3.79426 0.452091
0.375 0.475 23.7743 191.842 -2.11475 0.500519
0.375 0.5 24.5463 191.393 6.25146e-06 0.518328
0.375 0.525 23.7743 191.842 2.11476 0.500519
0.375 0.55 21.6429 193.043 3.79427 0.452092
0.375 0.575 18.605 194.627 4.77008 0.385278
0.375 0.6 15.2162 196.192 5.01285 0.313624
0.375 0.625 11.9359 197.46 4.68609 0.247213
0.375 0.65 9.05923 198.335 4.03444 0.19126
0.375 0.675 6.69139 198.86 3.27869 0.146975
0.375 0.7 4.83228 199.142 2.56403 0.113163
0.375 0.725 3.40312 199.282 1.95742 0.0877965
0.375 0.75 2.32977 199.354 1.47305 0.0686997
0.375 0.775 1.52232 199.396 1.09841 0.0543079
0.375 0.8 0.92813 199.43 0.812981 0.0431848
0.375 0.825 0.486092 199.459 0.597047 0.0347309
0.375 0.85 0.166601 199.488 0.433648 0.0279895
0.375 0.875 -0.0641806 199.514 0.310775 0.02303
0.375 0.9 -0.230382 199.539 0.216862 0.0189545
0.375 0.925 -0.336085 199.558 0.146224 0.0163233
0.375 0.95 -0.418689 199.573 0.0889404 0.0141669
0.375 0.975 -0.447857 199.583 0.0442818 0.012978
0.375 1 -0.46037 199.575 -0.000161777 0.0137307
0.4 0 -0.320833 199.593 -0.000170295 0.0151803
0.4 0.025 -0.317456 199.599 -0.0590265 0.0143929
0.4 0.05 -0.273465 199.595 -0.118115 0.015559
0.4 0.075 -0.164224 199.589 -0.191387 0.0176316
0.4 0.1 -0.0261686 199.583 -0.279705 0.0201323
0.4 0.125 0.190041 199.577 -0.394475 0.023996
0.4 0.15 0.481373 199.577 -0.542267 0.0286068
0.4 0.175 0.883003 199.583 -0.736923 0.0348171
0.4 0.2 1.42762 199.603 -0.992981 0.0424319
0.4 0.225 2.15652 199.634 -1.33183 0.0522837
0.4 0.25 3.13798 199.678 -1.77892 0.0647247
0.4 0.275 4.44253 199.713 -2.36233 0.0808914
0.4 0.3 6.17987 199.694 -3.10146 0.101897
0.4 0.325 8.45251 199.522 -3.98389 0.129435
0.4 0.35 11.3666 199.052 -4.93064 0.165139
0.4 0.375 14.9397 198.117 -5.76243 0.210329
0.4 0.4 19.053 196.627 -6.19998 0.264834
0.4 0.425 23.3458 194.683 -5.92878 0.325423
0.4 0.45 27.2297 192.65 -4.73354 0.38405
0.4 0.475 29.9757 191.081 -2.64443 0.427987
0.4 0.5 30.9742 190.487 6.42649e-06 0.444454
0.4 0.525 29.9757 191.081 2.64444 0.427987
0.4 0.55 27.2297 192.65 4.73356 0.38405
0.4 0.575 23.3458 194.683 5.9288 0.325423
0.4 0.6 19.053 196.627 6.19999 0.264835
0.4 0.625 14.9396 198.117 5.76244 0.21033
0.4 0.65 11.3665 199.052 4.93065 0.16514
0.4 0.675 8.45245 199.522 3.98389 0.129436
0.4 0.7 6.17981 199.694 3.10147 0.101899
0.4 0.725 4.44247 199.713 2.36233 0.0808935
0.4 0.75 3.13792 199.678 1.77891 0.0647274
0.4 0.775 2.15646 199.634 1.33182 0.0522875
0.4 0.8 1.42756 199.603 0.992958 0.0424366
0.4 0.825 0.882972 199.583 0.736886 0.0348234
0.4 0.85 0.481361 199.577 0.54221 0.0286144
0.4 0.875 0.190087 199.577 0.394394 0.0240059
0.4 0.9 -0.0260877 199.583 0.27959 0.020144
0.4 0.925 -0.164022 199.589 0.191233 0.0176457
0.4 0.95 -0.273202 199.595 0.117907 0.0155762
0.4 0.975 -0.316965 199.6 0.058757 0.0144106
0.4 1 -0.320281 199.593 -0.000170295 0.0152052
0.425 0 -0.16672 199.622 -0.000174899 0.0161883
0.425 0.025 -0.173103 199.627 -0.0724731 0.0153843
0.425 0.05 -0.115085 199.628 -0.144974 0.0164675
0.425 0.075 0.0188441 199.633 -0.232735 0.01833
0.425 0.1 0.186473 199.643 -0.336607 0.0205306
0.425 0.125 0.448291 199.66 -0.469017 0.0239068
0.425 0.15 0.793345 199.692 -0.63688 0.0277765
0.425 0.175 1.26681 199.741 -0.855399 0.0328627
0.425 0.2 1.89806 199.82 -1.14027 0.0387548
0.425 0.225 2.7375 199.934 -1.5152 0.045982
0.425 0.25 3.8558 200.088 -2.00836 0.0543761
0.425 0.275 5.33499 200.268 -2.65159 0.0643258
0.425 0.3 7.29499 200.421 -3.46749 0.075831
0.425 0.325 9.85543 200.427 -4.44426 0.0892177
0.425 0.35 13.1386 200.089 -5.49626 0.104798
0.425 0.375 17.1758 199.172 -6.42577 0.123442
0.425 0.4 21.8459 197.527 -6.92127 0.146455
0.425 0.425 26.7545 195.251 -6.62831 0.174594
0.425 0.45 31.2316 192.795 -5.29982 0.205381
0.425 0.475 34.421 190.865 -2.96401 0.230959
0.425 0.5 35.586 190.131 6.53901e-06 0.241086
0.425 0.525 34.421 190.865 2.96402 0.230959
0.425 0.55 31.2316 192.795 5.29984 0.205381
0.425 0.575 26.7544 195.251 6.62832 0.174594
0.425 0.6 21.8459 197.527 6.92129 0.146455
0.425 0.625 17.1758 199.172 6.42578 0.123442
0.425 0.65 13.1386 200.089 5.49627 0.104798
0.425 0.675 9.85537 200.427 4.44427 0.0892187
0.425 0.7 7.29493 200.421 3.4675 0.0758323
0.425 0.725 5.33492 200.268 2.65159 0.0643278
0.425 0.75 3.85572 200.088 2.00835 0.0543787
0.425 0.775 2.73743 199.934 1.51519 0.0459857
0.425 0.8 1.89799 199.82 1.14025 0.0387594
0.425 0.825 1.26676 199.741 0.855368 0.0328691
0.425 0.85 0.79331 199.692 0.63683 0.0277843
0.425 0.875 0.448308 199.66 0.468943 0.0239173
0.425 0.9 0.186521 199.643 0.336498 0.0205431
0.425 0.925 0.0190085 199.634 0.232587 0.0183457
0.425 0.95 -0.114867 199.629 0.14477 0.0164866
0.425 0.975 -0.172648 199.628 0.0722039 0.0154056
0.425 1 -0.166228 199.622 -0.000174899 0.0162168
0.45 0 -0.00386493 199.661 -0.00017538 0.0166612
0.45 0.025 -0.0202067 199.666 -0.0840337 0.0158704
0.45 0.05 0.0504624 199.673 -0.16799 0.0168061
0.45 0.075 0.205604 199.691 -0.267562 0.0183303
0.45 0.1 0.398001 199.717 -0.383342 0.02006
0.45 0.125 0.69756 199.761 -0.528047 0.022672
0.45 0.15 1.08462 199.827 -0.708061 0.0254155
0.45 0.175 1.61218 199.925 -0.938421 0.0288044
0.45 0.2 2.3031 200.071 -1.23365 0.0321405
0.45 0.225 3.21207 200.276 -1.61611 0.0354947
0.45 0.25 4.40402 200.556 -2.11128 0.0379559
0.45 0.275 5.96069 200.9 -2.74769 0.038796
0.45 0.3 7.99433 201.255 -3.54394 0.0363622
0.45 0.325 10.6192 201.479 -4.48576 0.0288791
0.45 0.35 13.9498 201.328 -5.48914 0.0144873
0.45 0.375 18.0173 200.497 -6.36506 -0.00710932
0.45 0.4 22.7091 198.776 -6.81708 -0.0332718
0.45 0.425 27.6498 196.253 -6.50646 -0.0581186
0.45 0.45 32.1804 193.452 -5.19386 -0.0755042
0.45 0.475 35.4291 191.22 -2.90305 -0.0836523
0.45 0.5 36.621 190.365 6.60391e-06 -0.085631
0.45 0.525 35.4291 191.22 2.90306 -0.0836523
0.45 0.55 32.1804 193.452 5.19388 -0.0755042
0.45 0.575 27.6497 196.253 6.50648 -0.0581185
0.45 0.6 22.7091 198.776 6.81709 -0.0332717
0.45 0.625 18.0172 200.497 6.36507 -0.00710902
0.45 0.65 13.9498 201.328 5.48915 0.0144878
0.45 0.675 10.6191 201.479 4.48577 0.02888
0.45 0.7 7.99426 201.255 3.54395 0.0363634
0.45 0.725 5.96061 200.9 2.7477 0.0387978
0.45 0.75 4.40394 200.556 2.11129 0.0379583
0.45 0.775 3.21198 200.276 1.61611 0.0354982
0.45 0.8 2.30302 200.071 1.23364 0.032145
0.45 0.825 1.61211 199.925 0.938398 0.0288108
0.45 0.85 1.08456 199.827 0.708019 0.0254234
0.45 0.875 0.697546 199.761 0.527982 0.0226828
0.45 0.9 0.398012 199.718 0.383243 0.020073
0.45 0.925 0.205724 199.691 0.267424 0.0183473
0.45 0.95 0.0506265 199.673 0.167793 0.0168268
0.45 0.975 -0.0198041 199.666 0.0837712 0.0158948
0.45 1 -0.00344791 199.661 -0.00017538 0.0166928
0.475 0 0.161774 199.711 -0.000171743 0.0165556
0.475 0.025 0.135667 199.715 -0.0928848 0.0158109
0.475 0.05 0.216822 199.728 -0.185493 0.0165386
0.475 0.075 0.388149 199.759 -0.293155 0.017608
0.475 0.1 0.598478 199.803 -0.415895 0.0187178
0.475 0.125 0.924643 199.873 -0.565788 0.0203289
0.475 0.15 1.33756 199.975 -0.747619 0.021637
0.475 0.175 1.89497 200.122 -0.974369 0.0228916
0.475 0.2 2.60945 200.334 -1.25656 0.0230884
0.475 0.225 3.53364 200.629 -1.61074 0.0217745
0.475 0.25 4.71677 201.029 -2.05319 0.0172391
0.475 0.275 6.22516 201.529 -2.60059 0.00754796
0.475 0.3 8.14115 202.074 -3.25882 -0.0107045
0.475 0.325 10.5446 202.506 -4.00729 -0.0415422
0.475 0.35 13.5106 202.542 -4.77318 -0.0892474
0.475 0.375 17.0469 201.821 -5.40839 -0.155759
0.475 0.4 21.0551 200.084 -5.68888 -0.237843
0.475 0.425 25.234 197.407 -5.36141 -0.325062
0.475 0.45 29.0564 194.37 -4.24654 -0.401869
0.475 0.475 31.8023 191.926 -2.36409 -0.453626
0.475 0.5 32.8125 190.986 6.65481e-06 -0.471727
0.475 0.525 31.8023 191.926 2.3641 -0.453626
0.475 0.55 29.0563 194.37 4.24656 -0.401869
0.475 0.575 25.234 197.407 5.36142 -0.325062
0.475 0.6 21.055 200.084 5.6889 -0.237843
0.475 0.625 17.0469 201.821 5.4084 -0.155759
0.475 0.65 13.5105 202.542 4.7732 -0.089247
0.475 0.675 10.5446 202.506 4.00731 -0.0415416
0.475 0.7 8.14108 202.074 3.25883 -0.0107035
0.475 0.725 6.22508 201.529 2.6006 0.00754955
0.475 0.75 4.71668 201.029 2.0532 0.0172413
0.475 0.775 3.53354 200.629 1.61075 0.0217778
0.475 0.8 2.60936 200.334 1.25656 0.0230927
0.475 0.825 1.89488 200.122 0.974353 0.0228979
0.475 0.85 1.33747 199.975 0.747587 0.0216447
0.475 0.875 0.924594 199.873 0.565734 0.0203398
0.475 0.9 0.598448 199.803 0.415808 0.018731
0.475 0.925 0.388219 199.759 0.293031 0.0176258
0.475 0.95 0.216925 199.728 0.18531 0.0165603
0.475 0.975 0.136005 199.715 0.0926353 0.0158379
0.475 1 0.162101 199.711 -0.000171743 0.0165897
0.5 0 0.323912 199.769 -0.000163867 0.0158648
0.5 0.025 0.288656 199.771 -0.098339 0.0151993
0.5 0.05 0.377434 199.791 -0.196109 0.01567
0.5 0.075 0.558627 199.835 -0.307356 0.0161966
0.5 0.1 0.778446 199.896 -0.431229 0.0165832
0.5 0.125 1.11759 199.991 -0.578192 0.0170382
0.5 0.15 1.53714 200.125 -0.750396 0.0167401
0.5 0.175 2.09611 200.317 -0.956967 0.015662
0.5 0.2 2.79319 200.585 -1.20189 0.0125491
0.5 0.225 3.67265 200.953 -1.49203 0.00649101
0.5 0.25 4.75879 201.445 -1.82906 -0.00484667
0.5 0.275 6.08879 202.059 -2.21102 -0.0243044
0.5 0.3 7.69538 202.736 -2.6245 -0.0565266
0.5 0.325 9.59884 203.305 -3.04018 -0.107079
0.5 0.35 11.806 203.461 -3.40488 -0.181921
0.5 0.375 14.2787 202.814 -3.63824 -0.284281
0.5 0.4 16.9295 201.074 -3.63678 -0.410966
0.5 0.425 19.573 198.317 -3.29343 -0.548913
0.5 0.45 21.9216 195.153 -2.53792 -0.675785
0.5 0.475 23.5818 192.595 -1.39106 -0.765724
0.5 0.5 24.1898 191.61 6.72962e-06 -0.798293
0.5 0.525 23.5818 192.595 1.39107 -0.765724
0.5 0.55 21.9216 195.153 2.53794 -0.675785
0.5 0.575 19.573 198.317 3.29344 -0.548913
0.5 0.6 16.9294 201.074 3.63679 -0.410966
0.5 0.625 14.2786 202.814 3.63825 -0.284281
0.5 0.65 11.806 203.461 3.40489 -0.18192
0.5 0.675 9.59877 203.305 3.0402 -0.107078
0.5 0.7 7.6953 202.736 2.62452 -0.0565258
0.5 0.725 6.0887 202.059 2.21104 -0.024303
0.5 0.75 4.75869 201.445 1.82908 -0.00484476
0.5 0.775 3.67254 200.953 1.49204 0.00649397
0.5 0.8 2.79308 200.585 1.2019 0.012553
0.5 0.825 2.09599 200.317 0.95696 0.0156679
0.5 0.85 1.53703 200.125 0.750374 0.0167475
0.5 0.875 1.11751 199.991 0.57815 0.017049
0.5 0.9 0.778373 199.896 0.431157 0.0165964
0.5 0.925 0.558643 199.835 0.307248 0.0162149
0.5 0.95 0.377471 199.791 0.195944 0.0156923
0.5 0.975 0.288918 199.771 0.098109 0.0152284
0.5 1 0.324139 199.769 -0.000163867 0.0159005
0.525 0 0.476392 199.833 -0.000151994 0.0146197
0.525 0.025 0.433013 199.833 -0.0999441 0.0140644
0.525 0.05 0.526045 199.859 -0.198952 0.0142473
0.525 0.075 0.709938 199.914 -0.308892 0.0141845
0.525 0.1 0.929896 199.991 -0.427813 0.0138079
0.525 0.125 1.26712 200.107 -0.563724 0.01306
0.525 0.15 1.67303 200.267 -0.715433 0.0111595
0.525 0.175 2.20456 200.492 -0.88698 0.00783613
0.525 0.2 2.84415 200.798 -1.07441 0.00171139
0.525 0.225 3.62302 201.211 -1.27297 -0.00839622
0.525 0.25 4.53492 201.75 -1.46769 -0.0250699
0.525 0.275 5.58023 202.409 -1.6359 -0.0514371
0.525 0.3 6.73252 203.123 -1.74389 -0.0923771
0.525 0.325 7.94145 203.716 -1.75495 -0.153592
0.525 0.35 9.13414 203.878 -1.64132 -0.241066
0.525 0.375 10.2168 203.216 -1.40278 -0.357945
0.525 0.4 11.1115 201.449 -1.07671 -0.500884
0.525 0.425 11.7662 198.656 -0.728949 -0.656315
0.525 0.45 12.1874 195.457 -0.422964 -0.800351
0.525 0.475 12.4092 192.873 -0.186479 -0.903695
0.525 0.5 12.4791 191.878 6.84916e-06 -0.941457
0.525 0.525 12.4092 192.873 0.186493 -0.903695
0.525 0.55 12.1874 195.457 0.422978 -0.800351
0.525 0.575 11.7662 198.656 0.728964 -0.656315
0.525 0.6 11.1114 201.449 1.07673 -0.500884
0.525 0.625 10.2168 203.216 1.4028 -0.357945
0.525 0.65 9.13408 203.878 1.64134 -0.241065
0.525 0.675 7.94138 203.716 1.75497 -0.153592
0.525 0.7 6.73243 203.123 1.74391 -0.0923765
0.525 0.725 5.58013 202.409 1.63592 -0.051436
0.525 0.75 4.53481 201.75 1.4677 -0.0250683
0.525 0.775 3.6229 201.211 1.27299 -0.00839366
0.525 0.8 2.84403 200.798 1.07442 0.00171489
0.525 0.825 2.20443 200.492 0.886981 0.00784154
0.525 0.85 1.67289 200.267 0.715422 0.0111664
0.525 0.875 1.267 200.107 0.563696 0.0130704
0.525 0.9 0.929779 199.991 0.427758 0.0138207
0.525 0.925 0.709895 199.914 0.308804 0.0142028
0.525 0.95 0.52601 199.859 0.19881 0.0142697
0.525 0.975 0.433188 199.834 0.0997394 0.0140948
0.525 1 0.476507 199.833 -0.000151994 0.0146563
0.55 0 0.613616 199.899 -0.000136074 0.0128866
0.55 0.025 0.563506 199.899 -0.0975474 0.0124671
0.55 0.05 0.657168 199.929 -0.193761 0.0123535
0.55 0.075 0.836321 199.993 -0.297576 0.0117026
0.55 0.1 1.047 200.082 -0.405868 0.0105915
0.55 0.125 1.36756 200.213 -0.523634 0.0087083
0.55 0.15 1.74071 200.391 -0.64614 0.00538034
0.55 0.175 2.21867 200.633 -0.772011 0.000160189
0.55 0.2 2.76706 200.955 -0.889522 -0.00828861
0.55 0.225 3.40223 201.377 -0.983111 -0.0211764
0.55 0.25 4.08709 201.909 -1.02323 -0.0408894
0.55 0.275 4.78628 202.537 -0.970434 -0.0701418
0.55 0.3 5.41849 203.187 -0.776301 -0.112952
0.55 0.325 5.87134 203.682 -0.402549 -0.173647
0.55 0.35 6.0045 203.726 0.150614 -0.256411
0.55 0.375 5.68213 202.958 0.808402 -0.362633
0.55 0.4 4.84392 201.129 1.40716 -0.488156
0.55 0.425 3.56856 198.337 1.72804 -0.620624
0.55 0.45 2.13754 195.186 1.58878 -0.740243
0.55 0.475 0.983491 192.657 0.955449 -0.824339
0.55 0.5 0.539384 191.686 7.00233e-06 -0.854715
0.55 0.525 0.983481 192.657 -0.955434 -0.824339
0.55 0.55 2.13752 195.186 -1.58877 -0.740243
0.55 0.575 3.56853 198.337 -1.72802 -0.620624
0.55 0.6 4.84388 201.129 -1.40714 -0.488156
0.55 0.625 5.68208 202.958 -0.808385 -0.362633
0.55 0.65 6.00443 203.726 -0.150596 -0.256411
0.55 0.675 5.87126 203.682 0.402568 -0.173646
0.55 0.7 5.4184 203.187 0.776321 -0.112951
0.55 0.725 4.78618 202.537 0.970455 -0.070141
0.55 0.75 4.08697 201.909 1.02325 -0.0408882
0.55 0.775 3.4021 201.377 0.98313 -0.0211743
0.55 0.8 2.76692 200.955 0.889538 -0.00828563
0.55 0.825 2.21851 200.633 0.772022 0.000164986
0.55 0.85 1.74055 200.391 0.646141 0.00538661
0.55 0.875 1.3674 200.213 0.523621 0.00871799
0.55 0.9 1.04684 200.082 0.405832 0.0106036
0.55 0.925 0.836217 199.993 0.29751 0.0117205
0.55 0.95 0.657058 199.929 0.193645 0.0123753
0.55 0.975 0.563586 199.899 0.0973736 0.0124982
0.55 1 0.613612 199.899 -0.000136074 0.0129233
0.575 0 0.730917 199.967 -0.000116691 0.010759
0.575 0.025 0.675759 199.964 -0.0913134 0.0104934
0.575 0.05 0.766451 199.998 -0.180919 0.0100965
0.575 0.075 0.933752 200.068 -0.274304 0.00890573
0.575 0.1 1.12649 200.164 -0.367277 0.00715083
0.575 0.125 1.41714 200.303 -0.461623 0.00429753
0.575 0.15 1.74151 200.487 -0.54944 -0.000151918
0.575 0.175 2.14535 200.732 -0.624525 -0.00674466
0.575 0.2 2.57904 201.047 -0.66906 -0.016617
0.575 0.225 3.04515 201.442 -0.659737 -0.0307929
0.575 0.25 3.48065 201.919 -0.557953 -0.0511022
0.575 0.275 3.82324 202.451 -0.315704 -0.0793367
0.575 0.3 3.95279 202.955 0.119979 -0.11792
0.575 0.325 3.71923 203.261 0.780686 -0.168873
0.575 0.35 2.94607 203.103 1.63918 -0.233536
0.575 0.375 1.48661 202.175 2.56474 -0.310716
0.575 0.4 -0.685841 200.282 3.30925 -0.395406
0.575 0.425 -3.38259 197.548 3.55787 -0.477995
0.575 0.45 -6.12688 194.539 3.0585 -0.546572
0.575 0.475 -8.22857 192.152 1.7805 -0.591083
0.575 0.5 -9.02134 191.239 7.14922e-06 -0.606335
0.575 0.525 -8.22858 192.152 -1.78048 -0.591083
0.575 0.55 -6.1269 194.539 -3.05849 -0.546572
0.575 0.575 -3.38262 197.548 -3.55786 -0.477995
0.575 0.6 -0.685882 200.282 -3.30923 -0.395406
0.575 0.625 1.48656 202.175 -2.56472 -0.310717
0.575 0.65 2.94601 203.103 -1.63916 -0.233536
0.575 0.675 3.71915 203.261 -0.780665 -0.168873
0.575 0.7 3.9527 202.955 -0.119957 -0.11792
0.575 0.725 3.82313 202.451 0.315727 -0.0793363
0.575 0.75 3.48053 201.919 0.557978 -0.0511014
0.575 0.775 3.04501 201.442 0.659762 -0.0307914
0.575 0.8 2.57888 201.047 0.669083 -0.0166146
0.575 0.825 2.14517 200.732 0.624546 -0.00674059
0.575 0.85 1.74132 200.487 0.549453 -0.000146472
0.575 0.875 1.41695 200.303 0.461626 0.00430633
0.575 0.9 1.12629 200.164 0.36726 0.00716189
0.575 0.925 0.933587 200.068 0.274262 0.00892286
0.575 0.95 0.766266 199.998 0.180832 0.0101173
0.575 0.975 0.675739 199.964 0.0911752 0.0105244
0.575 1 0.73079 199.967 -0.000116691 0.0107948
0.6 0 0.824817 200.031 -9.3785e-05 0.0083473
0.6 0.025 0.766481 200.027 -0.0816912 0.00824475
0.6 0.05 0.850888 200.063 -0.16138 0.00759723
0.6 0.075 1.00009 200.136 -0.24088 0.00595252
0.6 0.1 1.16768 200.233 -0.315201 0.0036897
0.6 0.125 1.4177 200.374 -0.383073 9.7292e-05
0.6 0.15 1.6816 200.553 -0.434239 -0.00509814
0.6 0.175 1.99788 200.786 -0.458932 -0.0124751
0.6 0.2 2.3049 201.072 -0.435815 -0.0228581
0.6 0.225 2.59475 201.415 -0.338055 -0.0369583
0.6 0.25 2.78663 201.802 -0.124773 -0.055876
0.6 0.275 2.8042 202.196 0.251285 -0.0803186
0.6 0.3 2.50977 202.51 0.837082 -0.110974
0.6 0.325 1.74544 202.589 1.65041 -0.147531
0.6 0.35 0.334758 202.209 2.6415 -0.188662
0.6 0.375 -1.84692 201.128 3.64946 -0.231084
0.6 0.4 -4.78137 199.22 4.3934 -0.269812
0.6 0.425 -8.20586 196.628 4.53123 -0.299105
0.6 0.45 -11.5551 193.864 3.79976 -0.315631
0.6 0.475 -14.0554 191.706 2.18286 -0.32129
0.6 0.5 -14.9872 190.887 7.24248e-06 -0.322027
0.6 0.525 -14.0554 191.706 -2.18285 -0.32129
0.6 0.55 -11.5552 193.864 -3.79975 -0.315631
0.6 0.575 -8.20589 196.628 -4.53122 -0.299105
0.6 0.6 -4.78141 199.22 -4.39338 -0.269812
0.6 0.625 -1.84698 201.128 -3.64944 -0.231084
0.6 0.65 0.334693 202.209 -2.64148 -0.188662
0.6 0.675 1.74536 202.589 -1.65039 -0.147532
0.6 0.7 2.50968 202.51 -0.837058 -0.110974
0.6 0.725 2.80409 202.196 -0.251258 -0.0803186
0.6 0.75 2.7865 201.802 0.124801 -0.0558756
0.6 0.775 2.5946 201.415 0.338085 -0.0369573
0.6 0.8 2.30473 201.072 0.435846 -0.0228563
0.6 0.825 1.99769 200.786 0.458961 -0.0124718
0.6 0.85 1.68139 200.553 0.434264 -0.00509365
0.6 0.875 1.41748 200.374 0.383092 0.000104967
0.6 0.9 1.16743 200.233 0.315205 0.00369947
0.6 0.925 0.999863 200.136 0.240864 0.00596838
0.6 0.95 0.850628 200.063 0.161326 0.00761649
0.6 0.975 0.766355 200.027 0.081593 0.00827496
0.6 1 0.824564 200.031 -9.3785e-05 0.00838128
0.625 0 0.893139 200.09 -6.84437e-05 0.00576751
0.625 0.025 0.833572 200.084 -0.0693443 0.005828
0.625 0.05 0.908872 200.12 -0.136514 0.00497626
0.625 0.075 1.03499 200.193 -0.199715 0.00298861
0.625 0.1 1.17208 200.288 -0.25354 0.000377549
0.625 0.125 1.37389 200.422 -0.294081 -0.00369512
0.625 0.15 1.57043 200.588 -0.309783 -0.00925382
0.625 0.175 1.79292 200.796 -0.288845 -0.0168623
0.625 0.2 1.97194 201.039 -0.209133 -0.0269847
0.625 0.225 2.09324 201.312 -0.0443076 -0.0399964
0.625 0.25 2.06728 201.593 0.242907 -0.0562879
0.625 0.275 1.81637 201.836 0.691714 -0.0756345
0.625 0.3 1.20458 201.958 1.33584 -0.0973505
0.625 0.325 0.0909627 201.823 2.17616 -0.119483
0.625 0.35 -1.67338 201.254 3.14762 -0.139057
0.625 0.375 -4.17023 200.08 4.0838 -0.151942
0.625 0.4 -7.33793 198.235 4.71526 -0.154208
0.625 0.425 -10.8823 195.877 4.72817 -0.144013
0.625 0.45 -14.2447 193.448 3.89302 -0.124548
0.625 0.475 -16.7021 191.588 2.21336 -0.10497
0.625 0.5 -17.6082 190.887 7.24997e-06 -0.0966444
0.625 0.525 -16.7021 191.588 -2.21334 -0.10497
0.625 0.55 -14.2448 193.448 -3.893 -0.124548
0.625 0.575 -10.8824 195.877 -4.72816 -0.144013
0.625 0.6 -7.33797 198.235 -4.71524 -0.154208
0.625 0.625 -4.17028 200.08 -4.08378 -0.151942
0.625 0.65 -1.67345 201.254 -3.14759 -0.139057
0.625 0.675 0.090883 201.823 -2.17614 -0.119483
0.625 0.7 1.20448 201.958 -1.33582 -0.097351
0.625 0.725 1.81626 201.836 -0.691685 -0.0756348
0.625 0.75 2.06715 201.593 -0.242875 -0.056288
0.625 0.775 2.09308 201.312 0.0443422 -0.0399959
0.625 0.8 1.97176 201.039 0.20917 -0.0269837
0.625 0.825 1.79271 200.796 0.288884 -0.01686
0.625 0.85 1.5702 200.588 0.309821 -0.00925041
0.625 0.875 1.37363 200.422 0.294115 -0.00368875
0.625 0.9 1.17179 200.288 0.253565 0.000385792
0.625 0.925 1.0347 200.193 0.199726 0.00300284
0.625 0.95 0.908541 200.12 0.136494 0.00499351
0.625 0.975 0.833341 200.085 0.069289 0.00585675
0.625 1 0.892763 200.09 -6.84437e-05 0.00579891
0.65 0 0.934994 200.142 -4.03985e-05 0.00313121
0.65 0.025 0.87611 200.135 -0.0550588 0.00334612
0.65 0.05 0.940111 200.169 -0.107917 0.00234414
0.65 0.075 1.03963 200.238 -0.15349 0.000135098
0.65 0.1 1.14291 200.326 -0.186373 -0.00266174
0.65 0.125 1.29214 200.448 -0.200587 -0.00696163
0.65 0.15 1.41901 200.594 -0.184351 -0.0125421
0.65 0.175 1.54783 200.769 -0.125261 -0.0199301
0.65 0.2 1.6058 200.96 -0.00263428 -0.0292378
0.65 0.225 1.57627 201.157 0.206459 -0.0405595
0.65 0.25 1.36881 201.331 0.532007 -0.0537216
0.65 0.275 0.913825 201.434 1.00144 -0.0678873
0.65 0.3 0.0902168 201.388 1.63278 -0.0815762
0.65 0.325 -1.21181 201.084 2.41124 -0.092103
0.65 0.35 -3.10075 200.392 3.2648 -0.0960277
0.65 0.375 -5.61071 199.203 4.03942 -0.0895168
0.65 0.4 -8.64856 197.5 4.50434 -0.070168
0.65 0.425 -11.9251 195.442 4.40428 -0.0389963
0.65 0.45 -14.9481 193.395 3.56449 -0.00256004
0.65 0.475 -17.1144 191.861 2.00628 0.0275964
0.65 0.5 -17.9054 191.289 7.16433e-06 0.0394207
0.65 0.525 -17.1145 191.861 -2.00626 0.0275963
0.65 0.55 -14.9482 193.395 -3.56447 -0.00256024
0.65 0.575 -11.9251 195.442 -4.40426 -0.0389966
0.65 0.6 -8.6486 197.5 -4.50433 -0.0701684
0.65 0.625 -5.61076 199.203 -4.0394 -0.0895173
0.65 0.65 -3.10081 200.392 -3.26478 -0.0960283
0.65 0.675 -1.21189 201.084 -2.41122 -0.0921037
0.65 0.7 0.0901228 201.388 -1.63275 -0.0815768
0.65 0.725 0.91371 201.434 -1.00141 -0.067888
0.65 0.75 1.36868 201.331 -0.531972 -0.0537221
0.65 0.775 1.57611 201.157 -0.206421 -0.0405597
0.65 0.8 1.60561 200.96 0.00267749 -0.0292376
0.65 0.825 1.54761 200.769 0.125308 -0.0199287
0.65 0.85 1.41876 200.594 0.1844 -0.0125399
0.65 0.875 1.29186 200.448 0.200637 -0.00695677
0.65 0.9 1.14259 200.326 0.186419 -0.00265527
0.65 0.925 1.03929 200.238 0.153529 0.000147244
0.65 0.95 0.939711 200.169 0.107933 0.00235884
0.65 0.975 0.875773 200.135 0.055049 0.00337245
0.65 1 0.934498 200.142 -4.03985e-05 0.00315902
0.675 0 0.950663 200.185 -1.14982e-05 0.000537732
0.675 0.025 0.894247 200.177 -0.0396521 0.000891269
0.675 0.05 0.945443 200.209 -0.0772261 -0.0002052
0.675 0.075 1.01637 200.271 -0.104845 -0.00251662
0.675 0.1 1.08449 200.349 -0.1175 -0.00535059
0.675 0.125 1.17979 200.454 -0.107751 -0.00965492
0.675 0.15 1.23852 200.575 -0.064498 -0.0149847
0.675 0.175 1.27863 200.712 0.0241576 -0.0218267
0.675 0.2 1.228 200.849 0.175965 -0.029989
0.675 0.225 1.07052 200.972 0.408937 -0.0393737
0.675 0.25 0.720603 201.048 0.744431 -0.0494309
0.675 0.275 0.121987 201.033 1.19778 -0.0590444
0.675 0.3 -0.825504 200.859 1.77275 -0.0664628
0.675 0.325 -2.19677 200.443 2.44317 -0.0690067
0.675 0.35 -4.05982 199.697 3.1373 -0.0636024
0.675 0.375 -6.408 198.559 3.72316 -0.0473406
0.675 0.4 -9.13198 197.049 4.01845 -0.0192279
0.675 0.425 -11.97 195.315 3.83332 0.018227
0.675 0.45 -14.5198 193.65 3.04892 0.0577378
0.675 0.475 -16.3129 192.428 1.69838 0.0885035
0.675 0.5 -16.9614 191.977 6.99765e-06 0.100208
0.675 0.525 -16.3129 192.428 -1.69837 0.0885034
0.675 0.55 -14.5199 193.65 -3.04891 0.0577375
0.675 0.575 -11.97 195.315 -3.8333 0.0182266
0.675 0.6 -9.13202 197.049 -4.01843 -0.0192283
0.675 0.625 -6.40806 198.559 -3.72314 -0.0473412
0.675 0.65 -4.05989 199.697 -3.13728 -0.0636031
0.675 0.675 -2.19685 200.443 -2.44314 -0.0690076
0.675 0.7 -0.825597 200.859 -1.77272 -0.0664637
0.675 0.725 0.121872 201.033 -1.19775 -0.0590454
0.675 0.75 0.720469 201.048 -0.744394 -0.0494318
0.675 0.775 1.07036 200.972 -0.408894 -0.0393745
0.675 0.8 1.22781 200.849 -0.175917 -0.0299895
0.675 0.825 1.2784 200.712 -0.0241033 -0.0218264
0.675 0.85 1.23826 200.574 0.0645581 -0.0149837
0.675 0.875 1.17948 200.454 0.107816 -0.00965166
0.675 0.9 1.08414 200.348 0.117566 -0.00534604
0.675 0.925 1.01598 200.271 0.10491 -0.00250678
0.675 0.95 0.944982 200.208 0.0772775 -0.000193354
0.675 0.975 0.893811 200.177 0.0396883 0.000914778
0.675 1 0.950057 200.185 -1.14982e-05 0.000561396
0.7 0 0.941391 200.218 1.91629e-05 -0.00193064
0.7 0.025 0.889024 200.209 -0.0238944 -0.0014594
0.7 0.05 0.92658 200.237 -0.0459658 -0.00259805
0.7 0.075 0.968368 200.291 -0.056147 -0.00490495
0.7 0.1 1.00169 200.356 -0.0501452 -0.00765191
0.7 0.125 1.04422 200.443 -0.019623 -0.0117813
0.7 0.15 1.03926 200.535 0.0451765 -0.0166665
0.7 0.175 0.998911 200.634 0.154942 -0.0227593
0.7 0.2 0.855063 200.719 0.323776 -0.0296311
0.7 0.225 0.59391 200.775 0.564467 -0.0370832
0.7 0.25 0.138217 200.769 0.890165 -0.0443564
0.7 0.275 -0.553313 200.663 1.30596 -0.050307
0.7 0.3 -1.55917 200.401 1.80491 -0.0532559
0.7 0.325 -2.92261 199.924 2.35462 -0.0509411
0.7 0.35 -4.6784 199.177 2.8888 -0.0410218
0.7 0.375 -6.791 198.134 3.30023 -0.0216374
0.7 0.4 -9.14807 196.835 3.45281 0.00719106
0.7 0.425 -11.5244 195.41 3.21449 0.0425133
0.7 0.45 -13.6061 194.085 2.51227 0.0778058
0.7 0.475 -15.0436 193.134 1.38467 0.104344
0.7 0.5 -15.5589 192.787 6.77017e-06 0.114259
0.7 0.525 -15.0436 193.134 -1.38465 0.104343
0.7 0.55 -13.6061 194.085 -2.51226 0.0778056
0.7 0.575 -11.5245 195.41 -3.21448 0.0425129
0.7 0.6 -9.1481 196.835 -3.45279 0.00719053
0.7 0.625 -6.79105 198.134 -3.30021 -0.0216381
0.7 0.65 -4.67847 199.177 -2.88878 -0.0410226
0.7 0.675 -2.92269 199.924 -2.3546 -0.0509421
0.7 0.7 -1.55926 200.401 -1.80488 -0.0532571
0.7 0.725 -0.553426 200.663 -1.30592 -0.0503083
0.7 0.75 0.138084 200.769 -0.890126 -0.0443578
0.7 0.775 0.593745 200.775 -0.564422 -0.0370845
0.7 0.8 0.854873 200.719 -0.323723 -0.0296323
0.7 0.825 0.998676 200.634 -0.154881 -0.0227601
0.7 0.85 1.03899 200.535 -0.0451068 -0.0166668
0.7 0.875 1.04389 200.443 0.0197011 -0.0117798
0.7 0.9 1.00131 200.356 0.0502301 -0.00764947
0.7 0.925 0.967929 200.291 0.0562376 -0.00489785
0.7 0.95 0.926065 200.237 0.0460528 -0.00258954
0.7 0.975 0.888491 200.209 0.0239774 -0.00143977
0.7 1 0.940682 200.218 1.91629e-05 -0.00191214
0.725 0 0.909174 200.241 4.84964e-05 -0.00421046
0.725 0.025 0.862183 200.232 -0.00845497 -0.00364554
0.725 0.05 0.885878 200.255 -0.015443 -0.0047805
0.725 0.075 0.899187 200.299 -0.00934406 -0.00699456
0.725 0.1 0.899438 200.35 0.0131981 -0.00955981
0.725 0.125 0.892311 200.416 0.0609405 -0.0133826
0.725 0.15 0.830069 200.481 0.1419 -0.0177035
0.725 0.175 0.719369 200.542 0.265221 -0.0229476
0.725 0.2 0.498604 200.58 0.441245 -0.0285181
0.725 0.225 0.156991 200.579 0.678022 -0.0341909
0.725 0.25 -0.372619 200.508 0.981865 -0.0391199
0.725 0.275 -1.11738 200.336 1.35034 -0.0422827
0.725 0.3 -2.1363 200.02 1.7698 -0.0422353
0.725 0.325 -3.44739 199.521 2.20604 -0.0372642
0.725 0.35 -5.06161 198.808 2.60108 -0.0257843
0.725 0.375 -6.92626 197.879 2.87087 -0.00681717
0.725 0.4 -8.93494 196.781 2.91759 0.0190164
0.725 0.425 -10.8995 195.625 2.65371 0.048909
0.725 0.45 -12.5803 194.583 2.03891 0.0776147
0.725 0.475 -13.7213 193.85 1.11209 0.0986451
0.725 0.5 -14.1272 193.585 6.50133e-06 0.106397
0.725 0.525 -13.7213 193.85 -1.11208 0.098645
0.725 0.55 -12.5803 194.583 -2.03889 0.0776144
0.725 0.575 -10.8995 195.625 -2.65369 0.0489086
0.725 0.6 -8.93497 196.781 -2.91758 0.0190159
0.725 0.625 -6.9263 197.879 -2.87085 -0.00681793
0.725 0.65 -5.06167 198.808 -2.60106 -0.0257852
0.725 0.675 -3.44747 199.521 -2.20602 -0.0372654
0.725 0.7 -2.13639 200.02 -1.76977 -0.0422366
0.725 0.725 -1.11749 200.336 -1.3503 -0.0422843
0.725 0.75 -0.37275 200.508 -0.981825 -0.0391216
0.725 0.775 0.156828 200.579 -0.677975 -0.0341929
0.725 0.8 0.498414 200.58 -0.441189 -0.0285201
0.725 0.825 0.719132 200.542 -0.265155 -0.0229494
0.725 0.85 0.829794 200.481 -0.141823 -0.017705
0.725 0.875 0.891969 200.416 -0.0608509 -0.0133828
0.725 0.9 0.899044 200.35 -0.0130961 -0.00955949
0.725 0.925 0.898712 200.299 0.00945802 -0.00699021
0.725 0.95 0.885319 200.255 0.0155629 -0.00477539
0.725 0.975 0.861568 200.232 0.00858195 -0.00362981
0.725 1 0.908382 200.241 4.84964e-05 -0.00419724
0.75 0 0.856492 200.255 7.88919e-05 -0.00625721
0.75 0.025 0.815921 200.245 0.00613097 -0.00562373
0.75 0.05 0.826046 200.263 0.0133062 -0.00671775
0.75 0.075 0.812527 200.297 0.0340855 -0.0087713
0.75 0.1 0.782447 200.333 0.0707743 -0.0110895
0.75 0.125 0.730129 200.379 0.132175 -0.0145188
0.75 0.15 0.618121 200.416 0.224402 -0.0182171
0.75 0.175 0.447911 200.443 0.354991 -0.0225908
0.75 0.2 0.166081 200.439 0.530804 -0.026936
0.75 0.225 -0.235191 200.392 0.756021 -0.0310547
0.75 0.25 -0.812468 200.272 1.03178 -0.0340921
0.75 0.275 -1.58084 200.056 1.35079 -0.0352146
0.75 0.3 -2.5832 199.712 1.69607 -0.0332523
0.75 0.325 -3.8191 199.217 2.03474 -0.0270086
0.75 0.35 -5.28424 198.556 2.31799 -0.0155111
0.75 0.375 -6.91789 197.741 2.48152 0.00159551
0.75 0.4 -8.62445 196.821 2.45662 0.0234121
0.75 0.425 -10.2488 195.887 2.1872 0.0475088
0.75 0.45 -11.6096 195.067 1.65406 0.0698868
0.75 0.475 -12.5191 194.501 0.893406 0.0859228
0.75 0.5 -12.8404 194.299 6.20649e-06 0.0917653
0.75 0.525 -12.5191 194.501 -0.893393 0.0859227
0.75 0.55 -11.6096 195.067 -1.65405 0.0698865
0.75 0.575 -10.2488 195.887 -2.18718 0.0475083
0.75 0.6 -8.62448 196.821 -2.4566 0.0234115
0.75 0.625 -6.91794 197.741 -2.48151 0.0015947
0.75 0.65 -5.2843 198.556 -2.31797 -0.0155121
0.75 0.675 -3.81917 199.217 -2.03472 -0.0270099
0.75 0.7 -2.58329 199.712 -1.69605 -0.0332538
0.75 0.725 -1.58095 200.056 -1.35076 -0.0352164
0.75 0.75 -0.812596 200.272 -1.03174 -0.0340942
0.75 0.775 -0.235351 200.392 -0.755973 -0.0310571
0.75 0.8 0.165894 200.439 -0.530745 -0.0269386
0.75 0.825 0.447674 200.443 -0.354921 -0.0225936
0.75 0.85 0.617845 200.416 -0.224318 -0.0182199
0.75 0.875 0.729779 200.378 -0.132076 -0.0145209
0.75 0.9 0.78204 200.333 -0.070657 -0.0110915
0.75 0.925 0.812023 200.296 -0.0339498 -0.00877013
0.75 0.95 0.825451 200.263 -0.0131544 -0.00671649
0.75 0.975 0.815227 200.245 -0.0059606 -0.00561314
0.75 1 0.855625 200.255 7.88919e-05 -0.00625033
0.775 0 0.786144 200.258 0.000105064 -0.00804243
0.775 0.025 0.752755 200.249 0.0194696 -0.00736499
0.775 0.05 0.750006 200.262 0.0395334 -0.00838953
0.775 0.075 0.712016 200.285 0.0731382 -0.0102365
0.775 0.1 0.654972 200.307 0.121517 -0.0122691
0.775 0.125 0.562752 200.332 0.193242 -0.0152582
0.775 0.15 0.40889 200.345 0.292542 -0.0183234
0.775 0.175 0.189916 200.342 0.425458 -0.0218587
0.775 0.2 -0.138414 200.304 0.595854 -0.0251027
0.775 0.225 -0.581515 200.219 0.805002 -0.0279135
0.775 0.25 -1.1856 200.064 1.05042 -0.0294716
0.775 0.275 -1.95623 199.821 1.32216 -0.0291466
0.775 0.3 -2.92356 199.468 1.60229 -0.0260202
0.775 0.325 -4.07458 198.992 1.86101 -0.0193168
0.775 0.35 -5.39621 198.39 2.0584 -0.00849839
0.775 0.375 -6.82582 197.681 2.14597 0.00640202
0.775 0.4 -8.2804 196.91 2.07609 0.0244149
0.775 0.425 -9.63253 196.151 1.81379 0.0435322
0.775 0.45 -10.745 195.502 1.35244 0.060771
0.775 0.475 -11.4783 195.061 0.724124 0.0728846
0.775 0.5 -11.736 194.904 5.89695e-06 0.0772522
0.775 0.525 -11.4783 195.061 -0.724112 0.0728845
0.775 0.55 -10.745 195.502 -1.35243 0.0607707
0.775 0.575 -9.63256 196.151 -1.81377 0.0435317
0.775 0.6 -8.28044 196.909 -2.07608 0.0244143
0.775 0.625 -6.82587 197.681 -2.14595 0.00640119
0.775 0.65 -5.39626 198.39 -2.05838 -0.00849944
0.775 0.675 -4.07465 198.992 -1.86099 -0.0193182
0.775 0.7 -2.92364 199.468 -1.60226 -0.0260218
0.775 0.725 -1.95633 199.821 -1.32213 -0.0291486
0.775 0.75 -1.18572 200.064 -1.05038 -0.029474
0.775 0.775 -0.581669 200.219 -0.804954 -0.0279164
0.775 0.8 -0.138596 200.304 -0.595795 -0.0251059
0.775 0.825 0.189683 200.342 -0.425386 -0.0218624
0.775 0.85 0.408617 200.345 -0.292453 -0.0183274
0.775 0.875 0.562401 200.332 -0.193135 -0.0152619
0.775 0.9 0.654562 200.307 -0.121387 -0.0122731
0.775 0.925 0.711494 200.284 -0.0729849 -0.0102381
0.775 0.95 0.749391 200.262 -0.0393552 -0.00839183
0.775 0.975 0.752007 200.249 -0.0192625 -0.00735883
0.775 1 0.78523 200.258 0.000105064 -0.00804128
0.8 0 0.700974 200.253 0.000132504 -0.00955283
0.8 0.025 0.675255 200.245 0.0313033 -0.00885432
0.8 0.05 0.660622 200.253 0.0627521 -0.00978973
0.8 0.075 0.600998 200.265 0.107217 -0.0114016
0.8 0.1 0.520714 200.274 0.164911 -0.0131313
0.8 0.125 0.394293 200.281 0.243991 -0.0156629
0.8 0.15 0.206411 200.271 0.346934 -0.0181175
0.8 0.175 -0.0511779 200.242 0.478495 -0.0208776
0.8 0.2 -0.413137 200.176 0.640091 -0.0231648
0.8 0.225 -0.883275 200.063 0.830972 -0.0249053
0.8 0.25 -1.49808 199.885 1.04632 -0.0253373
0.8 0.275 -2.25613 199.628 1.27511 -0.0240203
0.8 0.3 -3.17769 199.277 1.49995 -0.0202425
0.8 0.325 -4.24188 198.829 1.6949 -0.0135466
0.8 0.35 -5.43119 198.285 1.82793 -0.00367581
0.8 0.375 -6.68476 197.669 1.86278 0.00912022
0.8 0.4 -7.93206 197.02 1.76673 0.0239175
0.8 0.425 -9.06823 196.399 1.51849 0.0390925
0.8 0.45 -9.98889 195.879 1.11849 0.0524297
0.8 0.475 -10.5886 195.53 0.594329 0.0616418
0.8 0.5 -10.7985 195.408 5.58195e-06 0.0649326
0.8 0.525 -10.5886 195.53 -0.594318 0.0616416
0.8 0.55 -9.98891 195.879 -1.11848 0.0524294
0.8 0.575 -9.06826 196.399 -1.51848 0.0390921
0.8 0.6 -7.93209 197.02 -1.76672 0.0239169
0.8 0.625 -6.6848 197.669 -1.86277 0.00911939
0.8 0.65 -5.43124 198.285 -1.82791 -0.00367688
0.8 0.675 -4.24195 198.829 -1.69488 -0.013548
0.8 0.7 -3.17777 199.277 -1.49993 -0.0202443
0.8 0.725 -2.25623 199.628 -1.27508 -0.0240225
0.8 0.75 -1.4982 199.885 -1.04628 -0.02534
0.8 0.775 -0.883422 200.063 -0.830925 -0.0249086
0.8 0.8 -0.413312 200.176 -0.640032 -0.0231686
0.8 0.825 -0.0514031 200.242 -0.478422 -0.0208822
0.8 0.85 0.206145 200.271 -0.346842 -0.0181226
0.8 0.875 0.393944 200.28 -0.243878 -0.0156684
0.8 0.9 0.520306 200.274 -0.164772 -0.0131375
0.8 0.925 0.600464 200.264 -0.107048 -0.0114066
0.8 0.95 0.659993 200.252 -0.0625487 -0.00979603
0.8 0.975 0.674451 200.244 -0.0310603 -0.00885429
0.8 1 0.700018 200.253 0.000132504 -0.00955874
0.825 0 0.603891 200.241 0.000151761 -0.0107834
0.825 0.025 0.586085 200.233 0.0414948 -0.010084
0.825 0.05 0.560748 200.236 0.0827194 -0.010918
0.825 0.075 0.482542 200.238 0.136092 -0.012284
0.825 0.1 0.382808 200.235 0.200914 -0.0137121
0.825 0.125 0.227892 200.225 0.2848 -0.0157945
0.825 0.15 0.0133512 200.197 0.388691 -0.0176842
0.825 0.175 -0.273664 200.146 0.51629 -0.0197513
0.825 0.2 -0.658241 200.058 0.667104 -0.0212292
0.825 0.225 -1.14345 199.925 0.839099 -0.0221127
0.825 0.25 -1.75686 199.732 1.02609 -0.0217059
0.825 0.275 -2.49231 199.47 1.21704 -0.0197321
0.825 0.3 -3.36246 199.13 1.39592 -0.0156396
0.825 0.325 -4.34202 198.713 1.54073 -0.00920126
0.825 0.35 -5.41175 198.225 1.6261 -0.000330174
0.825 0.375 -6.51456 197.689 1.6251 0.0106172
0.825 0.4 -7.59132 197.139 1.51537 0.0228153
0.825 0.425 -8.55532 196.626 1.28438 0.0349626
0.825 0.45 -9.32665 196.203 0.936225 0.0454053
0.825 0.475 -9.82391 195.923 0.494264 0.0525116
0.825 0.5 -9.99747 195.825 5.26913e-06 0.0550297
0.825 0.525 -9.82392 195.923 -0.494253 0.0525114
0.825 0.55 -9.32666 196.203 -0.936213 0.045405
0.825 0.575 -8.55535 196.626 -1.28437 0.0349621
0.825 0.6 -7.59135 197.139 -1.51536 0.0228147
0.825 0.625 -6.5146 197.689 -1.62509 0.0106164
0.825 0.65 -5.4118 198.225 -1.62609 -0.000331239
0.825 0.675 -4.34208 198.713 -1.54071 -0.00920267
0.825 0.7 -3.36254 199.13 -1.39589 -0.0156414
0.825 0.725 -2.4924 199.47 -1.21701 -0.0197344
0.825 0.75 -1.75697 199.732 -1.02606 -0.0217086
0.825 0.775 -1.14359 199.925 -0.839053 -0.0221163
0.825 0.8 -0.658406 200.058 -0.667046 -0.0212334
0.825 0.825 -0.273878 200.146 -0.516218 -0.0197565
0.825 0.85 0.0130966 200.197 -0.388599 -0.0176902
0.825 0.875 0.227555 200.225 -0.284685 -0.0158014
0.825 0.9 0.382411 200.235 -0.200769 -0.0137201
0.825 0.925 0.482013 200.238 -0.135914 -0.0122916
0.825 0.95 0.560125 200.236 -0.0824995 -0.0109276
0.825 0.975 0.585266 200.232 -0.0412271 -0.0100882
0.825 1 0.602933 200.241 0.000151761 -0.0107946
0.85 0 0.497491 200.222 0.000174579 -0.0117415
0.85 0.025 0.487627 200.214 0.0499989 -0.0110588
0.85 0.05 0.452877 200.213 0.0993558 -0.0117852
0.85 0.075 0.359264 200.206 0.159764 -0.0129035
0.85 0.1 0.243828 200.193 0.229749 -0.0140404
0.85 0.125 0.0660047 200.168 0.316317 -0.0156932
0.85 0.15 -0.168415 200.124 0.419119 -0.017072
0.85 0.175 -0.476664 200.056 0.541031 -0.0185301
0.85 0.2 -0.874603 199.951 0.680133 -0.0193357
0.85 0.225 -1.36539 199.804 0.83368 -0.0195449
0.85 0.25 -1.96853 199.603 0.994824 -0.0185295
0.85 0.275 -2.67503 199.343 1.15314 -0.0161479
0.85 0.3 -3.4917 199.018 1.29431 -0.0119682
0.85 0.325 -4.39126 198.632 1.40006 -0.0059251
0.85 0.35 -5.35438 198.195 1.45044 0.00197364
0.85 0.375 -6.32857 197.727 1.42552 0.0113309
0.85 0.4 -7.26466 197.259 1.31011 0.0214377
0.85 0.425 -8.0904 196.829 1.09727 0.0312527
0.85 0.45 -8.74421 196.481 0.792765 0.0395334
0.85 0.475 -9.16196 196.253 0.41623 0.0450969
0.85 0.5 -9.30753 196.174 4.96643e-06 0.0470548
0.85 0.525 -9.16197 196.253 -0.41622 0.0450968
0.85 0.55 -8.74422 196.481 -0.792754 0.0395331
0.85 0.575 -8.09042 196.829 -1.09726 0.0312523
0.85 0.6 -7.26468 197.259 -1.3101 0.0214371
0.85 0.625 -6.3286 197.727 -1.4255 0.0113301
0.85 0.65 -5.35442 198.195 -1.45042 0.00197261
0.85 0.675 -4.39132 198.632 -1.40004 -0.00592649
0.85 0.7 -3.49177 199.018 -1.29429 -0.0119699
0.85 0.725 -2.67511 199.343 -1.15312 -0.0161503
0.85 0.75 -1.96863 199.603 -0.99479 -0.0185324
0.85 0.775 -1.36552 199.804 -0.833637 -0.0195487
0.85 0.8 -0.874757 199.951 -0.680077 -0.0193402
0.85 0.825 -0.476865 200.056 -0.54096 -0.018536
0.85 0.85 -0.168655 200.124 -0.419028 -0.0170788
0.85 0.875 0.0656812 200.168 -0.316201 -0.0157017
0.85 0.9 0.243446 200.193 -0.2296 -0.0140502
0.85 0.925 0.358739 200.206 -0.159577 -0.0129144
0.85 0.95 0.452262 200.213 -0.0991191 -0.0117986
0.85 0.975 0.486776 200.214 -0.049705 -0.0110698
0.85 1 0.496523 200.222 0.000174579 -0.01176
0.875 0 0.384476 200.197 0.000183202 -0.0124307
0.875 0.025 0.382405 200.19 0.0568553 -0.0117786
0.875 0.05 0.339555 200.185 0.112763 -0.0123966
0.875 0.075 0.233551 200.171 0.178489 -0.0132801
0.875 0.1 0.105864 200.148 0.251936 -0.0141491
0.875 0.125 -0.0897576 200.111 0.339465 -0.0154092
0.875 0.15 -0.338137 200.054 0.439689 -0.0163419
0.875 0.175 -0.660627 199.972 0.554852 -0.0172799
0.875 0.2 -1.06439 199.855 0.682019 -0.0175389
0.875 0.225 -1.55338 199.699 0.81815 -0.0172256
0.875 0.25 -2.13984 199.495 0.956205 -0.0157757
0.875 0.275 -2.81348 199.241 1.08673 -0.0131537
0.875 0.3 -3.57651 198.933 1.1972 -0.00901509
0.875 0.325 -4.40142 198.578 1.27263 -0.00340621
0.875 0.35 -5.26955 198.186 1.29744 0.00361777
0.875 0.375 -6.13338 197.777 1.25692 0.0116544
0.875 0.4 -6.95215 197.375 1.14088 0.0201079
0.875 0.425 -7.66527 197.012 0.945856 0.0281407
0.875 0.45 -8.22498 196.721 0.678219 0.0348094
0.875 0.475 -8.57983 196.533 0.354429 0.0392408
0.875 0.5 -8.7034 196.468 4.6801e-06 0.0407911
0.875 0.525 -8.57984 196.533 -0.354419 0.0392407
0.875 0.55 -8.22499 196.721 -0.678209 0.0348092
0.875 0.575 -7.66529 197.012 -0.945846 0.0281404
0.875 0.6 -6.95217 197.374 -1.14086 0.0201074
0.875 0.625 -6.13341 197.777 -1.25691 0.0116537
0.875 0.65 -5.26959 198.186 -1.29742 0.0036168
0.875 0.675 -4.40147 198.578 -1.27261 -0.00340755
0.875 0.7 -3.57657 198.933 -1.19718 -0.00901682
0.875 0.725 -2.81356 199.241 -1.08671 -0.013156
0.875 0.75 -2.13993 199.495 -0.956174 -0.0157787
0.875 0.775 -1.55349 199.699 -0.81811 -0.0172295
0.875 0.8 -1.06453 199.855 -0.681967 -0.0175437
0.875 0.825 -0.660811 199.972 -0.554785 -0.0172861
0.875 0.85 -0.338358 200.054 -0.439601 -0.0163493
0.875 0.875 -0.0900588 200.111 -0.339352 -0.0154186
0.875 0.9 0.105506 200.148 -0.251788 -0.0141602
0.875 0.925 0.233054 200.171 -0.178302 -0.0132928
0.875 0.95 0.338971 200.185 -0.112523 -0.0124123
0.875 0.975 0.381583 200.19 -0.0565533 -0.0117924
0.875 1 0.383557 200.197 0.000183202 -0.0124529
0.9 0 0.266818 200.167 0.000201898 -0.0128738
0.9 0.025 0.272238 200.162 0.0621298 -0.0122638
0.9 0.05 0.222622 200.153 0.123064 -0.0127745
0.9 0.075 0.107243 200.132 0.192527 -0.0134318
0.9 0.1 -0.0293791 200.102 0.267959 -0.0140514
0.9 0.125 -0.237917 200.055 0.35507 -0.014947
0.9 0.15 -0.494897 199.987 0.451673 -0.0154855
0.9 0.175 -0.825463 199.895 0.559546 -0.0159737
0.9 0.2 -1.22881 199.769 0.675073 -0.015787
0.9 0.225 -1.71026 199.609 0.795206 -0.0150706
0.9 0.25 -2.27561 199.405 0.913025 -0.0133221
0.9 0.275 -2.9145 199.16 1.0202 -0.0105875
0.9 0.3 -3.62543 198.87 1.1059 -0.00658703
0.9 0.325 -4.3819 198.545 1.15799 -0.00144167
0.9 0.35 -5.16622 198.193 1.1643 0.00477591
0.9 0.375 -5.93577 197.833 1.11404 0.0116786
0.9 0.4 -6.65671 197.484 1.00043 0.0187764
0.9 0.425 -7.27783 197.175 0.822226 0.0253941
0.9 0.45 -7.76179 196.93 0.585779 0.0308128
0.9 0.475 -8.06654 196.773 0.304906 0.034379
0.9 0.5 -8.17266 196.718 4.41802e-06 0.0356207
0.9 0.525 -8.06655 196.773 -0.304897 0.0343789
0.9 0.55 -7.7618 196.93 -0.58577 0.0308126
0.9 0.575 -7.27785 197.175 -0.822217 0.0253937
0.9 0.6 -6.65674 197.484 -1.00042 0.018776
0.9 0.625 -5.9358 197.833 -1.11403 0.0116779
0.9 0.65 -5.16626 198.193 -1.16429 0.00477501
0.9 0.675 -4.38195 198.545 -1.15797 -0.00144291
0.9 0.7 -3.62549 198.87 -1.10588 -0.00658867
0.9 0.725 -2.91456 199.16 -1.02018 -0.0105897
0.9 0.75 -2.2757 199.405 -0.912997 -0.013325
0.9 0.775 -1.71036 199.609 -0.79517 -0.0150745
0.9 0.8 -1.22894 199.769 -0.675025 -0.0157919
0.9 0.825 -0.82563 199.895 -0.559484 -0.0159803
0.9 0.85 -0.495098 199.987 -0.451589 -0.0154934
0.9 0.875 -0.238196 200.054 -0.354961 -0.0149575
0.9 0.9 -0.0297091 200.101 -0.267813 -0.0140638
0.9 0.925 0.106764 200.132 -0.192338 -0.0134476
0.9 0.95 0.222067 200.153 -0.122814 -0.0127936
0.9 0.975 0.271402 200.162 -0.0618102 -0.0122853
0.9 1 0.26591 200.167 0.000201898 -0.0129035
0.925 0 0.147107 200.134 0.000196738 -0.0130634
0.925 0.025 0.159618 200.13 0.065968 -0.0125036
0.925 0.05 0.104455 200.118 0.130568 -0.0129136
0.925 0.075 -0.0177565 200.092 0.202412 -0.0133737
0.925 0.1 -0.160573 200.055 0.278612 -0.0137794
0.925 0.125 -0.377982 199.999 0.364238 -0.0143627
0.925 0.15 -0.639284 199.924 0.456516 -0.0145764
0.925 0.175 -0.973033 199.824 0.556883 -0.0146968
0.925 0.2 -1.3712 199.694 0.661298 -0.0141613
0.925 0.225 -1.84084 199.531 0.766895 -0.0131393
0.925 0.25 -2.382 199.331 0.86706 -0.011184
0.925 0.275 -2.98509 199.095 0.95462 -0.00839818
0.925 0.3 -3.64558 198.825 1.0203 -0.00454914
0.925 0.325 -4.33871 198.527 1.05437 0.000194676
0.925 0.35 -5.04787 198.21 1.04734 0.00575769
0.925 0.375 -5.73518 197.891 0.991362 0.0117741
0.925 0.4 -6.3725 197.588 0.882029 0.0178409
0.925 0.425 -6.91638 197.322 0.719477 0.0234033
0.925 0.45 -7.3375 197.113 0.509731 0.0279043
0.925 0.475 -7.60109 196.979 0.264416 0.0308415
0.925 0.5 -7.69291 196.933 4.18421e-06 0.03186
0.925 0.525 -7.6011 196.979 -0.264408 0.0308414
0.925 0.55 -7.33751 197.113 -0.509723 0.0279042
0.925 0.575 -6.91639 197.322 -0.719468 0.0234031
0.925 0.6 -6.37252 197.588 -0.88202 0.0178405
0.925 0.625 -5.73521 197.891 -0.991352 0.0117736
0.925 0.65 -5.0479 198.21 -1.04733 0.0057569
0.925 0.675 -4.33875 198.527 -1.05435 0.000193556
0.925 0.7 -3.64563 198.825 -1.02029 -0.00455065
0.925 0.725 -2.98515 199.095 -0.954601 -0.00840031
0.925 0.75 -2.38208 199.331 -0.867036 -0.0111867
0.925 0.775 -1.84093 199.531 -0.766864 -0.0131432
0.925 0.8 -1.37131 199.693 -0.661256 -0.0141661
0.925 0.825 -0.973179 199.824 -0.556827 -0.0147034
0.925 0.85 -0.639461 199.924 -0.456439 -0.0145845
0.925 0.875 -0.37823 199.999 -0.364137 -0.0143736
0.925 0.9 -0.160869 200.054 -0.278475 -0.0137924
0.925 0.925 -0.0181865 200.091 -0.202232 -0.01339
0.925 0.95 0.103952 200.118 -0.130329 -0.0129338
0.925 0.975 0.158862 200.13 -0.0656604 -0.012525
0.925 1 0.146305 200.134 0.000196738 -0.0130937
0.95 0 0.0263881 200.098 0.000212372 -0.0130513
0.95 0.025 0.045474 200.095 0.0684369 -0.0125483
0.95 0.05 -0.0139642 200.081 0.13538 -0.0128584
0.95 0.075 -0.140296 200.05 0.208328 -0.0131217
0.95 0.1 -0.286462 200.007 0.284219 -0.0133193
0.95 0.125 -0.508585 199.946 0.367494 -0.0135999
0.95 0.15 -0.770009 199.865 0.454995 -0.0135117
0.95 0.175 -1.10227 199.759 0.54791 -0.0132966
0.95 0.2 -1.49103 199.626 0.641993 -0.0124626
0.95 0.225 -1.94537 199.464 0.734663 -0.011195
0.95 0.25 -2.46033 199.27 0.819725 -0.00910345
0.95 0.275 -3.02781 199.045 0.891113 -0.00633398
0.95 0.3 -3.64073 198.792 0.940915 -0.0026916
0.95 0.325 -4.27667 198.519 0.961368 0.00162492
0.95 0.35 -4.91992 198.233 0.945076 0.00654834
0.95 0.375 -5.53707 197.949 0.886328 0.011742
0.95 0.4 -6.10438 197.683 0.782351 0.0168849
0.95 0.425 -6.58472 197.452 0.634095 0.0215259
0.95 0.45 -6.95473 197.271 0.447124 0.0252409
0.95 0.475 -7.18516 197.157 0.231269 0.0276454
0.95 0.5 -7.26548 197.118 3.98683e-06 0.0284766
0.95 0.525 -7.18517 197.157 -0.231261 0.0276454
0.95 0.55 -6.95474 197.271 -0.447116 0.0252407
0.95 0.575 -6.58474 197.452 -0.634087 0.0215257
0.95 0.6 -6.10441 197.683 -0.782342 0.0168846
0.95 0.625 -5.53709 197.949 -0.886319 0.0117416
0.95 0.65 -4.91995 198.233 -0.945066 0.00654767
0.95 0.675 -4.27671 198.519 -0.961357 0.00162395
0.95 0.7 -3.64077 198.792 -0.940902 -0.00269294
0.95 0.725 -3.02786 199.045 -0.891097 -0.00633592
0.95 0.75 -2.46039 199.27 -0.819705 -0.009106
0.95 0.775 -1.94545 199.464 -0.734637 -0.0111987
0.95 0.8 -1.49112 199.626 -0.641957 -0.0124672
0.95 0.825 -1.1024 199.759 -0.547862 -0.0133032
0.95 0.85 -0.770161 199.865 -0.454926 -0.0135197
0.95 0.875 -0.508802 199.946 -0.367402 -0.0136113
0.95 0.9 -0.286718 200.007 -0.284089 -0.0133328
0.95 0.925 -0.140693 200.049 -0.208155 -0.0131406
0.95 0.95 -0.014417 200.081 -0.135136 -0.0128808
0.95 0.975 0.0447194 200.095 -0.0681126 -0.0125789
0.95 1 0.0255867 200.098 0.000212372 -0.0130896
0.975 0 -0.0925055 200.06 0.00021154 -0.0127701
0.975 0.025 -0.067338 200.058 0.0697689 -0.0123276
0.975 0.05 -0.130059 200.042 0.137994 -0.012553
0.975 0.075 -0.258624 200.007 0.21106 -0.0126697
0.975 0.1 -0.406222 199.961 0.28582 -0.0127146
0.975 0.125 -0.630182 199.894 0.366123 -0.0127697
0.975 0.15 -0.888949 199.809 0.448569 -0.0124653
0.975 0.175 -1.21657 199.7 0.534162 -0.0120052
0.975 0.2 -1.59312 199.566 0.618589 -0.0109597
0.975 0.225 -2.02981 199.406 0.699611 -0.00951341
0.975 0.25 -2.51716 199.218 0.771502 -0.007321
0.975 0.275 -3.04895 199.005 0.82923 -0.00454862
0.975 0.3 -3.61583 198.769 0.866079 -0.00102724
0.975 0.325 -4.19801 198.518 0.875951 0.00303059
0.975 0.35 -4.78056 198.259 0.853095 0.0075646
0.975 0.375 -5.33432 198.006 0.79346 0.012259
0.975 0.4 -5.83923 197.771 0.695419 0.0168445
0.975 0.425 -6.26367 197.568 0.56042 0.0209326
0.975 0.45 -6.58903 197.412 0.393511 0.0241785
0.975 0.475 -6.79072 197.313 0.203015 0.0262661
0.975 0.5 -6.86106 197.279 3.82598e-06 0.0269862
0.975 0.525 -6.79073 197.313 -0.203008 0.0262661
0.975 0.55 -6.58904 197.412 -0.393503 0.0241784
0.975 0.575 -6.26368 197.568 -0.560413 0.0209324
0.975 0.6 -5.83925 197.771 -0.695411 0.0168443
0.975 0.625 -5.33435 198.006 -0.793452 0.0122586
0.975 0.65 -4.78059 198.259 -0.853087 0.00756407
0.975 0.675 -4.19805 198.518 -0.875943 0.00302979
0.975 0.7 -3.61587 198.769 -0.866069 -0.00102838
0.975 0.725 -3.049 199.005 -0.829217 -0.00455032
0.975 0.75 -2.51721 199.218 -0.771486 -0.0073233
0.975 0.775 -2.02987 199.406 -0.69959 -0.00951679
0.975 0.8 -1.5932 199.566 -0.618559 -0.010964
0.975 0.825 -1.21667 199.7 -0.534121 -0.0120115
0.975 0.85 -0.889075 199.809 -0.448512 -0.0124731
0.975 0.875 -0.630363 199.894 -0.366043 -0.0127808
0.975 0.9 -0.406437 199.961 -0.285706 -0.0127282
0.975 0.925 -0.25896 200.007 -0.210905 -0.0126877
0.975 0.95 -0.130442 200.042 -0.137776 -0.0125753
0.975 0.975 -0.0679934 200.058 -0.0694742 -0.0123535
0.975 1 -0.0930882 200.06 0.00021154 -0.0128033
1 0 -0.208931 200.02 0.000168978 -0.0123771
1 0.025 -0.178464 200.019 0.0699934 -0.0120233
1 0.05 -0.243273 200.002 0.138407 -0.0121392
1 0.075 -0.371778 199.964 0.2106 -0.0120546
1 0.1 -0.518433 199.915 0.283446 -0.0118857
1 0.125 -0.740782 199.845 0.360223 -0.0116363
1 0.15 -0.993597 199.757 0.437433 -0.0110405
1 0.175 -1.31294 199.647 0.515937 -0.0102633
1 0.2 -1.67425 199.513 0.591484 -0.0089566
1 0.225 -2.0909 199.356 0.662195 -0.00731048
1 0.25 -2.54958 199.175 0.722833 -0.00504071
1 0.275 -3.04631 198.973 0.769298 -0.00234031
1 0.3 -3.56978 198.752 0.795894 0.000927075
1 0.325 -4.10309 198.521 0.797885 0.00453674
1 0.35 -4.63184 198.285 0.770784 0.00844455
1 0.375 -5.13085 198.058 0.711779 0.0123716
1 0.4 -5.58274 197.848 0.620014 0.0161256
1 0.425 -5.96048 197.669 0.4972 0.0194062
1 0.45 -6.2489 197.531 0.347856 0.0219777
1 0.475 -6.42707 197.445 0.179067 0.0236141
1 0.5 -6.48921 197.415 3.70928e-06 0.0241771
1 0.525 -6.42707 197.445 -0.179059 0.0236141
1 0.55 -6.24891 197.531 -0.347849 0.0219777
1 0.575 -5.9605 197.669 -0.497193 0.0194062
1 0.6 -5.58276 197.848 -0.620007 0.0161254
1 0.625 -5.13087 198.058 -0.711772 0.0123714
1 0.65 -4.63187 198.285 -0.770777 0.00844417
1 0.675 -4.10313 198.521 -0.797878 0.00453613
1 0.7 -3.56981 198.752 -0.795887 0.000926155
1 0.725 -3.04635 198.973 -0.769289 -0.00234172
1 0.75 -2.54963 199.175 -0.722822 -0.00504268
1 0.775 -2.09096 199.356 -0.66218 -0.00731347
1 0.8 -1.67431 199.513 -0.591462 -0.00896052
1 0.825 -1.31302 199.647 -0.515906 -0.0102691
1 0.85 -0.993695 199.757 -0.437387 -0.0110478
1 0.875 -0.740926 199.845 -0.360157 -0.0116473
1 0.9 -0.518601 199.915 -0.28335 -0.0118985
1 0.925 -0.372055 199.964 -0.210466 -0.0120746
1 0.95 -0.243584 200.001 -0.138208 -0.0121627
1 0.975 -0.179013 200.019 -0.0697129 -0.0120556
1 1 -0.209637 200.02 0.000168978 -0.012464
