0 0 24.1555 -1.4101 -0.258049 76.3699 -3.64037 1.33294
0 0.05 24.4959 -1.10204 0.683263 76.4193 -2.90758 -0.490546
0 0.1 25.3986 -0.74826 1.70457 76.7256 -1.96561 -2.14488
0 0.15 26.3981 -0.472099 2.53252 77.1491 -1.21913 -3.47528
0 0.2 27.1336 -0.234205 3.06139 77.4802 -0.595932 -4.34039
0 0.25 27.401 -4.355e-09 3.24435 77.602 -1.13322e-08 -4.64064
0 0.3 27.1336 0.234205 3.06166 77.4802 0.595932 -4.34039
0 0.35 26.3981 0.4721 2.53147 77.1491 1.21913 -3.47528
0 0.4 25.3986 0.748261 1.7085 76.7256 1.96561 -2.14488
0 0.45 24.496 1.10204 0.668593 76.4193 2.90758 -0.490546
0 0.5 24.1556 1.4101 -0.203297 76.3699 3.64037 1.33294
0 0.55 24.433 1.09994 -1.14627 76.3534 2.90572 3.15543
0 0.6 25.2519 0.742933 -2.34056 76.5981 1.9615 4.81516
0 0.65 26.1804 0.466494 -3.3865 76.9716 1.21439 6.15417
0 0.7 26.8666 0.230783 -4.10738 77.2693 0.593003 7.02585
0 0.75 27.1163 -1.48326e-09 -4.36557 77.3793 -1.11535e-08 7.32844
0 0.8 26.8666 -0.230783 -4.10712 77.2692 -0.593002 7.02585
0 0.85 26.1804 -0.466494 -3.38755 76.9716 -1.21439 6.15417
0 0.9 25.2519 -0.742932 -2.33663 76.5981 -1.9615 4.81516
0 0.95 24.433 -1.09994 -1.16094 76.3533 -2.90572 3.15542
0 1 24.1555 -1.4101 -0.148543 76.3699 -3.64037 1.33294
0.05 0 24.1877 -1.17791 -0.266998 76.3149 -3.10247 1.40605
0.05 0.05 20.9524 -0.820401 0.593935 73.4796 -2.42468 -0.330769
0.05 0.1 17.9858 -0.425585 1.26327 70.4679 -1.43825 -1.78555
0.05 0.15 15.9869 -0.198705 1.69217 68.1517 -0.734158 -2.85119
0.05 0.2 14.8239 -0.0788308 1.90474 66.7028 -0.308311 -3.49448
0.05 0.25 14.4387 -2.77428e-08 1.96855 66.2048 -1.08148e-07 -3.70872
0.05 0.3 14.8239 0.0788307 1.90489 66.7028 0.30831 -3.49448
0.05 0.35 15.9869 0.198705 1.69157 68.1517 0.734157 -2.85119
0.05 0.4 17.9858 0.425585 1.26552 70.4679 1.43825 -1.78555
0.05 0.45 20.9525 0.820401 0.585543 73.4796 2.42468 -0.330769
0.05 0.5 24.1877 1.17791 -0.235675 76.315 3.10247 1.40605
0.05 0.55 28.4433 1.17003 -1.35375 79.2069 2.80876 3.24457
0.05 0.6 34.1569 1.05159 -2.83918 82.499 2.24461 5.04609
0.05 0.65 39.5959 0.826196 -4.34403 85.2915 1.59896 6.58086
0.05 0.7 43.5111 0.461152 -5.48174 87.1215 0.837528 7.61451
0.05 0.75 44.9373 7.19303e-08 -5.90622 87.7577 1.1209e-07 7.97946
0.05 0.8 43.5111 -0.461152 -5.48159 87.1215 -0.837528 7.61451
0.05 0.85 39.5959 -0.826195 -4.34463 85.2915 -1.59896 6.58086
0.05 0.9 34.1568 -1.05159 -2.83693 82.499 -2.24461 5.04609
0.05 0.95 28.4433 -1.17003 -1.36214 79.2069 -2.80876 3.24457
0.05 1 24.1877 -1.17791 -0.204351 76.3149 -3.10247 1.40605
0.1 0 24.2546 -0.918592 -0.281282 76.1965 -2.45511 1.4414
0.1 0.05 17.7699 -0.520914 0.443942 70.4663 -1.7479 -0.0555695
0.1 0.1 12.5792 -0.201522 0.738598 64.4979 -0.875463 -1.21153
0.1 0.15 9.27194 -0.0647558 0.806791 59.5982 -0.343567 -1.96407
0.1 0.2 7.51946 -0.0165713 0.780767 56.438 -0.0976716 -2.36823
0.1 0.25 6.97473 -1.04404e-08 0.762919 55.3449 -7.04861e-08 -2.49299
0.1 0.3 7.51946 0.0165713 0.780842 56.438 0.0976712 -2.36823
0.1 0.35 9.27194 0.0647558 0.806494 59.5982 0.343567 -1.96407
0.1 0.4 12.5793 0.201522 0.739714 64.4979 0.875463 -1.21153
0.1 0.45 17.7699 0.520914 0.43978 70.4664 1.7479 -0.0555695
0.1 0.5 24.2546 0.918593 -0.265748 76.1965 2.45511 1.4414
0.1 0.55 32.7671 1.15751 -1.47606 81.8836 2.52258 3.11957
0.1 0.6 43.4311 1.26499 -3.12267 87.5297 2.25872 4.82618
0.1 0.65 53.8111 1.13046 -4.90017 92.0912 1.72922 6.30981
0.1 0.7 61.359 0.672401 -6.26591 94.9911 0.934202 7.3172
0.1 0.75 64.1136 1.021e-07 -6.78148 95.9813 1.27661e-07 7.6738
0.1 0.8 61.359 -0.6724 -6.26583 94.9911 -0.934202 7.3172
0.1 0.85 53.8111 -1.13045 -4.90047 92.0912 -1.72922 6.30981
0.1 0.9 43.431 -1.26499 -3.12155 87.5297 -2.25872 4.82618
0.1 0.95 32.767 -1.15751 -1.48023 81.8836 -2.52258 3.11957
0.1 1 24.2546 -0.918592 -0.250213 76.1965 -2.45511 1.4414
0.15 0 24.3524 -0.640807 -0.280027 76.0928 -1.7354 1.43657
0.15 0.05 15.2951 -0.300854 0.260198 67.7973 -1.13519 0.299451
0.15 0.1 9.09976 -0.0912119 0.385399 59.5263 -0.493597 -0.524872
0.15 0.15 5.58058 -0.0212542 0.353941 52.6427 -0.150345 -1.00953
0.15 0.2 3.917 -0.00240013 0.301885 48.1514 -0.0140162 -1.23872
0.15 0.25 3.43887 2.97061e-09 0.2817 46.5976 3.19773e-08 -1.30256
0.15 0.3 3.917 0.00240011 0.301903 48.1514 0.014016 -1.23872
0.15 0.35 5.58058 0.0212541 0.353868 52.6427 0.150345 -1.00953
0.15 0.4 9.09976 0.091212 0.385672 59.5263 0.493597 -0.524872
0.15 0.45 15.2951 0.300854 0.259183 67.7973 1.13519 0.299451
0.15 0.5 24.3525 0.640808 -0.276237 76.0929 1.7354 1.43657
0.15 0.55 36.6321 0.978356 -1.33233 84.0627 1.97648 2.76425
0.15 0.6 51.4407 1.22541 -2.75862 91.2887 1.91491 4.12662
0.15 0.65 65.6681 1.18896 -4.19299 96.8742 1.52828 5.30556
0.15 0.7 75.7087 0.717462 -5.17421 100.284 0.821373 6.09672
0.15 0.75 79.2368 6.28591e-08 -5.46042 101.397 6.75375e-08 6.37367
0.15 0.8 75.7087 -0.717462 -5.17419 100.284 -0.821372 6.09672
0.15 0.85 65.6681 -1.18896 -4.19307 96.8742 -1.52828 5.30556
0.15 0.9 51.4407 -1.22541 -2.75835 91.2887 -1.91491 4.12662
0.15 0.95 36.6321 -0.978356 -1.33335 84.0626 -1.97648 2.76425
0.15 1 24.3524 -0.640807 -0.272447 76.0928 -1.7354 1.43657
0.2 0 24.4347 -0.318107 -0.253139 76.0278 -0.888809 1.39227
0.2 0.05 13.7698 -0.12781 0.0715535 65.9725 -0.54095 0.702573
0.2 0.1 7.23201 -0.0364745 0.133545 56.2404 -0.237391 0.206537
0.2 0.15 3.88632 -0.0133215 0.107505 48.2393 -0.122304 -0.0844298
0.2 0.2 2.44425 -0.00844462 0.0771933 43.0557 -0.103486 -0.223706
0.2 0.25 2.0595 5.06277e-09 0.0650079 41.3066 7.56531e-08 -0.265129
0.2 0.3 2.44425 0.00844462 0.0771877 43.0557 0.103486 -0.223706
0.2 0.35 3.88632 0.0133215 0.107528 48.2393 0.122304 -0.0844298
0.2 0.4 7.23201 0.0364745 0.13346 56.2404 0.237392 0.206537
0.2 0.45 13.7698 0.12781 0.0718698 65.9725 0.54095 0.702573
0.2 0.5 24.4348 0.318107 -0.25432 76.0279 0.88881 1.39227
0.2 0.55 39.2955 0.561545 -0.933033 85.4692 1.09841 2.19901
0.2 0.6 56.7192 0.780789 -1.81574 93.5641 1.13564 3.01336
0.2 0.65 72.8662 0.824137 -2.60126 99.5657 0.953348 3.70172
0.2 0.7 83.4954 0.549829 -2.92944 103.026 0.536219 4.14917
0.2 0.75 86.6221 3.52219e-08 -2.87439 104.037 3.14351e-08 4.29912
0.2 0.8 83.4954 -0.549829 -2.92945 103.026 -0.536219 4.14917
0.2 0.85 72.8662 -0.824137 -2.60123 99.5657 -0.953348 3.70172
0.2 0.9 56.7192 -0.780789 -1.81583 93.5641 -1.13564 3.01335
0.2 0.95 39.2955 -0.561545 -0.932717 85.4691 -1.09841 2.19901
0.2 1 24.4347 -0.318107 -0.2555 76.0278 -0.888809 1.39227
0.25 0 24.4671 0.0282291 -0.211637 76.006 0.0270292 1.3245
0.25 0.05 13.2554 0.0159155 -0.113459 65.3207 0.0249016 1.13825
0.25 0.1 6.65157 0.00716318 -0.0566411 55.0927 0.0189204 0.960357
0.25 0.15 3.42282 0.00261369 -0.0290183 46.7988 0.0109904 0.816261
0.25 0.2 2.10988 0.000732975 -0.0177205 41.611 0.00420254 0.726101
0.25 0.25 1.78749 9.86814e-12 -0.0149516 39.9916 4.29519e-10 0.697934
0.25 0.3 2.10988 -0.000732975 -0.0177205 41.611 -0.00420254 0.726101
0.25 0.35 3.42282 -0.00261369 -0.0290182 46.7988 -0.0109904 0.816261
0.25 0.4 6.65157 -0.00716318 -0.0566415 55.0927 -0.0189204 0.960357
0.25 0.45 13.2554 -0.0159155 -0.113457 65.3207 -0.0249015 1.13825
0.25 0.5 24.4671 -0.0282292 -0.211642 76.006 -0.0270293 1.3245
0.25 0.55 40.2552 -0.0396699 -0.352518 85.9606 -0.0244737 1.49852
0.25 0.6 58.5442 -0.042665 -0.517506 94.3302 -0.0179341 1.64524
0.25 0.65 75.1607 -0.0318421 -0.666953 100.425 -0.0101412 1.75222
0.25 0.7 85.3732 -0.0124017 -0.75565 103.812 -0.00451714 1.81164
0.25 0.75 87.9563 7.6496e-10 -0.775218 104.728 2.00317e-10 1.82771
0.25 0.8 85.3732 0.0124017 -0.75565 103.812 0.00451714 1.81164
0.25 0.85 75.1607 0.0318421 -0.666953 100.425 0.0101412 1.75222
0.25 0.9 58.5442 0.042665 -0.517506 94.3302 0.0179341 1.64524
0.25 0.95 40.2552 0.0396699 -0.352516 85.9605 0.0244737 1.49852
0.25 1 24.4671 0.0282291 -0.211648 76.006 0.0270292 1.3245
0.3 0 24.4392 0.371557 -0.16986 76.0299 0.940392 1.25791
0.3 0.05 13.7558 0.158983 -0.307656 65.9555 0.588376 1.5966
0.3 0.1 7.2174 0.0514633 -0.25732 56.2118 0.274506 1.75351
0.3 0.15 3.87573 0.0194044 -0.17478 48.2054 0.14648 1.76595
0.3 0.2 2.43647 0.0106186 -0.120473 43.0187 0.116797 1.72476
0.3 0.25 2.05302 -5.19296e-09 -0.101939 41.2697 -7.56549e-08 1.70538
0.3 0.3 2.43647 -0.0106186 -0.120468 43.0187 -0.116797 1.72476
0.3 0.35 3.87573 -0.0194044 -0.174803 48.2054 -0.14648 1.76595
0.3 0.4 7.2174 -0.0514634 -0.257234 56.2118 -0.274507 1.75351
0.3 0.45 13.7558 -0.158983 -0.307978 65.9555 -0.588376 1.5966
0.3 0.5 24.4392 -0.371558 -0.168661 76.0299 -0.940393 1.25791
0.3 0.55 39.337 -0.636813 0.244879 85.4937 -1.14577 0.781417
0.3 0.6 56.7977 -0.864359 0.813149 93.61 -1.17233 0.250604
0.3 0.65 72.964 -0.892848 1.30511 99.6293 -0.977627 -0.2275
0.3 0.7 83.5833 -0.584508 1.44032 103.102 -0.549046 -0.55378
0.3 0.75 86.6895 -3.42265e-08 1.32868 104.118 -3.15889e-08 -0.668286
0.3 0.8 83.5833 0.584508 1.44032 103.102 0.549046 -0.55378
0.3 0.85 72.964 0.892848 1.30509 99.6293 0.977627 -0.2275
0.3 0.9 56.7977 0.86436 0.813236 93.6099 1.17233 0.250604
0.3 0.95 39.337 0.636813 0.244558 85.4937 1.14577 0.781417
0.3 1 24.4392 0.371557 -0.167461 76.0299 0.940392 1.25791
0.35 0 24.3598 0.685473 -0.142548 76.0963 1.77958 1.21694
0.35 0.05 15.2662 0.329483 -0.522494 67.7638 1.17534 2.06372
0.35 0.1 9.065 0.107079 -0.538217 59.4679 0.525619 2.59854
0.35 0.15 5.55006 0.0285848 -0.443936 52.5704 0.172034 2.84236
0.35 0.2 3.8914 0.00511374 -0.361722 48.0733 0.024152 2.91454
0.35 0.25 3.41515 -3.13929e-09 -0.332702 46.5184 -3.20129e-08 2.92408
0.35 0.3 3.8914 -0.00511372 -0.36174 48.0733 -0.0241518 2.91454
0.35 0.35 5.55006 -0.0285848 -0.443866 52.5704 -0.172033 2.84236
0.35 0.4 9.06501 -0.107079 -0.538483 59.4679 -0.52562 2.59854
0.35 0.45 15.2663 -0.329483 -0.521506 67.7638 -1.17534 2.06372
0.35 0.5 24.3598 -0.685473 -0.146241 76.0963 -1.77958 1.21694
0.35 0.55 36.705 -1.04118 0.692753 84.1084 -2.01809 0.167828
0.35 0.6 51.5868 -1.29843 1.85502 91.3749 -1.94925 -0.942565
0.35 0.65 65.8767 -1.25431 3.03199 96.9948 -1.55391 -1.92734
0.35 0.7 75.9512 -0.755873 3.82786 100.428 -0.835429 -2.60026
0.35 0.75 79.4846 -6.13095e-08 4.0468 101.55 -6.81898e-08 -2.83865
0.35 0.8 75.9512 0.755873 3.82785 100.428 0.835429 -2.60026
0.35 0.85 65.8767 1.25431 3.03206 96.9948 1.55391 -1.92734
0.35 0.9 51.5868 1.29843 1.85476 91.3749 1.94925 -0.942565
0.35 0.95 36.705 1.04118 0.693743 84.1084 2.01809 0.167828
0.35 1 24.3598 0.685473 -0.149932 76.0963 1.77958 1.21694
0.4 0 24.2618 0.950309 -0.139741 76.2 2.48818 1.21699
0.4 0.05 17.7266 0.543463 -0.752597 70.4181 1.77563 2.51239
0.4 0.1 12.5153 0.216123 -0.959546 64.4105 0.896566 3.45745
0.4 0.15 9.20262 0.0726398 -0.976338 59.4846 0.359151 4.03631
0.4 0.2 7.4516 0.0199587 -0.925941 56.3101 0.105612 4.32834
0.4 0.25 6.90813 1.06026e-08 -0.901164 55.2127 7.2668e-08 4.41431
0.4 0.3 7.4516 -0.0199586 -0.926015 56.3101 -0.105612 4.32834
0.4 0.35 9.20263 -0.0726397 -0.976042 59.4846 -0.359151 4.03631
0.4 0.4 12.5153 -0.216123 -0.960658 64.4106 -0.896566 3.45745
0.4 0.45 17.7266 -0.543463 -0.748451 70.4181 -1.77563 2.51239
0.4 0.5 24.2618 -0.95031 -0.15522 76.2 -2.48818 1.21699
0.4 0.55 32.8537 -1.20122 0.903041 81.9442 -2.55384 -0.262692
0.4 0.6 43.6142 -1.31717 2.35618 87.6449 -2.28595 -1.774
0.4 0.65 54.0948 -1.1786 3.94047 92.2535 -1.75148 -3.10118
0.4 0.7 61.718 -0.701459 5.16293 95.1856 -0.946829 -4.00975
0.4 0.75 64.5007 -1.00845e-07 5.62567 96.1872 -1.29799e-07 -4.33272
0.4 0.8 61.718 0.701459 5.16285 95.1856 0.946829 -4.00975
0.4 0.85 54.0948 1.1786 3.94076 92.2535 1.75148 -3.10117
0.4 0.9 43.6142 1.31717 2.35507 87.6449 2.28595 -1.774
0.4 0.95 32.8536 1.20122 0.907189 81.9442 2.55384 -0.262692
0.4 1 24.2618 0.950309 -0.170699 76.2 2.48818 1.21699
0.45 0 24.1922 1.19046 -0.156403 76.3174 3.11415 1.25768
0.45 0.05 20.8991 0.830873 -0.950309 73.4203 2.43304 2.89318
0.45 0.1 17.8829 0.433687 -1.54349 70.3559 1.44525 4.23847
0.45 0.15 15.8521 0.203645 -1.90427 67.9998 0.740679 5.2184
0.45 0.2 14.6731 0.0811545 -2.06854 66.526 0.311524 5.80743
0.45 0.25 14.2831 2.75209e-08 -2.11462 66.0195 1.12068e-07 6.00289
0.45 0.3 14.6731 -0.0811545 -2.06869 66.526 -0.311524 5.80743
0.45 0.35 15.8521 -0.203645 -1.90368 67.9998 -0.740678 5.2184
0.45 0.4 17.8829 -0.433687 -1.54571 70.3559 -1.44525 4.23847
0.45 0.45 20.8991 -0.830873 -0.942026 73.4203 -2.43304 2.89318
0.45 0.5 24.1923 -1.19046 -0.187321 76.3174 -3.11415 1.25768
0.45 0.55 28.525 -1.19118 0.867041 79.2746 -2.82469 -0.480381
0.45 0.6 34.3364 -1.07831 2.27322 82.6281 -2.26044 -2.1699
0.45 0.65 39.8782 -0.851129 3.71481 85.4736 -1.61391 -3.61143
0.45 0.7 43.8724 -0.47623 4.81193 87.3397 -0.846203 -4.58485
0.45 0.75 45.3283 -7.07469e-08 5.22269 87.9886 -1.16927e-07 -4.92903
0.45 0.8 43.8724 0.47623 4.81179 87.3397 0.846203 -4.58485
0.45 0.85 39.8782 0.851128 3.7154 85.4736 1.61391 -3.61143
0.45 0.9 34.3364 1.07831 2.271 82.6281 2.26044 -2.1699
0.45 0.95 28.525 1.19118 0.875326 79.2746 2.82469 -0.480381
0.45 1 24.1922 1.19046 -0.218238 76.3174 3.11415 1.25768
0.5 0 24.1556 1.4101 -0.155791 76.3699 3.64037 1.33294
0.5 0.05 24.433 1.09994 -1.13463 76.3534 2.90572 3.15543
0.5 0.1 25.2519 0.742933 -2.23783 76.5981 1.9615 4.81516
0.5 0.15 26.1804 0.466495 -3.18241 76.9716 1.21439 6.15417
0.5 0.2 26.8667 0.230783 -3.80992 77.2693 0.593003 7.02586
0.5 0.25 27.1163 9.68552e-10 -4.03172 77.3794 1.03612e-08 7.32845
0.5 0.3 26.8667 -0.230784 -3.81018 77.2693 -0.593003 7.02586
0.5 0.35 26.1804 -0.466495 -3.18136 76.9716 -1.21439 6.15417
0.5 0.4 25.2519 -0.742934 -2.24176 76.5982 -1.9615 4.81516
0.5 0.45 24.433 -1.09994 -1.11996 76.3534 -2.90572 3.15543
0.5 0.5 24.1556 -1.4101 -0.210546 76.3699 -3.64037 1.33294
0.5 0.55 24.496 -1.10204 0.695575 76.4194 -2.90759 -0.490547
0.5 0.6 25.3987 -0.748261 1.80692 76.7256 -1.96562 -2.14488
0.5 0.65 26.3981 -0.4721 2.73613 77.1492 -1.21913 -3.47528
0.5 0.7 27.1336 -0.234206 3.35844 77.4802 -0.595932 -4.3404
0.5 0.75 27.401 3.23508e-09 3.57784 77.6021 9.23059e-09 -4.64064
0.5 0.8 27.1336 0.234206 3.35817 77.4802 0.595932 -4.3404
0.5 0.85 26.3981 0.4721 2.73718 77.1492 1.21913 -3.47528
0.5 0.9 25.3986 0.74826 1.80299 76.7256 1.96561 -2.14488
0.5 0.95 24.496 1.10204 0.710246 76.4193 2.90758 -0.490546
0.5 1 24.1556 1.4101 -0.2653 76.3699 3.64037 1.33294
0.55 0 24.1877 1.17791 -0.202409 76.315 3.10247 1.40605
0.55 0.05 28.4433 1.17003 -1.36919 79.2069 2.80876 3.24457
0.55 0.1 34.1569 1.05159 -2.86341 82.499 2.24461 5.04609
0.55 0.15 39.5959 0.826195 -4.3996 85.2915 1.59896 6.58087
0.55 0.2 43.5111 0.461152 -5.56123 87.1216 0.837528 7.61451
0.55 0.25 44.9373 -7.55499e-08 -5.99567 87.7577 -1.18514e-07 7.97946
0.55 0.3 43.5111 -0.461152 -5.56138 87.1216 -0.837529 7.61451
0.55 0.35 39.5959 -0.826196 -4.399 85.2915 -1.59896 6.58087
0.55 0.4 34.1569 -1.05159 -2.86565 82.499 -2.24461 5.04609
0.55 0.45 28.4433 -1.17003 -1.3608 79.2069 -2.80876 3.24458
0.55 0.5 24.1878 -1.17791 -0.233732 76.315 -3.10247 1.40605
0.55 0.55 20.9525 -0.820402 0.578313 73.4796 -2.42468 -0.330769
0.55 0.6 17.9858 -0.425585 1.23915 70.4679 -1.43825 -1.78555
0.55 0.65 15.9869 -0.198705 1.63673 68.1517 -0.734157 -2.85119
0.55 0.7 14.8239 -0.0788307 1.82537 66.7029 -0.30831 -3.49449
0.55 0.75 14.4387 2.8166e-08 1.87919 66.2048 1.10708e-07 -3.70872
0.55 0.8 14.8239 0.0788308 1.82522 66.7029 0.30831 -3.49448
0.55 0.85 15.9869 0.198705 1.63733 68.1517 0.734157 -2.85119
0.55 0.9 17.9858 0.425585 1.2369 70.4679 1.43825 -1.78555
0.55 0.95 20.9525 0.820401 0.586706 73.4796 2.42468 -0.330769
0.55 1 24.1877 1.17791 -0.265055 76.315 3.10247 1.40605
0.6 0 24.2546 0.918593 -0.250733 76.1965 2.45511 1.4414
0.6 0.05 32.7671 1.15751 -1.47834 81.8836 2.52258 3.11957
0.6 0.1 43.4311 1.26499 -3.11446 87.5297 2.25872 4.82618
0.6 0.15 53.8111 1.13045 -4.88573 92.0912 1.72922 6.30981
0.6 0.2 61.359 0.6724 -6.24448 94.9911 0.934201 7.3172
0.6 0.25 64.1136 -1.06835e-07 -6.75749 95.9813 -1.3315e-07 7.6738
0.6 0.3 61.359 -0.6724 -6.24456 94.9911 -0.934202 7.3172
0.6 0.35 53.8111 -1.13045 -4.88544 92.0912 -1.72922 6.30981
0.6 0.4 43.4311 -1.26499 -3.11557 87.5297 -2.25872 4.82618
0.6 0.45 32.7671 -1.15752 -1.47417 81.8836 -2.52258 3.11957
0.6 0.5 24.2546 -0.918594 -0.266268 76.1965 -2.45511 1.4414
0.6 0.55 17.7699 -0.520915 0.441719 70.4664 -1.7479 -0.0555695
0.6 0.6 12.5793 -0.201522 0.746784 64.4979 -0.875463 -1.21153
0.6 0.65 9.27194 -0.0647558 0.821194 59.5982 -0.343567 -1.96407
0.6 0.7 7.51947 -0.0165713 0.802158 56.438 -0.0976713 -2.36823
0.6 0.75 6.97473 1.06456e-08 0.786872 55.3449 7.16118e-08 -2.49299
0.6 0.8 7.51947 0.0165714 0.802084 56.438 0.0976717 -2.36823
0.6 0.85 9.27194 0.0647559 0.821491 59.5982 0.343568 -1.96407
0.6 0.9 12.5793 0.201522 0.745668 64.4979 0.875463 -1.21153
0.6 0.95 17.7699 0.520914 0.44588 70.4664 1.7479 -0.0555695
0.6 1 24.2546 0.918593 -0.281802 76.1965 2.45511 1.4414
0.65 0 24.3525 0.640807 -0.272306 76.0928 1.7354 1.43657
0.65 0.05 36.6321 0.978356 -1.33385 84.0627 1.97648 2.76425
0.65 0.1 51.4407 1.22541 -2.76026 91.2887 1.91491 4.12662
0.65 0.15 65.6681 1.18896 -4.19703 96.8742 1.52828 5.30556
0.65 0.2 75.7087 0.717462 -5.17993 100.284 0.821372 6.09672
0.65 0.25 79.2368 -6.50195e-08 -5.46688 101.397 -6.97824e-08 6.37367
0.65 0.3 75.7087 -0.717462 -5.17995 100.284 -0.821373 6.09672
0.65 0.35 65.6681 -1.18896 -4.19696 96.8742 -1.52828 5.30556
0.65 0.4 51.4407 -1.22541 -2.76053 91.2887 -1.91491 4.12662
0.65 0.45 36.6321 -0.978356 -1.33284 84.0627 -1.97648 2.76425
0.65 0.5 24.3525 -0.640808 -0.276097 76.0929 -1.7354 1.43657
0.65 0.55 15.2951 -0.300854 0.258662 67.7973 -1.13519 0.299451
0.65 0.6 9.09976 -0.091212 0.383769 59.5263 -0.493597 -0.524872
0.65 0.65 5.58058 -0.0212542 0.349911 52.6427 -0.150345 -1.00953
0.65 0.7 3.917 -0.00240013 0.296164 48.1514 -0.0140162 -1.23872
0.65 0.75 3.43886 -3.03079e-09 0.275252 46.5976 -3.27132e-08 -1.30256
0.65 0.8 3.917 0.00240015 0.296146 48.1514 0.0140164 -1.23872
0.65 0.85 5.58058 0.0212542 0.349983 52.6427 0.150345 -1.00953
0.65 0.9 9.09976 0.0912119 0.383496 59.5263 0.493597 -0.524872
0.65 0.95 15.2951 0.300854 0.259677 67.7973 1.13519 0.299451
0.65 1 24.3525 0.640807 -0.279886 76.0928 1.7354 1.43657
0.7 0 24.4347 0.318107 -0.255539 76.0278 0.888809 1.39227
0.7 0.05 39.2955 0.561545 -0.932571 85.4692 1.09841 2.19901
0.7 0.1 56.7192 0.780789 -1.81528 93.5641 1.13564 3.01335
0.7 0.15 72.8662 0.824137 -2.6001 99.5657 0.953348 3.70172
0.7 0.2 83.4954 0.549829 -2.9278 103.026 0.536219 4.14917
0.7 0.25 86.6221 -3.59168e-08 -2.87254 104.037 -3.19049e-08 4.29912
0.7 0.3 83.4954 -0.549829 -2.9278 103.026 -0.536219 4.14917
0.7 0.35 72.8662 -0.824137 -2.60012 99.5657 -0.953348 3.70172
0.7 0.4 56.7192 -0.780789 -1.8152 93.5641 -1.13564 3.01336
0.7 0.45 39.2955 -0.561546 -0.932887 85.4692 -1.09841 2.19901
0.7 0.5 24.4348 -0.318107 -0.254359 76.0279 -0.88881 1.39227
0.7 0.55 13.7698 -0.12781 0.072019 65.9725 -0.540949 0.702573
0.7 0.6 7.23201 -0.0364745 0.134004 56.2404 -0.237391 0.206537
0.7 0.65 3.88632 -0.0133215 0.108659 48.2393 -0.122304 -0.0844298
0.7 0.7 2.44425 -0.00844461 0.0788275 43.0557 -0.103486 -0.223706
0.7 0.75 2.0595 -4.99228e-09 0.0668505 41.3066 -7.45005e-08 -0.265129
0.7 0.8 2.44425 0.00844462 0.0788331 43.0557 0.103486 -0.223706
0.7 0.85 3.88632 0.0133215 0.108636 48.2393 0.122304 -0.0844298
0.7 0.9 7.23201 0.0364744 0.134089 56.2404 0.237391 0.206537
0.7 0.95 13.7698 0.12781 0.0717026 65.9725 0.540949 0.702573
0.7 1 24.4347 0.318107 -0.253178 76.0278 0.888809 1.39227
0.75 0 24.4671 -0.0282291 -0.211627 76.006 -0.0270292 1.3245
0.75 0.05 40.2552 -0.0396696 -0.352589 85.9605 -0.0244732 1.49852
0.75 0.1 58.5442 -0.0426648 -0.517778 94.3302 -0.0179338 1.64524
0.75 0.15 75.1607 -0.031842 -0.667519 100.425 -0.0101411 1.75222
0.75 0.2 85.3732 -0.0124016 -0.756471 103.812 -0.0045171 1.81164
0.75 0.25 87.9563 -9.99169e-10 -0.77614 104.728 -4.58679e-10 1.82771
0.75 0.3 85.3732 0.0124016 -0.756471 103.812 0.0045171 1.81164
0.75 0.35 75.1607 0.031842 -0.667519 100.425 0.0101411 1.75222
0.75 0.4 58.5442 0.0426648 -0.517778 94.3302 0.0179338 1.64524
0.75 0.45 40.2552 0.0396695 -0.352591 85.9606 0.0244732 1.49852
0.75 0.5 24.4671 0.0282291 -0.211621 76.006 0.0270292 1.3245
0.75 0.55 13.2554 0.0159157 -0.113531 65.3207 0.0249023 1.13825
0.75 0.6 6.65157 0.00716327 -0.0569139 55.0927 0.018921 0.960357
0.75 0.65 3.42282 0.00261369 -0.0295842 46.7988 0.0109904 0.816261
0.75 0.7 2.10988 0.000732974 -0.0185409 41.611 0.00420252 0.726101
0.75 0.75 1.78749 2.21883e-11 -0.0158733 39.9916 1.70541e-10 0.697934
0.75 0.8 2.10988 -0.000732974 -0.0185409 41.611 -0.00420252 0.726101
0.75 0.85 3.42282 -0.00261369 -0.0295843 46.7988 -0.0109904 0.816261
0.75 0.9 6.65157 -0.00716326 -0.0569135 55.0927 -0.0189209 0.960357
0.75 0.95 13.2554 -0.0159156 -0.113532 65.3207 -0.0249023 1.13825
0.75 1 24.4671 -0.0282291 -0.211616 76.006 -0.0270292 1.3245
0.8 0 24.4392 -0.371557 -0.1675 76.0299 -0.940392 1.25791
0.8 0.05 39.337 -0.636812 0.244708 85.4937 -1.14577 0.781417
0.8 0.1 56.7977 -0.864359 0.81378 93.6099 -1.17233 0.250604
0.8 0.15 72.964 -0.892847 1.30622 99.6293 -0.977627 -0.2275
0.8 0.2 83.5833 -0.584508 1.44196 103.102 -0.549046 -0.55378
0.8 0.25 86.6895 3.45403e-08 1.33053 104.118 3.15578e-08 -0.668286
0.8 0.3 83.5833 0.584508 1.44196 103.102 0.549046 -0.55378
0.8 0.35 72.964 0.892847 1.30624 99.6293 0.977627 -0.2275
0.8 0.4 56.7977 0.864359 0.813693 93.61 1.17233 0.250604
0.8 0.45 39.337 0.636813 0.245029 85.4937 1.14577 0.781417
0.8 0.5 24.4392 0.371558 -0.1687 76.0299 0.940393 1.25791
0.8 0.55 13.7558 0.158983 -0.307832 65.9555 0.588376 1.5966
0.8 0.6 7.2174 0.0514635 -0.256688 56.2118 0.274507 1.75351
0.8 0.65 3.87573 0.0194044 -0.173669 48.2054 0.14648 1.76595
0.8 0.7 2.43647 0.0106186 -0.118826 43.0187 0.116797 1.72476
0.8 0.75 2.05302 5.13027e-09 -0.100095 41.2697 7.4811e-08 1.70538
0.8 0.8 2.43647 -0.0106186 -0.118831 43.0187 -0.116797 1.72476
0.8 0.85 3.87573 -0.0194045 -0.173647 48.2054 -0.14648 1.76595
0.8 0.9 7.2174 -0.0514634 -0.256774 56.2118 -0.274507 1.75351
0.8 0.95 13.7558 -0.158983 -0.30751 65.9555 -0.588377 1.5966
0.8 1 24.4392 -0.371557 -0.169899 76.0299 -0.940392 1.25791
0.85 0 24.3597 -0.685472 -0.149791 76.0963 -1.77958 1.21694
0.85 0.05 36.705 -1.04118 0.693222 84.1083 -2.01809 0.167828
0.85 0.1 51.5868 -1.29842 1.85286 91.3749 -1.94925 -0.942565
0.85 0.15 65.8767 -1.25431 3.0281 96.9948 -1.55391 -1.92734
0.85 0.2 75.9512 -0.755873 3.82211 100.428 -0.835429 -2.60026
0.85 0.25 79.4846 6.12874e-08 4.04035 101.55 6.78445e-08 -2.83865
0.85 0.3 75.9512 0.755873 3.82212 100.428 0.835429 -2.60026
0.85 0.35 65.8767 1.25431 3.02803 96.9948 1.55391 -1.92734
0.85 0.4 51.5868 1.29842 1.85312 91.3749 1.94925 -0.942565
0.85 0.45 36.705 1.04118 0.692232 84.1084 2.01809 0.167828
0.85 0.5 24.3598 0.685473 -0.1461 76.0963 1.77958 1.21694
0.85 0.55 15.2663 0.329483 -0.522014 67.7638 1.17534 2.06372
0.85 0.6 9.06501 0.107079 -0.540393 59.4679 0.52562 2.59854
0.85 0.65 5.55006 0.0285848 -0.447832 52.5704 0.172033 2.84236
0.85 0.7 3.8914 0.00511369 -0.367487 48.0733 0.0241515 2.91454
0.85 0.75 3.41515 3.23137e-09 -0.339158 46.5184 3.32921e-08 2.92408
0.85 0.8 3.8914 -0.00511371 -0.367469 48.0733 -0.0241517 2.91454
0.85 0.85 5.55006 -0.0285848 -0.447903 52.5704 -0.172033 2.84236
0.85 0.9 9.065 -0.107079 -0.540127 59.4679 -0.525619 2.59854
0.85 0.95 15.2662 -0.329483 -0.523002 67.7637 -1.17534 2.06372
0.85 1 24.3597 -0.685472 -0.142407 76.0963 -1.77958 1.21694
0.9 0 24.2618 -0.950309 -0.171219 76.2 -2.48818 1.21699
0.9 0.05 32.8536 -1.20122 0.909128 81.9441 -2.55384 -0.262692
0.9 0.1 43.6142 -1.31717 2.36214 87.6449 -2.28595 -1.774
0.9 0.15 54.0948 -1.1786 3.95546 92.2535 -1.75148 -3.10117
0.9 0.2 61.718 -0.701459 5.18417 95.1856 -0.946829 -4.00975
0.9 0.25 64.5007 9.88434e-08 5.64963 96.1872 1.27482e-07 -4.33272
0.9 0.3 61.718 0.701459 5.18424 95.1856 0.946829 -4.00975
0.9 0.35 54.0948 1.1786 3.95517 92.2535 1.75148 -3.10117
0.9 0.4 43.6142 1.31717 2.36325 87.6449 2.28595 -1.774
0.9 0.45 32.8537 1.20122 0.904979 81.9442 2.55384 -0.262692
0.9 0.5 24.2618 0.95031 -0.15574 76.2 2.48818 1.21699
0.9 0.55 17.7266 0.543463 -0.74656 70.4181 1.77563 2.51239
0.9 0.6 12.5153 0.216123 -0.953561 64.4105 0.896566 3.45745
0.9 0.65 9.20262 0.0726396 -0.961306 59.4846 0.359151 4.03631
0.9 0.7 7.45159 0.0199586 -0.904667 56.3101 0.105612 4.32834
0.9 0.75 6.90812 -1.01847e-08 -0.877184 55.2127 -6.98436e-08 4.41431
0.9 0.8 7.45159 -0.0199586 -0.904593 56.3101 -0.105612 4.32834
0.9 0.85 9.20262 -0.0726397 -0.961602 59.4846 -0.359151 4.03631
0.9 0.9 12.5153 -0.216123 -0.952449 64.4105 -0.896565 3.45745
0.9 0.95 17.7266 -0.543462 -0.750707 70.4181 -1.77563 2.51239
0.9 1 24.2618 -0.950309 -0.140261 76.2 -2.48818 1.21699
0.95 0 24.1922 -1.19046 -0.216295 76.3174 -3.11415 1.25768
0.95 0.05 28.525 -1.19118 0.868096 79.2746 -2.82469 -0.480381
0.95 0.1 34.3364 -1.07831 2.24463 82.6281 -2.26044 -2.16989
0.95 0.15 39.8782 -0.851128 3.66056 85.4736 -1.61391 -3.61143
0.95 0.2 43.8724 -0.47623 4.73226 87.3397 -0.846202 -4.58485
0.95 0.25 45.3283 6.75182e-08 5.13334 87.9886 1.11049e-07 -4.92902
0.95 0.3 43.8724 0.47623 4.73241 87.3397 0.846203 -4.58485
0.95 0.35 39.8782 0.851129 3.65997 85.4736 1.61391 -3.61143
0.95 0.4 34.3364 1.07831 2.24685 82.6281 2.26044 -2.1699
0.95 0.45 28.525 1.19118 0.859812 79.2746 2.82469 -0.480381
0.95 0.5 24.1922 1.19046 -0.185378 76.3174 3.11415 1.25768
0.95 0.55 20.8991 0.830873 -0.949074 73.4203 2.43304 2.89318
0.95 0.6 17.8829 0.433687 -1.57219 70.3559 1.44525 4.23847
0.95 0.65 15.8521 0.203645 -1.95864 67.9998 0.740679 5.2184
0.95 0.7 14.6731 0.0811544 -2.14832 66.526 0.311524 5.80743
0.95 0.75 14.2831 -2.6926e-08 -2.20408 66.0195 -1.08894e-07 6.00289
0.95 0.8 14.6731 -0.0811545 -2.14817 66.526 -0.311524 5.80743
0.95 0.85 15.8521 -0.203645 -1.95923 67.9998 -0.740679 5.2184
0.95 0.9 17.8829 -0.433687 -1.56997 70.3559 -1.44525 4.23847
0.95 0.95 20.8991 -0.830872 -0.957357 73.4203 -2.43304 2.89318
0.95 1 24.1922 -1.19046 -0.154461 76.3174 -3.11415 1.25768
1 0 24.1555 -1.4101 -0.27255 76.3699 -3.64037 1.33294
1 0.05 24.4959 -1.10204 0.737229 76.4193 -2.90758 -0.490546
1 0.1 25.3986 -0.74826 1.9014 76.7256 -1.96561 -2.14488
1 0.15 26.3981 -0.472099 2.94184 77.1491 -1.21913 -3.47528
1 0.2 27.1336 -0.234205 3.65495 77.4802 -0.595932 -4.34039
1 0.25 27.401 -4.355e-09 3.91132 77.602 -1.13322e-08 -4.64064
1 0.3 27.1336 0.234205 3.65521 77.4802 0.595932 -4.34039
1 0.35 26.3981 0.4721 2.94079 77.1491 1.21913 -3.47528
1 0.4 25.3986 0.748261 1.90533 76.7256 1.96561 -2.14488
1 0.45 24.496 1.10204 0.722558 76.4193 2.90758 -0.490546
1 0.5 24.1556 1.4101 -0.217795 76.3699 3.64037 1.33294
1 0.55 24.433 1.09994 -1.09365 76.3534 2.90572 3.15543
1 0.6 25.2519 0.742933 -2.14296 76.5981 1.9615 4.81516
1 0.65 26.1804 0.466494 -2.97621 76.9716 1.21439 6.15417
1 0.7 26.8666 0.230783 -3.51297 77.2693 0.593003 7.02585
1 0.75 27.1163 -1.48326e-09 -3.69786 77.3793 -1.11535e-08 7.32844
1 0.8 26.8666 -0.230783 -3.51271 77.2692 -0.593002 7.02585
1 0.85 26.1804 -0.466494 -2.97726 76.9716 -1.21439 6.15417
1 0.9 25.2519 -0.742932 -2.13903 76.5981 -1.9615 4.81516
1 0.95 24.433 -1.09994 -1.10832 76.3533 -2.90572 3.15542
1 1 24.1555 -1.4101 -0.163039 76.3699 -3.64037 1.33294
