0.000000	0.000000	0.000000	0.000000	0.065789
20.000000	0.000000	0.000000	0.000000	0.003190
40.000000	0.000000	-0.000000	0.000000	-0.136295
60.000000	-0.000000	0.000000	0.000000	-0.060621
80.000000	0.000003	-0.000002	3.725451	2.807506
100.000000	0.000051	-0.000041	6.738080	5.217422
120.000000	0.000352	-0.000347	10.838801	8.552435
140.000000	0.001891	-0.002206	16.438547	13.341085
160.000000	0.008783	-0.011514	23.564965	19.977704
180.000000	0.035044	-0.048119	31.725604	28.527836
200.000000	0.111823	-0.156080	40.163207	38.067642
220.000000	0.282052	-0.390454	48.736023	47.351810
240.000000	0.584209	-0.784813	57.156258	55.982472
260.000000	1.042530	-1.351936	64.792527	63.874536
280.000000	1.667847	-2.087718	71.572812	70.909669
300.000000	2.461484	-2.977675	77.546203	77.173884
320.000000	3.416753	-3.997996	82.769594	82.739456
340.000000	4.518548	-5.110697	87.383969	87.568316
360.000000	5.744489	-6.266726	91.486742	91.672871
380.000000	7.065242	-7.408473	95.134547	95.034667
400.000000	8.445299	-8.456202	98.603844	97.361426
420.000000	9.848845	-9.309062	102.164086	98.624968
440.000000	11.243205	-9.921191	105.424234	99.329146
460.000000	12.596944	-10.307964	107.884016	99.662886
480.000000	13.881142	-10.523867	109.283070	99.547900
500.000000	15.075101	-10.592727	110.064789	97.307669
520.000000	16.170809	-10.473204	111.359719	94.016979
540.000000	17.170948	-10.198041	113.401258	89.309978
560.000000	18.083242	-9.850256	115.804039	84.232296
580.000000	18.917280	-9.476988	118.661547	78.752562
600.000000	19.683142	-9.134083	121.965000	73.158776
620.000000	20.391232	-8.867458	125.122703	68.828079
640.000000	21.051008	-8.603724	128.002047	65.006439
660.000000	21.667833	-8.293719	130.965758	60.830528
680.000000	22.242908	-7.937096	134.391188	56.416308
700.000000	22.776127	-7.582189	138.007953	53.207356
720.000000	23.267836	-7.312019	140.752625	52.603789
740.000000	23.718962	-7.078174	142.373500	53.081159
760.000000	24.130592	-6.842200	143.388734	53.308303
780.000000	24.503891	-6.611182	144.138969	53.337699
800.000000	24.840340	-6.384243	144.710328	53.328944
820.000000	25.141932	-6.162540	145.049891	53.273017
840.000000	25.411072	-5.933203	145.171547	53.187576
860.000000	25.650362	-5.699622	145.030625	53.120923
880.000000	25.862495	-5.448380	144.597141	52.846690
900.000000	26.050240	-5.183915	143.742141	52.453370
920.000000	26.216497	-4.896067	142.404234	51.367667
940.000000	26.364431	-4.535211	141.046844	48.451308
960.000000	26.497627	-4.100051	140.200609	43.546279
980.000000	26.620718	-3.607908	140.243734	36.809670
1000.000000	26.740637	-3.149394	141.001672	30.422959
1020.000000	26.867678	-2.937098	141.358359	27.267165
1040.000000	27.015381	-3.026884	140.937312	26.258470
1060.000000	27.198597	-3.333724	140.587188	25.558154
1080.000000	27.431244	-3.813204	140.695766	25.465574
1100.000000	27.726103	-4.377253	141.184953	25.194919
1120.000000	28.093790	-4.997478	142.200859	24.845057
1140.000000	28.538486	-5.749898	144.046859	24.826232
1160.000000	29.055658	-6.583098	146.821125	25.673329
1180.000000	29.635159	-7.315653	150.275156	27.391757
1200.000000	30.265852	-7.855536	153.518281	30.862821
1220.000000	30.935226	-8.218183	155.369016	36.045609
1240.000000	31.627930	-8.469644	155.719953	40.331469
1260.000000	32.331390	-8.675103	155.483484	42.757957
1280.000000	33.040329	-8.848289	155.487906	43.458871
1300.000000	33.754013	-9.006753	156.069422	43.309266
1320.000000	34.473381	-9.191723	157.009797	43.413211
1340.000000	35.200493	-9.400400	157.975156	43.996082
1360.000000	35.937717	-9.634590	158.814156	44.864996
1380.000000	36.687031	-9.898905	159.593422	45.803312
1400.000000	37.450191	-10.214435	160.316906	47.053012
1420.000000	38.229202	-10.596724	160.817141	48.727590
1440.000000	39.026123	-10.992474	161.196953	50.132254
1460.000000	39.841778	-11.380301	161.710469	51.019656
1480.000000	40.675102	-11.775691	162.485859	51.589262
1500.000000	41.524094	-12.159469	163.741000	51.824027
1520.000000	42.387062	-12.550439	165.543859	52.477406
1540.000000	43.262867	-13.013183	167.394906	54.821832
1560.000000	44.150166	-13.558601	168.627844	59.188371
1580.000000	45.046711	-14.174161	168.680219	65.363586
1600.000000	45.949718	-14.910976	166.788250	73.292635
1620.000000	46.856754	-15.698250	162.965547	80.245154
1640.000000	47.766003	-16.361488	158.710766	84.132315
1660.000000	48.675564	-16.857189	155.510953	84.547315
1680.000000	49.582737	-17.077158	154.384250	82.223593
1700.000000	50.484180	-17.203533	154.270328	80.616856
1720.000000	51.376759	-17.496082	152.714031	81.406598
1740.000000	52.258121	-17.623911	150.331234	79.834255
1760.000000	53.126453	-17.435738	149.514344	73.346204
1780.000000	53.979862	-16.883915	152.109875	62.449485
1800.000000	54.816048	-16.147535	157.804406	51.447171
1820.000000	55.632553	-15.787215	163.349609	47.039404
1840.000000	56.427307	-15.606959	166.997234	46.992701
1860.000000	57.198948	-15.345156	169.521422	47.012109
1880.000000	57.947079	-15.155592	171.459563	47.364543
1900.000000	58.671871	-15.044733	172.936484	47.928991
1920.000000	59.372120	-14.973565	174.295016	48.187206
1940.000000	60.044018	-14.961932	175.816781	48.486056
1960.000000	60.681805	-14.952262	177.501875	49.213099
1980.000000	61.277992	-14.793835	179.285625	50.141117
2000.000000	61.823341	-14.406240	180.948828	51.289238
2020.000000	62.308151	-13.761144	182.166125	52.472924
2040.000000	62.724365	-12.869474	182.841422	53.093710
2060.000000	63.068432	-11.854035	182.989828	53.187088
2080.000000	63.343239	-10.833991	182.613125	53.280548
2100.000000	63.557125	-9.852763	181.843813	53.001202
2120.000000	63.720997	-8.926070	180.772000	52.555303
2140.000000	63.845573	-8.021951	179.243109	52.141926
2160.000000	63.940041	-7.053782	177.060781	51.657391
2180.000000	64.012482	-6.157687	173.790484	50.650840
2200.000000	64.071159	-5.289709	169.705016	46.573756
2220.000000	64.125389	-4.420949	166.322781	39.237941
2240.000000	64.185425	-4.074439	164.484672	31.929532
2260.000000	64.261131	-4.279313	164.041172	26.566088
2280.000000	64.360100	-4.687444	164.554922	22.831025
2300.000000	64.487022	-5.121133	165.348672	20.518336
2320.000000	64.644623	-5.423531	165.877938	18.489923
2340.000000	64.834312	-5.636981	166.286375	15.528251
2360.000000	65.056541	-5.871896	167.100281	11.523350
2380.000000	65.310791	-6.042144	168.839141	6.571874
2400.000000	65.594528	-6.158177	171.814891	1.616864
2420.000000	65.902992	-6.321086	175.549141	-0.999647
2440.000000	66.230118	-6.414382	179.223672	-1.770350
2460.000000	66.569160	-6.370992	182.596969	-2.010968
2480.000000	66.913460	-6.362522	185.533000	-1.358344
2500.000000	67.257339	-6.341189	188.115266	-1.293832
2520.000000	67.596062	-6.255964	191.210609	-2.434787
2540.000000	67.925171	-6.267421	195.364281	-2.293185
2560.000000	68.239883	-6.404077	199.995672	1.156715
2580.000000	68.535103	-6.618406	203.915781	7.945089
2600.000000	68.806175	-6.871212	205.882484	16.986400
2620.000000	69.049538	-7.028679	205.567141	25.218789
2640.000000	69.263412	-7.041234	203.972578	30.431127
2660.000000	69.448174	-6.983951	202.163609	32.885378
2680.000000	69.605698	-6.791575	200.949969	32.843731
2700.000000	69.738419	-6.527719	200.585391	31.979766
2720.000000	69.848854	-6.355997	200.250734	32.385167
2740.000000	69.939590	-6.186193	199.297250	33.036021
2760.000000	70.013245	-5.903524	198.027500	31.979087
2780.000000	70.072342	-5.651608	196.570672	29.562208
2800.000000	70.119156	-5.252892	195.583469	23.654382
2820.000000	70.155533	-4.607167	196.617750	14.451404
2840.000000	70.183052	-4.103576	199.950313	6.898286
2860.000000	70.203049	-3.873555	204.420000	4.190610
2880.000000	70.216171	-3.978389	208.317641	6.770323
2900.000000	70.223000	-4.274408	210.561641	11.265048
2920.000000	70.225319	-4.440563	212.300328	13.374921
2940.000000	70.225151	-4.676524	214.911406	15.473621
2960.000000	70.221909	-5.125801	217.899500	20.591502
2980.000000	70.212624	-5.685431	220.140016	28.728271
3000.000000	70.194595	-6.296216	220.715172	38.845871
3020.000000	70.164177	-6.745739	219.518953	48.294168
3040.000000	70.113228	-6.822984	217.232188	55.176977
3060.000000	70.027695	-6.539050	214.462266	59.406047
3080.000000	69.886894	-5.970233	211.647516	61.377781
3100.000000	69.666054	-5.146029	209.208344	61.507254
3120.000000	69.336815	-4.158407	207.210547	61.023508
3140.000000	68.862427	-3.056615	205.112844	61.021070
3160.000000	68.197578	-1.822570	202.472953	61.349305
3180.000000	67.296997	-0.542767	199.108547	62.022312
3200.000000	66.129288	0.676260	194.830828	63.140019
3220.000000	64.685928	1.823011	189.740656	64.539263
3240.000000	62.976337	2.899476	184.252516	63.934751
3260.000000	61.017078	3.949576	178.880812	62.454461
3280.000000	58.824196	4.999179	174.017641	59.858278
3300.000000	56.404808	5.972851	169.386500	57.232567
3320.000000	53.756165	6.838799	164.336625	54.766615
3340.000000	50.883129	7.618580	158.910703	51.036697
3360.000000	47.827206	8.210593	153.766500	45.297194
3380.000000	44.693027	8.482149	149.503578	37.970827
3400.000000	41.636871	8.391712	146.633438	29.826703
3420.000000	38.790928	7.943686	145.168625	22.629934
3440.000000	36.202530	7.329599	144.553250	17.403027
3460.000000	33.861572	6.706686	144.193219	14.112793
3480.000000	31.746572	6.061453	143.553891	12.757805
3500.000000	29.837803	5.449578	142.459703	11.880387
3520.000000	28.122448	4.917603	141.566125	10.174276
3540.000000	26.592152	4.391624	141.347438	9.232904
3560.000000	25.232061	3.880009	141.385984	10.303452
3580.000000	24.016523	3.425234	140.951344	13.323556
3600.000000	22.911823	3.059711	139.431375	17.177353
3620.000000	21.881451	2.848611	137.094297	19.579589
3640.000000	20.893915	2.754572	134.553563	20.434721
3660.000000	19.928617	2.721824	132.008312	20.325501
3680.000000	18.977224	2.732516	129.688156	19.328542
3700.000000	18.039509	2.737861	127.605797	18.493967
3720.000000	17.112854	2.716418	125.291664	18.366944
3740.000000	16.188620	2.706633	122.511680	17.827511
3760.000000	15.263050	2.694520	119.593344	16.025638
3780.000000	14.349032	2.642733	117.115578	13.061313
3800.000000	13.473892	2.514389	115.456266	10.236508
3820.000000	12.661457	2.297054	114.284375	9.121549
3840.000000	11.918434	2.062562	113.055641	9.038458
3860.000000	11.240079	1.854297	111.726281	8.941196
3880.000000	10.620094	1.661766	110.412219	8.841971
3900.000000	10.053638	1.485438	109.172086	8.639284
3920.000000	9.537573	1.322152	108.088219	8.395779
3940.000000	9.069280	1.168622	107.180828	8.325375
3960.000000	8.645124	1.029141	106.408578	8.481035
3980.000000	8.260283	0.908328	105.715313	8.842060
4000.000000	7.908738	0.806331	104.983844	10.045207
4020.000000	7.583467	0.727871	104.115031	9.881614
4040.000000	7.278020	0.671956	103.138484	10.253905
4060.000000	6.987982	0.628190	102.109742	10.376556
4080.000000	6.710977	0.590992	101.074906	10.450142
4100.000000	6.446092	0.556563	100.104258	10.357921
4120.000000	6.193211	0.520373	99.213219	10.145924
4140.000000	5.952295	0.482708	98.355992	10.103145
4160.000000	5.723070	0.446268	97.516867	10.120274
4180.000000	5.505169	0.410777	96.701820	10.123451
4200.000000	5.298353	0.376212	95.911687	10.030375
4220.000000	5.102526	0.342050	95.153711	9.951004
4240.000000	4.917602	0.308065	94.435461	9.969822
4260.000000	4.743436	0.274601	93.758437	9.902879
4280.000000	4.579841	0.242064	93.127484	9.844392
4300.000000	4.426651	0.209474	92.528531	9.896757
4320.000000	4.283816	0.178034	91.940953	9.844829
4340.000000	4.151309	0.147136	91.336766	9.851877
4360.000000	4.029030	0.117669	90.726156	9.718420
4380.000000	3.917251	0.087619	90.163422	9.259267
4400.000000	3.816927	0.055225	89.686891	8.696537
4420.000000	3.729052	0.020854	89.322563	8.217676
4440.000000	3.654097	-0.014910	89.095766	7.974071
4460.000000	3.592299	-0.052144	88.998016	7.876325
4480.000000	3.544005	-0.089883	88.983227	7.919507
4500.000000	3.509277	-0.124670	89.060422	7.926377
4520.000000	3.486252	-0.157684	89.268570	7.944903
4540.000000	3.472152	-0.189839	89.673391	7.936095
4560.000000	3.465609	-0.225627	90.341867	8.085597
4580.000000	3.464188	-0.263935	91.370398	8.406076
4600.000000	3.464718	-0.301781	92.953867	8.830617
4620.000000	3.466428	-0.329242	95.147563	9.324461
4640.000000	3.468785	-0.331608	97.632398	9.812057
4660.000000	3.470464	-0.307875	99.967898	10.146741
4680.000000	3.471344	-0.267124	101.959695	10.297929
4700.000000	3.470753	-0.216211	103.508727	10.402627
4720.000000	3.464034	-0.155511	104.581320	10.458132
4740.000000	3.442362	-0.085444	105.145625	10.514563
4760.000000	3.393768	-0.006415	105.161719	10.516172
4780.000000	3.304153	0.077901	104.554789	10.455479
4800.000000	3.158454	0.160127	103.243188	10.258529
4820.000000	2.943080	0.230770	101.162336	10.119424
4840.000000	2.650932	0.279656	98.248617	9.688566
4860.000000	2.284946	0.299788	94.436008	9.382980
4880.000000	1.858692	0.289185	89.554367	8.952090
4900.000000	1.396405	0.248710	83.380680	8.360430
4920.000000	0.934273	0.184512	75.578281	7.596386
4940.000000	0.522502	0.108958	65.765156	6.627035
4960.000000	0.219917	0.043326	53.907430	5.444270
4980.000000	0.058858	0.007855	41.405652	4.194673
5000.000000	0.000000	0.000000	0.000000	0.053166
