 0.0000     31.510      7.000     81.250    -11.207
 0.0256     24.150      5.770     76.252    -10.401
 0.0513     17.990      4.330     71.069     -9.470
 0.0769     12.860      3.070     65.498     -8.267
 0.1026      8.990      2.030     60.105     -6.888
 0.1282      6.200      1.270     54.987     -5.465
 0.1538      4.340      0.750     50.562     -4.035
 0.1795      3.190      0.410     47.136     -2.678
 0.2051      2.540      0.180     44.842     -1.338
 0.2308      2.310      0.040     43.932     -0.252
 0.2564      2.260     -0.030     43.767      0.506
 0.2821      2.360     -0.140     44.126      1.462
 0.3077      2.790     -0.330     45.730      2.745
 0.3333      3.640     -0.610     48.544      4.123
 0.3590      5.100     -1.060     52.498      5.583
 0.3846      7.350     -1.740     57.271      7.090
 0.4103     10.630     -2.700     62.570      8.593
 0.4359     15.110     -3.960     68.095     10.002
 0.4615     20.830     -5.470     73.582     11.220
 0.4872     27.700     -7.090     78.817     12.150
 0.5128     35.380     -8.590     83.628     12.714
 0.5385     43.430     -9.740     87.910     12.855
 0.5641     51.280    -10.330     91.585     12.524
 0.5897     58.460    -10.240     94.660     11.708
 0.6154     64.450     -9.390     97.155     10.560
 0.6410     68.860     -7.820     99.083      9.600
 0.6667     71.710     -6.140    100.212      7.928
 0.6923     73.870     -5.020    100.760      2.438
 0.7179     75.260     -3.440    101.939     -1.912
 0.7436     75.350     -0.400    103.212      4.107
 0.7692     74.440      1.680    102.489      6.166
 0.7949     73.610      2.110    101.161     -1.353
 0.8205     73.010      3.440    100.751     -6.189
 0.8462     71.070      5.780    100.051     -6.821
 0.8718     67.270      7.690     98.460     -7.766
 0.8974     61.880      8.830     96.222     -9.358
 0.9231     55.420      9.410     93.506    -10.595
 0.9487     47.760      9.310     90.069    -11.245
 0.9744     39.800      8.660     86.100    -11.484
 1.0000     31.510      7.420     81.250    -11.189
