 0.0000     25.310      1.530     78.624     -2.373
 0.0256     18.170      1.210     72.402     -2.140
 0.0513     12.850      0.820     66.442     -1.870
 0.0769      8.870      0.540     60.583     -1.568
 0.1026      6.090      0.330     55.197     -1.245
 0.1282      4.220      0.200     50.401     -0.927
 0.1538      3.000      0.110     46.338     -0.625
 0.1795      2.240      0.060     43.127     -0.345
 0.2051      1.800      0.020     40.876     -0.076
 0.2308      1.600      0.000     39.742      0.170
 0.2564      1.560     -0.020     39.511      0.399
 0.2821      1.670     -0.040     40.133      0.653
 0.3077      1.980     -0.070     41.856      0.944
 0.3333      2.570     -0.130     44.589      1.263
 0.3590      3.530     -0.210     48.228      1.616
 0.3846      5.040     -0.340     52.658      2.003
 0.4103      7.320     -0.550     57.765      2.415
 0.4359     10.650     -0.860     63.404      2.832
 0.4615     15.310     -1.280     69.400      3.233
 0.4872     21.570     -1.830     75.581      3.590
 0.5128     29.580     -2.480     81.782      3.877
 0.5385     39.340     -3.190     87.832      4.066
 0.5641     50.560     -3.860     93.546      4.131
 0.5897     62.720     -4.390     98.764      4.061
 0.6154     75.070     -4.640    103.366      3.845
 0.6410     86.630     -4.540    107.218      3.487
 0.6667     96.410     -4.010    110.221      2.993
 0.6923    103.400     -3.140    112.269      2.392
 0.7179    107.360     -2.060    113.447      1.724
 0.7436    108.130     -1.110    113.744      1.140
 0.7692    107.860     -0.340    113.652      0.637
 0.7949    105.920      0.730    113.022     -0.014
 0.8205    100.370      1.860    111.397     -0.710
 0.8462     92.030      2.710    108.913     -1.312
 0.8718     81.260      3.230    105.485     -1.814
 0.8974     69.190      3.350    101.257     -2.184
 0.9231     56.810      3.170     96.332     -2.422
 0.9487     44.990      2.760     90.841     -2.524
 0.9744     34.420      2.260     84.938     -2.514
 1.0000     25.310      1.720     78.624     -2.380
