0.0000      0.000      0.000      5.664      0.550
0.0400      0.070     -0.390     48.719     18.883
0.0800      8.620     -7.980    101.605     64.257
0.1200     26.600    -13.060    138.345     61.929
0.1600     29.240     -6.800    148.205     36.527
0.2000     31.980     -5.610    151.374     21.111
0.2400     35.190     -9.740    155.367     18.343
0.2800     51.010    -18.540    175.789     31.252
0.3200     70.060    -28.410    184.094     46.646
0.3600     95.660    -47.800    196.803     48.447
0.4000    142.690    -61.290    225.959     43.664
0.4400    151.220    -53.160     -0.354    116.416
0.4800    183.150     12.210      0.067    -89.083
0.5200    150.760     25.080    256.912     -2.347
0.5600    145.880      1.300    251.145     11.200
0.6000    122.080      2.940    238.846     15.128
0.6400    100.260      3.480    215.395     25.025
0.6800     53.980     11.630    164.081      2.555
0.7200     28.550      5.600    143.462     -3.168
0.7600     16.420      2.830    124.560     -2.108
0.8000      8.880      1.320    106.661     -1.345
0.8400      6.400      0.450    101.634      0.643
0.8800      3.850      0.000     90.393      1.745
0.9200      4.680     -0.300    104.829      2.391
0.9600      3.850      0.080    110.796     -6.518
1.0000      0.000      0.000      3.751      0.684
