0.0000 30.820 10.270 78.436 -19.976
0.0526 21.180 7.590 72.846 -17.798
0.1053 12.490 4.440 65.224 -13.531
0.1579 7.000 1.880 57.968 -7.751
0.2105 4.920 0.520 54.428 -2.768
0.2632 4.490 -0.170 53.740 1.237
0.3158 5.410 -1.150 55.073 5.848
0.3684 9.100 -3.140 60.972 11.604
0.4211 16.090 -6.240 68.583 16.809
0.4737 25.620 -9.600 75.414 20.260
0.5263 35.340 -11.480 80.530 21.207
0.5789 42.800 -10.890 84.031 19.374
0.6316 47.090 -8.210 86.361 14.729
0.6842 48.480 -4.650 87.808 8.902
0.7368 48.780 -1.240 88.874 3.520
0.7895 48.840 1.990 88.893 -3.569
0.8421 48.330 5.590 87.671 -10.686
0.8947 45.500 8.870 85.699 -15.950
0.9474 39.950 10.890 83.045 -19.267
1.0000 30.820 10.270 78.435 -19.935
1.0526 21.180 8.060 72.211 -18.488
