0.0000      0.000      0.000      5.609      0.540
0.0400      0.070     -0.380     48.323     18.784
0.0800      8.340     -7.640    100.506     63.641
0.1200     25.250    -12.010    136.265     60.849
0.1600     26.380     -5.780    144.133     35.741
0.2000     28.780     -4.270    146.771     20.375
0.2400     29.110     -6.640    147.002     16.851
0.2800     39.740    -10.790    163.877     27.733
0.3200     44.700    -13.990    161.020     40.516
0.3600     56.130    -17.170    166.167     41.268
0.4000     61.210    -11.640    178.956     33.171
0.4400     63.030     -6.020    176.029     22.637
0.4800     61.420     -4.870    173.620      0.220
0.5200     66.920     -5.750    195.875      0.625
0.5600     64.560     -4.700    201.080      7.844
0.6000     67.130     -5.000    211.366     18.333
0.6400     63.970     -0.910    195.068     28.610
0.6800     40.920      6.200    156.357      6.363
0.7200     23.280      3.980    136.181     -1.676
0.7600     14.590      2.100    121.719     -1.122
0.8000      8.190      1.110    104.592     -0.907
0.8400      6.150      0.370    100.810      0.914
0.8800      3.770     -0.020     89.964      1.774
0.9200      4.630     -0.300    104.481      2.124
0.9600      3.800      0.080    110.428     -6.438
1.0000      0.000      0.000      3.761      0.679
