 0.0000     27.740      3.420     79.767     -5.454
 0.0256     20.160      2.710     73.744     -4.946
 0.0513     14.440      1.890     67.961     -4.389
 0.0769     10.000      1.270     62.044     -3.754
 0.1026      6.860      0.800     56.566     -3.057
 0.1282      4.710      0.480     51.580     -2.369
 0.1538      3.320      0.280     47.359     -1.707
 0.1795      2.450      0.150     44.050     -1.094
 0.2051      1.960      0.070     41.768     -0.502
 0.2308      1.760      0.010     40.762      0.013
 0.2564      1.720     -0.020     40.563      0.444
 0.2821      1.820     -0.070     41.053      0.939
 0.3077      2.160     -0.140     42.738      1.532
 0.3333      2.810     -0.250     45.511      2.173
 0.3590      3.910     -0.430     49.282      2.873
 0.3846      5.630     -0.720     53.880      3.627
 0.4103      8.230     -1.150     59.137      4.415
 0.4359     11.980     -1.780     64.868      5.199
 0.4615     17.130     -2.620     70.869      5.930
 0.4872     23.880     -3.660     76.949      6.552
 0.5128     32.200     -4.800     82.887      7.007
 0.5385     41.870     -5.930     88.493      7.248
 0.5641     52.430     -6.840     93.637      7.241
 0.5897     63.180     -7.360     98.163      6.964
 0.6154     73.320     -7.330    101.989      6.414
 0.6410     82.020     -6.690    105.025      5.612
 0.6667     88.710     -5.500    107.284      4.591
 0.6923     92.940     -3.980    108.751      3.414
 0.7179     95.020     -2.380    109.592      2.170
 0.7436     95.260     -1.080    109.847      1.190
 0.7692     95.190      0.000    109.787      0.406
 0.7949     94.340      1.490    109.312     -0.732
 0.8205     91.230      3.140    108.188     -2.032
 0.8462     85.930      4.620    106.396     -3.190
 0.8718     78.220      5.710    103.765     -4.181
 0.8974     68.780      6.210    100.367     -4.944
 0.9231     58.250      6.180     96.189     -5.465
 0.9487     47.380      5.630     91.288     -5.707
 0.9744     37.170      4.810     85.876     -5.732
 1.0000     27.740      3.790     79.767     -5.467
