0.0000 19.620 2.070 18.040 18.409 23.084
0.0256 17.400 1.780 15.990 18.883 21.253
0.0513 15.790 1.380 14.550 19.419 18.356
0.0769 14.410 1.080 13.310 19.696 15.820
0.1026 13.420 0.780 12.470 20.147 12.618
0.1282 12.670 0.550 11.850 20.554 9.688
0.1538 12.160 0.340 11.460 21.036 6.612
0.1795 11.860 0.190 11.210 21.472 4.384
0.2051 11.670 0.080 11.050 21.811 2.756
0.2308 11.630 0.010 10.990 21.999 1.306
0.2564 11.610 -0.030 10.960 22.048 -0.644
0.2821 11.640 -0.080 11.020 21.913 -2.328
0.3077 11.750 -0.170 11.120 21.677 -3.710
0.3333 11.990 -0.310 11.320 21.252 -5.777
0.3590 12.410 -0.490 11.640 20.833 -8.351
0.3846 13.030 -0.730 12.140 20.391 -11.572
0.4103 13.950 -1.000 12.920 19.975 -14.634
0.4359 15.150 -1.350 13.950 19.695 -17.574
0.4615 16.770 -1.740 15.390 19.392 -20.447
0.4872 18.770 -2.170 17.230 18.901 -23.183
0.5128 21.260 -2.600 19.570 18.620 -25.557
0.5385 24.090 -3.120 22.310 17.557 -28.528
0.5641 27.590 -3.300 25.870 16.420 -30.016
0.5897 30.700 -3.590 29.110 14.587 -32.416
0.6154 34.690 -3.160 33.510 11.876 -32.187
0.6410 36.810 -2.460 36.030 9.332 -30.816
0.6667 39.290 -1.680 39.110 2.831 -28.020
0.6923 39.900 -0.390 39.880 0.525 -16.949
0.7179 39.900 -0.140 39.900 -5.760 -4.334
0.7436 40.040 0.080 40.000 4.425 10.854
0.7692 39.610 -0.060 39.600 2.599 -0.341
0.7949 40.010 0.580 39.990 -0.223 22.195
0.8205 38.390 1.020 37.970 8.458 23.705
0.8462 37.930 1.820 37.400 7.391 27.193
0.8718 34.690 2.730 33.690 10.584 31.362
0.8974 32.460 3.050 31.110 13.330 31.365
0.9231 28.530 3.350 26.860 15.411 31.123
0.9487 25.600 3.010 23.880 16.949 28.800
0.9744 22.290 2.860 20.530 17.902 27.271
1.0000 19.620 2.300 18.040 18.409 24.213
1.0256 17.400 2.080 15.990 18.883 22.862
