0.0000 17.340 0.600 16.600 16.600 13.264
0.0256 14.690 0.500 14.110 16.379 12.034
0.0513 12.970 0.350 12.480 16.430 9.792
0.0769 11.570 0.270 11.140 16.322 8.227
0.1026 10.560 0.190 10.190 16.318 6.492
0.1282 9.800 0.140 9.480 16.312 5.016
0.1538 9.270 0.090 8.970 16.362 3.546
0.1795 8.910 0.050 8.640 16.454 2.251
0.2051 8.700 0.020 8.450 16.568 1.115
0.2308 8.630 -0.010 8.380 16.701 0.296
0.2564 8.610 -0.020 8.370 16.733 -0.175
0.2821 8.640 -0.030 8.400 16.625 -0.820
0.3077 8.780 -0.060 8.530 16.501 -1.806
0.3333 9.060 -0.100 8.780 16.383 -3.019
0.3590 9.500 -0.140 9.190 16.311 -4.415
0.3846 10.140 -0.200 9.790 16.285 -5.906
0.4103 11.020 -0.270 10.620 16.300 -7.492
0.4359 12.200 -0.360 11.750 16.351 -9.242
0.4615 13.810 -0.480 13.270 16.450 -11.206
0.4872 16.020 -0.660 15.360 16.601 -13.451
0.5128 19.100 -0.940 18.290 16.816 -16.105
0.5385 23.550 -1.370 22.500 17.121 -19.302
0.5641 30.200 -2.100 28.810 17.522 -23.286
0.5897 40.650 -3.370 38.730 18.037 -28.289
0.6154 57.680 -5.590 54.940 18.528 -34.626
0.6410 86.300 -9.280 82.490 18.600 -42.347
0.6667 133.120 -13.580 128.620 17.277 -49.592
0.6923 195.700 -15.390 192.180 12.469 -53.346
0.7179 255.350 -5.920 254.650 4.970 -39.186
0.7436 239.500 -0.480 239.500 0.297 -10.433
0.7692 255.650 0.960 255.530 1.878 25.579
0.7949 228.660 10.780 226.540 8.942 48.915
0.8205 165.370 14.390 160.970 15.580 51.980
0.8462 109.020 11.260 104.530 18.504 46.237
0.8718 71.100 7.130 67.710 18.902 38.430
0.8974 48.820 4.220 46.440 18.549 31.254
0.9231 35.210 2.580 33.520 17.951 25.676
0.9487 26.750 1.630 25.520 17.442 21.174
0.9744 21.240 1.090 20.300 17.043 17.742
1.0000 17.340 0.750 16.600 16.600 14.930
1.0256 14.690 0.610 14.110 16.379 13.381
