0.0000 19.030 1.360 17.760 17.784 18.964
0.0256 16.070 1.110 15.090 17.531 17.356
0.0513 14.190 0.790 13.380 17.631 14.585
0.0769 12.620 0.600 11.930 17.476 12.580
0.1026 11.540 0.430 10.960 17.549 10.054
0.1282 10.720 0.300 10.220 17.601 7.849
0.1538 10.180 0.190 9.750 17.782 5.422
0.1795 9.820 0.110 9.450 17.990 3.388
0.2051 9.630 0.040 9.290 18.211 1.731
0.2308 9.560 0.000 9.220 18.378 0.569
0.2564 9.560 -0.020 9.210 18.421 -0.283
0.2821 9.580 -0.050 9.240 18.293 -1.278
0.3077 9.710 -0.100 9.350 18.101 -2.653
0.3333 9.970 -0.180 9.570 17.865 -4.524
0.3590 10.410 -0.280 9.960 17.676 -6.789
0.3846 11.090 -0.400 10.550 17.550 -9.170
0.4103 12.050 -0.560 11.410 17.521 -11.561
0.4359 13.390 -0.770 12.620 17.581 -13.962
0.4615 15.210 -1.050 14.290 17.726 -16.479
0.4872 17.700 -1.430 16.580 17.939 -19.200
0.5128 21.120 -1.970 19.730 18.182 -22.233
0.5385 25.820 -2.700 24.100 18.404 -25.601
0.5641 32.240 -3.700 30.150 18.450 -29.404
0.5897 40.990 -4.900 38.550 18.082 -33.405
0.6154 52.200 -6.030 49.590 16.951 -37.053
0.6410 65.310 -6.560 62.960 14.584 -39.470
0.6667 78.280 -5.620 76.760 10.698 -38.687
0.6923 87.210 -3.120 86.650 6.072 -32.083
0.7179 90.040 -0.880 89.900 3.643 -20.604
0.7436 90.000 -0.170 90.000 -1.475 -6.112
0.7692 90.070 0.490 90.000 1.860 20.152
0.7949 87.500 1.430 87.010 7.567 25.703
0.8205 83.880 3.870 82.880 8.380 34.890
0.8462 71.510 6.000 69.490 12.793 39.442
0.8718 59.250 6.030 56.690 16.094 37.995
0.8974 46.560 5.410 43.930 17.686 35.395
0.9231 36.670 4.180 34.330 18.515 31.291
0.9487 28.940 3.130 26.990 18.511 27.561
0.9744 23.370 2.320 21.770 18.332 24.134
1.0000 19.030 1.700 17.760 17.784 21.068
1.0256 16.070 1.370 15.090 17.531 19.084
