 -50.0000 -50.0000     -0.4800    198.6414      0.0500      0.0161
 -50.0000 -45.0000     -0.6200    198.6014      0.2300      0.0140
 -50.0000 -40.0000     -1.0700    198.4112      0.3200      0.0141
 -50.0000 -35.0000     -1.4700    198.2009      0.3900      0.0131
 -50.0000 -30.0000     -2.1000    197.9508      0.4800      0.0100
 -50.0000 -25.0000     -2.7500    197.6701      0.4400      0.0153
 -50.0000 -20.0000     -3.2700    197.4699      0.4000      0.0148
 -50.0000 -15.0000     -3.8100    197.2896      0.3200      0.0154
 -50.0000 -10.0000     -4.1300    197.2197      0.1900      0.0117
 -50.0000  -5.0000     -4.3100    197.1997      0.1000      0.0106
 -50.0000   0.0000     -4.4100    197.1692      0.0000      0.0191
 -50.0000   5.0000     -4.3100    197.1997     -0.1000      0.0106
 -50.0000  10.0000     -4.1300    197.2197     -0.1900      0.0117
 -50.0000  15.0000     -3.8100    197.2896     -0.3200      0.0154
 -50.0000  20.0000     -3.2700    197.4699     -0.4000      0.0148
 -50.0000  25.0000     -2.7500    197.6701     -0.4400      0.0153
 -50.0000  30.0000     -2.1000    197.9508     -0.4800      0.0100
 -50.0000  35.0000     -1.4700    198.2009     -0.3900      0.0131
 -50.0000  40.0000     -1.0700    198.4112     -0.3200      0.0141
 -50.0000  45.0000     -0.6200    198.6014     -0.2300      0.0140
 -50.0000  50.0000     -0.4800    198.6414     -0.0500      0.0161
 -45.0000 -50.0000     -0.6800    198.5915      0.0700      0.0135
 -45.0000 -45.0000     -0.8900    198.5016      0.1700      0.0088
 -45.0000 -40.0000     -1.1400    198.3413      0.2600      0.0104
 -45.0000 -35.0000     -1.5900    198.2309      0.3600      0.0146
 -45.0000 -30.0000     -2.1100    197.9607      0.3700      0.0105
 -45.0000 -25.0000     -2.5600    197.7400      0.3600      0.0189
 -45.0000 -20.0000     -3.0600    197.5398      0.3300      0.0185
 -45.0000 -15.0000     -3.4400    197.3195      0.2400      0.0169
 -45.0000 -10.0000     -3.6900    197.1992      0.1600      0.0206
 -45.0000  -5.0000     -3.8700    197.1093      0.0800      0.0159
 -45.0000   0.0000     -3.9000    197.0594      0.0000      0.0133
 -45.0000   5.0000     -3.8700    197.1093     -0.0800      0.0159
 -45.0000  10.0000     -3.6900    197.1992     -0.1600      0.0206
 -45.0000  15.0000     -3.4400    197.3195     -0.2400      0.0169
 -45.0000  20.0000     -3.0600    197.5398     -0.3300      0.0185
 -45.0000  25.0000     -2.5600    197.7400     -0.3600      0.0189
 -45.0000  30.0000     -2.1100    197.9607     -0.3700      0.0105
 -45.0000  35.0000     -1.5900    198.2309     -0.3600      0.0146
 -45.0000  40.0000     -1.1400    198.3413     -0.2600      0.0104
 -45.0000  45.0000     -0.8900    198.5016     -0.1700      0.0088
 -45.0000  50.0000     -0.6800    198.5915     -0.0700      0.0135
 -40.0000 -50.0000     -0.9000    198.4511      0.0800      0.0162
 -40.0000 -45.0000     -0.9600    198.3912      0.1100      0.0130
 -40.0000 -40.0000     -1.2000    198.3612      0.2600      0.0114
 -40.0000 -35.0000     -1.6400    198.0806      0.2800      0.0168
 -40.0000 -30.0000     -1.9500    197.9607      0.2800      0.0105
 -40.0000 -25.0000     -2.3900    197.7700      0.3200      0.0205
 -40.0000 -20.0000     -2.7900    197.4798      0.2400      0.0153
 -40.0000 -15.0000     -3.0200    197.3795      0.1600      0.0201
 -40.0000 -10.0000     -3.2200    197.2092      0.1100      0.0212
 -40.0000  -5.0000     -3.3100    197.0893      0.0300      0.0149
 -40.0000   0.0000     -3.3100    197.1193      0.0000      0.0164
 -40.0000   5.0000     -3.3100    197.0893     -0.0300      0.0149
 -40.0000  10.0000     -3.2200    197.2092     -0.1100      0.0212
 -40.0000  15.0000     -3.0200    197.3795     -0.1600      0.0201
 -40.0000  20.0000     -2.7900    197.4798     -0.2400      0.0153
 -40.0000  25.0000     -2.3900    197.7700     -0.3200      0.0205
 -40.0000  30.0000     -1.9500    197.9607     -0.2800      0.0105
 -40.0000  35.0000     -1.6400    198.0806     -0.2800      0.0168
 -40.0000  40.0000     -1.2000    198.3612     -0.2600      0.0114
 -40.0000  45.0000     -0.9600    198.3912     -0.1100      0.0130
 -40.0000  50.0000     -0.9000    198.4511     -0.0800      0.0162
 -35.0000 -50.0000     -0.9000    198.3912     -0.0100      0.0130
 -35.0000 -45.0000     -0.9900    198.4012      0.1800      0.0135
 -35.0000 -40.0000     -1.3700    198.1710      0.1500      0.0115
 -35.0000 -35.0000     -1.3900    198.1510      0.1800      0.0104
 -35.0000 -30.0000     -1.8400    197.9203      0.2800      0.0184
 -35.0000 -25.0000     -2.1500    197.6701      0.1400      0.0153
 -35.0000 -20.0000     -2.2000    197.5797      0.1300      0.0206
 -35.0000 -15.0000     -2.5000    197.2796      0.1000      0.0148
 -35.0000 -10.0000     -2.4600    197.1393     -0.0500      0.0175
 -35.0000  -5.0000     -2.3700    197.0489      0.0100      0.0228
 -35.0000   0.0000     -2.4800    196.8886      0.0000      0.0244
 -35.0000   5.0000     -2.3700    197.0489     -0.0100      0.0228
 -35.0000  10.0000     -2.4600    197.1393      0.0500      0.0175
 -35.0000  15.0000     -2.5000    197.2796     -0.1000      0.0148
 -35.0000  20.0000     -2.2000    197.5797     -0.1300      0.0206
 -35.0000  25.0000     -2.1500    197.6701     -0.1400      0.0153
 -35.0000  30.0000     -1.8400    197.9203     -0.2800      0.0184
 -35.0000  35.0000     -1.3900    198.1510     -0.1800      0.0104
 -35.0000  40.0000     -1.3700    198.1710     -0.1500      0.0115
 -35.0000  45.0000     -0.9900    198.4012     -0.1800      0.0135
 -35.0000  50.0000     -0.9000    198.3912      0.0100      0.0130
 -30.0000 -50.0000     -0.9700    198.3912      0.0700      0.0130
 -30.0000 -45.0000     -1.1300    198.2708      0.0300      0.0167
 -30.0000 -40.0000     -1.0500    198.2109      0.1200      0.0136
 -30.0000 -35.0000     -1.4500    198.0806      0.1700      0.0168
 -30.0000 -30.0000     -1.5100    197.8703      0.0300      0.0158
 -30.0000 -25.0000     -1.5200    197.7200      0.0800      0.0179
 -30.0000 -20.0000     -1.7300    197.4798     -0.0500      0.0153
 -30.0000 -15.0000     -1.4000    197.2491     -0.2100      0.0233
 -30.0000 -10.0000     -1.2000    196.9784     -0.1700      0.0291
 -30.0000  -5.0000     -0.9800    196.7078     -0.2200      0.0349
 -30.0000   0.0000     -0.6300    196.6478      0.0000      0.0318
 -30.0000   5.0000     -0.9800    196.7078      0.2200      0.0349
 -30.0000  10.0000     -1.2000    196.9784      0.1700      0.0291
 -30.0000  15.0000     -1.4000    197.2491      0.2100      0.0233
 -30.0000  20.0000     -1.7300    197.4798      0.0500      0.0153
 -30.0000  25.0000     -1.5200    197.7200     -0.0800      0.0179
 -30.0000  30.0000     -1.5100    197.8703     -0.0300      0.0158
 -30.0000  35.0000     -1.4500    198.0806     -0.1700      0.0168
 -30.0000  40.0000     -1.0500    198.2109     -0.1200      0.0136
 -30.0000  45.0000     -1.1300    198.2708     -0.0300      0.0167
 -30.0000  50.0000     -0.9700    198.3912     -0.0700      0.0130
 -25.0000 -50.0000     -1.0000    198.2509      0.0200      0.0157
 -25.0000 -45.0000     -0.9200    198.2209      0.0200      0.0141
 -25.0000 -40.0000     -1.0500    198.2609      0.0600      0.0162
 -25.0000 -35.0000     -1.0700    197.9602     -0.0200      0.0205
 -25.0000 -30.0000     -1.0100    197.9103     -0.0600      0.0178
 -25.0000 -25.0000     -0.9300    197.7400     -0.2000      0.0189
 -25.0000 -20.0000     -0.5000    197.3795     -0.3800      0.0201
 -25.0000 -15.0000      0.0600    197.1387     -0.5700      0.0275
 -25.0000 -10.0000      0.9700    196.6573     -0.7200      0.0423
 -25.0000  -5.0000      1.9200    196.0855     -0.5000      0.0624
 -25.0000   0.0000      2.2500    195.9146      0.0000      0.0735
 -25.0000   5.0000      1.9200    196.0855      0.5000      0.0624
 -25.0000  10.0000      0.9700    196.6573      0.7200      0.0423
 -25.0000  15.0000      0.0600    197.1387      0.5700      0.0275
 -25.0000  20.0000     -0.5000    197.3795      0.3800      0.0201
 -25.0000  25.0000     -0.9300    197.7400      0.2000      0.0189
 -25.0000  30.0000     -1.0100    197.9103      0.0600      0.0178
 -25.0000  35.0000     -1.0700    197.9602      0.0200      0.0205
 -25.0000  40.0000     -1.0500    198.2609     -0.0600      0.0162
 -25.0000  45.0000     -0.9200    198.2209     -0.0200      0.0141
 -25.0000  50.0000     -1.0000    198.2509     -0.0200      0.0157
 -20.0000 -50.0000     -0.7200    198.2908     -0.0700      0.0178
 -20.0000 -45.0000     -0.7400    198.3208      0.0600      0.0193
 -20.0000 -40.0000     -0.8900    198.0307     -0.0900      0.0141
 -20.0000 -35.0000     -0.5000    198.1605     -0.1900      0.0209
 -20.0000 -30.0000     -0.3900    197.9203     -0.2400      0.0184
 -20.0000 -25.0000      0.1100    197.6396     -0.6100      0.0237
 -20.0000 -20.0000      1.2100    197.5592     -0.9500      0.0295
 -20.0000 -15.0000      2.5700    196.9070     -1.3500      0.0554
 -20.0000 -10.0000      4.7100    196.0729     -1.7600      0.1118
 -20.0000  -5.0000      7.1000    195.0375     -1.3200      0.1877
 -20.0000   0.0000      8.0900    194.3243      0.0000      0.2305
 -20.0000   5.0000      7.1000    195.0375      1.3200      0.1877
 -20.0000  10.0000      4.7100    196.0729      1.7600      0.1118
 -20.0000  15.0000      2.5700    196.9070      1.3500      0.0554
 -20.0000  20.0000      1.2100    197.5592      0.9500      0.0295
 -20.0000  25.0000      0.1100    197.6396      0.6100      0.0237
 -20.0000  30.0000     -0.3900    197.9203      0.2400      0.0184
 -20.0000  35.0000     -0.5000    198.1605      0.1900      0.0209
 -20.0000  40.0000     -0.8900    198.0307      0.0900      0.0141
 -20.0000  45.0000     -0.7400    198.3208     -0.0600      0.0193
 -20.0000  50.0000     -0.7200    198.2908      0.0700      0.0178
 -15.0000 -50.0000     -0.6500    198.3008      0.0600      0.0183
 -15.0000 -45.0000     -0.6700    198.1910     -0.1900      0.0125
 -15.0000 -40.0000     -0.1500    198.2808     -0.1800      0.0172
 -15.0000 -35.0000     -0.2100    198.1006     -0.2800      0.0178
 -15.0000 -30.0000      0.5700    198.0201     -0.7600      0.0236
 -15.0000 -25.0000      1.7900    197.9902     -1.0400      0.0220
 -15.0000 -20.0000      3.2800    197.6286     -1.8000      0.0431
 -15.0000 -15.0000      6.4800    197.0946     -2.9300      0.1053
 -15.0000 -10.0000     10.8500    195.5541     -3.6000      0.2649
 -15.0000  -5.0000     15.7400    193.2679     -2.9200      0.5156
 -15.0000   0.0000     18.3400    192.1295      0.0000      0.6462
 -15.0000   5.0000     15.7400    193.2679      2.9200      0.5156
 -15.0000  10.0000     10.8500    195.5541      3.6000      0.2649
 -15.0000  15.0000      6.4800    197.0946      2.9300      0.1053
 -15.0000  20.0000      3.2800    197.6286      1.8000      0.0431
 -15.0000  25.0000      1.7900    197.9902      1.0400      0.0220
 -15.0000  30.0000      0.5700    198.0201      0.7600      0.0236
 -15.0000  35.0000     -0.2100    198.1006      0.2800      0.0178
 -15.0000  40.0000     -0.1500    198.2808      0.1800      0.0172
 -15.0000  45.0000     -0.6700    198.1910      0.1900      0.0125
 -15.0000  50.0000     -0.6500    198.3008     -0.0600      0.0183
 -10.0000 -50.0000     -0.3500    198.2609     -0.1000      0.0162
 -10.0000 -45.0000     -0.0800    198.3008     -0.1100      0.0183
 -10.0000 -40.0000     -0.0500    198.3507     -0.3200      0.0209
 -10.0000 -35.0000      0.7500    198.2509     -0.6700      0.0157
 -10.0000 -30.0000      1.6900    198.3907     -0.9400      0.0230
 -10.0000 -25.0000      3.2000    198.4506     -1.7600      0.0261
 -10.0000 -20.0000      6.2800    198.4595     -2.9400      0.0466
 -10.0000 -15.0000     10.8500    197.9934     -4.6300      0.1524
 -10.0000 -10.0000     18.2700    195.6950     -6.2600      0.4425
 -10.0000  -5.0000     27.0800    191.5157     -4.9700      0.8944
 -10.0000   0.0000     31.2600    189.1895      0.0000      1.1430
 -10.0000   5.0000     27.0800    191.5157      4.9700      0.8944
 -10.0000  10.0000     18.2700    195.6950      6.2600      0.4425
 -10.0000  15.0000     10.8500    197.9934      4.6300      0.1524
 -10.0000  20.0000      6.2800    198.4595      2.9400      0.0466
 -10.0000  25.0000      3.2000    198.4506      1.7600      0.0261
 -10.0000  30.0000      1.6900    198.3907      0.9400      0.0230
 -10.0000  35.0000      0.7500    198.2509      0.6700      0.0157
 -10.0000  40.0000     -0.0500    198.3507      0.3200      0.0209
 -10.0000  45.0000     -0.0800    198.3008      0.1100      0.0183
 -10.0000  50.0000     -0.3500    198.2609      0.1000      0.0162
  -5.0000 -50.0000      0.0800    198.4411     -0.1000      0.0156
  -5.0000 -45.0000      0.1700    198.5011     -0.1900      0.0188
  -5.0000 -40.0000      0.5700    198.3308     -0.4800      0.0199
  -5.0000 -35.0000      1.4300    198.7213     -0.7600      0.0203
  -5.0000 -30.0000      2.5700    198.8516     -1.2700      0.0171
  -5.0000 -25.0000      4.7400    199.2721     -2.1400      0.0191
  -5.0000 -20.0000      8.1700    200.0925     -3.4200      0.0321
  -5.0000 -15.0000     13.6800    199.8781     -5.4900      0.1110
  -5.0000 -10.0000     22.5300    197.1414     -7.5800      0.3581
  -5.0000  -5.0000     33.8500    191.3721     -6.2900      0.7667
  -5.0000   0.0000     39.7800    187.8749      0.0000      1.0040
  -5.0000   5.0000     33.8500    191.3721      6.2900      0.7667
  -5.0000  10.0000     22.5300    197.1414      7.5800      0.3581
  -5.0000  15.0000     13.6800    199.8781      5.4900      0.1110
  -5.0000  20.0000      8.1700    200.0925      3.4200      0.0321
  -5.0000  25.0000      4.7400    199.2721      2.1400      0.0191
  -5.0000  30.0000      2.5700    198.8516      1.2700      0.0171
  -5.0000  35.0000      1.4300    198.7213      0.7600      0.0203
  -5.0000  40.0000      0.5700    198.3308      0.4800      0.0199
  -5.0000  45.0000      0.1700    198.5011      0.1900      0.0188
  -5.0000  50.0000      0.0800    198.4411      0.1000      0.0156
   0.0000 -50.0000      0.2500    198.5110     -0.0100      0.0193
   0.0000 -45.0000      0.4200    198.4711     -0.3600      0.0172
   0.0000 -40.0000      1.2100    198.8317     -0.4700      0.0161
   0.0000 -35.0000      1.6600    198.8816     -0.7400      0.0187
   0.0000 -30.0000      3.1500    199.4224     -1.3400      0.0170
   0.0000 -25.0000      5.1700    200.4142     -1.7600      0.0089
   0.0000 -20.0000      7.7600    201.3960     -2.5800      0.0003
   0.0000 -15.0000     11.9800    201.9678     -3.7600     -0.0198
   0.0000 -10.0000     17.8100    199.2269     -5.1300     -0.0734
   0.0000  -5.0000     26.1900    193.3098     -4.6000     -0.0931
   0.0000   0.0000     31.2100    190.0448      0.0000     -0.0839
   0.0000   5.0000     26.1900    193.3098      4.6000     -0.0931
   0.0000  10.0000     17.8100    199.2269      5.1300     -0.0734
   0.0000  15.0000     11.9800    201.9678      3.7600     -0.0198
   0.0000  20.0000      7.7600    201.3960      2.5800      0.0003
   0.0000  25.0000      5.1700    200.4142      1.7600      0.0089
   0.0000  30.0000      3.1500    199.4224      1.3400      0.0170
   0.0000  35.0000      1.6600    198.8816      0.7400      0.0187
   0.0000  40.0000      1.2100    198.8317      0.4700      0.0161
   0.0000  45.0000      0.4200    198.4711      0.3600      0.0172
   0.0000  50.0000      0.2500    198.5110      0.0100      0.0193
   5.0000 -50.0000      0.6200    198.6114     -0.1700      0.0145
   5.0000 -45.0000      0.9400    198.7617     -0.1500      0.0124
   5.0000 -40.0000      1.0200    198.8816     -0.4400      0.0187
   5.0000 -35.0000      2.0900    199.2321     -0.7400      0.0170
   5.0000 -30.0000      2.9800    199.8734     -0.7200      0.0106
   5.0000 -25.0000      3.9900    200.6849     -0.9800      0.0030
   5.0000 -20.0000      5.5700    201.9379     -0.7500     -0.0214
   5.0000 -15.0000      6.0400    202.2842     -0.0200     -0.1334
   5.0000 -10.0000      5.8500    199.7272      0.0300     -0.4477
   5.0000  -5.0000      6.3700    194.9742     -0.2600     -0.8971
   5.0000   0.0000      7.0000    192.4234      0.0000     -1.1409
   5.0000   5.0000      6.3700    194.9742      0.2600     -0.8971
   5.0000  10.0000      5.8500    199.7272     -0.0300     -0.4477
   5.0000  15.0000      6.0400    202.2842      0.0200     -0.1334
   5.0000  20.0000      5.5700    201.9379      0.7500     -0.0214
   5.0000  25.0000      3.9900    200.6849      0.9800      0.0030
   5.0000  30.0000      2.9800    199.8734      0.7200      0.0106
   5.0000  35.0000      2.0900    199.2321      0.7400      0.0170
   5.0000  40.0000      1.0200    198.8816      0.4400      0.0187
   5.0000  45.0000      0.9400    198.7617      0.1500      0.0124
   5.0000  50.0000      0.6200    198.6114      0.1700      0.0145
  10.0000 -50.0000      0.8100    198.8217     -0.0400      0.0155
  10.0000 -45.0000      0.8500    198.8921     -0.2200      0.0092
  10.0000 -40.0000      1.3800    198.9620     -0.3400      0.0129
  10.0000 -35.0000      1.7500    199.4529     -0.3200      0.0086
  10.0000 -30.0000      2.2400    199.8234     -0.4000      0.0080
  10.0000 -25.0000      2.8100    200.4647     -0.0200      0.0015
  10.0000 -20.0000      2.3200    201.1768      0.9100     -0.0212
  10.0000 -15.0000      0.4800    200.7721      2.3700     -0.1326
  10.0000 -10.0000     -3.8300    198.2944      3.6900     -0.4327
  10.0000  -5.0000     -9.2600    194.2730      2.9000     -0.8938
  10.0000   0.0000    -11.7000    192.1627      0.0000     -1.1345
  10.0000   5.0000     -9.2600    194.2730     -2.9000     -0.8938
  10.0000  10.0000     -3.8300    198.2944     -3.6900     -0.4327
  10.0000  15.0000      0.4800    200.7721     -2.3700     -0.1326
  10.0000  20.0000      2.3200    201.1768     -0.9100     -0.0212
  10.0000  25.0000      2.8100    200.4647      0.0200      0.0015
  10.0000  30.0000      2.2400    199.8234      0.4000      0.0080
  10.0000  35.0000      1.7500    199.4529      0.3200      0.0086
  10.0000  40.0000      1.3800    198.9620      0.3400      0.0129
  10.0000  45.0000      0.8500    198.8921      0.2200      0.0092
  10.0000  50.0000      0.8100    198.8217      0.0400      0.0155
  15.0000 -50.0000      0.7800    198.8317     -0.0100      0.0161
  15.0000 -45.0000      0.9300    198.8516     -0.1800      0.0171
  15.0000 -40.0000      1.2600    199.2321     -0.1500      0.0170
  15.0000 -35.0000      1.3300    199.2626     -0.1400      0.0086
  15.0000 -30.0000      1.6300    199.6432      0.0100      0.0085
  15.0000 -25.0000      1.3300    200.0442      0.5800     -0.0005
  15.0000 -20.0000      0.1100    199.8844      1.4500     -0.0089
  15.0000 -15.0000     -2.4800    199.2064      2.9200     -0.0644
  15.0000 -10.0000     -7.5800    196.6704      4.1100     -0.2074
  15.0000  -5.0000    -13.4300    193.1273      3.1300     -0.4331
  15.0000   0.0000    -16.0300    191.5211      0.0000     -0.5473
  15.0000   5.0000    -13.4300    193.1273     -3.1300     -0.4331
  15.0000  10.0000     -7.5800    196.6704     -4.1100     -0.2074
  15.0000  15.0000     -2.4800    199.2064     -2.9200     -0.0644
  15.0000  20.0000      0.1100    199.8844     -1.4500     -0.0089
  15.0000  25.0000      1.3300    200.0442     -0.5800     -0.0005
  15.0000  30.0000      1.6300    199.6432     -0.0100      0.0085
  15.0000  35.0000      1.3300    199.2626      0.1400      0.0086
  15.0000  40.0000      1.2600    199.2321      0.1500      0.0170
  15.0000  45.0000      0.9300    198.8516      0.1800      0.0171
  15.0000  50.0000      0.7800    198.8317      0.0100      0.0161
  20.0000 -50.0000      0.9100    198.9221     -0.1000      0.0108
  20.0000 -45.0000      1.0100    199.0519      0.0400      0.0176
  20.0000 -40.0000      0.8100    199.0219     -0.0500      0.0160
  20.0000 -35.0000      1.1500    199.2826     -0.0100      0.0097
  20.0000 -30.0000      0.8500    199.4529      0.4000      0.0086
  20.0000 -25.0000      0.1000    199.3530      0.7400      0.0033
  20.0000 -20.0000     -1.0800    199.1827      1.5400      0.0044
  20.0000 -15.0000     -3.9700    198.1221      2.6000     -0.0111
  20.0000 -10.0000     -7.9700    196.0113      3.0900     -0.0516
  20.0000  -5.0000    -12.2200    193.4806      2.3700     -0.1042
  20.0000   0.0000    -14.3500    192.2208      0.0000     -0.1401
  20.0000   5.0000    -12.2200    193.4806     -2.3700     -0.1042
  20.0000  10.0000     -7.9700    196.0113     -3.0900     -0.0516
  20.0000  15.0000     -3.9700    198.1221     -2.6000     -0.0111
  20.0000  20.0000     -1.0800    199.1827     -1.5400      0.0044
  20.0000  25.0000      0.1000    199.3530     -0.7400      0.0033
  20.0000  30.0000      0.8500    199.4529     -0.4000      0.0086
  20.0000  35.0000      1.1500    199.2826      0.0100      0.0097
  20.0000  40.0000      0.8100    199.0219      0.0500      0.0160
  20.0000  45.0000      1.0100    199.0519     -0.0400      0.0176
  20.0000  50.0000      0.9100    198.9221      0.1000      0.0108
  25.0000 -50.0000      0.7400    198.9720      0.0700      0.0134
  25.0000 -45.0000      0.6500    198.9620     -0.0600      0.0129
  25.0000 -40.0000      0.9000    199.0519      0.0500      0.0176
  25.0000 -35.0000      0.5200    199.1523      0.2900      0.0128
  25.0000 -30.0000      0.1500    199.0923      0.3900      0.0097
  25.0000 -25.0000     -0.4900    199.0224      0.9000      0.0060
  25.0000 -20.0000     -2.2200    198.5715      1.4900      0.0124
  25.0000 -15.0000     -4.4400    197.5503      1.9900      0.0090
  25.0000 -10.0000     -7.5200    196.0381      2.3100      0.0099
  25.0000  -5.0000    -10.6200    194.2963      1.6100     -0.0013
  25.0000   0.0000    -11.8500    193.4354      0.0000     -0.0064
  25.0000   5.0000    -10.6200    194.2963     -1.6100     -0.0013
  25.0000  10.0000     -7.5200    196.0381     -2.3100      0.0099
  25.0000  15.0000     -4.4400    197.5503     -1.9900      0.0090
  25.0000  20.0000     -2.2200    198.5715     -1.4900      0.0124
  25.0000  25.0000     -0.4900    199.0224     -0.9000      0.0060
  25.0000  30.0000      0.1500    199.0923     -0.3900      0.0097
  25.0000  35.0000      0.5200    199.1523     -0.2900      0.0128
  25.0000  40.0000      0.9000    199.0519     -0.0500      0.0176
  25.0000  45.0000      0.6500    198.9620      0.0600      0.0129
  25.0000  50.0000      0.7400    198.9720     -0.0700      0.0134
  30.0000 -50.0000      0.6200    198.9121     -0.0100      0.0103
  30.0000 -45.0000      0.6600    198.9221      0.0800      0.0108
  30.0000 -40.0000      0.4200    199.0424      0.1800      0.0071
  30.0000 -35.0000      0.1900    198.9221      0.2500      0.0108
  30.0000 -30.0000     -0.2500    198.9221      0.5700      0.0108
  30.0000 -25.0000     -1.3000    198.7118      0.9200      0.0098
  30.0000 -20.0000     -2.6800    198.1111      1.2500      0.0083
  30.0000 -15.0000     -4.6200    197.3999      1.6600      0.0111
  30.0000 -10.0000     -7.0800    196.1580      1.7100      0.0161
  30.0000  -5.0000     -9.1900    194.9460      1.0900      0.0227
  30.0000   0.0000     -9.9900    194.5455      0.0000      0.0218
  30.0000   5.0000     -9.1900    194.9460     -1.0900      0.0227
  30.0000  10.0000     -7.0800    196.1580     -1.7100      0.0161
  30.0000  15.0000     -4.6200    197.3999     -1.6600      0.0111
  30.0000  20.0000     -2.6800    198.1111     -1.2500      0.0083
  30.0000  25.0000     -1.3000    198.7118     -0.9200      0.0098
  30.0000  30.0000     -0.2500    198.9221     -0.5700      0.0108
  30.0000  35.0000      0.1900    198.9221     -0.2500      0.0108
  30.0000  40.0000      0.4200    199.0424     -0.1800      0.0071
  30.0000  45.0000      0.6600    198.9221     -0.0800      0.0108
  30.0000  50.0000      0.6200    198.9121      0.0100      0.0103
  35.0000 -50.0000      0.5200    198.9320      0.0200      0.0113
  35.0000 -45.0000      0.4100    198.9520      0.1300      0.0124
  35.0000 -40.0000      0.1600    198.8117      0.1800      0.0150
  35.0000 -35.0000     -0.0700    198.8821      0.3600      0.0087
  35.0000 -30.0000     -0.7900    198.6918      0.6200      0.0087
  35.0000 -25.0000     -1.7100    198.3513      0.8100      0.0109
  35.0000 -20.0000     -2.9400    197.9907      1.1700      0.0120
  35.0000 -15.0000     -4.8000    197.1997      1.3500      0.0106
  35.0000 -10.0000     -6.5400    196.3582      1.2100      0.0166
  35.0000  -5.0000     -8.0400    195.5972      0.8500      0.0168
  35.0000   0.0000     -8.8200    195.1862      0.0000      0.0253
  35.0000   5.0000     -8.0400    195.5972     -0.8500      0.0168
  35.0000  10.0000     -6.5400    196.3582     -1.2100      0.0166
  35.0000  15.0000     -4.8000    197.1997     -1.3500      0.0106
  35.0000  20.0000     -2.9400    197.9907     -1.1700      0.0120
  35.0000  25.0000     -1.7100    198.3513     -0.8100      0.0109
  35.0000  30.0000     -0.7900    198.6918     -0.6200      0.0087
  35.0000  35.0000     -0.0700    198.8821     -0.3600      0.0087
  35.0000  40.0000      0.1600    198.8117     -0.1800      0.0150
  35.0000  45.0000      0.4100    198.9520     -0.1300      0.0124
  35.0000  50.0000      0.5200    198.9320     -0.0200      0.0113
  40.0000 -50.0000      0.2500    198.8416      0.0900      0.0166
  40.0000 -45.0000      0.1400    198.7917      0.0600      0.0140
  40.0000 -40.0000      0.0900    198.8317      0.2400      0.0161
  40.0000 -35.0000     -0.5000    198.6719      0.4200      0.0077
  40.0000 -30.0000     -1.0300    198.4916      0.5300      0.0083
  40.0000 -25.0000     -1.8900    198.2509      0.8500      0.0157
  40.0000 -20.0000     -3.2900    197.7705      1.0200      0.0105
  40.0000 -15.0000     -4.5900    197.1897      1.0800      0.0101
  40.0000 -10.0000     -6.1700    196.5585      1.0600      0.0171
  40.0000  -5.0000     -7.4200    195.9777      0.5900      0.0167
  40.0000   0.0000     -7.7400    195.7370      0.0000      0.0241
  40.0000   5.0000     -7.4200    195.9777     -0.5900      0.0167
  40.0000  10.0000     -6.1700    196.5585     -1.0600      0.0171
  40.0000  15.0000     -4.5900    197.1897     -1.0800      0.0101
  40.0000  20.0000     -3.2900    197.7705     -1.0200      0.0105
  40.0000  25.0000     -1.8900    198.2509     -0.8500      0.0157
  40.0000  30.0000     -1.0300    198.4916     -0.5300      0.0083
  40.0000  35.0000     -0.5000    198.6719     -0.4200      0.0077
  40.0000  40.0000      0.0900    198.8317     -0.2400      0.0161
  40.0000  45.0000      0.1400    198.7917     -0.0600      0.0140
  40.0000  50.0000      0.2500    198.8416     -0.0900      0.0166
  45.0000 -50.0000      0.1600    198.7917      0.0000      0.0140
  45.0000 -45.0000      0.1100    198.7717      0.1700      0.0129
  45.0000 -40.0000     -0.2900    198.6813      0.2600      0.0182
  45.0000 -35.0000     -0.5700    198.5116      0.3500      0.0093
  45.0000 -30.0000     -1.2200    198.3712      0.6200      0.0120
  45.0000 -25.0000     -2.1900    198.0406      0.7700      0.0147
  45.0000 -20.0000     -3.2400    197.6202      0.9000      0.0127
  45.0000 -15.0000     -4.5800    197.2596      0.9900      0.0138
  45.0000 -10.0000     -5.8800    196.7288      0.8400      0.0160
  45.0000  -5.0000     -6.8100    196.3482      0.4900      0.0161
  45.0000   0.0000     -7.1900    196.2783      0.0000      0.0124
  45.0000   5.0000     -6.8100    196.3482     -0.4900      0.0161
  45.0000  10.0000     -5.8800    196.7288     -0.8400      0.0160
  45.0000  15.0000     -4.5800    197.2596     -0.9900      0.0138
  45.0000  20.0000     -3.2400    197.6202     -0.9000      0.0127
  45.0000  25.0000     -2.1900    198.0406     -0.7700      0.0147
  45.0000  30.0000     -1.2200    198.3712     -0.6200      0.0120
  45.0000  35.0000     -0.5700    198.5116     -0.3500      0.0093
  45.0000  40.0000     -0.2900    198.6813     -0.2600      0.0182
  45.0000  45.0000      0.1100    198.7717     -0.1700      0.0129
  45.0000  50.0000      0.1600    198.7917      0.0000      0.0140
  50.0000 -50.0000     -0.0300    198.7418      0.0700      0.0114
  50.0000 -45.0000     -0.1400    198.6918      0.0900      0.0087
  50.0000 -40.0000     -0.2500    198.5415      0.1800      0.0109
  50.0000 -35.0000     -0.6200    198.4212      0.3900      0.0146
  50.0000 -30.0000     -1.2900    198.1105      0.5400      0.0183
  50.0000 -25.0000     -2.0400    197.8504      0.7100      0.0147
  50.0000 -20.0000     -3.1600    197.5902      0.9400      0.0111
  50.0000 -15.0000     -4.5400    197.1892      0.9600      0.0201
  50.0000 -10.0000     -5.7200    196.9895      0.8100      0.0096
  50.0000  -5.0000     -6.6900    196.8092      0.5400      0.0102
  50.0000   0.0000     -7.1500    196.6489      0.0000      0.0118
  50.0000   5.0000     -6.6900    196.8092     -0.5400      0.0102
  50.0000  10.0000     -5.7200    196.9895     -0.8100      0.0096
  50.0000  15.0000     -4.5400    197.1892     -0.9600      0.0201
  50.0000  20.0000     -3.1600    197.5902     -0.9400      0.0111
  50.0000  25.0000     -2.0400    197.8504     -0.7100      0.0147
  50.0000  30.0000     -1.2900    198.1105     -0.5400      0.0183
  50.0000  35.0000     -0.6200    198.4212     -0.3900      0.0146
  50.0000  40.0000     -0.2500    198.5415     -0.1800      0.0109
  50.0000  45.0000     -0.1400    198.6918     -0.0900      0.0087
  50.0000  50.0000     -0.0300    198.7418     -0.0700      0.0114
