 0.0000 0.0526     26.200     -5.110      1.670     78.732    -13.542     -3.102
 0.0000 0.1053     26.530     -3.960      4.080     77.847    -10.592     -8.921
 0.0000 0.1579     27.130     -2.730      6.130     77.101     -7.188    -13.539
 0.0000 0.2105     27.460     -1.170      7.340     76.568     -3.052    -16.195
 0.0000 0.2632     27.530      0.320      7.610     76.451      0.854    -16.792
 0.0000 0.3158     27.330      1.850      6.870     76.804      4.871    -15.188
 0.0000 0.3684     26.850      3.180      5.230     77.497      8.525    -11.601
 0.0000 0.4211     26.260      4.260      3.060     78.293     11.549     -6.613
 0.0000 0.4737     25.930      4.730      0.790     79.005     12.792     -1.581
 0.0000 0.5263     25.690      4.710     -1.170     78.791     12.813      2.770
 0.0000 0.5789     26.450      4.300     -3.380     78.387     11.580      7.948
 0.0000 0.6316     27.310      3.220     -5.410     77.798      8.521     12.732
 0.0000 0.6842     28.100      1.890     -6.940     77.339      4.860     16.134
 0.0000 0.7368     28.450      0.360     -7.610     77.091      0.916     17.614
 0.0000 0.7895     28.350     -1.200     -7.390     77.190     -3.055     17.103
 0.0000 0.8421     27.790     -2.690     -6.230     77.571     -6.953     14.552
 0.0000 0.8947     26.960     -4.030     -4.410     78.125    -10.640     10.308
 0.0000 0.9474     26.180     -4.900     -2.150     78.667    -13.020      5.000
 0.0000 1.0000     25.650     -5.230     -0.060     78.761    -14.051     -0.353
 0.0526 0.0000     25.870     -4.740     -0.460     78.991    -12.782      1.516
 0.0526 0.0526     24.070     -4.540      1.490     77.349    -12.889     -3.094
 0.0526 0.1053     22.270     -3.380      3.340     75.457    -10.389     -7.889
 0.0526 0.1579     20.820     -2.230      4.850     73.528     -7.186    -12.134
 0.0526 0.2105     19.930     -0.920      5.680     72.236     -3.054    -14.637
 0.0526 0.2632     19.770      0.260      5.860     71.979      0.877    -15.211
 0.0526 0.3158     20.310      1.480      5.370     72.792      4.873    -13.686
 0.0526 0.3684     21.530      2.690      4.220     74.510      8.514    -10.362
 0.0526 0.4211     23.230      3.740      2.520     76.572     11.161     -5.758
 0.0526 0.4737     25.180      4.380      0.560     78.501     12.143     -0.998
 0.0526 0.5263     26.440      4.360     -1.340     79.135     11.603      3.296
 0.0526 0.5789     29.220      3.950     -3.610     79.771      9.854      8.213
 0.0526 0.6316     31.970      3.020     -5.760     80.046      7.069     12.730
 0.0526 0.6842     34.080      1.770     -7.400     80.146      3.927     15.917
 0.0526 0.7368     34.990      0.330     -8.120     80.118      0.733     17.302
 0.0526 0.7895     34.720     -1.150     -7.880     80.146     -2.477     16.837
 0.0526 0.8421     33.210     -2.520     -6.650     80.156     -5.671     14.462
 0.0526 0.8947     30.770     -3.720     -4.710     80.014     -8.877     10.548
 0.0526 0.9474     27.830     -4.400     -2.380     79.559    -11.225      5.612
 0.0526 1.0000     25.870     -4.740     -0.370     78.991    -12.782      0.989
 0.0526 1.0526     24.070     -4.540      1.580     77.390    -12.871     -3.704
 0.1053 0.0000     25.810     -3.650     -0.620     78.675     -9.969      1.560
 0.1053 0.0526     22.340     -3.410      1.070     76.303    -10.372     -2.405
 0.1053 0.1053     18.080     -2.410      2.380     72.523     -8.621     -6.178
 0.1053 0.1579     14.790     -1.470      3.200     68.891     -6.008     -9.372
 0.1053 0.2105     12.820     -0.570      3.550     66.289     -2.589    -11.275
 0.1053 0.2632     12.460      0.160      3.620     65.776      0.735    -11.719
 0.1053 0.3158     13.610      0.940      3.440     67.379      4.063    -10.570
 0.1053 0.3684     16.330      1.830      2.910     70.713      7.033     -8.066
 0.1053 0.4211     20.120      2.700      1.870     74.477      8.984     -4.577
 0.1053 0.4737     24.280      3.320      0.390     77.782      9.588     -0.672
 0.1053 0.5263     27.230      3.360     -1.340     79.342      8.846      3.391
 0.1053 0.5789     31.510      3.010     -3.290     80.806      7.155      7.475
 0.1053 0.6316     35.360      2.310     -5.040     81.676      5.016     11.076
 0.1053 0.6842     38.130      1.340     -6.300     82.119      2.716     13.570
 0.1053 0.7368     39.220      0.240     -6.830     82.194      0.486     14.627
 0.1053 0.7895     38.890     -0.870     -6.650     82.190     -1.713     14.267
 0.1053 0.8421     36.980     -1.930     -5.730     81.987     -3.998     12.450
 0.1053 0.8947     33.630     -2.840     -4.180     81.360     -6.349      9.318
 0.1053 0.9474     29.390     -3.400     -2.260     80.183     -8.387      5.389
 0.1053 1.0000     25.810     -3.650     -0.420     78.675     -9.969      1.255
 0.1053 1.0526     22.340     -3.410      1.280     76.236    -10.369     -3.092
 0.1579 0.0000     25.900     -2.420     -0.600     78.477     -6.586      1.339
 0.1579 0.0526     20.580     -2.160      0.660     75.003     -6.991     -1.455
 0.1579 0.1053     14.880     -1.390      1.360     69.915     -5.720     -3.924
 0.1579 0.1579     10.560     -0.800      1.630     64.684     -4.116     -5.748
 0.1579 0.2105      8.140     -0.300      1.630     60.859     -1.780     -6.634
 0.1579 0.2632      7.670      0.090      1.620     60.044      0.533     -6.802
 0.1579 0.3158      9.100      0.500      1.650     62.475      2.798     -6.347
 0.1579 0.3684     12.560      1.040      1.570     67.346      4.769     -5.045
 0.1579 0.4211     17.650      1.640      1.120     72.615      5.984     -2.927
 0.1579 0.4737     23.440      2.140      0.180     77.086      6.377     -0.255
 0.1579 0.5263     27.950      2.210     -1.110     79.428      5.742      2.758
 0.1579 0.5789     33.220      1.930     -2.470     81.530      4.434      5.584
 0.1579 0.6316     37.530      1.440     -3.610     82.838      3.008      8.032
 0.1579 0.6842     40.370      0.780     -4.340     83.578      1.526      9.662
 0.1579 0.7368     41.390      0.160     -4.610     83.777      0.284     10.236
 0.1579 0.7895     41.070     -0.530     -4.520     83.723     -0.982     10.037
 0.1579 0.8421     39.210     -1.160     -4.020     83.316     -2.305      8.951
 0.1579 0.8947     35.650     -1.800     -3.070     82.347     -3.881      6.858
 0.1579 0.9474     30.660     -2.200     -1.760     80.614     -5.290      4.145
 0.1579 1.0000     25.900     -2.420     -0.430     78.477     -6.586      1.170
 0.1579 1.0526     20.580     -2.160      0.790     74.876     -6.972     -1.896
 0.2105 0.0000     25.840     -1.000     -0.390     78.254     -2.745      0.946
 0.2105 0.0526     19.520     -0.880      0.190     74.204     -2.984     -0.358
 0.2105 0.1053     13.000     -0.560      0.490     68.117     -2.518     -1.463
 0.2105 0.1579      8.450     -0.310      0.540     62.106     -1.833     -2.164
 0.2105 0.2105      6.080     -0.130      0.470     57.807     -0.930     -2.278
 0.2105 0.2632      5.700      0.050      0.450     57.028      0.330     -2.297
 0.2105 0.3158      6.990      0.200      0.520     59.580      1.305     -2.324
 0.2105 0.3684     10.500      0.410      0.550     65.116      2.119     -1.918
 0.2105 0.4211     16.090      0.660      0.400     71.287      2.578     -1.036
 0.2105 0.4737     22.850      0.890     -0.020     76.552      2.723      0.216
 0.2105 0.5263     28.430      0.920     -0.650     79.493      2.398      1.645
 0.2105 0.5789     34.200      0.750     -1.280     81.955      1.732      2.942
 0.2105 0.6316     38.590      0.540     -1.780     83.535      1.153      4.035
 0.2105 0.6842     41.140      0.210     -2.070     84.417      0.491      4.823
 0.2105 0.7368     41.860      0.050     -2.140     84.691      0.096      5.094
 0.2105 0.7895     41.670     -0.160     -2.120     84.626     -0.328      4.940
 0.2105 0.8421     40.140     -0.380     -1.940     84.091     -0.809      4.468
 0.2105 0.8947     36.690     -0.690     -1.540     82.911     -1.493      3.510
 0.2105 0.9474     31.450     -0.890     -0.970     80.886     -2.140      2.293
 0.2105 1.0000     25.840     -1.000     -0.310     78.254     -2.745      0.890
 0.2105 1.0526     19.520     -0.880      0.250     74.033     -2.964     -0.513
 0.2632 0.0000     25.890      0.390     -0.150     78.263      1.012      0.576
 0.2632 0.0526     19.270      0.340     -0.270     74.000      1.096      0.879
 0.2632 0.1053     12.610      0.220     -0.290     67.733      0.922      1.139
 0.2632 0.1579      8.030      0.120     -0.250     61.549      0.686      1.258
 0.2632 0.2105      5.790      0.050     -0.190     57.409      0.313      1.226
 0.2632 0.2632      5.400     -0.010     -0.170     56.632     -0.091      1.165
 0.2632 0.3158      6.610     -0.080     -0.220     59.031     -0.471      1.267
 0.2632 0.3684     10.090     -0.160     -0.280     64.639     -0.764      1.236
 0.2632 0.4211     15.780     -0.260     -0.300     71.010     -0.961      1.052
 0.2632 0.4737     22.720     -0.340     -0.240     76.449     -0.996      0.753
 0.2632 0.5263     28.550     -0.360     -0.100     79.541     -0.881      0.406
 0.2632 0.5789     34.420     -0.300      0.050     82.096     -0.635      0.092
 0.2632 0.6316     38.810     -0.210      0.160     83.749     -0.414     -0.143
 0.2632 0.6842     41.310     -0.060      0.230     84.680     -0.174     -0.364
 0.2632 0.7368     41.870     -0.010      0.240     84.966     -0.026     -0.506
 0.2632 0.7895     41.720      0.040      0.230     84.904      0.119     -0.416
 0.2632 0.8421     40.330      0.150      0.200     84.331      0.306     -0.255
 0.2632 0.8947     36.940      0.270      0.100     83.105      0.546     -0.035
 0.2632 0.9474     31.630      0.360     -0.030     80.977      0.801      0.251
 0.2632 1.0000     25.890      0.390     -0.180     78.263      1.012      0.595
 0.2632 1.0526     19.270      0.340     -0.290     73.820      1.107      0.930
 0.3158 0.0000     25.830      1.800      0.090     78.341      4.866      0.164
 0.3158 0.0526     19.910      1.600     -0.740     74.470      5.193      2.067
 0.3158 0.1053     13.680      1.010     -1.110     68.703      4.291      3.699
 0.3158 0.1579      9.170      0.570     -1.160     62.912      3.113      4.796
 0.3158 0.2105      6.700      0.230     -1.050     58.605      1.466      5.088
 0.3158 0.2632      6.220     -0.080     -1.020     57.650     -0.484      5.132
 0.3158 0.3158      7.690     -0.370     -1.120     60.445     -2.183      5.089
 0.3158 0.3684     11.230     -0.750     -1.190     65.834     -3.578      4.404
 0.3158 0.4211     16.670     -1.210     -1.020     71.736     -4.465      3.077
 0.3158 0.4737     23.030     -1.590     -0.450     76.719     -4.718      1.260
 0.3158 0.5263     28.220     -1.650      0.440     79.501     -4.215     -0.826
 0.3158 0.5789     33.770     -1.430      1.360     81.854     -3.205     -2.757
 0.3158 0.6316     38.150     -1.040      2.090     83.369     -2.143     -4.410
 0.3158 0.6842     40.850     -0.520      2.540     84.228     -1.032     -5.555
 0.3158 0.7368     41.770     -0.110      2.680     84.517     -0.188     -5.886
 0.3158 0.7895     41.480      0.370      2.640     84.433      0.680     -5.727
 0.3158 0.8421     39.760      0.800      2.350     83.913      1.603     -5.053
 0.3158 0.8947     36.240      1.320      1.740     82.780      2.796     -3.607
 0.3158 0.9474     31.110      1.640      0.880     80.835      3.868     -1.770
 0.3158 1.0000     25.830      1.800     -0.050     78.341      4.866      0.282
 0.3158 1.0526     19.910      1.600     -0.840     74.320      5.196      2.353
 0.3684 0.0000     25.850      3.140      0.200     78.598      8.524     -0.153
 0.3684 0.0526     21.330      2.860     -1.210     75.501      8.916      3.147
 0.3684 0.1053     16.210      1.930     -2.100     70.914      7.336      6.137
 0.3684 0.1579     12.260      1.140     -2.540     66.330      5.197      8.525
 0.3684 0.2105      9.990      0.440     -2.640     63.050      2.265      9.876
 0.3684 0.2632      9.560     -0.120     -2.660     62.358     -0.637     10.203
 0.3684 0.3158     10.900     -0.720     -2.630     64.430     -3.525      9.396
 0.3684 0.3684     14.090     -1.440     -2.420     68.637     -5.991      7.588
 0.3684 0.4211     18.710     -2.220     -1.800     73.335     -7.653      4.927
 0.3684 0.4737     23.730     -2.790     -0.670     77.326     -8.153      1.757
 0.3684 0.5263     27.610     -2.870      0.800     79.459     -7.476     -1.758
 0.3684 0.5789     32.410     -2.580      2.410     81.329     -5.977     -5.169
 0.3684 0.6316     36.570     -1.950      3.800     82.516     -4.134     -8.148
 0.3684 0.6842     39.440     -1.120      4.770     83.168     -2.214    -10.196
 0.3684 0.7368     40.500     -0.200      5.160     83.309     -0.391    -11.013
 0.3684 0.7895     40.180      0.750      5.030     83.280      1.418    -10.737
 0.3684 0.8421     38.250      1.630      4.330     82.945      3.294     -9.281
 0.3684 0.8947     34.730      2.430      3.130     82.076      5.302     -6.700
 0.3684 0.9474     30.040      2.920      1.560     80.512      7.069     -3.416
 0.3684 1.0000     25.850      3.140      0.010     78.598      8.524      0.094
 0.3684 1.0526     21.330      2.860     -1.390     75.408      8.925      3.691
 0.4211 0.0000     25.800      4.300      0.200     78.802     11.674     -0.244
 0.4211 0.0526     23.130      4.060     -1.660     76.680     11.891      4.033
 0.4211 0.1053     19.910      2.920     -3.200     73.665      9.642      8.237
 0.4211 0.1579     17.380      1.860     -4.320     70.792      6.676     11.919
 0.4211 0.2105     15.840      0.750     -4.870     68.823      2.850     14.105
 0.4211 0.2632     15.540     -0.200     -4.990     68.415     -0.790     14.612
 0.4211 0.3158     16.480     -1.200     -4.690     69.672     -4.483     13.305
 0.4211 0.3684     18.580     -2.250     -3.890     72.240     -7.783     10.425
 0.4211 0.4211     21.520     -3.240     -2.580     75.306    -10.141      6.469
 0.4211 0.4737     24.600     -3.840     -0.870     78.001    -10.920      2.206
 0.4211 0.5263     26.840     -3.880      0.930     79.359    -10.322     -2.047
 0.4211 0.5789     30.340     -3.550      3.050     80.465     -8.677     -6.629
 0.4211 0.6316     33.730     -2.750      5.020     81.120     -6.203    -10.713
 0.4211 0.6842     36.220     -1.610      6.510     81.423     -3.433    -13.614
 0.4211 0.7368     37.280     -0.290      7.150     81.476     -0.623    -14.871
 0.4211 0.7895     36.950      1.050      6.930     81.477      2.179    -14.445
 0.4211 0.8421     35.190      2.310      5.830     81.352      5.006    -12.289
 0.4211 0.8947     32.220      3.390      4.050     80.910      7.840     -8.710
 0.4211 0.9474     28.610      3.990      1.910     80.028     10.029     -4.241
 0.4211 1.0000     25.800      4.300     -0.030     78.802     11.674      0.213
 0.4211 1.0526     23.130      4.060     -1.930     76.645     11.911      4.822
 0.4737 0.0000     25.730      5.130      0.060     78.840     13.785     -0.130
 0.4737 0.0526     25.040      4.980     -2.030     77.833     13.595      4.631
 0.4737 0.1053     24.260      3.770     -4.180     76.378     10.736      9.692
 0.4737 0.1579     23.740      2.540     -5.980     74.999      7.293     14.151
 0.4737 0.2105     23.430      1.080     -7.050     74.087      3.119     16.749
 0.4737 0.2632     23.370     -0.280     -7.280     73.901     -0.843     17.339
 0.4737 0.3158     23.560     -1.670     -6.650     74.479     -4.861     15.795
 0.4737 0.3684     23.970     -2.940     -5.210     75.691     -8.500     12.357
 0.4737 0.4211     24.620     -4.000     -3.240     77.206    -11.340      7.558
 0.4737 0.4737     25.380     -4.510     -1.070     78.562    -12.417      2.566
 0.4737 0.5263     26.040     -4.490      0.820     79.067    -12.171     -1.667
 0.4737 0.5789     27.720     -4.120      3.160     79.184    -10.785     -6.859
 0.4737 0.6316     29.490     -3.140      5.390     79.026     -7.888    -11.703
 0.4737 0.6842     30.900     -1.850      7.100     78.827     -4.468    -15.163
 0.4737 0.7368     31.490     -0.350      7.870     78.662     -0.833    -16.670
 0.4737 0.7895     31.320      1.210      7.610     78.737      2.860    -16.157
 0.4737 0.8421     30.320      2.650      6.310     78.945      6.458    -13.541
 0.4737 0.8947     28.750      3.960      4.290     79.164      9.999     -9.270
 0.4737 0.9474     26.870      4.710      1.870     79.175     12.342     -3.940
 0.4737 1.0000     25.730      5.130     -0.180     78.840     13.785      0.644
 0.4737 1.0526     25.040      4.980     -2.380     77.831     13.610      5.555
 0.5263 0.0000     25.610      5.120     -0.120     78.741     13.808      0.244
 0.5263 0.0526     26.740      4.990     -2.330     78.849     12.975      5.335
 0.5263 0.1053     28.520      3.950     -4.710     78.735      9.937     10.456
 0.5263 0.1579     30.000      2.760     -6.820     78.374      6.652     14.857
 0.5263 0.2105     30.930      1.210     -8.120     78.098      2.836     17.385
 0.5263 0.2632     31.100     -0.310     -8.410     78.014     -0.751     17.949
 0.5263 0.3158     30.540     -1.840     -7.620     78.218     -4.431     16.441
 0.5263 0.3684     29.230     -3.120     -5.890     78.527     -7.818     13.029
 0.5263 0.4211     27.560     -4.110     -3.620     78.841    -10.733      8.209
 0.5263 0.4737     26.010     -4.490     -1.260     78.948    -12.129      3.043
 0.5263 0.5263     25.390     -4.500      0.630     78.649    -12.429     -1.195
 0.5263 0.5789     24.770     -4.000      2.820     77.527    -11.389     -6.270
 0.5263 0.6316     24.240     -2.950      4.820     76.177     -8.570    -11.156
 0.5263 0.6842     23.940     -1.680      6.280     75.095     -4.899    -14.684
 0.5263 0.7368     23.790     -0.310      6.920     74.554     -0.928    -16.251
 0.5263 0.7895     23.850      1.070      6.710     74.742      3.123    -15.704
 0.5263 0.8421     24.060      2.430      5.600     75.564      7.055    -13.012
 0.5263 0.8947     24.470      3.760      3.840     76.792     10.734     -8.624
 0.5263 0.9474     25.150      4.670      1.620     78.122     12.869     -3.353
 0.5263 1.0000     25.610      5.120     -0.370     78.741     13.808      1.115
 0.5263 1.0526     26.740      4.990     -2.670     78.841     12.953      6.054
 0.5789 0.0000     25.600      4.330     -0.290     78.624     11.824      0.862
 0.5789 0.0526     28.480      4.230     -2.410     79.715     10.541      5.691
 0.5789 0.1053     32.010      3.380     -4.550     80.502      7.793     10.025
 0.5789 0.1579     34.920      2.410     -6.440     80.813      5.166     13.767
 0.5789 0.2105     36.640      1.050     -7.570     80.883      2.161     15.865
 0.5789 0.2632     36.960     -0.250     -7.810     80.868     -0.546     16.339
 0.5789 0.3158     35.920     -1.600     -7.140     80.853     -3.399     15.069
 0.5789 0.3684     33.490     -2.720     -5.610     80.646     -6.133     12.173
 0.5789 0.4211     30.180     -3.530     -3.570     80.125     -8.622      8.071
 0.5789 0.4737     26.790     -3.850     -1.380     79.222    -10.256      3.436
 0.5789 0.5263     24.610     -3.830      0.450     78.044    -10.902     -0.872
 0.5789 0.5789     21.660     -3.220      2.220     75.568    -10.156     -5.248
 0.5789 0.6316     18.800     -2.240      3.600     72.651     -7.827     -9.332
 0.5789 0.6842     16.790     -1.200      4.460     70.208     -4.501    -12.329
 0.5789 0.7368     15.870     -0.220      4.780     68.986     -0.850    -13.678
 0.5789 0.7895     16.180      0.740      4.670     69.406      2.852    -13.196
 0.5789 0.8421     17.640      1.780      4.070     71.273      6.491    -10.907
 0.5789 0.8947     20.110      2.910      2.930     74.031      9.644     -7.187
 0.5789 0.9474     23.180      3.840      1.290     76.851     11.365     -2.804
 0.5789 1.0000     25.600      4.330     -0.530     78.624     11.824      1.480
 0.5789 1.0526     28.480      4.230     -2.720     79.665     10.469      6.147
 0.6316 0.0000     25.580      3.160     -0.360     78.392      8.687      1.123
 0.6316 0.0526     29.940      3.080     -2.100     80.282      7.406      4.914
 0.6316 0.1053     34.560      2.410     -3.700     81.753      5.251      8.169
 0.6316 0.1579     38.040      1.700     -5.010     82.515      3.395     10.922
 0.6316 0.2105     39.970      0.740     -5.730     82.811      1.401     12.354
 0.6316 0.2632     40.280     -0.170     -5.880     82.819     -0.334     12.673
 0.6316 0.3158     39.230     -1.100     -5.470     82.718     -2.180     11.834
 0.6316 0.3684     36.370     -1.910     -4.450     82.134     -4.070      9.752
 0.6316 0.4211     32.250     -2.530     -2.970     81.053     -5.908      6.704
 0.6316 0.4737     27.550     -2.820     -1.280     79.341     -7.392      3.183
 0.6316 0.5263     23.740     -2.750      0.260     77.343     -8.096     -0.467
 0.6316 0.5789     18.810     -2.180      1.490     73.531     -7.611     -3.777
 0.6316 0.6316     14.250     -1.420      2.200     68.951     -5.984     -6.588
 0.6316 0.6842     11.090     -0.710      2.480     64.851     -3.508     -8.528
 0.6316 0.7368      9.750     -0.130      2.540     62.800     -0.675     -9.391
 0.6316 0.7895     10.200      0.430      2.520     63.504      2.254     -9.068
 0.6316 0.8421     12.430      1.090      2.360     66.690      5.029     -7.606
 0.6316 0.8947     16.340      1.910      1.870     71.177      7.327     -5.107
 0.6316 0.9474     21.320      2.690      0.860     75.567      8.522     -1.938
 0.6316 1.0000     25.580      3.160     -0.580     78.392      8.687      1.550
 0.6316 1.0526     29.940      3.080     -2.350     80.171      7.310      5.121
 0.6842 0.0000     25.610      1.790     -0.330     78.221      4.920      1.016
 0.6842 0.0526     31.050      1.710     -1.430     80.722      4.018      3.308
 0.6842 0.1053     36.100      1.290     -2.350     82.583      2.736      5.214
 0.6842 0.1579     39.580      0.820     -3.040     83.635      1.641      6.826
 0.6842 0.2105     41.320      0.370     -3.350     84.130      0.667      7.514
 0.6842 0.2632     41.590     -0.090     -3.410     84.189     -0.154      7.700
 0.6842 0.3158     40.670     -0.500     -3.250     83.932     -0.999      7.349
 0.6842 0.3684     37.980     -1.000     -2.760     83.121     -2.087      6.132
 0.6842 0.4211     33.620     -1.370     -1.940     81.669     -3.131      4.359
 0.6842 0.4737     28.190     -1.590     -0.920     79.441     -4.123      2.272
 0.6842 0.5263     23.030     -1.530      0.060     76.730     -4.630      0.005
 0.6842 0.5789     16.760     -1.160      0.750     71.892     -4.376     -1.989
 0.6842 0.6316     11.320     -0.720      1.020     66.045     -3.515     -3.479
 0.6842 0.6842      7.790     -0.350      1.020     60.728     -2.128     -4.287
 0.6842 0.7368      6.300     -0.070      0.940     57.926     -0.490     -4.387
 0.6842 0.7895      6.800      0.220      0.970     58.911      1.438     -4.340
 0.6842 0.8421      9.260      0.530      1.030     63.138      2.970     -3.943
 0.6842 0.8947     13.780      0.980      0.910     68.916      4.232     -2.712
 0.6842 0.9474     19.870      1.460      0.420     74.466      4.894     -0.905
 0.6842 1.0000     25.610      1.790     -0.480     78.221      4.920      1.274
 0.6842 1.0526     31.050      1.710     -1.580     80.554      3.939      3.344
 0.7368 0.0000     25.640      0.330     -0.250     78.137      0.933      0.742
 0.7368 0.0526     31.570      0.310     -0.530     80.925      0.742      1.297
 0.7368 0.1053     36.800      0.210     -0.740     83.006      0.473      1.739
 0.7368 0.1579     40.150      0.120     -0.900     84.187      0.272      2.098
 0.7368 0.2105     41.560      0.040     -0.950     84.761      0.097      2.300
 0.7368 0.2632     41.700     -0.010     -0.960     84.805     -0.018      2.369
 0.7368 0.3158     41.150     -0.050     -0.940     84.537     -0.137      2.234
 0.7368 0.3684     38.650     -0.160     -0.840     83.618     -0.359      1.937
 0.7368 0.4211     34.280     -0.230     -0.640     81.985     -0.544      1.540
 0.7368 0.4737     28.510     -0.290     -0.400     79.496     -0.774      1.049
 0.7368 0.5263     22.690     -0.280     -0.140     76.410     -0.887      0.500
 0.7368 0.5789     15.800     -0.200      0.040     71.044     -0.829      0.013
 0.7368 0.6316     10.100     -0.120      0.120     64.660     -0.678     -0.331
 0.7368 0.6842      6.630     -0.060      0.120     59.089     -0.411     -0.460
 0.7368 0.7368      5.400     -0.010      0.090     56.661     -0.093     -0.393
 0.7368 0.7895      5.800      0.040      0.100     57.469      0.287     -0.445
 0.7368 0.8421      8.040      0.090      0.120     61.563      0.583     -0.414
 0.7368 0.8947     12.650      0.170      0.090     67.795      0.814     -0.163
 0.7368 0.9474     19.180      0.260     -0.050     73.904      0.933      0.272
 0.7368 1.0000     25.640      0.330     -0.280     78.137      0.933      0.802
 0.7368 1.0526     31.570      0.310     -0.560     80.728      0.712      1.289
 0.7895 0.0000     25.640     -1.120     -0.180     78.183     -3.028      0.493
 0.7895 0.0526     31.430     -1.060      0.420     80.926     -2.430     -0.751
 0.7895 0.1053     36.560     -0.770      0.890     82.939     -1.604     -1.770
 0.7895 0.1579     39.960     -0.450      1.240     84.112     -0.929     -2.662
 0.7895 0.2105     41.500     -0.180      1.390     84.669     -0.367     -3.085
 0.7895 0.2632     41.690      0.040      1.410     84.732      0.080     -3.246
 0.7895 0.3158     40.980      0.240      1.350     84.444      0.540     -2.992
 0.7895 0.3684     38.440      0.580      1.100     83.552      1.213     -2.268
 0.7895 0.4211     34.060      0.830      0.690     81.945      1.843     -1.328
 0.7895 0.4737     28.440      0.990      0.150     79.535      2.503     -0.200
 0.7895 0.5263     22.800      0.950     -0.360     76.513      2.834      1.037
 0.7895 0.5789     16.130      0.720     -0.670     71.316      2.705      2.103
 0.7895 0.6316     10.500      0.450     -0.710     65.094      2.204      2.827
 0.7895 0.6842      7.010      0.220     -0.620     59.596      1.383      3.117
 0.7895 0.7368      5.710      0.050     -0.530     57.022      0.345      3.037
 0.7895 0.7895      6.100     -0.140     -0.560     57.837     -0.964      3.048
 0.7895 0.8421      8.440     -0.330     -0.670     62.068     -1.877      3.011
 0.7895 0.8947     13.020     -0.610     -0.700     68.146     -2.637      2.453
 0.7895 0.9474     19.420     -0.910     -0.520     74.095     -3.005      1.514
 0.7895 1.0000     25.640     -1.120     -0.080     78.183     -3.028      0.325
 0.7895 1.0526     31.430     -1.060      0.520     80.739     -2.403     -0.781
 0.8421 0.0000     25.650     -2.560     -0.100     78.379     -6.958      0.241
 0.8421 0.0526     30.610     -2.470      1.240     80.680     -5.815     -2.663
 0.8421 0.1053     35.520     -1.910      2.430     82.459     -4.061     -5.155
 0.8421 0.1579     39.050     -1.290      3.350     83.454     -2.541     -7.263
 0.8421 0.2105     40.920     -0.570      3.820     83.905     -1.043     -8.285
 0.8421 0.2632     41.220      0.140      3.910     83.953      0.253     -8.491
 0.8421 0.3158     40.230      0.830      3.660     83.746      1.619     -7.952
 0.8421 0.3684     37.400      1.500      2.960     82.970      3.113     -6.358
 0.8421 0.4211     33.110      2.030      1.900     81.605      4.620     -4.038
 0.8421 0.4737     27.950      2.280      0.620     79.509      5.880     -1.337
 0.8421 0.5263     23.360      2.210     -0.570     77.012      6.514      1.525
 0.8421 0.5789     17.620      1.720     -1.430     72.517      6.169      4.037
 0.8421 0.6316     12.470      1.090     -1.790     67.101      4.881      6.009
 0.8421 0.6842      9.000      0.530     -1.810     62.186      2.900      7.213
 0.8421 0.7368      7.560      0.100     -1.750     59.686      0.570      7.597
 0.8421 0.7895      8.040     -0.310     -1.780     60.547     -1.843      7.474
 0.8421 0.8421     10.460     -0.820     -1.810     64.414     -4.126      6.659
 0.8421 0.8947     14.820     -1.470     -1.630     69.761     -5.913      4.983
 0.8421 0.9474     20.510     -2.140     -1.010     74.915     -6.895      2.645
 0.8421 1.0000     25.650     -2.560      0.090     78.379     -6.958     -0.089
 0.8421 1.0526     30.610     -2.470      1.450     80.539     -5.748     -2.783
 0.8947 0.0000     25.620     -3.830     -0.130     78.579    -10.456      0.360
 0.8947 0.0526     29.380     -3.740      1.780     80.271     -9.119     -3.938
 0.8947 0.1053     33.480     -2.950      3.580     81.484     -6.596     -7.715
 0.8947 0.1579     36.810     -2.100      5.140     82.142     -4.340    -10.960
 0.8947 0.2105     38.670     -0.910      6.020     82.366     -1.788    -12.725
 0.8947 0.2632     39.000      0.210      6.210     82.375      0.447    -13.125
 0.8947 0.3158     37.920      1.390      5.690     82.286      2.847    -12.060
 0.8947 0.3684     35.220      2.380      4.450     81.835      5.183     -9.567
 0.8947 0.4211     31.370      3.110      2.760     80.896      7.384     -6.018
 0.8947 0.4737     27.320      3.420      0.870     79.497      8.992     -1.979
 0.8947 0.5263     24.170      3.360     -0.790     77.671      9.687      1.998
 0.8947 0.5789     20.170      2.770     -2.220     74.445      9.075      5.741
 0.8947 0.6316     16.320      1.860     -3.170     70.610      7.046      9.094
 0.8947 0.6842     13.630      0.960     -3.670     67.334      4.095     11.536
 0.8947 0.7368     12.450      0.170     -3.820     65.722      0.775     12.635
 0.8947 0.7895     12.840     -0.590     -3.770     66.261     -2.581     12.239
 0.8947 0.8421     14.790     -1.450     -3.450     68.808     -5.866     10.378
 0.8947 0.8947     18.100     -2.450     -2.720     72.462     -8.641      7.330
 0.8947 0.9474     22.280     -3.330     -1.480     76.193    -10.112      3.650
 0.8947 1.0000     25.620     -3.830      0.110     78.579    -10.456     -0.177
 0.8947 1.0526     29.380     -3.740      2.070     80.192     -9.050     -4.261
 0.9474 0.0000     25.730     -4.800     -0.210     78.820    -12.996      0.784
 0.9474 0.0526     27.690     -4.680      1.890     79.541    -11.954     -4.208
 0.9474 0.1053     30.560     -3.800      4.220     80.080     -9.128     -9.024
 0.9474 0.1579     32.930     -2.660      6.220     80.210     -6.031    -13.111
 0.9474 0.2105     34.390     -1.180      7.470     80.202     -2.571    -15.504
 0.9474 0.2632     34.660      0.310      7.730     80.175      0.696    -16.020
 0.9474 0.3158     33.800      1.810      6.990     80.220      4.065    -14.605
 0.9474 0.3684     31.780      3.050      5.320     80.160      7.199    -11.362
 0.9474 0.4211     29.090      3.990      3.150     79.870     10.019     -6.866
 0.9474 0.4737     26.490      4.300      0.860     79.293     11.509     -1.879
 0.9474 0.5263     25.040      4.320     -0.990     78.312     12.028      2.349
 0.9474 0.5789     23.190      3.780     -3.010     76.360     11.204      7.049
 0.9474 0.6316     21.360      2.730     -4.750     74.112      8.544     11.553
 0.9474 0.6842     20.120      1.520     -5.960     72.334      4.926     14.845
 0.9474 0.7368     19.540      0.290     -6.470     71.463      0.947     16.315
 0.9474 0.7895     19.740     -0.940     -6.300     71.762     -3.081     15.804
 0.9474 0.8421     20.660     -2.200     -5.420     73.120     -7.017     13.310
 0.9474 0.8947     22.210     -3.450     -3.910     75.174    -10.486      9.238
 0.9474 0.9474     24.200     -4.390     -1.940     77.396    -12.456      4.435
 0.9474 1.0000     25.730     -4.800      0.010     78.820    -12.996      0.074
 0.9474 1.0526     27.690     -4.680      2.200     79.517    -11.917     -4.751
 1.0000 0.0000     25.650     -5.230     -0.360     78.761    -14.051      1.415
 1.0000 0.0526     26.200     -5.110      1.780     78.732    -13.542     -3.734
 1.0000 0.1053     26.530     -3.960      4.050     77.847    -10.592     -8.944
 1.0000 0.1579     27.130     -2.730      6.050     77.101     -7.188    -13.512
 1.0000 0.2105     27.460     -1.170      7.260     76.567     -3.052    -16.156
 1.0000 0.2632     27.530      0.320      7.520     76.451      0.854    -16.750
 1.0000 0.3158     27.330      1.850      6.790     76.804      4.871    -15.155
 1.0000 0.3684     26.850      3.180      5.160     77.497      8.525    -11.587
 1.0000 0.4211     26.260      4.260      3.000     78.293     11.549     -6.617
 1.0000 0.4737     25.930      4.730      0.690     79.005     12.792     -1.446
 1.0000 0.5263     25.690      4.710     -1.180     78.791     12.813      2.723
 1.0000 0.5789     26.450      4.300     -3.570     78.387     11.580      7.935
 1.0000 0.6316     27.310      3.220     -5.820     77.799      8.521     12.911
 1.0000 0.6842     28.100      1.890     -7.570     77.339      4.860     16.507
 1.0000 0.7368     28.450      0.360     -8.350     77.092      0.916     18.088
 1.0000 0.7895     28.350     -1.200     -8.090     77.190     -3.055     17.548
 1.0000 0.8421     27.790     -2.690     -6.770     77.572     -6.953     14.847
 1.0000 0.8947     26.960     -4.030     -4.730     78.125    -10.640     10.390
 1.0000 0.9474     26.180     -4.900     -2.280     78.667    -13.020      5.013
 1.0000 1.0000     25.650     -5.230     -0.210     78.761    -14.051      0.507
 1.0000 1.0526     26.200     -5.110      1.900     78.732    -13.542     -4.304
 1.0526 0.0526     24.070     -4.540      1.390     77.303    -12.902     -2.625
 1.0526 0.1053     22.270     -3.380      3.480     75.212    -10.423     -8.454
 1.0526 0.1579     20.820     -2.230      5.090     73.078     -7.212    -12.845
 1.0526 0.2105     19.930     -0.920      5.970     71.644     -3.066    -15.344
 1.0526 0.2632     19.770      0.260      6.170     71.356      0.882    -15.918
 1.0526 0.3158     20.310      1.480      5.630     72.258      4.893    -14.390
 1.0526 0.3684     21.530      2.690      4.400     74.159      8.546    -11.005
 1.0526 0.4211     23.230      3.740      2.590     76.428     11.194     -6.141
 1.0526 0.4737     25.180      4.380      0.520     78.490     12.158     -1.061
 1.0526 0.5263     26.440      4.360     -1.390     79.104     11.586      3.295
 1.0526 0.5789     29.220      3.950     -3.910     79.569      9.809      8.555
 1.0526 0.6316     31.970      3.020     -6.390     79.601      7.015     13.348
 1.0526 0.6842     34.080      1.770     -8.310     79.487      3.888     16.669
 1.0526 0.7368     34.990      0.330     -9.190     79.354      0.725     18.111
 1.0526 0.7895     34.720     -1.150     -8.900     79.419     -2.452     17.626
 1.0526 0.8421     33.210     -2.520     -7.440     79.595     -5.622     15.165
 1.0526 0.8947     30.770     -3.720     -5.210     79.692     -8.824     11.073
 1.0526 0.9474     27.830     -4.400     -2.530     79.458    -11.192      5.721
 1.0526 1.0000     25.870     -4.740     -0.280     78.991    -12.782      0.363
