 -50.0000 -50.0000     -0.8200     99.2658      0.0300      0.0052
 -50.0000 -45.0000     -0.9700     99.2358      0.0900      0.0036
 -50.0000 -40.0000     -1.2800     99.1759      0.1500      0.0005
 -50.0000 -35.0000     -1.7500     99.0755      0.2100      0.0052
 -50.0000 -30.0000     -2.3600     98.9352      0.2600      0.0079
 -50.0000 -25.0000     -3.1100     98.7649      0.2900      0.0090
 -50.0000 -20.0000     -3.9200     98.5746      0.3100      0.0090
 -50.0000 -15.0000     -4.7300     98.3844      0.2800      0.0091
 -50.0000 -10.0000     -5.4300     98.2241      0.2200      0.0107
 -50.0000  -5.0000     -5.9000     98.1142      0.1200      0.0049
 -50.0000   0.0000     -6.0700     98.0737      0.0000      0.0128
 -50.0000   5.0000     -5.9000     98.1142     -0.1200      0.0049
 -50.0000  10.0000     -5.4300     98.2241     -0.2200      0.0107
 -50.0000  15.0000     -4.7300     98.3844     -0.2800      0.0091
 -50.0000  20.0000     -3.9200     98.5746     -0.3100      0.0090
 -50.0000  25.0000     -3.1100     98.7649     -0.2900      0.0090
 -50.0000  30.0000     -2.3600     98.9352     -0.2600      0.0079
 -50.0000  35.0000     -1.7500     99.0755     -0.2100      0.0052
 -50.0000  40.0000     -1.2800     99.1759     -0.1500      0.0005
 -50.0000  45.0000     -0.9700     99.2358     -0.0900      0.0036
 -50.0000  50.0000     -0.8200     99.2658     -0.0300      0.0052
 -45.0000 -50.0000     -1.1900     99.2059      0.0300      0.0020
 -45.0000 -45.0000     -1.3400     99.1759      0.0800      0.0005
 -45.0000 -40.0000     -1.6400     99.1055      0.1400      0.0068
 -45.0000 -35.0000     -2.0800     99.0056      0.1900      0.0016
 -45.0000 -30.0000     -2.6600     98.8753      0.2300      0.0047
 -45.0000 -25.0000     -3.3200     98.7150      0.2600      0.0064
 -45.0000 -20.0000     -4.0400     98.5347      0.2600      0.0069
 -45.0000 -15.0000     -4.7300     98.3544      0.2400      0.0075
 -45.0000 -10.0000     -5.3100     98.1941      0.1800      0.0091
 -45.0000  -5.0000     -5.6900     98.0837      0.1000      0.0133
 -45.0000   0.0000     -5.8300     98.0438      0.0000      0.0112
 -45.0000   5.0000     -5.6900     98.0837     -0.1000      0.0133
 -45.0000  10.0000     -5.3100     98.1941     -0.1800      0.0091
 -45.0000  15.0000     -4.7300     98.3544     -0.2400      0.0075
 -45.0000  20.0000     -4.0400     98.5347     -0.2600      0.0069
 -45.0000  25.0000     -3.3200     98.7150     -0.2600      0.0064
 -45.0000  30.0000     -2.6600     98.8753     -0.2300      0.0047
 -45.0000  35.0000     -2.0800     99.0056     -0.1900      0.0016
 -45.0000  40.0000     -1.6400     99.1055     -0.1400      0.0068
 -45.0000  45.0000     -1.3400     99.1759     -0.0800      0.0005
 -45.0000  50.0000     -1.1900     99.2059     -0.0300      0.0020
 -40.0000 -50.0000     -1.4600     99.1155      0.0300      0.0073
 -40.0000 -45.0000     -1.5900     99.0855      0.0800      0.0057
 -40.0000 -40.0000     -1.8800     99.0156      0.1300      0.0021
 -40.0000 -35.0000     -2.2900     98.9152      0.1800      0.0068
 -40.0000 -30.0000     -2.8100     98.7948      0.2100      0.0105
 -40.0000 -25.0000     -3.4000     98.6450      0.2300      0.0027
 -40.0000 -20.0000     -4.0100     98.4748      0.2200      0.0038
 -40.0000 -15.0000     -4.5700     98.3145      0.1900      0.0054
 -40.0000 -10.0000     -5.0300     98.1641      0.1400      0.0075
 -40.0000  -5.0000     -5.3200     98.0638      0.0700      0.0123
 -40.0000   0.0000     -5.4200     98.0238      0.0000      0.0102
 -40.0000   5.0000     -5.3200     98.0638     -0.0700      0.0123
 -40.0000  10.0000     -5.0300     98.1641     -0.1400      0.0075
 -40.0000  15.0000     -4.5700     98.3145     -0.1900      0.0054
 -40.0000  20.0000     -4.0100     98.4748     -0.2200      0.0038
 -40.0000  25.0000     -3.4000     98.6450     -0.2300      0.0027
 -40.0000  30.0000     -2.8100     98.7948     -0.2100      0.0105
 -40.0000  35.0000     -2.2900     98.9152     -0.1800      0.0068
 -40.0000  40.0000     -1.8800     99.0156     -0.1300      0.0021
 -40.0000  45.0000     -1.5900     99.0855     -0.0800      0.0057
 -40.0000  50.0000     -1.4600     99.1155     -0.0300      0.0073
 -35.0000 -50.0000     -1.6300     99.0455      0.0300      0.0036
 -35.0000 -45.0000     -1.7600     99.0156      0.0700      0.0021
 -35.0000 -40.0000     -2.0100     98.9452      0.1200      0.0084
 -35.0000 -35.0000     -2.3700     98.8553      0.1500      0.0037
 -35.0000 -30.0000     -2.8100     98.7349      0.1700      0.0074
 -35.0000 -25.0000     -3.3000     98.5846      0.1800      0.0095
 -35.0000 -20.0000     -3.7700     98.4243      0.1700      0.0111
 -35.0000 -15.0000     -4.1800     98.2740      0.1300      0.0133
 -35.0000 -10.0000     -4.4700     98.1237      0.0800      0.0154
 -35.0000  -5.0000     -4.6200     98.0138      0.0400      0.0097
 -35.0000   0.0000     -4.6700     97.9734      0.0000      0.0176
 -35.0000   5.0000     -4.6200     98.0138     -0.0400      0.0097
 -35.0000  10.0000     -4.4700     98.1237     -0.0800      0.0154
 -35.0000  15.0000     -4.1800     98.2740     -0.1300      0.0133
 -35.0000  20.0000     -3.7700     98.4243     -0.1700      0.0111
 -35.0000  25.0000     -3.3000     98.5846     -0.1800      0.0095
 -35.0000  30.0000     -2.8100     98.7349     -0.1700      0.0074
 -35.0000  35.0000     -2.3700     98.8553     -0.1500      0.0037
 -35.0000  40.0000     -2.0100     98.9452     -0.1200      0.0084
 -35.0000  45.0000     -1.7600     99.0156     -0.0700      0.0021
 -35.0000  50.0000     -1.6300     99.0455     -0.0300      0.0036
 -30.0000 -50.0000     -1.7100     98.9851      0.0200      0.0105
 -30.0000 -45.0000     -1.8100     98.9551      0.0600      0.0089
 -30.0000 -40.0000     -2.0200     98.8952      0.0900      0.0058
 -30.0000 -35.0000     -2.3100     98.8048      0.1200      0.0111
 -30.0000 -30.0000     -2.6500     98.6850      0.1200      0.0048
 -30.0000 -25.0000     -2.9700     98.5447      0.1100      0.0074
 -30.0000 -20.0000     -3.2400     98.3943      0.0800      0.0096
 -30.0000 -15.0000     -3.3900     98.2241      0.0200      0.0107
 -30.0000 -10.0000     -3.3800     98.0532     -0.0300      0.0217
 -30.0000  -5.0000     -3.2500     97.9029     -0.0400      0.0239
 -30.0000   0.0000     -3.1800     97.8430      0.0000      0.0207
 -30.0000   5.0000     -3.2500     97.9029      0.0400      0.0239
 -30.0000  10.0000     -3.3800     98.0532      0.0300      0.0217
 -30.0000  15.0000     -3.3900     98.2241     -0.0200      0.0107
 -30.0000  20.0000     -3.2400     98.3943     -0.0800      0.0096
 -30.0000  25.0000     -2.9700     98.5447     -0.1100      0.0074
 -30.0000  30.0000     -2.6500     98.6850     -0.1200      0.0048
 -30.0000  35.0000     -2.3100     98.8048     -0.1200      0.0111
 -30.0000  40.0000     -2.0200     98.8952     -0.0900      0.0058
 -30.0000  45.0000     -1.8100     98.9551     -0.0600      0.0089
 -30.0000  50.0000     -1.7100     98.9851     -0.0200      0.0105
 -25.0000 -50.0000     -1.6700     98.9551      0.0200      0.0089
 -25.0000 -45.0000     -1.7500     98.9252      0.0400      0.0074
 -25.0000 -40.0000     -1.8900     98.8653      0.0600      0.0042
 -25.0000 -35.0000     -2.0800     98.7849      0.0700      0.0100
 -25.0000 -30.0000     -2.2400     98.6745      0.0500      0.0142
 -25.0000 -25.0000     -2.3400     98.5342      0.0000      0.0169
 -25.0000 -20.0000     -2.2700     98.3738     -0.0800      0.0185
 -25.0000 -15.0000     -1.9300     98.1836     -0.1900      0.0186
 -25.0000 -10.0000     -1.3100     97.9324     -0.2600      0.0354
 -25.0000  -5.0000     -0.5600     97.6517     -0.2100      0.0408
 -25.0000   0.0000     -0.2000     97.5214      0.0000      0.0439
 -25.0000   5.0000     -0.5600     97.6517      0.2100      0.0408
 -25.0000  10.0000     -1.3100     97.9324      0.2600      0.0354
 -25.0000  15.0000     -1.9300     98.1836      0.1900      0.0186
 -25.0000  20.0000     -2.2700     98.3738      0.0800      0.0185
 -25.0000  25.0000     -2.3400     98.5342      0.0000      0.0169
 -25.0000  30.0000     -2.2400     98.6745     -0.0500      0.0142
 -25.0000  35.0000     -2.0800     98.7849     -0.0700      0.0100
 -25.0000  40.0000     -1.8900     98.8653     -0.0600      0.0042
 -25.0000  45.0000     -1.7500     98.9252     -0.0400      0.0074
 -25.0000  50.0000     -1.6700     98.9551     -0.0200      0.0089
 -20.0000 -50.0000     -1.5100     98.9352      0.0100      0.0079
 -20.0000 -45.0000     -1.5500     98.9152      0.0200      0.0068
 -20.0000 -40.0000     -1.6000     98.8647      0.0200      0.0142
 -20.0000 -35.0000     -1.6300     98.7849     -0.0100      0.0100
 -20.0000 -30.0000     -1.5600     98.6945     -0.0700      0.0153
 -20.0000 -25.0000     -1.2900     98.5741     -0.1800      0.0190
 -20.0000 -20.0000     -0.6200     98.4138     -0.3600      0.0206
 -20.0000 -15.0000      0.6000     98.1626     -0.6100      0.0375
 -20.0000 -10.0000      2.5300     97.7106     -0.8100      0.0639
 -20.0000  -5.0000      4.7900     97.1577     -0.6500      0.1050
 -20.0000   0.0000      5.8700     96.8859      0.0000      0.1308
 -20.0000   5.0000      4.7900     97.1577      0.6500      0.1050
 -20.0000  10.0000      2.5300     97.7106      0.8100      0.0639
 -20.0000  15.0000      0.6000     98.1626      0.6100      0.0375
 -20.0000  20.0000     -0.6200     98.4138      0.3600      0.0206
 -20.0000  25.0000     -1.2900     98.5741      0.1800      0.0190
 -20.0000  30.0000     -1.5600     98.6945      0.0700      0.0153
 -20.0000  35.0000     -1.6300     98.7849      0.0100      0.0100
 -20.0000  40.0000     -1.6000     98.8647     -0.0200      0.0142
 -20.0000  45.0000     -1.5500     98.9152     -0.0200      0.0068
 -20.0000  50.0000     -1.5100     98.9352     -0.0100      0.0079
 -15.0000 -50.0000     -1.2300     98.9452      0.0000      0.0084
 -15.0000 -45.0000     -1.2200     98.9352     -0.0200      0.0079
 -15.0000 -40.0000     -1.1500     98.8952     -0.0500      0.0058
 -15.0000 -35.0000     -0.9700     98.8448     -0.1100      0.0132
 -15.0000 -30.0000     -0.5700     98.7849     -0.2400      0.0100
 -15.0000 -25.0000      0.2700     98.7144     -0.4600      0.0163
 -15.0000 -20.0000      1.8400     98.6035     -0.8300      0.0306
 -15.0000 -15.0000      4.6200     98.2913     -1.4000      0.0643
 -15.0000 -10.0000      9.1000     97.4967     -1.8700      0.1328
 -15.0000  -5.0000     14.2800     96.2285     -1.4900      0.2566
 -15.0000   0.0000     16.7600     95.5247      0.0000      0.3098
 -15.0000   5.0000     14.2800     96.2285      1.4900      0.2566
 -15.0000  10.0000      9.1000     97.4967      1.8700      0.1328
 -15.0000  15.0000      4.6200     98.2913      1.4000      0.0643
 -15.0000  20.0000      1.8400     98.6035      0.8300      0.0306
 -15.0000  25.0000      0.2700     98.7144      0.4600      0.0163
 -15.0000  30.0000     -0.5700     98.7849      0.2400      0.0100
 -15.0000  35.0000     -0.9700     98.8448      0.1100      0.0132
 -15.0000  40.0000     -1.1500     98.8952      0.0500      0.0058
 -15.0000  45.0000     -1.2200     98.9352      0.0200      0.0079
 -15.0000  50.0000     -1.2300     98.9452      0.0000      0.0084
 -10.0000 -50.0000     -0.8400     98.9951     -0.0200      0.0110
 -10.0000 -45.0000     -0.7600     98.9851     -0.0500      0.0105
 -10.0000 -40.0000     -0.5500     98.9751     -0.1200      0.0100
 -10.0000 -35.0000     -0.1300     98.9651     -0.2400      0.0094
 -10.0000 -30.0000      0.6900     98.9846     -0.4400      0.0205
 -10.0000 -25.0000      2.1900     99.0445     -0.8000      0.0236
 -10.0000 -20.0000      4.8800     99.0939     -1.4400      0.0362
 -10.0000 -15.0000      9.6900     98.8211     -2.4500      0.0820
 -10.0000 -10.0000     17.5800     97.4026     -3.4000      0.2079
 -10.0000  -5.0000     27.3400     94.6985     -2.8100      0.4067
 -10.0000   0.0000     32.2800     93.1307      0.0000      0.5148
 -10.0000   5.0000     27.3400     94.6985      2.8100      0.4067
 -10.0000  10.0000     17.5800     97.4026      3.4000      0.2079
 -10.0000  15.0000      9.6900     98.8211      2.4500      0.0820
 -10.0000  20.0000      4.8800     99.0939      1.4400      0.0362
 -10.0000  25.0000      2.1900     99.0445      0.8000      0.0236
 -10.0000  30.0000      0.6900     98.9846      0.4400      0.0205
 -10.0000  35.0000     -0.1300     98.9651      0.2400      0.0094
 -10.0000  40.0000     -0.5500     98.9751      0.1200      0.0100
 -10.0000  45.0000     -0.7600     98.9851      0.0500      0.0105
 -10.0000  50.0000     -0.8400     98.9951      0.0200      0.0110
  -5.0000 -50.0000     -0.3700     99.0650     -0.0300      0.0147
  -5.0000 -45.0000     -0.2300     99.0750     -0.0900      0.0152
  -5.0000 -40.0000      0.1200     99.0955     -0.1900      0.0063
  -5.0000 -35.0000      0.7800     99.1654     -0.3500      0.0099
  -5.0000 -30.0000      1.9500     99.3052     -0.6100      0.0173
  -5.0000 -25.0000      3.9700     99.5759     -1.0500      0.0114
  -5.0000 -20.0000      7.4600     99.9459     -1.8000      0.0208
  -5.0000 -15.0000     13.3500     99.8339     -3.0900      0.0550
  -5.0000 -10.0000     23.5900     97.8162     -4.6000      0.1495
  -5.0000  -5.0000     37.8500     93.8623     -3.9900      0.3128
  -5.0000   0.0000     45.5900     91.6238      0.0000      0.4158
  -5.0000   5.0000     37.8500     93.8623      3.9900      0.3128
  -5.0000  10.0000     23.5900     97.8162      4.6000      0.1495
  -5.0000  15.0000     13.3500     99.8339      3.0900      0.0550
  -5.0000  20.0000      7.4600     99.9459      1.8000      0.0208
  -5.0000  25.0000      3.9700     99.5759      1.0500      0.0114
  -5.0000  30.0000      1.9500     99.3052      0.6100      0.0173
  -5.0000  35.0000      0.7800     99.1654      0.3500      0.0099
  -5.0000  40.0000      0.1200     99.0955      0.1900      0.0063
  -5.0000  45.0000     -0.2300     99.0750      0.0900      0.0152
  -5.0000  50.0000     -0.3700     99.0650      0.0300      0.0147
   0.0000 -50.0000      0.1200     99.1654     -0.0400      0.0099
   0.0000 -45.0000      0.3100     99.1953     -0.1200      0.0115
   0.0000 -40.0000      0.7500     99.2652     -0.2300      0.0152
   0.0000 -35.0000      1.5400     99.4056     -0.3900      0.0125
   0.0000 -30.0000      2.8200     99.6763     -0.6300      0.0067
   0.0000 -25.0000      4.8500    100.1566     -0.9800      0.0118
   0.0000 -20.0000      7.9300    100.8078     -1.4500      0.0059
   0.0000 -15.0000     12.4400    100.8693     -2.3800     -0.0209
   0.0000 -10.0000     20.5800     98.8689     -3.8300     -0.0657
   0.0000  -5.0000     33.5600     95.0747     -3.5200     -0.0843
   0.0000   0.0000     41.1000     93.0018      0.0000     -0.0828
   0.0000   5.0000     33.5600     95.0747      3.5200     -0.0843
   0.0000  10.0000     20.5800     98.8689      3.8300     -0.0657
   0.0000  15.0000     12.4400    100.8693      2.3800     -0.0209
   0.0000  20.0000      7.9300    100.8078      1.4500      0.0059
   0.0000  25.0000      4.8500    100.1566      0.9800      0.0118
   0.0000  30.0000      2.8200     99.6763      0.6300      0.0067
   0.0000  35.0000      1.5400     99.4056      0.3900      0.0125
   0.0000  40.0000      0.7500     99.2652      0.2300      0.0152
   0.0000  45.0000      0.3100     99.1953      0.1200      0.0115
   0.0000  50.0000      0.1200     99.1654      0.0400      0.0099
   5.0000 -50.0000      0.5700     99.2857     -0.0500      0.0062
   5.0000 -45.0000      0.7800     99.3257     -0.1300      0.0083
   5.0000 -40.0000      1.2300     99.4256     -0.2300      0.0135
   5.0000 -35.0000      1.9800     99.6058     -0.3500      0.0130
   5.0000 -30.0000      3.0600     99.9364     -0.4700      0.0103
   5.0000 -25.0000      4.4700    100.4578     -0.5600     -0.0024
   5.0000 -20.0000      6.0400    101.1095     -0.5100     -0.0184
   5.0000 -15.0000      7.2100    101.1326     -0.4800     -0.0772
   5.0000 -10.0000      8.7700     99.4781     -1.0000     -0.2240
   5.0000  -5.0000     13.0300     96.7555     -1.2100     -0.4368
   5.0000   0.0000     16.1500     95.3595      0.0000     -0.5500
   5.0000   5.0000     13.0300     96.7555      1.2100     -0.4368
   5.0000  10.0000      8.7700     99.4781      1.0000     -0.2240
   5.0000  15.0000      7.2100    101.1326      0.4800     -0.0772
   5.0000  20.0000      6.0400    101.1095      0.5100     -0.0184
   5.0000  25.0000      4.4700    100.4578      0.5600     -0.0024
   5.0000  30.0000      3.0600     99.9364      0.4700      0.0103
   5.0000  35.0000      1.9800     99.6058      0.3500      0.0130
   5.0000  40.0000      1.2300     99.4256      0.2300      0.0135
   5.0000  45.0000      0.7800     99.3257      0.1300      0.0083
   5.0000  50.0000      0.5700     99.2857      0.0500      0.0062
  10.0000 -50.0000      0.9400     99.3956     -0.0400      0.0120
  10.0000 -45.0000      1.1200     99.4361     -0.1100      0.0041
  10.0000 -40.0000      1.5100     99.5459     -0.1800      0.0098
  10.0000 -35.0000      2.0900     99.7362     -0.2400      0.0098
  10.0000 -30.0000      2.7800    100.0268     -0.2400      0.0050
  10.0000 -25.0000      3.3700    100.4079     -0.1000     -0.0051
  10.0000 -20.0000      3.3500    100.7490      0.3300     -0.0172
  10.0000 -15.0000      1.7100    100.4914      1.0400     -0.0708
  10.0000 -10.0000     -2.0600     98.9661      1.4000     -0.2008
  10.0000  -5.0000     -5.7000     96.8842      0.9000     -0.4100
  10.0000   0.0000     -6.9600     95.9387      0.0000     -0.5197
  10.0000   5.0000     -5.7000     96.8842     -0.9000     -0.4100
  10.0000  10.0000     -2.0600     98.9661     -1.4000     -0.2008
  10.0000  15.0000      1.7100    100.4914     -1.0400     -0.0708
  10.0000  20.0000      3.3500    100.7490     -0.3300     -0.0172
  10.0000  25.0000      3.3700    100.4079      0.1000     -0.0051
  10.0000  30.0000      2.7800    100.0268      0.2400      0.0050
  10.0000  35.0000      2.0900     99.7362      0.2400      0.0098
  10.0000  40.0000      1.5100     99.5459      0.1800      0.0098
  10.0000  45.0000      1.1200     99.4361      0.1100      0.0041
  10.0000  50.0000      0.9400     99.3956      0.0400      0.0120
  15.0000 -50.0000      1.1800     99.4860     -0.0300      0.0067
  15.0000 -45.0000      1.3200     99.5359     -0.0800      0.0093
  15.0000 -40.0000      1.6100     99.6363     -0.1200      0.0046
  15.0000 -35.0000      1.9700     99.7866     -0.1200      0.0024
  15.0000 -30.0000      2.2700     99.9769     -0.0500      0.0024
  15.0000 -25.0000      2.2200    100.1672      0.1900      0.0023
  15.0000 -20.0000      1.2700    100.1876      0.7000     -0.0066
  15.0000 -15.0000     -1.4300     99.6384      1.4600     -0.0354
  15.0000 -10.0000     -6.4100     98.1594      1.9600     -0.0929
  15.0000  -5.0000    -11.9100     96.3014      1.4600     -0.1802
  15.0000   0.0000    -14.3600     95.4631      0.0000     -0.2342
  15.0000   5.0000    -11.9100     96.3014     -1.4600     -0.1802
  15.0000  10.0000     -6.4100     98.1594     -1.9600     -0.0929
  15.0000  15.0000     -1.4300     99.6384     -1.4600     -0.0354
  15.0000  20.0000      1.2700    100.1876     -0.7000     -0.0066
  15.0000  25.0000      2.2200    100.1672     -0.1900      0.0023
  15.0000  30.0000      2.2700     99.9769      0.0500      0.0024
  15.0000  35.0000      1.9700     99.7866      0.1200      0.0024
  15.0000  40.0000      1.6100     99.6363      0.1200      0.0046
  15.0000  45.0000      1.3200     99.5359      0.0800      0.0093
  15.0000  50.0000      1.1800     99.4860      0.0300      0.0067
  20.0000 -50.0000      1.2900     99.5559     -0.0200      0.0104
  20.0000 -45.0000      1.3800     99.5964     -0.0500      0.0025
  20.0000 -40.0000      1.5500     99.6763     -0.0600      0.0067
  20.0000 -35.0000      1.7000     99.7766     -0.0200      0.0019
  20.0000 -30.0000      1.6800     99.8765      0.0900      0.0071
  20.0000 -25.0000      1.2100     99.9070      0.3400     -0.0013
  20.0000 -20.0000     -0.1000     99.7367      0.7600     -0.0002
  20.0000 -15.0000     -2.7800     99.0960      1.3000     -0.0037
  20.0000 -10.0000     -6.9900     97.8351      1.5900     -0.0197
  20.0000  -5.0000    -11.3200     96.3840      1.1500     -0.0357
  20.0000   0.0000    -13.2200     95.7138      0.0000     -0.0508
  20.0000   5.0000    -11.3200     96.3840     -1.1500     -0.0357
  20.0000  10.0000     -6.9900     97.8351     -1.5900     -0.0197
  20.0000  15.0000     -2.7800     99.0960     -1.3000     -0.0037
  20.0000  20.0000     -0.1000     99.7367     -0.7600     -0.0002
  20.0000  25.0000      1.2100     99.9070     -0.3400     -0.0013
  20.0000  30.0000      1.6800     99.8765     -0.0900      0.0071
  20.0000  35.0000      1.7000     99.7766      0.0200      0.0019
  20.0000  40.0000      1.5500     99.6763      0.0600      0.0067
  20.0000  45.0000      1.3800     99.5964      0.0500      0.0025
  20.0000  50.0000      1.2900     99.5559      0.0200      0.0104
  25.0000 -50.0000      1.2700     99.6064     -0.0100      0.0030
  25.0000 -45.0000      1.3100     99.6263     -0.0200      0.0040
  25.0000 -40.0000      1.3600     99.6763      0.0000      0.0067
  25.0000 -35.0000      1.3300     99.7367      0.0600     -0.0002
  25.0000 -30.0000      1.0800     99.7667      0.1800      0.0014
  25.0000 -25.0000      0.3700     99.6868      0.4100     -0.0028
  25.0000 -20.0000     -1.0600     99.4261      0.7200      0.0036
  25.0000 -15.0000     -3.4300     98.8253      1.0500      0.0021
  25.0000 -10.0000     -6.6700     97.8540      1.1800      0.0013
  25.0000  -5.0000     -9.7500     96.8423      0.8100      0.0083
  25.0000   0.0000    -11.0500     96.3919      0.0000      0.0048
  25.0000   5.0000     -9.7500     96.8423     -0.8100      0.0083
  25.0000  10.0000     -6.6700     97.8540     -1.1800      0.0013
  25.0000  15.0000     -3.4300     98.8253     -1.0500      0.0021
  25.0000  20.0000     -1.0600     99.4261     -0.7200      0.0036
  25.0000  25.0000      0.3700     99.6868     -0.4100     -0.0028
  25.0000  30.0000      1.0800     99.7667     -0.1800      0.0014
  25.0000  35.0000      1.3300     99.7367     -0.0600     -0.0002
  25.0000  40.0000      1.3600     99.6763      0.0000      0.0067
  25.0000  45.0000      1.3100     99.6263      0.0200      0.0040
  25.0000  50.0000      1.2700     99.6064      0.0100      0.0030
  30.0000 -50.0000      1.1400     99.6163      0.0000      0.0035
  30.0000 -45.0000      1.1300     99.6263      0.0100      0.0040
  30.0000 -40.0000      1.0800     99.6563      0.0400      0.0056
  30.0000 -35.0000      0.9100     99.6663      0.1200      0.0061
  30.0000 -30.0000      0.4800     99.6363      0.2400      0.0046
  30.0000 -25.0000     -0.3600     99.5065      0.4300     -0.0022
  30.0000 -20.0000     -1.7700     99.2059      0.6500      0.0020
  30.0000 -15.0000     -3.8200     98.6850      0.8500      0.0048
  30.0000 -10.0000     -6.3100     97.9539      0.8800      0.0065
  30.0000  -5.0000     -8.5200     97.2528      0.5800      0.0098
  30.0000   0.0000     -9.4200     96.9521      0.0000      0.0141
  30.0000   5.0000     -8.5200     97.2528     -0.5800      0.0098
  30.0000  10.0000     -6.3100     97.9539     -0.8800      0.0065
  30.0000  15.0000     -3.8200     98.6850     -0.8500      0.0048
  30.0000  20.0000     -1.7700     99.2059     -0.6500      0.0020
  30.0000  25.0000     -0.3600     99.5065     -0.4300     -0.0022
  30.0000  30.0000      0.4800     99.6363     -0.2400      0.0046
  30.0000  35.0000      0.9100     99.6663     -0.1200      0.0061
  30.0000  40.0000      1.0800     99.6563     -0.0400      0.0056
  30.0000  45.0000      1.1300     99.6263     -0.0100      0.0040
  30.0000  50.0000      1.1400     99.6163      0.0000      0.0035
  35.0000 -50.0000      0.9200     99.5964      0.0100      0.0025
  35.0000 -45.0000      0.8700     99.6064      0.0400      0.0030
  35.0000 -40.0000      0.7300     99.6064      0.0800      0.0030
  35.0000 -35.0000      0.4500     99.5864      0.1600      0.0020
  35.0000 -30.0000     -0.0900     99.5060      0.2700      0.0078
  35.0000 -25.0000     -0.9900     99.3462      0.4200     -0.0006
  35.0000 -20.0000     -2.3300     99.0555      0.5900      0.0042
  35.0000 -15.0000     -4.1000     98.6051      0.7000      0.0006
  35.0000 -10.0000     -6.0600     98.0538      0.6700      0.0118
  35.0000  -5.0000     -7.6900     97.5529      0.4200      0.0155
  35.0000   0.0000     -8.3300     97.3526      0.0000      0.0151
  35.0000   5.0000     -7.6900     97.5529     -0.4200      0.0155
  35.0000  10.0000     -6.0600     98.0538     -0.6700      0.0118
  35.0000  15.0000     -4.1000     98.6051     -0.7000      0.0006
  35.0000  20.0000     -2.3300     99.0555     -0.5900      0.0042
  35.0000  25.0000     -0.9900     99.3462     -0.4200     -0.0006
  35.0000  30.0000     -0.0900     99.5060     -0.2700      0.0078
  35.0000  35.0000      0.4500     99.5864     -0.1600      0.0020
  35.0000  40.0000      0.7300     99.6064     -0.0800      0.0030
  35.0000  45.0000      0.8700     99.6064     -0.0400      0.0030
  35.0000  50.0000      0.9200     99.5964     -0.0100      0.0025
  40.0000 -50.0000      0.6400     99.5564      0.0200      0.0004
  40.0000 -45.0000      0.5600     99.5464      0.0500     -0.0001
  40.0000 -40.0000      0.3600     99.5359      0.1100      0.0093
  40.0000 -35.0000     -0.0100     99.4860      0.1900      0.0067
  40.0000 -30.0000     -0.6300     99.3861      0.2900      0.0015
  40.0000 -25.0000     -1.5500     99.2059      0.4100      0.0020
  40.0000 -20.0000     -2.8100     98.9252      0.5300      0.0074
  40.0000 -15.0000     -4.3400     98.5447      0.5900      0.0074
  40.0000 -10.0000     -5.9400     98.1142      0.5300      0.0049
  40.0000  -5.0000     -7.2000     97.7537      0.3300      0.0060
  40.0000   0.0000     -7.6900     97.6133      0.0000      0.0087
  40.0000   5.0000     -7.2000     97.7537     -0.3300      0.0060
  40.0000  10.0000     -5.9400     98.1142     -0.5300      0.0049
  40.0000  15.0000     -4.3400     98.5447     -0.5900      0.0074
  40.0000  20.0000     -2.8100     98.9252     -0.5300      0.0074
  40.0000  25.0000     -1.5500     99.2059     -0.4100      0.0020
  40.0000  30.0000     -0.6300     99.3861     -0.2900      0.0015
  40.0000  35.0000     -0.0100     99.4860     -0.1900      0.0067
  40.0000  40.0000      0.3600     99.5359     -0.1100      0.0093
  40.0000  45.0000      0.5600     99.5464     -0.0500     -0.0001
  40.0000  50.0000      0.6400     99.5564     -0.0200      0.0004
  45.0000 -50.0000      0.3400     99.4860      0.0200      0.0067
  45.0000 -45.0000      0.2400     99.4660      0.0700      0.0057
  45.0000 -40.0000     -0.0100     99.4361      0.1300      0.0041
  45.0000 -35.0000     -0.4400     99.3662      0.2100      0.0004
  45.0000 -30.0000     -1.1000     99.2458      0.3000      0.0041
  45.0000 -25.0000     -2.0200     99.0655      0.4000      0.0047
  45.0000 -20.0000     -3.2100     98.8153      0.4800      0.0016
  45.0000 -15.0000     -4.5700     98.5047      0.5100      0.0053
  45.0000 -10.0000     -5.9100     98.1841      0.4400      0.0086
  45.0000  -5.0000     -6.9300     97.9239      0.2600      0.0049
  45.0000   0.0000     -7.3100     97.8236      0.0000      0.0097
  45.0000   5.0000     -6.9300     97.9239     -0.2600      0.0049
  45.0000  10.0000     -5.9100     98.1841     -0.4400      0.0086
  45.0000  15.0000     -4.5700     98.5047     -0.5100      0.0053
  45.0000  20.0000     -3.2100     98.8153     -0.4800      0.0016
  45.0000  25.0000     -2.0200     99.0655     -0.4000      0.0047
  45.0000  30.0000     -1.1000     99.2458     -0.3000      0.0041
  45.0000  35.0000     -0.4400     99.3662     -0.2100      0.0004
  45.0000  40.0000     -0.0100     99.4361     -0.1300      0.0041
  45.0000  45.0000      0.2400     99.4660     -0.0700      0.0057
  45.0000  50.0000      0.3400     99.4860     -0.0200      0.0067
  50.0000 -50.0000      0.1300     99.3961      0.0300      0.0020
  50.0000 -45.0000      0.0100     99.3756      0.0700      0.0109
  50.0000 -40.0000     -0.2600     99.3257      0.1400      0.0083
  50.0000 -35.0000     -0.7200     99.2358      0.2200      0.0036
  50.0000 -30.0000     -1.4000     99.1055      0.3100      0.0068
  50.0000 -25.0000     -2.3400     98.9252      0.4000      0.0074
  50.0000 -20.0000     -3.5200     98.7050      0.4700      0.0058
  50.0000 -15.0000     -4.8500     98.4448      0.4900      0.0022
  50.0000 -10.0000     -6.1200     98.1941      0.4200      0.0091
  50.0000  -5.0000     -7.0700     98.0038      0.2400      0.0091
  50.0000   0.0000     -7.4300     97.9339      0.0000      0.0055
  50.0000   5.0000     -7.0700     98.0038     -0.2400      0.0091
  50.0000  10.0000     -6.1200     98.1941     -0.4200      0.0091
  50.0000  15.0000     -4.8500     98.4448     -0.4900      0.0022
  50.0000  20.0000     -3.5200     98.7050     -0.4700      0.0058
  50.0000  25.0000     -2.3400     98.9252     -0.4000      0.0074
  50.0000  30.0000     -1.4000     99.1055     -0.3100      0.0068
  50.0000  35.0000     -0.7200     99.2358     -0.2200      0.0036
  50.0000  40.0000     -0.2600     99.3257     -0.1400      0.0083
  50.0000  45.0000      0.0100     99.3756     -0.0700      0.0109
  50.0000  50.0000      0.1300     99.3961     -0.0300      0.0020
