   2.5000000e-03   1.6632635e+01   2.4263283e-01   1.6033969e+01   1.6342124e+01  -1.1187691e+01
   7.5000000e-03   1.6633732e+01   2.4388471e-01   1.6009213e+01   1.6819290e+01  -1.1161129e+01
   1.2500000e-02   1.6634879e+01   2.4485248e-01   1.5984185e+01   1.7293815e+01  -1.1122474e+01
   1.7500000e-02   1.6636074e+01   2.4553083e-01   1.5958913e+01   1.7765217e+01  -1.1071883e+01
   2.2500000e-02   1.6637315e+01   2.4591486e-01   1.5933427e+01   1.8233019e+01  -1.1009528e+01
   2.7500000e-02   1.6638601e+01   2.4600009e-01   1.5907757e+01   1.8696757e+01  -1.0935596e+01
   3.2500000e-02   1.6639927e+01   2.4578248e-01   1.5881932e+01   1.9155976e+01  -1.0850289e+01
   3.7500000e-02   1.6641292e+01   2.4525847e-01   1.5855986e+01   1.9610234e+01  -1.0753821e+01
   4.2500000e-02   1.6642694e+01   2.4442498e-01   1.5829951e+01   2.0059098e+01  -1.0646418e+01
   4.7500000e-02   1.6644128e+01   2.4327941e-01   1.5803860e+01   2.0502147e+01  -1.0528315e+01
   5.2500000e-02   1.6645591e+01   2.4181968e-01   1.5777748e+01   2.0938975e+01  -1.0399756e+01
   5.7500000e-02   1.6647082e+01   2.4004424e-01   1.5751651e+01   2.1369185e+01  -1.0260991e+01
   6.2500000e-02   1.6648595e+01   2.3795206e-01   1.5725603e+01   2.1792397e+01  -1.0112280e+01
   6.7500000e-02   1.6650128e+01   2.3554264e-01   1.5699641e+01   2.2208240e+01  -9.9538858e+00
   7.2500000e-02   1.6651678e+01   2.3281605e-01   1.5673802e+01   2.2616361e+01  -9.7860773e+00
   7.7500000e-02   1.6653240e+01   2.2977290e-01   1.5648122e+01   2.3016417e+01  -9.6091277e+00
   8.2500000e-02   1.6654811e+01   2.2641434e-01   1.5622640e+01   2.3408081e+01  -9.4233136e+00
   8.7500000e-02   1.6656387e+01   2.2274209e-01   1.5597392e+01   2.3791040e+01  -9.2289147e+00
   9.2500000e-02   1.6657965e+01   2.1875844e-01   1.5572417e+01   2.4164992e+01  -9.0262127e+00
   9.7500000e-02   1.6659541e+01   2.1446621e-01   1.5547752e+01   2.4529652e+01  -8.8154917e+00
   1.0250000e-01   1.6661110e+01   2.0986878e-01   1.5523435e+01   2.4884748e+01  -8.5970367e+00
   1.0750000e-01   1.6662670e+01   2.0497008e-01   1.5499504e+01   2.5230022e+01  -8.3711336e+00
   1.1250000e-01   1.6664216e+01   1.9977459e-01   1.5475996e+01   2.5565227e+01  -8.1380690e+00
   1.1750000e-01   1.6665745e+01   1.9428732e-01   1.5452948e+01   2.5890133e+01  -7.8981291e+00
   1.2250000e-01   1.6667252e+01   1.8851379e-01   1.5430397e+01   2.6204521e+01  -7.6515998e+00
   1.2750000e-01   1.6668735e+01   1.8246007e-01   1.5408379e+01   2.6508184e+01  -7.3987660e+00
   1.3250000e-01   1.6670190e+01   1.7613270e-01   1.5386929e+01   2.6800930e+01  -7.1399115e+00
   1.3750000e-01   1.6671612e+01   1.6953874e-01   1.5366083e+01   2.7082576e+01  -6.8753182e+00
   1.4250000e-01   1.6673000e+01   1.6268573e-01   1.5345875e+01   2.7352954e+01  -6.6052662e+00
   1.4750000e-01   1.6674348e+01   1.5558167e-01   1.5326337e+01   2.7611904e+01  -6.3300330e+00
   1.5250000e-01   1.6675655e+01   1.4823500e-01   1.5307502e+01   2.7859281e+01  -6.0498937e+00
   1.5750000e-01   1.6676916e+01   1.4065464e-01   1.5289402e+01   2.8094948e+01  -5.7651203e+00
   1.6250000e-01   1.6678129e+01   1.3284987e-01   1.5272067e+01   2.8318777e+01  -5.4759816e+00
   1.6750000e-01   1.6679292e+01   1.2483042e-01   1.5255526e+01   2.8530653e+01  -5.1827429e+00
   1.7250000e-01   1.6680400e+01   1.1660639e-01   1.5239806e+01   2.8730469e+01  -4.8856662e+00
   1.7750000e-01   1.6681451e+01   1.0818824e-01   1.5224935e+01   2.8918126e+01  -4.5850096e+00
   1.8250000e-01   1.6682444e+01   9.9586784e-02   1.5210937e+01   2.9093535e+01  -4.2810273e+00
   1.8750000e-01   1.6683375e+01   9.0813151e-02   1.5197836e+01   2.9256613e+01  -3.9739699e+00
   1.9250000e-01   1.6684242e+01   8.1878788e-02   1.5185655e+01   2.9407287e+01  -3.6640838e+00
   1.9750000e-01   1.6685043e+01   7.2795422e-02   1.5174414e+01   2.9545491e+01  -3.3516120e+00
   2.0250000e-01   1.6685777e+01   6.3575044e-02   1.5164133e+01   2.9671165e+01  -3.0367935e+00
   2.0750000e-01   1.6686441e+01   5.4229887e-02   1.5154829e+01   2.9784256e+01  -2.7198639e+00
   2.1250000e-01   1.6687034e+01   4.4772404e-02   1.5146517e+01   2.9884717e+01  -2.4010554e+00
   2.1750000e-01   1.6687555e+01   3.5215246e-02   1.5139214e+01   2.9972509e+01  -2.0805970e+00
   2.2250000e-01   1.6688002e+01   2.5571238e-02   1.5132930e+01   3.0047595e+01  -1.7587149e+00
   2.2750000e-01   1.6688374e+01   1.5853359e-02   1.5127676e+01   3.0109948e+01  -1.4356326e+00
   2.3250000e-01   1.6688670e+01   6.0747148e-03   1.5123463e+01   3.0159543e+01  -1.1115716e+00
   2.3750000e-01   1.6688890e+01  -3.7514794e-03   1.5120297e+01   3.0196361e+01  -7.8675123e-01
   2.4250000e-01   1.6689033e+01  -1.3611927e-02   1.5118183e+01   3.0220389e+01  -4.6138961e-01
   2.4750000e-01   1.6689098e+01  -2.3493272e-02   1.5117125e+01   3.0231619e+01  -1.3570365e-01
   2.5250000e-01   1.6689087e+01  -3.3382120e-02   1.5117125e+01   3.0230046e+01   1.9009035e-01
   2.5750000e-01   1.6688997e+01  -4.3265065e-02   1.5118183e+01   3.0215671e+01   5.1577631e-01
   2.6250000e-01   1.6688831e+01  -5.3128713e-02   1.5120297e+01   3.0188500e+01   8.4113793e-01
   2.6750000e-01   1.6688587e+01  -6.2959700e-02   1.5123463e+01   3.0148544e+01   1.1659583e+00
   2.7250000e-01   1.6688267e+01  -7.2744722e-02   1.5127676e+01   3.0095818e+01   1.4900193e+00
   2.7750000e-01   1.6687872e+01  -8.2470555e-02   1.5132930e+01   3.0030342e+01   1.8131016e+00
   2.8250000e-01   1.6687402e+01  -9.2124078e-02   1.5139214e+01   2.9952144e+01   2.1349837e+00
   2.8750000e-01   1.6686858e+01  -1.0169230e-01   1.5146517e+01   2.9861253e+01   2.4554421e+00
   2.9250000e-01   1.6686242e+01  -1.1116237e-01   1.5154829e+01   2.9757707e+01   2.7742506e+00
   2.9750000e-01   1.6685555e+01  -1.2052162e-01   1.5164133e+01   2.9641547e+01   3.0911802e+00
   3.0250000e-01   1.6684799e+01  -1.2975758e-01   1.5174414e+01   2.9512824e+01   3.4059987e+00
   3.0750000e-01   1.6683975e+01  -1.3885798e-01   1.5185655e+01   2.9371590e+01   3.7184705e+00
   3.1250000e-01   1.6683086e+01  -1.4781081e-01   1.5197836e+01   2.9217908e+01   4.0283565e+00
   3.1750000e-01   1.6682133e+01  -1.5660430e-01   1.5210937e+01   2.9051846e+01   4.3354140e+00
   3.2250000e-01   1.6681119e+01  -1.6522699e-01   1.5224935e+01   2.8873481e+01   4.6393963e+00
   3.2750000e-01   1.6680046e+01  -1.7366770e-01   1.5239806e+01   2.8682896e+01   4.9400529e+00
   3.3250000e-01   1.6678916e+01  -1.8191558e-01   1.5255526e+01   2.8480182e+01   5.2371296e+00
   3.3750000e-01   1.6677733e+01  -1.8996013e-01   1.5272067e+01   2.8265441e+01   5.5303682e+00
   3.4250000e-01   1.6676500e+01  -1.9779120e-01   1.5289402e+01   2.8038780e+01   5.8195069e+00
   3.4750000e-01   1.6675218e+01  -2.0539904e-01   1.5307502e+01   2.7800319e+01   6.1042804e+00
   3.5250000e-01   1.6673892e+01  -2.1277430e-01   1.5326337e+01   2.7550187e+01   6.3844197e+00
   3.5750000e-01   1.6672524e+01  -2.1990802e-01   1.5345875e+01   2.7288522e+01   6.6596528e+00
   3.6250000e-01   1.6671118e+01  -2.2679171e-01   1.5366083e+01   2.7015473e+01   6.9297048e+00
   3.6750000e-01   1.6669677e+01  -2.3341731e-01   1.5386929e+01   2.6731200e+01   7.1942981e+00
   3.7250000e-01   1.6668205e+01  -2.3977723e-01   1.5408379e+01   2.6435876e+01   7.4531526e+00
   3.7750000e-01   1.6666704e+01  -2.4586437e-01   1.5430397e+01   2.6129683e+01   7.7059864e+00
   3.8250000e-01   1.6665180e+01  -2.5167211e-01   1.5452948e+01   2.5812818e+01   7.9525157e+00
   3.8750000e-01   1.6663634e+01  -2.5719434e-01   1.5475996e+01   2.5485488e+01   8.1924556e+00
   3.9250000e-01   1.6662072e+01  -2.6242546e-01   1.5499504e+01   2.5147914e+01   8.4255203e+00
   3.9750000e-01   1.6660497e+01  -2.6736041e-01   1.5523435e+01   2.4800331e+01   8.6514233e+00
   4.0250000e-01   1.6658913e+01  -2.7199465e-01   1.5547752e+01   2.4442986e+01   8.8698783e+00
   4.0750000e-01   1.6657322e+01  -2.7632419e-01   1.5572417e+01   2.4076140e+01   9.0805993e+00
   4.1250000e-01   1.6655731e+01  -2.8034558e-01   1.5597392e+01   2.3700066e+01   9.2833012e+00
   4.1750000e-01   1.6654141e+01  -2.8405592e-01   1.5622640e+01   2.3315054e+01   9.4777002e+00
   4.2250000e-01   1.6652557e+01  -2.8745289e-01   1.5648122e+01   2.2921406e+01   9.6635143e+00
   4.2750000e-01   1.6650983e+01  -2.9053469e-01   1.5673802e+01   2.2519437e+01   9.8404639e+00
   4.3250000e-01   1.6649422e+01  -2.9330010e-01   1.5699641e+01   2.2109478e+01   1.0008272e+01
   4.3750000e-01   1.6647877e+01  -2.9574844e-01   1.5725603e+01   2.1691872e+01   1.0166667e+01
   4.4250000e-01   1.6646353e+01  -2.9787959e-01   1.5751651e+01   2.1266976e+01   1.0315378e+01
   4.4750000e-01   1.6644853e+01  -2.9969398e-01   1.5777748e+01   2.0835163e+01   1.0454142e+01
   4.5250000e-01   1.6643380e+01  -3.0119258e-01   1.5803860e+01   2.0396815e+01   1.0582702e+01
   4.5750000e-01   1.6641938e+01  -3.0237687e-01   1.5829951e+01   1.9952331e+01   1.0700805e+01
   4.6250000e-01   1.6640529e+01  -3.0324888e-01   1.5855986e+01   1.9502120e+01   1.0808208e+01
   4.6750000e-01   1.6639156e+01  -3.0381114e-01   1.5881932e+01   1.9046604e+01   1.0904675e+01
   4.7250000e-01   1.6637823e+01  -3.0406668e-01   1.5907757e+01   1.8586219e+01   1.0989982e+01
   4.7750000e-01   1.6636532e+01  -3.0401900e-01   1.5933427e+01   1.8121409e+01   1.1063914e+01
   4.8250000e-01   1.6635286e+01  -3.0367207e-01   1.5958913e+01   1.7652631e+01   1.1126270e+01
   4.8750000e-01   1.6634086e+01  -3.0303034e-01   1.5984185e+01   1.7180353e+01   1.1176861e+01
   4.9250000e-01   1.6632936e+01  -3.0209865e-01   1.6009213e+01   1.6705051e+01   1.1215515e+01
   4.9750000e-01   1.6631836e+01  -3.0088225e-01   1.6033969e+01   1.6227210e+01   1.1242077e+01
   5.0250000e-01   1.6630789e+01  -2.9938682e-01   1.6058427e+01   1.5747326e+01   1.1256410e+01
   5.0750000e-01   1.6629796e+01  -2.9761834e-01   1.6082561e+01   1.5265901e+01   1.1258398e+01
   5.1250000e-01   1.6628859e+01  -2.9558319e-01   1.6106346e+01   1.4783444e+01   1.1247946e+01
   5.1750000e-01   1.6627979e+01  -2.9328801e-01   1.6129761e+01   1.4300469e+01   1.1224983e+01
   5.2250000e-01   1.6627156e+01  -2.9073977e-01   1.6152781e+01   1.3817499e+01   1.1189465e+01
   5.2750000e-01   1.6626391e+01  -2.8794566e-01   1.6175388e+01   1.3335059e+01   1.1141373e+01
   5.3250000e-01   1.6625685e+01  -2.8491313e-01   1.6197561e+01   1.2853677e+01   1.1080715e+01
   5.3750000e-01   1.6625037e+01  -2.8164983e-01   1.6219282e+01   1.2373887e+01   1.1007530e+01
   5.4250000e-01   1.6624449e+01  -2.7816356e-01   1.6240535e+01   1.1896223e+01   1.0921887e+01
   5.4750000e-01   1.6623918e+01  -2.7446228e-01   1.6261305e+01   1.1421221e+01   1.0823885e+01
   5.5250000e-01   1.6623446e+01  -2.7055406e-01   1.6281577e+01   1.0949415e+01   1.0713655e+01
   5.5750000e-01   1.6623030e+01  -2.6644706e-01   1.6301339e+01   1.0481343e+01   1.0591358e+01
   5.6250000e-01   1.6622671e+01  -2.6214949e-01   1.6320579e+01   1.0017538e+01   1.0457186e+01
   5.6750000e-01   1.6622366e+01  -2.5766958e-01   1.6339289e+01   9.5585306e+00   1.0311362e+01
   5.7250000e-01   1.6622116e+01  -2.5301557e-01   1.6357459e+01   9.1048501e+00   1.0154138e+01
   5.7750000e-01   1.6621917e+01  -2.4819567e-01   1.6375082e+01   8.6570202e+00   9.9857943e+00
   5.8250000e-01   1.6621768e+01  -2.4321801e-01   1.6392152e+01   8.2155601e+00   9.8066349e+00
   5.8750000e-01   1.6621668e+01  -2.3809067e-01   1.6408666e+01   7.7809828e+00   9.6169892e+00
   5.9250000e-01   1.6621613e+01  -2.3282161e-01   1.6424619e+01   7.3537946e+00   9.4172070e+00
   5.9750000e-01   1.6621603e+01  -2.2741864e-01   1.6440010e+01   6.9344944e+00   9.2076567e+00
   6.0250000e-01   1.6621633e+01  -2.2188946e-01   1.6454838e+01   6.5235724e+00   8.9887214e+00
   6.0750000e-01   1.6621702e+01  -2.1624156e-01   1.6469102e+01   6.1215097e+00   8.7607959e+00
   6.1250000e-01   1.6621808e+01  -2.1048226e-01   1.6482804e+01   5.7287773e+00   8.5242835e+00
   6.1750000e-01   1.6621946e+01  -2.0461866e-01   1.6495947e+01   5.3458356e+00   8.2795920e+00
   6.2250000e-01   1.6622114e+01  -1.9865766e-01   1.6508532e+01   4.9731336e+00   8.0271307e+00
   6.2750000e-01   1.6622310e+01  -1.9260591e-01   1.6520565e+01   4.6111083e+00   7.7673068e+00
   6.3250000e-01   1.6622530e+01  -1.8646980e-01   1.6532049e+01   4.2601837e+00   7.5005223e+00
   6.3750000e-01   1.6622771e+01  -1.8025550e-01   1.6542989e+01   3.9207708e+00   7.2271713e+00
   6.4250000e-01   1.6623030e+01  -1.7396888e-01   1.6553390e+01   3.5932667e+00   6.9476376e+00
   6.4750000e-01   1.6623304e+01  -1.6761558e-01   1.6563260e+01   3.2780540e+00   6.6622929e+00
   6.5250000e-01   1.6623590e+01  -1.6120094e-01   1.6572604e+01   2.9755008e+00   6.3714950e+00
   6.5750000e-01   1.6623885e+01  -1.5473004e-01   1.6581428e+01   2.6859595e+00   6.0755873e+00
   6.6250000e-01   1.6624185e+01  -1.4820770e-01   1.6589739e+01   2.4097672e+00   5.7748982e+00
   6.6750000e-01   1.6624488e+01  -1.4163846e-01   1.6597544e+01   2.1472447e+00   5.4697413e+00
   6.7250000e-01   1.6624791e+01  -1.3502659e-01   1.6604849e+01   1.8986967e+00   5.1604160e+00
   6.7750000e-01   1.6625090e+01  -1.2837612e-01   1.6611662e+01   1.6644109e+00   4.8472089e+00
   6.8250000e-01   1.6625384e+01  -1.2169082e-01   1.6617988e+01   1.4446581e+00   4.5303946e+00
   6.8750000e-01   1.6625670e+01  -1.1497422e-01   1.6623834e+01   1.2396920e+00   4.2102379e+00
   6.9250000e-01   1.6625945e+01  -1.0822961e-01   1.6629205e+01   1.0497488e+00   3.8869952e+00
   6.9750000e-01   1.6626207e+01  -1.0146010e-01   1.6634108e+01   8.7504685e-01   3.5609165e+00
   7.0250000e-01   1.6626453e+01  -9.4668536e-02   1.6638547e+01   7.1578687e-01   3.2322476e+00
   7.0750000e-01   1.6626682e+01  -8.7857622e-02   1.6642528e+01   5.7215141e-01   2.9012311e+00
   7.1250000e-01   1.6626892e+01  -8.1029863e-02   1.6646055e+01   4.4430487e-01   2.5681087e+00
   7.1750000e-01   1.6627082e+01  -7.4187610e-02   1.6649132e+01   3.3239333e-01   2.2331218e+00
   7.2250000e-01   1.6627249e+01  -6.7333068e-02   1.6651762e+01   2.3654444e-01   1.8965130e+00
   7.2750000e-01   1.6627392e+01  -6.0468321e-02   1.6653950e+01   1.5686732e-01   1.5585266e+00
   7.3250000e-01   1.6627511e+01  -5.3595342e-02   1.6655697e+01   9.3452489e-02   1.2194090e+00
   7.3750000e-01   1.6627605e+01  -4.6716016e-02   1.6657005e+01   4.6371761e-02   8.7940865e-01
   7.4250000e-01   1.6627672e+01  -3.9832160e-02   1.6657876e+01   1.5678225e-02   5.3877622e-01
   7.4750000e-01   1.6627713e+01  -3.2945539e-02   1.6658311e+01   1.4061922e-03   1.9776382e-01
   7.5250000e-01   1.6627727e+01  -2.6057889e-02   1.6658311e+01   3.5711743e-03  -1.4337535e-01
   7.5750000e-01   1.6627714e+01  -1.9170934e-02   1.6657876e+01   2.2169873e-02  -4.8438775e-01
   7.6250000e-01   1.6627674e+01  -1.2286407e-02   1.6657005e+01   5.7180187e-02  -8.2502020e-01
   7.6750000e-01   1.6627608e+01  -5.4060695e-03   1.6655697e+01   1.0856123e-01  -1.1650205e+00
   7.7250000e-01   1.6627517e+01   1.4682683e-03   1.6653950e+01   1.7625337e-01  -1.5041382e+00
   7.7750000e-01   1.6627401e+01   8.3347288e-03   1.6651762e+01   2.6017828e-01  -1.8421246e+00
   7.8250000e-01   1.6627261e+01   1.5191348e-02   1.6649132e+01   3.6023900e-01  -2.1787335e+00
   7.8750000e-01   1.6627098e+01   2.2036055e-02   1.6646055e+01   4.7632003e-01  -2.5137204e+00
   7.9250000e-01   1.6626915e+01   2.8866657e-02   1.6642528e+01   6.0828740e-01  -2.8468429e+00
   7.9750000e-01   1.6626712e+01   3.5680820e-02   1.6638547e+01   7.5598884e-01  -3.1778594e+00
   8.0250000e-01   1.6626492e+01   4.2476050e-02   1.6634108e+01   9.1925388e-01  -3.5065284e+00
   8.0750000e-01   1.6626255e+01   4.9249680e-02   1.6629205e+01   1.0978940e+00  -3.8326071e+00
   8.1250000e-01   1.6626006e+01   5.5998854e-02   1.6623834e+01   1.2917027e+00  -4.1558499e+00
   8.1750000e-01   1.6625745e+01   6.2720510e-02   1.6617988e+01   1.5004561e+00  -4.4760067e+00
   8.2250000e-01   1.6625475e+01   6.9411371e-02   1.6611662e+01   1.7239125e+00  -4.7928210e+00
   8.2750000e-01   1.6625199e+01   7.6067929e-02   1.6604849e+01   1.9618131e+00  -5.1060282e+00
   8.3250000e-01   1.6624920e+01   8.2686438e-02   1.6597544e+01   2.2138822e+00  -5.4153535e+00
   8.3750000e-01   1.6624640e+01   8.9262903e-02   1.6589739e+01   2.4798273e+00  -5.7205105e+00
   8.4250000e-01   1.6624362e+01   9.5793069e-02   1.6581428e+01   2.7593394e+00  -6.0211997e+00
   8.4750000e-01   1.6624089e+01   1.0227242e-01   1.6572604e+01   3.0520937e+00  -6.3171075e+00
   8.5250000e-01   1.6623824e+01   1.0869618e-01   1.6563260e+01   3.3577494e+00  -6.6079055e+00
   8.5750000e-01   1.6623571e+01   1.1505929e-01   1.6553390e+01   3.6759504e+00  -6.8932503e+00
   8.6250000e-01   1.6623331e+01   1.2135642e-01   1.6542989e+01   4.0063258e+00  -7.1727840e+00
   8.6750000e-01   1.6623109e+01   1.2758198e-01   1.6532049e+01   4.3484901e+00  -7.4461351e+00
   8.7250000e-01   1.6622908e+01   1.3373011e-01   1.6520565e+01   4.7020439e+00  -7.7129197e+00
   8.7750000e-01   1.6622729e+01   1.3979468e-01   1.6508532e+01   5.0665741e+00  -7.9727437e+00
   8.8250000e-01   1.6622578e+01   1.4576931e-01   1.6495947e+01   5.4416548e+00  -8.2252050e+00
   8.8750000e-01   1.6622456e+01   1.5164738e-01   1.6482804e+01   5.8268478e+00  -8.4698965e+00
   8.9250000e-01   1.6622366e+01   1.5742201e-01   1.6469102e+01   6.2217028e+00  -8.7064090e+00
   8.9750000e-01   1.6622311e+01   1.6308613e-01   1.6454838e+01   6.6257588e+00  -8.9343345e+00
   9.0250000e-01   1.6622294e+01   1.6863243e-01   1.6440010e+01   7.0385440e+00  -9.1532699e+00
   9.0750000e-01   1.6622318e+01   1.7405342e-01   1.6424619e+01   7.4595772e+00  -9.3628203e+00
   9.1250000e-01   1.6622385e+01   1.7934145e-01   1.6408666e+01   7.8883680e+00  -9.5626025e+00
   9.1750000e-01   1.6622497e+01   1.8448869e-01   1.6392152e+01   8.3244177e+00  -9.7522482e+00
   9.2250000e-01   1.6622656e+01   1.8948721e-01   1.6375082e+01   8.7672206e+00  -9.9314077e+00
   9.2750000e-01   1.6622864e+01   1.9432893e-01   1.6357459e+01   9.2162640e+00  -1.0099752e+01
   9.3250000e-01   1.6623124e+01   1.9900571e-01   1.6339289e+01   9.6710296e+00  -1.0256976e+01
   9.3750000e-01   1.6623437e+01   2.0350936e-01   1.6320579e+01   1.0130994e+01  -1.0402799e+01
   9.4250000e-01   1.6623803e+01   2.0783163e-01   1.6301339e+01   1.0595631e+01  -1.0536971e+01
   9.4750000e-01   1.6624225e+01   2.1196428e-01   1.6281577e+01   1.1064408e+01  -1.0659268e+01
   9.5250000e-01   1.6624704e+01   2.1589910e-01   1.6261305e+01   1.1536795e+01  -1.0769499e+01
   9.5750000e-01   1.6625239e+01   2.1962792e-01   1.6240535e+01   1.2012257e+01  -1.0867501e+01
   9.6250000e-01   1.6625832e+01   2.2314264e-01   1.6219282e+01   1.2490258e+01  -1.0953144e+01
   9.6750000e-01   1.6626483e+01   2.2643530e-01   1.6197561e+01   1.2970266e+01  -1.1026328e+01
   9.7250000e-01   1.6627191e+01   2.2949806e-01   1.6175388e+01   1.3451748e+01  -1.1086986e+01
   9.7750000e-01   1.6627958e+01   2.3232325e-01   1.6152781e+01   1.3934172e+01  -1.1135079e+01
   9.8250000e-01   1.6628782e+01   2.3490340e-01   1.6129761e+01   1.4417012e+01  -1.1170597e+01
   9.8750000e-01   1.6629662e+01   2.3723127e-01   1.6106346e+01   1.4899743e+01  -1.1193559e+01
   9.9250000e-01   1.6630599e+01   2.3929989e-01   1.6082561e+01   1.5381846e+01  -1.1204011e+01
   9.9750000e-01   1.6631590e+01   2.4110254e-01   1.6058427e+01   1.5862809e+01  -1.1202024e+01
