0.00252421 11.16091806 4.95411763 27.05790676 -62.97407203 
0.00757480 11.18635691 4.95902548 27.46917576 -62.59158715 
0.01262491 11.21160379 4.95905900 27.87553589 -62.18923443 
0.01767516 11.23662550 4.95419385 28.34266289 -61.70904580 
0.02272467 11.26138939 4.94440898 28.87636431 -61.13148814 
0.02777502 11.28586341 4.92968658 29.45974655 -60.47563922 
0.03282471 11.31001607 4.91001227 30.09260685 -59.74728059 
0.03787504 11.33381658 4.88537513 30.78062567 -58.94292780 
0.04292472 11.35723478 4.85576783 31.52487074 -58.06197195 
0.04797506 11.38024129 4.82118679 32.32424560 -57.10812237 
0.05302480 11.40280744 4.78163232 33.17933804 -56.08254447 
0.05807514 11.42490540 4.73710886 34.09011626 -54.98835722 
0.06312493 11.44650820 4.68762510 35.05711397 -53.82607252 
0.06817528 11.46758982 4.63319432 36.07903306 -52.60063690 
0.07322509 11.48812523 4.57383457 37.15621503 -51.31239589 
0.07827545 11.50809048 4.50956900 38.28655784 -49.96771583 
0.08332537 11.52746282 4.44042611 39.47020730 -48.56640639 
0.08837574 11.54622081 4.36644013 40.70392422 -47.11664608 
0.09342575 11.56434438 4.28765128 41.98760285 -45.61755974 
0.09847613 11.58181502 4.20410611 43.31681570 -44.07920278 
0.10352624 11.59861585 4.11585785 44.69112814 -42.49980743 
0.10857664 11.61473183 4.02296672 46.10482916 -40.89139167 
0.11362686 11.63014980 3.92550019 47.55707828 -39.25108177 
0.11867728 11.64485870 3.82353332 49.04084387 -37.59284614 
0.12372761 11.65884961 3.71714895 50.55480017 -35.91249002 
0.12877805 11.67211592 3.60643790 52.09061109 -34.22581938 
0.13382852 11.68465338 3.49149912 53.64639195 -32.52712365 
0.13887898 11.69646014 3.37243978 55.21258946 -30.83380813 
0.14392959 11.70753682 3.24937527 56.78670200 -29.13849014 
0.14898008 11.71788650 3.12242914 58.35812611 -27.45979867 
0.15403083 11.72751465 2.99173296 59.92371208 -25.78858482 
0.15908136 11.73642906 2.85742612 61.47205805 -24.14418474 
0.16413225 11.74463977 2.71965553 62.99937288 -22.51567796 
0.16918282 11.75215885 2.57857526 64.49378905 -20.92246331 
0.17423386 11.75900028 2.43434609 65.95092822 -19.35196155 
0.17928446 11.76517970 2.28713506 67.35885773 -17.82289513 
0.18433565 11.77071421 2.13711491 68.71272154 -16.32128653 
0.18938628 11.77562207 1.98446352 70.00096769 -14.86440285 
0.19443761 11.77992244 1.82936331 71.21843333 -13.43730002 
0.19948827 11.78363512 1.67200065 72.35440985 -12.05504055 
0.20453973 11.78678020 1.51256527 73.40366429 -10.70232305 
0.20959042 11.78937776 1.35124970 74.35677999 -9.39135630 
0.21464199 11.79144756 1.18824870 75.20875831 -8.10724332 
0.21969271 11.79300871 1.02375880 75.95187806 -6.85884273 
0.22474436 11.79407933 0.85797782 76.58174091 -5.63251097 
0.22979510 11.79467624 0.69110454 77.09264740 -4.43343542 
0.23484682 11.79481468 0.52333831 77.48120506 -3.25006330 
0.23989757 11.79450801 0.35487882 77.74394965 -2.08376180 
0.24494932 11.79376748 0.18592588 77.87889755 -0.92578864 
0.25000008 11.79260201 0.01667926 77.88488420 0.22629466 
0.25505183 11.79101806 -0.15266146 77.76167876 1.37789521 
0.26010259 11.78901953 -0.32189697 77.51030688 2.53507410 
0.26515432 11.78660772 -0.49082834 77.13252154 3.69959995 
0.27020506 11.78378134 -0.65925707 76.63125688 4.88078610 
0.27525674 11.78053664 -0.82698523 76.01033563 6.07666215 
0.28030746 11.77686751 -0.99381557 75.27418245 7.29922665 
0.28535905 11.77276570 -1.15955169 74.42862871 8.54283709 
0.29040975 11.76822104 -1.32399823 73.47909735 9.82144118 
0.29546124 11.76322175 -1.48696116 72.43324230 11.12593394 
0.30051191 11.75775469 -1.64824806 71.29698635 12.47138079 
0.30556328 11.75180567 -1.80766850 70.07952660 13.84555944 
0.31061392 11.74535982 -1.96503449 68.78683556 15.26382710 
0.31566515 11.73840186 -2.12016088 67.42931102 16.71132184 
0.32071575 11.73091646 -2.27286591 66.01260502 18.20296669 
0.32576684 11.72288850 -2.42297170 64.54793597 19.72185275 
0.33081741 11.71430340 -2.57030482 63.04035709 21.28190405 
0.33586835 11.70514739 -2.71469680 61.50151298 22.86483282 
0.34091888 11.69540775 -2.85598467 59.93567092 24.48318080 
0.34596967 11.68507306 -2.99401143 58.35451615 26.11797078 
0.35102017 11.67413342 -3.12862656 56.76142716 27.78014840 
0.35607081 11.66258062 -3.25968638 55.16777558 29.45070265 
0.36112129 11.65040829 -3.38705444 53.57602237 31.13890959 
0.36617179 11.63761204 -3.51060178 51.99692107 32.82630243 
0.37122224 11.62418954 -3.63020716 50.43204775 34.52052027 
0.37627261 11.61014055 -3.74575724 48.89129545 36.20411364 
0.38132303 11.59546698 -3.85714658 47.37543465 37.88319166 
0.38637328 11.58017287 -3.96427772 45.89332246 39.54167932 
0.39142368 11.56426434 -4.06706108 44.44503448 41.18431027 
0.39647381 11.54774953 -4.16541485 43.03828189 42.79662674 
0.40152420 11.53063854 -4.25926481 41.67257255 44.38216728 
0.40657423 11.51294333 -4.34854412 40.35442128 45.92822931 
0.41162461 11.49467756 -4.43319305 39.08289856 47.43734714 
0.41667459 11.47585657 -4.51315874 37.86331676 48.89862555 
0.42172494 11.45649717 -4.58839482 36.69444472 50.31377141 
0.42677480 11.43661759 -4.65886116 35.58044982 51.67364841 
0.43182515 11.41623735 -4.72452353 34.51987201 52.97934890 
0.43687494 11.39537714 -4.78535326 33.51580651 54.22342059 
0.44192528 11.37405873 -4.84132695 32.56668700 55.40645296 
0.44697501 11.35230492 -4.89242616 31.67461795 56.52256946 
0.45202535 11.33013940 -4.93863716 30.83799737 57.57199340 
0.45707504 11.30758675 -4.97995060 30.05805180 58.55026451 
0.46212537 11.28467233 -5.01636132 29.33319147 59.45736037 
0.46717502 11.26142226 -5.04786812 28.66388761 60.29005914 
0.47222535 11.23786335 -5.07447354 28.04858952 61.04819758 
0.47727498 11.21402312 -5.09618370 27.48714021 61.72960538 
0.48232530 11.18992969 -5.11300817 26.97803566 62.33407215 
0.48737491 11.16561181 -5.12495979 26.52061824 62.86028934 
0.49242524 11.14109883 -5.13205464 26.11342092 63.30808671 
0.49747484 11.11642063 -5.13431186 25.75541068 63.67682844 
0.50252516 11.09160764 -5.13175367 25.44513296 63.96647032 
0.50757476 11.06669080 -5.12440526 25.18129993 64.17686260 
0.51262509 11.04170150 -5.11229478 24.96243277 64.30817611 
0.51767470 11.01667158 -5.09545332 24.78710300 64.36056273 
0.52272503 10.99163327 -5.07391489 24.65376141 64.33450439 
0.52777466 10.96661914 -5.04771644 24.56094521 64.23027118 
0.53282499 10.94166206 -5.01689785 24.50698205 64.04876237 
0.53787465 10.91679513 -4.98150192 24.49047203 63.79018223 
0.54292498 10.89205163 -4.94157447 24.50956317 63.45596583 
0.54797468 10.86746492 -4.89716426 24.56300526 63.04606548 
0.55302502 10.84306839 -4.84832310 24.64870950 62.56258348 
0.55807477 10.81889537 -4.79510583 24.76565035 62.00503133 
0.56312511 10.79497903 -4.73757035 24.91144735 61.37632231 
0.56817492 10.77135230 -4.67577762 25.08536140 60.67533567 
0.57322527 10.74804776 -4.60979173 25.28467061 59.90595136 
0.57827509 10.72509752 -4.53967985 25.50896921 59.06622711 
0.58332545 10.70253316 -4.46551227 25.75515133 58.16116772 
0.58837539 10.68038559 -4.38736241 26.02318580 57.18779658 
0.59342577 10.65868494 -4.30530677 26.30954293 56.15243888 
0.59847580 10.63746045 -4.21942495 26.61457676 55.05090897 
0.60352619 10.61674038 -4.12979961 26.93433067 53.89097622 
0.60857632 10.59655187 -4.03651647 27.26953174 52.66710499 
0.61362672 10.57692086 -3.93966422 27.61580560 51.38863108 
0.61867697 10.55787198 -3.83933452 27.97422322 50.04855274 
0.62372739 10.53942843 -3.73562191 28.34002444 48.65785647 
0.62877776 10.52161193 -3.62862376 28.71457388 47.20800958 
0.63382821 10.50444260 -3.51844021 29.09278378 45.71167735 
0.63887871 10.48793890 -3.40517407 29.47624196 44.15879965 
0.64392919 10.47211757 -3.28893073 29.85961877 42.56367477 
0.64897983 10.45699355 -3.16981807 30.24463754 40.91480354 
0.65403033 10.44258000 -3.04794636 30.62583934 39.22798114 
0.65908112 10.42888820 -2.92342813 31.00498303 37.49045704 
0.66413165 10.41592761 -2.79637807 31.37661667 35.71928369 
0.66918259 10.40370584 -2.66691289 31.74242965 33.90075576 
0.67423316 10.39222872 -2.53515116 32.09713061 32.05283272 
0.67928425 10.38150033 -2.40121325 32.44223876 30.16126206 
0.68433485 10.37152308 -2.26522107 32.77278455 28.24445085 
0.68938608 10.36229785 -2.12729804 33.09003154 26.28811045 
0.69443672 10.35382408 -1.98756885 33.38948813 24.31053956 
0.69948809 10.34609992 -1.84615935 33.67210337 22.29800801 
0.70453876 10.33912242 -1.70319639 33.93399999 20.26807862 
0.70959025 10.33288770 -1.55880769 34.17579073 18.20822576 
0.71464095 10.32739117 -1.41312166 34.39431413 16.13461445 
0.71969254 10.32262771 -1.26626732 34.58986949 14.03657771 
0.72474326 10.31859191 -1.11837416 34.76006482 11.92823341 
0.72979494 10.31527827 -0.96957202 34.90495660 9.80138442 
0.73484568 10.31268140 -0.81999103 35.02291930 7.66751672 
0.73989741 10.31079624 -0.66976153 35.11388212 5.52141855 
0.74494817 10.30961818 -0.51901398 35.17692414 3.37147487 
0.74999992 10.30914327 -0.36787899 35.21199825 1.21583114 
0.75505068 10.30936832 -0.21648723 35.21877255 -0.94053934 
0.76010243 10.31029095 -0.06496945 35.19739488 -3.09594157 
0.76515318 10.31190974 0.08654353 35.14796528 -5.24893752 
0.77020490 10.31422416 0.23792083 35.07099882 -7.39428869 
0.77525564 10.31723462 0.38903150 34.96684668 -9.53401879 
0.78030729 10.32094240 0.53974452 34.83654444 -11.65954881 
0.78535801 10.32534958 0.68992884 34.68051027 -13.77610334 
0.79040958 10.33045889 0.83945336 34.50041686 -15.87214178 
0.79546027 10.33627362 0.98818700 34.29658205 -17.95566927 
0.80051173 10.34279744 1.13599876 34.07138318 -20.01270100 
0.80556239 10.35003417 1.28275776 33.82490378 -22.05348466 
0.81061372 10.35798763 1.42833336 33.56023898 -24.06219886 
0.81566435 10.36666142 1.57259524 33.27714850 -26.05072732 
0.82071554 10.37605867 1.71541354 32.97940568 -28.00205823 
0.82576614 10.38618187 1.85665899 32.66640594 -29.92908639 
0.83081718 10.39703264 1.99620306 32.34251612 -31.81424498 
0.83586775 10.40861154 2.13391809 32.00677421 -33.67084180 
0.84091864 10.42091791 2.26967747 31.66402225 -35.48133870 
0.84596917 10.43394966 2.40335578 31.31298825 -37.25892093 
0.85101992 10.44770322 2.53482897 30.95885091 -38.98658113 
0.85607041 10.46217334 2.66397451 30.60010635 -40.67693358 
0.86112102 10.47735304 2.79067154 30.24212409 -42.31390473 
0.86617148 10.49323357 2.91480102 29.88326582 -43.90918917 
0.87122195 10.50980429 3.03624587 29.52895005 -45.44794513 
0.87627239 10.52705273 3.15489114 29.17750967 -46.94070104 
0.88132272 10.54496453 3.27062408 28.83428324 -48.37404313 
0.88637314 10.56352348 3.38333434 28.49767885 -49.75718369 
0.89142336 10.58271155 3.49291402 28.17284497 -51.07824173 
0.89647376 10.60250893 3.59925780 27.85835932 -52.34504906 
0.90152387 10.62289411 3.70226307 27.55909272 -53.54728451 
0.90657425 10.64384391 3.80182998 27.27387137 -54.69140771 
0.91162430 10.66533361 3.89786153 27.00722439 -55.76862555 
0.91667467 10.68733701 3.99026369 26.75828353 -56.78408817 
0.92172458 10.70982652 4.07894539 26.53120441 -57.73042634 
0.92677494 10.73277330 4.16381865 26.32546470 -58.61161112 
0.93182478 10.75614733 4.24479858 26.14480551 -59.42161230 
0.93687513 10.77991753 4.32180345 25.98906301 -60.16333525 
0.94192490 10.80405187 4.39475470 25.86159470 -60.83195918 
0.94697524 10.82851749 4.46357700 25.76268147 -61.42937022 
0.95202497 10.85328082 4.52819821 25.69515123 -61.95192657 
0.95707531 10.87830766 4.58854945 25.65938367 -62.40103309 
0.96212498 10.90356332 4.64456507 25.65823535 -62.77381535 
0.96717531 10.92901271 4.69618265 25.69369659 -63.06942287 
0.97222499 10.95462047 4.74334301 25.76568446 -63.28844909 
0.97727534 10.98035104 4.78599016 25.87512159 -63.42948111 
0.98148270 11.00616876 4.82407134 25.99014446 -63.50204380 
0.98485046 11.03203797 4.85753696 26.11665981 -63.49911376 
0.98821646 11.05792309 4.88634062 26.26738735 -63.45910855 
0.99158318 11.08378870 4.91043906 26.43373716 -63.38243588 
0.99495081 11.10959961 4.92979216 26.59240929 -63.29735465 
0.99831727 11.13532091 4.94436296 26.75284623 -63.19878998 
