0.00252520 31.63508295 10.06278359 77.90011066 -20.39836054 
0.00757570 30.81877750 9.91908894 77.43071668 -20.25491423 
0.01262615 29.98679492 9.75733090 76.94368910 -20.13316332 
0.01767664 29.14074751 9.57819700 76.44581260 -19.97575697 
0.02272706 28.28236472 9.38247107 75.93509989 -19.79061998 
0.02777756 27.41348682 9.17102994 75.40761497 -19.57984701 
0.03282800 26.53605696 8.94483896 74.86506905 -19.35097883 
0.03787849 25.65211192 8.70494637 74.30830922 -19.10146221 
0.04292893 24.76377150 8.45247659 73.73685043 -18.83056508 
0.04797942 23.87322641 8.18862239 73.15048968 -18.53968974 
0.05302987 22.98272490 7.91463615 72.54958593 -18.22954363 
0.05808037 22.09455813 7.63182009 71.93445199 -17.90084211 
0.06313082 21.21104448 7.34151566 71.30552809 -17.55377473 
0.06818131 20.33451284 7.04509217 70.66330185 -17.18943215 
0.07323178 19.46728527 6.74393488 70.00856676 -16.80803642 
0.07828227 18.61165893 6.43943254 69.34214583 -16.41076477 
0.08333274 17.76988793 6.13296474 68.66518447 -15.99771124 
0.08838324 16.94416496 5.82588921 67.97887119 -15.57021126 
0.09343372 16.13660326 5.51952924 67.28476908 -15.12825897 
0.09848422 15.34921910 5.21516149 66.58448727 -14.67331545 
0.10353470 14.58391508 4.91400453 65.88003795 -14.20525637 
0.10858520 13.84246457 4.61720811 65.17347721 -13.72565395 
0.11363570 13.12649751 4.32584371 64.46727395 -13.23426438 
0.11868620 12.43748787 4.04089632 63.76392238 -12.73274423 
0.12373671 11.77674301 3.76325790 63.06630561 -12.22073210 
0.12878722 11.14539505 3.49372248 62.37728657 -11.69994116 
0.13383773 10.54439447 3.23298331 61.70004790 -11.16990418 
0.13888824 9.97450598 2.98163188 61.03766802 -10.63236322 
0.14393876 9.43630670 2.74015908 60.39342092 -10.08676713 
0.14898927 8.93018665 2.50895839 59.77034809 -9.53486105 
0.15403980 8.45635143 2.28833092 59.17150899 -8.97604023 
0.15909032 8.01482700 2.07849227 58.59956656 -8.41202612 
0.16414086 7.60546638 1.87958065 58.05699028 -7.84219392 
0.16919137 7.22795804 1.69166589 57.54567972 -7.26821613 
0.17424192 6.88183594 1.51475865 57.06713058 -6.68950513 
0.17929244 6.56649082 1.34881865 56.62212006 -6.10773086 
0.18434300 6.28118262 1.19376080 56.21084719 -5.52258474 
0.18939351 6.02505336 1.04945732 55.83270119 -4.93616920 
0.19444408 5.79713953 0.91573407 55.48640571 -4.34940019 
0.19949460 5.59638176 0.79235922 55.16993716 -3.76634550 
0.20454517 5.42162839 0.67902315 54.88080219 -3.19149563 
0.20959569 5.27162823 0.57531031 54.61630211 -2.63370880 
0.21464626 5.14500814 0.48066625 54.37416915 -2.10361643 
0.21969678 5.04023700 0.39436620 54.15326402 -1.61541345 
0.22474736 4.95559113 0.31549531 53.95428868 -1.18238037 
0.22979788 4.88915736 0.24295450 53.78004263 -0.81505388 
0.23484846 4.83891838 0.17550774 53.63496890 -0.51612940 
0.23989898 4.80293217 0.11187213 53.52409890 -0.27933263 
0.24494957 4.77954994 0.05081891 53.45183412 -0.08933010 
0.25000009 4.76758850 -0.00876728 53.42110275 0.07581545 
0.25505067 4.76641945 -0.06789762 53.43292226 0.24106484 
0.26010119 4.77599749 -0.12754191 53.48629887 0.43195514 
0.26515177 4.79686063 -0.18871125 53.57833692 0.67003804 
0.27020229 4.83010486 -0.25252450 53.70463642 0.97139278 
0.27525287 4.87730354 -0.32022389 53.86017265 1.34206511 
0.28030339 4.94034530 -0.39312066 54.04043894 1.78011140 
0.28535397 5.02121941 -0.47249298 54.24259307 2.27467147 
0.29040449 5.12182987 -0.55948912 54.46583636 2.81297801 
0.29545506 5.24389944 -0.65507308 54.71128239 3.38030880 
0.30050557 5.38895922 -0.76001440 54.98113160 3.96638052 
0.30555614 5.55838065 -0.87490639 55.27810173 4.56176949 
0.31060665 5.75341210 -1.00019739 55.60464430 5.16232731 
0.31565721 5.97520254 -1.13622443 55.96282723 5.76348345 
0.32070772 6.22481024 -1.28324242 56.35389314 6.36468663 
0.32575827 6.50319997 -1.44144522 56.77850879 6.96339149 
0.33080878 6.81123384 -1.61097799 57.23644588 7.56026665 
0.33585932 7.14965928 -1.79194157 57.72699165 8.15323902 
0.34090984 7.51909632 -1.98439082 58.24862821 8.74323165 
0.34596037 7.92002543 -2.18832881 58.79952746 9.32820008 
0.35101088 8.35277632 -2.40369865 59.37720728 9.90907305 
0.35606140 8.81751814 -2.63037431 59.97908087 10.48378699 
0.36111190 9.31425110 -2.86815146 60.60208677 11.05321785 
0.36616241 9.84279981 -3.11673919 61.24326121 11.61530867 
0.37121292 10.40280845 -3.37575292 61.89933906 12.17084933 
0.37626342 10.99373789 -3.64470911 62.56731811 12.71781638 
0.38131392 11.61486503 -3.92302185 63.24403493 13.25688422 
0.38636442 12.26528424 -4.21000140 63.92669848 13.78608823 
0.39141492 12.94391109 -4.50485495 64.61245415 14.30596663 
0.39646540 13.64948830 -4.80668924 65.29887308 14.81464032 
0.40151590 14.38059378 -5.11451526 65.98352275 15.31250143 
0.40656637 15.13565078 -5.42725464 66.66440411 15.79778317 
0.41161687 15.91293977 -5.74374772 67.33954731 16.27073089 
0.41666733 16.71061200 -6.06276296 68.00739141 16.72971392 
0.42171783 17.52670451 -6.38300756 68.66642096 17.17483680 
0.42676828 18.35915618 -6.70313897 69.31548477 17.60462298 
0.43181878 19.20582469 -7.02177715 69.95348451 18.01904668 
0.43686922 20.06450401 -7.33751716 70.57963087 18.41679598 
0.44191972 20.93294222 -7.64894210 71.19319054 18.79772832 
0.44697016 21.80885932 -7.95463583 71.79368027 19.16069919 
0.45202065 22.68996483 -8.25319573 72.38067439 19.50546433 
0.45707109 23.57397484 -8.54324474 72.95393884 19.83104525 
0.46212158 24.45862848 -8.82344311 73.51330203 20.13710095 
0.46717201 25.34170340 -9.09249919 74.05871751 20.42285552 
0.47222250 26.22103030 -9.34917956 74.59027162 20.68772219 
0.47727293 27.09450626 -9.59231807 75.10791664 20.93174268 
0.48232342 27.96010680 -9.82082397 75.61290545 21.15204472 
0.48737380 28.81589665 -10.03368891 76.08958391 21.37932408 
0.49242431 29.66003916 -10.22999291 76.57483664 21.53534425 
0.49747475 30.49080425 -10.40890914 77.04248476 21.68369705 
0.50252525 31.30657512 -10.56970777 77.49915170 21.80342152 
0.50757567 32.10585332 -10.71175889 77.93489959 21.91680250 
0.51262616 32.88726214 -10.83453465 78.36336566 21.99391006 
0.51767658 33.64954862 -10.93761021 78.77934239 22.04923080 
0.52272707 34.39158511 -11.02066276 79.18439323 22.07810476 
0.52777750 35.11237053 -11.08346969 79.57857697 22.08123822 
0.53282799 35.81103019 -11.12590680 79.96231870 22.05807595 
0.53787843 36.48681388 -11.14794648 80.33596731 22.00824090 
0.54292892 37.13909292 -11.14965512 80.69984500 21.93158635 
0.54797935 37.76735668 -11.13118954 81.05431739 21.82762913 
0.55302984 38.37120871 -11.09279286 81.39966743 21.69640259 
0.55808029 38.95036237 -11.03478995 81.73625746 21.53738641 
0.56313078 39.50463601 -10.95758263 82.06433251 21.35081594 
0.56818123 40.03394775 -10.86164464 82.38425112 21.13614991 
0.57323173 40.53831000 -10.74751627 82.69622021 20.89386968 
0.57828218 41.01782383 -10.61579896 83.00059554 20.62343853 
0.58333268 41.47267323 -10.46714954 83.29754647 20.32563305 
0.58838314 41.90311936 -10.30227442 83.58742527 19.99995911 
0.59343364 42.30949496 -10.12192367 83.87036314 19.64753885 
0.59848412 42.69219889 -9.92688482 84.14670402 19.26796793 
0.60353462 43.05169092 -9.71797668 84.41653693 18.86275914 
0.60858510 43.38848693 -9.49604293 84.68018646 18.43164668 
0.61363560 43.70315445 -9.26194563 84.93769003 17.97656414 
0.61868609 43.99630881 -9.01655861 85.18933456 17.49742298 
0.62373660 44.26860973 -8.76076073 85.43509025 16.99657939 
0.62878710 44.52075854 -8.49542916 85.67518113 16.47413580 
0.63383761 44.75349592 -8.22143247 85.90949002 15.93282943 
0.63888812 44.96760014 -7.93962382 86.13814938 15.37292739 
0.64393863 45.16388559 -7.65083406 86.36093446 14.79745099 
0.64898915 45.34320142 -7.35586493 86.57786092 14.20675725 
0.65403966 45.50642974 -7.05548216 86.78858440 13.60399882 
0.65909019 45.65448295 -6.75040866 86.99299132 12.98950670 
0.66414071 45.78829954 -6.44131774 87.19062268 12.36637620 
0.66919125 45.90883758 -6.12882660 87.38124409 11.73478438 
0.67424176 46.01706555 -5.81349032 87.56430875 11.09758469 
0.67929231 46.11395016 -5.49579714 87.73949183 10.45470343 
0.68434283 46.20044173 -5.17616586 87.90620342 9.80861654 
0.68939338 46.27745808 -4.85494604 88.06407252 9.15896862 
0.69444390 46.34586865 -4.53242175 88.21251680 8.50779593 
0.69949447 46.40648050 -4.20881853 88.35116420 7.85450247 
0.70454498 46.46002781 -3.88431280 88.47948389 7.20068922 
0.70959555 46.50716546 -3.55904212 88.59713812 6.54561044 
0.71464607 46.54846705 -3.23311526 88.70367736 5.89047491 
0.71969665 46.58442636 -2.90662067 88.79882039 5.23449465 
0.72474717 46.61546159 -2.57963325 88.88221430 4.57853917 
0.72979775 46.64192106 -2.25221911 88.95364561 3.92187642 
0.73484827 46.66408952 -1.92443880 89.01286284 3.26508215 
0.73989885 46.68219431 -1.59634939 89.05972499 2.60755667 
0.74494937 46.69641092 -1.26800571 89.09408099 1.94961545 
0.74999995 46.70686759 -0.93946108 89.11586464 1.29084493 
0.75505048 46.71364886 -0.61076782 89.12502213 0.63132574 
0.76010106 46.71679806 -0.28197753 89.12156445 -0.02913309 
0.76515158 46.71631848 0.04685861 89.10553190 -0.69066057 
0.77020216 46.71217358 0.37568965 89.07701609 -1.35319764 
0.77525268 46.70428591 0.70446463 89.03614880 -2.01704916 
0.78030326 46.69253493 1.03313228 88.98310610 -2.68187878 
0.78535378 46.67675368 1.36164062 88.91810820 -3.34811657 
0.79040435 46.65672439 1.68993632 88.84141771 -4.01511422 
0.79545487 46.63217310 2.01796356 88.75333724 -4.68335439 
0.80050544 46.60276364 2.34566227 88.65421259 -5.35183106 
0.80555596 46.56809123 2.67296511 88.54441577 -6.02098630 
0.81060652 46.52767663 2.99979310 88.42436219 -6.68940433 
0.81565704 46.48096147 3.32604925 88.29446899 -7.35738545 
0.82070760 46.42730598 3.65161040 88.15519362 -8.02306325 
0.82575811 46.36599012 3.97631740 88.00696092 -8.68651276 
0.83080866 46.29621884 4.29996472 87.85022917 -9.34541544 
0.83585917 46.21713153 4.62229062 87.68538415 -9.99958713 
0.84090971 46.12781514 4.94296959 87.51283753 -10.64632154 
0.84596022 46.02731964 5.26160768 87.33289042 -11.28521142 
0.85101075 45.91467394 5.57774149 87.14586675 -11.91329847 
0.85606126 45.78890088 5.89084007 86.95195132 -12.53005093 
0.86111179 45.64902986 6.20030915 86.75135681 -13.13244061 
0.86616229 45.49410672 6.50549682 86.54414183 -13.71993748 
0.87121281 45.32320076 6.80569984 86.33040544 -14.28962856 
0.87626331 45.13540951 7.10017038 86.11009057 -14.84109785 
0.88131381 44.92986182 7.38812278 85.88319657 -15.37169697 
0.88636432 44.70571987 7.66874037 85.64957383 -15.88119483 
0.89141481 44.46218082 7.94118229 85.40914335 -16.36730282 
0.89646531 44.19847833 8.20459031 85.16168950 -16.82999789 
0.90151580 43.91388449 8.45809570 84.90707622 -17.26739296 
0.90656630 43.60771207 8.70082599 84.64504520 -17.67965662 
0.91161677 43.27931738 8.93191170 84.37541908 -18.06530312 
0.91666727 42.92810370 9.15049308 84.09791379 -18.42465364 
0.92171774 42.55352522 9.35572662 83.81232255 -18.75659672 
0.92676823 42.15509156 9.54679152 83.51834564 -19.06155172 
0.93181869 41.73237261 9.72289603 83.21574451 -19.33873783 
0.93686919 41.28500389 9.88328366 82.90420749 -19.58864089 
0.94191964 40.81269206 10.02723925 82.58349068 -19.81077049 
0.94697013 40.31522070 10.15409490 82.25327449 -20.00557602 
0.95202058 39.79245617 10.26323578 81.91321241 -20.17279370 
0.95707107 39.24435354 10.35410582 81.56296982 -20.31301440 
0.96212151 38.67096241 10.42621313 81.20242886 -20.42634293 
0.96717200 38.07243261 10.47913535 80.83137841 -20.51229700 
0.97222244 37.44901941 10.51252491 80.44830233 -20.57228081 
0.97727294 36.80108882 10.52611393 80.05415468 -20.60301894 
0.98148158 36.12912290 10.51971922 79.71508274 -20.63882988 
0.98484864 35.43372482 10.49324216 79.44195357 -20.62219587 
0.98821557 34.71562090 10.44667658 79.16337142 -20.59828705 
0.99158255 33.97566214 10.38011079 78.87444618 -20.55817164 
0.99494960 33.21482644 10.29373217 78.57256210 -20.51991179 
0.99831656 32.43422107 10.18782794 78.26933946 -20.47852153 
