   2.5000000e-03   1.9921383e+01   1.6200583e+00   1.8427719e+01   1.8786431e+01  -1.9947992e+01
   7.5000000e-03   1.9256769e+01   1.5181397e+00   1.7823927e+01   1.8730583e+01  -1.9308922e+01
   1.2500000e-02   1.8633401e+01   1.4232819e+00   1.7257630e+01   1.8676504e+01  -1.8683379e+01
   1.7500000e-02   1.8048462e+01   1.3350027e+00   1.6726172e+01   1.8624331e+01  -1.8071241e+01
   2.2500000e-02   1.7499323e+01   1.2528414e+00   1.6227091e+01   1.8574147e+01  -1.7472380e+01
   2.7500000e-02   1.6983536e+01   1.1763610e+00   1.5758108e+01   1.8525985e+01  -1.6886656e+01
   3.2500000e-02   1.6498823e+01   1.1051475e+00   1.5317116e+01   1.8479839e+01  -1.6313926e+01
   3.7500000e-02   1.6043069e+01   1.0388112e+00   1.4902170e+01   1.8435669e+01  -1.5754034e+01
   4.2500000e-02   1.5614314e+01   9.7698547e-01   1.4511474e+01   1.8393413e+01  -1.5206817e+01
   4.7500000e-02   1.5210741e+01   9.1932670e-01   1.4143376e+01   1.8352990e+01  -1.4672099e+01
   5.2500000e-02   1.4830670e+01   8.6551355e-01   1.3796354e+01   1.8314305e+01  -1.4149691e+01
   5.7500000e-02   1.4472549e+01   8.1524610e-01   1.3469007e+01   1.8277256e+01  -1.3639386e+01
   6.2500000e-02   1.4134945e+01   7.6824501e-01   1.3160048e+01   1.8241738e+01  -1.3140960e+01
   6.7500000e-02   1.3816534e+01   7.2425063e-01   1.2868295e+01   1.8207645e+01  -1.2654172e+01
   7.2500000e-02   1.3516099e+01   6.8302200e-01   1.2592662e+01   1.8174872e+01  -1.2178760e+01
   7.7500000e-02   1.3232516e+01   6.4433597e-01   1.2332154e+01   1.8143322e+01  -1.1714444e+01
   8.2500000e-02   1.2964753e+01   6.0798616e-01   1.2085856e+01   1.8112903e+01  -1.1260930e+01
   8.7500000e-02   1.2711860e+01   5.7378202e-01   1.1852930e+01   1.8083529e+01  -1.0817902e+01
   9.2500000e-02   1.2472963e+01   5.4154785e-01   1.1632608e+01   1.8055125e+01  -1.0385036e+01
   9.7500000e-02   1.2247258e+01   5.1112187e-01   1.1424184e+01   1.8027625e+01  -9.9619907e+00
   1.0250000e-01   1.2034008e+01   4.8235522e-01   1.1227013e+01   1.8000970e+01  -9.5484182e+00
   1.0750000e-01   1.1832535e+01   4.5511110e-01   1.1040501e+01   1.7975114e+01  -9.1439613e+00
   1.1250000e-01   1.1642217e+01   4.2926385e-01   1.0864105e+01   1.7950016e+01  -8.7482576e+00
   1.1750000e-01   1.1462482e+01   4.0469807e-01   1.0697325e+01   1.7925646e+01  -8.3609412e+00
   1.2250000e-01   1.1292805e+01   3.8130787e-01   1.0539704e+01   1.7901982e+01  -7.9816446e+00
   1.2750000e-01   1.1132706e+01   3.5899600e-01   1.0390821e+01   1.7879009e+01  -7.6100004e+00
   1.3250000e-01   1.0981741e+01   3.3767317e-01   1.0250291e+01   1.7856720e+01  -7.2456428e+00
   1.3750000e-01   1.0839506e+01   3.1725735e-01   1.0117760e+01   1.7835112e+01  -6.8882093e+00
   1.4250000e-01   1.0705629e+01   2.9767310e-01   9.9929018e+00   1.7814190e+01  -6.5373412e+00
   1.4750000e-01   1.0579767e+01   2.7885100e-01   9.8754192e+00   1.7793962e+01  -6.1926849e+00
   1.5250000e-01   1.0461609e+01   2.6072708e-01   9.7650381e+00   1.7774441e+01  -5.8538925e+00
   1.5750000e-01   1.0350867e+01   2.4324229e-01   9.6615074e+00   1.7755644e+01  -5.5206223e+00
   1.6250000e-01   1.0247279e+01   2.2634202e-01   9.5645968e+00   1.7737590e+01  -5.1925394e+00
   1.6750000e-01   1.0150605e+01   2.0997572e-01   9.4740954e+00   1.7720300e+01  -4.8693154e+00
   1.7250000e-01   1.0060625e+01   1.9409643e-01   9.3898104e+00   1.7703799e+01  -4.5506291e+00
   1.7750000e-01   9.9771386e+00   1.7866045e-01   9.3115656e+00   1.7688109e+01  -4.2361659e+00
   1.8250000e-01   9.8999647e+00   1.6362699e-01   9.2392004e+00   1.7673257e+01  -3.9256184e+00
   1.8750000e-01   9.8289372e+00   1.4895789e-01   9.1725689e+00   1.7659268e+01  -3.6186854e+00
   1.9250000e-01   9.7639066e+00   1.3461730e-01   9.1115387e+00   1.7646166e+01  -3.3150722e+00
   1.9750000e-01   9.7047378e+00   1.2057144e-01   9.0559904e+00   1.7633977e+01  -3.0144900e+00
   2.0250000e-01   9.6513098e+00   1.0678838e-01   9.0058169e+00   1.7622724e+01  -2.7166558e+00
   2.0750000e-01   9.6035147e+00   9.3237775e-02   8.9609224e+00   1.7612429e+01  -2.4212915e+00
   2.1250000e-01   9.5612571e+00   7.9890715e-02   8.9212224e+00   1.7603114e+01  -2.1281243e+00
   2.1750000e-01   9.5244536e+00   6.6719504e-02   8.8866426e+00   1.7594796e+01  -1.8368851e+00
   2.2250000e-01   9.4930321e+00   5.3697499e-02   8.8571192e+00   1.7587493e+01  -1.5473092e+00
   2.2750000e-01   9.4669317e+00   4.0798942e-02   8.8325979e+00   1.7581220e+01  -1.2591348e+00
   2.3250000e-01   9.4461022e+00   2.7998809e-02   8.8130338e+00   1.7575988e+01  -9.7210337e-01
   2.3750000e-01   9.4305035e+00   1.5272660e-02   8.7983917e+00   1.7571809e+01  -6.8595836e-01
   2.4250000e-01   9.4201061e+00   2.5965022e-03   8.7886449e+00   1.7568689e+01  -4.0044523e-01
   2.4750000e-01   9.4148900e+00  -1.0053346e-02   8.7837758e+00   1.7566633e+01  -1.1531071e-01
   2.5250000e-01   9.4148453e+00  -2.2700391e-02   8.7837758e+00   1.7565642e+01   1.6969770e-01
   2.5750000e-01   9.4199721e+00  -3.5368086e-02   8.7886449e+00   1.7565717e+01   4.5483222e-01
   2.6250000e-01   9.4302800e+00  -4.8079971e-02   8.7983917e+00   1.7566852e+01   7.4034535e-01
   2.6750000e-01   9.4457886e+00  -6.0859793e-02   8.8130338e+00   1.7569042e+01   1.0264904e+00
   2.7250000e-01   9.4665275e+00  -7.3731647e-02   8.8325979e+00   1.7572277e+01   1.3135218e+00
   2.7750000e-01   9.4925365e+00  -8.6720105e-02   8.8571192e+00   1.7576547e+01   1.6016962e+00
   2.8250000e-01   9.5238656e+00  -9.9850362e-02   8.8866426e+00   1.7581836e+01   1.8912721e+00
   2.8750000e-01   9.5605757e+00  -1.1314838e-01   8.9212224e+00   1.7588128e+01   2.1825113e+00
   2.9250000e-01   9.6027386e+00  -1.2664105e-01   8.9609224e+00   1.7595405e+01   2.4756785e+00
   2.9750000e-01   9.6504374e+00  -1.4035633e-01   9.0058169e+00   1.7603645e+01   2.7710427e+00
   3.0250000e-01   9.7037674e+00  -1.5432348e-01   9.0559904e+00   1.7612826e+01   3.0688770e+00
   3.0750000e-01   9.7628362e+00  -1.6857318e-01   9.1115387e+00   1.7622923e+01   3.3694592e+00
   3.1250000e-01   9.8277646e+00  -1.8313779e-01   9.1725689e+00   1.7633911e+01   3.6730724e+00
   3.1750000e-01   9.8986874e+00  -1.9805153e-01   9.2392004e+00   1.7645763e+01   3.9800054e+00
   3.2250000e-01   9.9757541e+00  -2.1335075e-01   9.3115656e+00   1.7658452e+01   4.2905529e+00
   3.2750000e-01   1.0059130e+01  -2.2907418e-01   9.3898104e+00   1.7671951e+01   4.6050160e+00
   3.3250000e-01   1.0148996e+01  -2.4526321e-01   9.4740954e+00   1.7686233e+01   4.9237024e+00
   3.3750000e-01   1.0245554e+01  -2.6196221e-01   9.5645968e+00   1.7701270e+01   5.2469264e+00
   3.4250000e-01   1.0349021e+01  -2.7921888e-01   9.6615074e+00   1.7717038e+01   5.5750093e+00
   3.4750000e-01   1.0459638e+01  -2.9708458e-01   9.7650381e+00   1.7733512e+01   5.9082795e+00
   3.5250000e-01   1.0577666e+01  -3.1561478e-01   9.8754192e+00   1.7750671e+01   6.2470719e+00
   3.5750000e-01   1.0703393e+01  -3.3486950e-01   9.9929018e+00   1.7768497e+01   6.5917282e+00
   3.6250000e-01   1.0837130e+01  -3.5491375e-01   1.0117760e+01   1.7786972e+01   6.9425963e+00
   3.6750000e-01   1.0979218e+01  -3.7581811e-01   1.0250291e+01   1.7806088e+01   7.3000298e+00
   3.7250000e-01   1.1130029e+01  -3.9765924e-01   1.0390821e+01   1.7825837e+01   7.6643874e+00
   3.7750000e-01   1.1289968e+01  -4.2052054e-01   1.0539704e+01   1.7846218e+01   8.0360316e+00
   3.8250000e-01   1.1459476e+01  -4.4449276e-01   1.0697325e+01   1.7867237e+01   8.4153282e+00
   3.8750000e-01   1.1639035e+01  -4.6967476e-01   1.0864105e+01   1.7888907e+01   8.8026446e+00
   3.9250000e-01   1.1829167e+01  -4.9617419e-01   1.1040501e+01   1.7911246e+01   9.1983483e+00
   3.9750000e-01   1.2030444e+01  -5.2410835e-01   1.1227013e+01   1.7934283e+01   9.6028051e+00
   4.0250000e-01   1.2243486e+01  -5.5360498e-01   1.1424184e+01   1.7958056e+01   1.0016378e+01
   4.0750000e-01   1.2468972e+01  -5.8480314e-01   1.1632608e+01   1.7982609e+01   1.0439423e+01
   4.1250000e-01   1.2707637e+01  -6.1785414e-01   1.1852930e+01   1.8007997e+01   1.0872289e+01
   4.1750000e-01   1.2960283e+01  -6.5292247e-01   1.2085856e+01   1.8034286e+01   1.1315317e+01
   4.2250000e-01   1.3227784e+01  -6.9018673e-01   1.2332154e+01   1.8061548e+01   1.1768831e+01
   4.2750000e-01   1.3511087e+01  -7.2984066e-01   1.2592662e+01   1.8089866e+01   1.2233147e+01
   4.3250000e-01   1.3811225e+01  -7.7209409e-01   1.2868295e+01   1.8119331e+01   1.2708559e+01
   4.3750000e-01   1.4129318e+01  -8.1717395e-01   1.3160048e+01   1.8150038e+01   1.3195347e+01
   4.4250000e-01   1.4466584e+01  -8.6532527e-01   1.3469007e+01   1.8182090e+01   1.3693773e+01
   4.4750000e-01   1.4824342e+01  -9.1681216e-01   1.3796354e+01   1.8215592e+01   1.4204078e+01
   4.5250000e-01   1.5204025e+01  -9.7191878e-01   1.4143376e+01   1.8250646e+01   1.4726486e+01
   4.5750000e-01   1.5607182e+01  -1.0309503e+00   1.4511474e+01   1.8287354e+01   1.5261204e+01
   4.6250000e-01   1.6035491e+01  -1.0942337e+00   1.4902170e+01   1.8325808e+01   1.5808421e+01
   4.6750000e-01   1.6490767e+01  -1.1621187e+00   1.5317116e+01   1.8366088e+01   1.6368313e+01
   4.7250000e-01   1.6974967e+01  -1.2349785e+00   1.5758108e+01   1.8408256e+01   1.6941043e+01
   4.7750000e-01   1.7490204e+01  -1.3132103e+00   1.6227091e+01   1.8452348e+01   1.7526767e+01
   4.8250000e-01   1.8038751e+01  -1.3972354e+00   1.6726172e+01   1.8498371e+01   1.8125628e+01
   4.8750000e-01   1.8623055e+01  -1.4874994e+00   1.7257630e+01   1.8546289e+01   1.8737766e+01
   4.9250000e-01   1.9245741e+01  -1.5844719e+00   1.7823927e+01   1.8596019e+01   1.9363309e+01
   4.9750000e-01   1.9909623e+01  -1.6886448e+00   1.8427719e+01   1.8647421e+01   2.0002379e+01
   5.0250000e-01   2.0617707e+01  -1.8005305e+00   1.9071866e+01   1.8700283e+01   2.0655078e+01
   5.0750000e-01   2.1373201e+01  -1.9206591e+00   1.9759446e+01   1.8754316e+01   2.1321490e+01
   5.1250000e-01   2.2179513e+01  -2.0495731e+00   2.0493760e+01   1.8809138e+01   2.2001663e+01
   5.1750000e-01   2.3040255e+01  -2.1878213e+00   2.1278341e+01   1.8864258e+01   2.2695600e+01
   5.2250000e-01   2.3959239e+01  -2.3359498e+00   2.2116963e+01   1.8919068e+01   2.3403240e+01
   5.2750000e-01   2.4940463e+01  -2.4944903e+00   2.3013644e+01   1.8972819e+01   2.4124436e+01
   5.3250000e-01   2.5988102e+01  -2.6639452e+00   2.3972642e+01   1.9024613e+01   2.4858929e+01
   5.3750000e-01   2.7106483e+01  -2.8447679e+00   2.4998453e+01   1.9073375e+01   2.5606321e+01
   5.4250000e-01   2.8300048e+01  -3.0373390e+00   2.6095797e+01   1.9117841e+01   2.6366035e+01
   5.4750000e-01   2.9573314e+01  -3.2419365e+00   2.7269597e+01   1.9156537e+01   2.7137282e+01
   5.5250000e-01   3.0930808e+01  -3.4586996e+00   2.8524946e+01   1.9187754e+01   2.7919009e+01
   5.5750000e-01   3.2376994e+01  -3.6875861e+00   2.9867058e+01   1.9209532e+01   2.8709857e+01
   5.6250000e-01   3.3916175e+01  -3.9283214e+00   3.1301209e+01   1.9219638e+01   2.9508100e+01
   5.6750000e-01   3.5552375e+01  -4.1803399e+00   3.2832648e+01   1.9215550e+01   3.0311585e+01
   5.7250000e-01   3.7289194e+01  -4.4427195e+00   3.4466490e+01   1.9194442e+01   3.1117669e+01
   5.7750000e-01   3.9129643e+01  -4.7141078e+00   3.6207578e+01   1.9153173e+01   3.1923145e+01
   5.8250000e-01   4.1075940e+01  -4.9926445e+00   3.8060310e+01   1.9088290e+01   3.2724170e+01
   5.8750000e-01   4.3129293e+01  -5.2758796e+00   4.0028433e+01   1.8996029e+01   3.3516182e+01
   5.9250000e-01   4.5289648e+01  -5.5606945e+00   4.2114797e+01   1.8872345e+01   3.4293824e+01
   5.9750000e-01   4.7555420e+01  -5.8432303e+00   4.4321062e+01   1.8712941e+01   3.5050862e+01
   6.0250000e-01   4.9923210e+01  -6.1188310e+00   4.6647369e+01   1.8513337e+01   3.5780112e+01
   6.0750000e-01   5.2387530e+01  -6.3820125e+00   4.9091973e+01   1.8268946e+01   3.6473371e+01
   6.1250000e-01   5.4940526e+01  -6.6264694e+00   5.1650845e+01   1.7975192e+01   3.7121363e+01
   6.1750000e-01   5.7571756e+01  -6.8451323e+00   5.4317259e+01   1.7627648e+01   3.7713708e+01
   6.2250000e-01   6.0268006e+01  -7.0302909e+00   5.7081389e+01   1.7222222e+01   3.8238917e+01
   6.2750000e-01   6.3013211e+01  -7.1737960e+00   5.9929932e+01   1.6755361e+01   3.8684426e+01
   6.3250000e-01   6.5788478e+01  -7.2673511e+00   6.2845820e+01   1.6224295e+01   3.9036670e+01
   6.3750000e-01   6.8572254e+01  -7.3028990e+00   6.5808042e+01   1.5627296e+01   3.9281227e+01
   6.4250000e-01   7.1340660e+01  -7.2730991e+00   6.8791645e+01   1.4963954e+01   3.9403012e+01
   6.4750000e-01   7.4067999e+01  -7.1718806e+00   7.1767966e+01   1.4235440e+01   3.9386554e+01
   6.5250000e-01   7.6727451e+01  -6.9950386e+00   7.4705150e+01   1.3444740e+01   3.9216352e+01
   6.5750000e-01   7.9291915e+01  -6.7408272e+00   7.7568980e+01   1.2596832e+01   3.8877323e+01
   6.6250000e-01   8.1735003e+01  -6.4104857e+00   8.0324051e+01   1.1698777e+01   3.8355350e+01
   6.6750000e-01   8.4032095e+01  -6.0086277e+00   8.2935244e+01   1.0759701e+01   3.7637905e+01
   6.7250000e-01   8.6161446e+01  -5.5434303e+00   8.5369431e+01   9.7906394e+00   3.6714672e+01
   6.7750000e-01   8.8105260e+01  -5.0265802e+00   8.7597293e+01   8.8042422e+00   3.5577979e+01
   6.8250000e-01   8.9850697e+01  -4.4729733e+00   8.9595095e+01   7.8143516e+00   3.4222753e+01
   6.8750000e-01   9.1390709e+01  -3.9001822e+00   9.1346307e+01   6.8354726e+00   3.2645743e+01
   6.9250000e-01   9.2724566e+01  -3.3276919e+00   9.2842969e+01   5.8821868e+00   3.0844180e+01
   6.9750000e-01   9.3857869e+01  -2.7758231e+00   9.4086769e+01   4.9685541e+00   2.8815044e+01
   7.0250000e-01   9.4801846e+01  -2.2641766e+00   9.5089675e+01   4.1075533e+00   2.6557646e+01
   7.0750000e-01   9.5571994e+01  -1.8094860e+00   9.5873756e+01   3.3106112e+00   2.4082930e+01
   7.1250000e-01   9.6186508e+01  -1.4231127e+00   9.6469494e+01   2.5872749e+00   2.1428236e+01
   7.1750000e-01   9.6665085e+01  -1.1089142e+00   9.6912049e+01   1.9450575e+00   1.8662049e+01
   7.2250000e-01   9.7028270e+01  -8.6252398e-01   9.7236055e+01   1.3894715e+00   1.5857950e+01
   7.2750000e-01   9.7296643e+01  -6.7285698e-01   9.7470968e+01   9.2429849e-01   1.3051965e+01
   7.3250000e-01   9.7489165e+01  -5.2563553e-01   9.7638835e+01   5.5204827e-01   1.0232209e+01
   7.3750000e-01   9.7621268e+01  -4.0717457e-01   9.7754553e+01   2.7438161e-01   7.3715390e+00
   7.4250000e-01   9.7703915e+01  -3.0644939e-01   9.7827402e+01   9.2370609e-02   4.4598930e+00
   7.4750000e-01   9.7743828e+01  -2.1516499e-01   9.7862645e+01   6.6437440e-03   1.5094526e+00
   7.5250000e-01   9.7744153e+01  -1.2680171e-01   9.7862645e+01   1.7468057e-02  -1.4550658e+00
   7.5750000e-01   9.7704913e+01  -3.5431768e-02   9.7827402e+01   1.2479500e-01  -4.4055061e+00
   7.6250000e-01   9.7623014e+01   6.5465032e-02   9.7754553e+01   3.2827406e-01  -7.3171518e+00
   7.6750000e-01   9.7491797e+01   1.8418665e-01   9.7638834e+01   6.2721357e-01  -1.0177821e+01
   7.7250000e-01   9.7300377e+01   3.3177005e-01   9.7470968e+01   1.0204626e+00  -1.2997577e+01
   7.7750000e-01   9.7033406e+01   5.2193638e-01   9.7236055e+01   1.5062300e+00  -1.5803562e+01
   7.8250000e-01   9.6671997e+01   7.6903917e-01   9.6912049e+01   2.0818537e+00  -1.8607662e+01
   7.8750000e-01   9.6195614e+01   1.0842804e+00   9.6469494e+01   2.7434196e+00  -2.1373850e+01
   7.9250000e-01   9.5583724e+01   1.4721669e+00   9.5873755e+01   3.4852561e+00  -2.4028544e+01
   7.9750000e-01   9.4816605e+01   1.9289813e+00   9.5089675e+01   4.2996202e+00  -2.6503259e+01
   8.0250000e-01   9.3876008e+01   2.4434838e+00   9.4086769e+01   5.1767147e+00  -2.8760657e+01
   8.0750000e-01   9.2746345e+01   2.9990304e+00   9.2842969e+01   6.1049171e+00  -3.0789793e+01
   8.1250000e-01   9.1416277e+01   3.5760753e+00   9.1346307e+01   7.0711335e+00  -3.2591356e+01
   8.1750000e-01   8.9880080e+01   4.1543160e+00   8.9595095e+01   8.0612561e+00  -3.4168366e+01
   8.2250000e-01   8.8138357e+01   4.7142529e+00   8.7597293e+01   9.0607017e+00  -3.5523592e+01
   8.2750000e-01   8.6198044e+01   5.2382686e+00   8.5369432e+01   1.0054993e+01  -3.6660285e+01
   8.3250000e-01   8.4071880e+01   5.7113968e+00   8.2935245e+01   1.1030340e+01  -3.7583518e+01
   8.3750000e-01   8.1777582e+01   6.1218592e+00   8.0324051e+01   1.1974161e+01  -3.8300963e+01
   8.4250000e-01   7.9336835e+01   6.4613717e+00   7.7568980e+01   1.2875510e+01  -3.8822936e+01
   8.4750000e-01   7.6774223e+01   6.7252042e+00   7.4705150e+01   1.3725366e+01  -3.9161965e+01
   8.5250000e-01   7.4116120e+01   6.9119975e+00   7.1767967e+01   1.4516780e+01  -3.9332167e+01
   8.5750000e-01   7.1389628e+01   7.0233788e+00   6.8791645e+01   1.5244896e+01  -3.9348625e+01
   8.6250000e-01   6.8621590e+01   7.0634404e+00   6.5808042e+01   1.5906851e+01  -3.9226840e+01
   8.6750000e-01   6.5837737e+01   7.0381498e+00   6.2845820e+01   1.6501596e+01  -3.8982283e+01
   8.7250000e-01   6.3061990e+01   6.9547553e+00   5.9929932e+01   1.7029660e+01  -3.8630039e+01
   8.7750000e-01   6.0315954e+01   6.8212349e+00   5.7081389e+01   1.7492880e+01  -3.8184531e+01
   8.8250000e-01   5.7618574e+01   6.6458187e+00   5.4317260e+01   1.7894130e+01  -3.7659321e+01
   8.8750000e-01   5.4985970e+01   6.4366022e+00   5.1650845e+01   1.8237058e+01  -3.7066976e+01
   8.9250000e-01   5.2431404e+01   6.2012545e+00   4.9091973e+01   1.8525841e+01  -3.6418984e+01
   8.9750000e-01   4.9965370e+01   5.9468145e+00   4.6647369e+01   1.8764980e+01  -3.5725725e+01
   9.0250000e-01   4.7595763e+01   5.6795671e+00   4.4321062e+01   1.8959118e+01  -3.4996476e+01
   9.0750000e-01   4.5328112e+01   5.4049844e+00   4.2114797e+01   1.9112900e+01  -3.4239437e+01
   9.1250000e-01   4.3165846e+01   5.1277175e+00   4.0028433e+01   1.9230855e+01  -3.3461795e+01
   9.1750000e-01   4.1110581e+01   4.8516267e+00   3.8060310e+01   1.9317322e+01  -3.2669783e+01
   9.2250000e-01   3.9162392e+01   4.5798363e+00   3.6207578e+01   1.9376382e+01  -3.1868758e+01
   9.2750000e-01   3.7320092e+01   4.3148060e+00   3.4466490e+01   1.9411828e+01  -3.1063282e+01
   9.3250000e-01   3.5581475e+01   4.0584086e+00   3.2832648e+01   1.9427138e+01  -3.0257198e+01
   9.3750000e-01   3.3943541e+01   3.8120110e+00   3.1301209e+01   1.9425473e+01  -2.9453713e+01
   9.4250000e-01   3.2402699e+01   3.5765516e+00   2.9867058e+01   1.9409674e+01  -2.8655470e+01
   9.4750000e-01   3.0954930e+01   3.3526124e+00   2.8524946e+01   1.9382276e+01  -2.7864622e+01
   9.5250000e-01   2.9595932e+01   3.1404854e+00   2.7269597e+01   1.9345522e+01  -2.7082895e+01
   9.5750000e-01   2.8321244e+01   2.9402305e+00   2.6095797e+01   1.9301380e+01  -2.6311648e+01
   9.6250000e-01   2.7126338e+01   2.7517253e+00   2.4998453e+01   1.9251561e+01  -2.5551934e+01
   9.6750000e-01   2.6006696e+01   2.5747088e+00   2.3972642e+01   1.9197546e+01  -2.4804542e+01
   9.7250000e-01   2.4957872e+01   2.4088166e+00   2.3013644e+01   1.9140601e+01  -2.4070049e+01
   9.7750000e-01   2.3975539e+01   2.2536110e+00   2.2116963e+01   1.9081799e+01  -2.3348853e+01
   9.8250000e-01   2.3055518e+01   2.1086045e+00   2.1278341e+01   1.9022043e+01  -2.2641213e+01
   9.8750000e-01   2.2193807e+01   1.9732795e+00   2.0493760e+01   1.8962077e+01  -2.1947276e+01
   9.9250000e-01   2.1386590e+01   1.8471034e+00   1.9759446e+01   1.8902513e+01  -2.1267103e+01
   9.9750000e-01   2.0630253e+01   1.7295399e+00   1.9071866e+01   1.8843837e+01  -2.0600691e+01
