0.00252525 24.86755976 1.66087860 78.23948751 -2.38059717 
0.00757576 23.36223125 1.56092574 77.01378461 -2.34033265 
0.01262626 21.92475777 1.46381492 75.78705741 -2.29926133 
0.01767677 20.55483291 1.36975842 74.56143018 -2.25557703 
0.02272727 19.25173427 1.27891313 73.33759754 -2.20824783 
0.02777778 18.01449897 1.19152505 72.11695541 -2.15854476 
0.03282828 16.84198068 1.10778132 70.90100058 -2.10677619 
0.03787879 15.73282508 1.02779692 69.69110495 -2.05292678 
0.04292929 14.68548437 0.95165034 68.48858771 -1.99715833 
0.04797980 13.69825096 0.87939217 67.29478748 -1.93973411 
0.05303030 12.76928090 0.81103897 66.11103276 -1.88086392 
0.05808081 11.89661260 0.74657494 64.93862133 -1.82073125 
0.06313131 11.07818737 0.68595692 63.77882296 -1.75952807 
0.06818182 10.31187051 0.62911774 62.63288011 -1.69744771 
0.07323232 9.59547104 0.57596853 61.50200399 -1.63467373 
0.07828283 8.92676047 0.52640161 60.38737128 -1.57138055 
0.08333333 8.30349081 0.48029329 59.29012408 -1.50773393 
0.08838384 7.72341164 0.43750676 58.21137022 -1.44388939 
0.09343434 7.18428616 0.39789456 57.15218540 -1.37998987 
0.09848485 6.68390580 0.36130131 56.11361612 -1.31616511 
0.10353535 6.22010366 0.32756600 55.09668464 -1.25253070 
0.10858586 5.79076618 0.29652453 54.10239437 -1.18918819 
0.11363636 5.39384335 0.26801171 53.13173634 -1.12622508 
0.11868687 5.02735681 0.24186342 52.18569508 -1.06371596 
0.12373737 4.68940641 0.21791825 51.26525432 -1.00172365 
0.12878788 4.37817463 0.19601908 50.37140075 -0.94030096 
0.13383838 4.09192964 0.17601422 49.50512631 -0.87949225 
0.13888889 3.82902654 0.15775836 48.66742779 -0.81933515 
0.14393939 3.58790760 0.14111311 47.85930403 -0.75986166 
0.14898990 3.36710141 0.12594738 47.08175077 -0.70109919 
0.15404040 3.16522150 0.11213743 46.33575319 -0.64307073 
0.15909091 2.98096436 0.09956682 45.62227737 -0.58579487 
0.16414141 2.81310753 0.08812615 44.94226024 -0.52928510 
0.16919192 2.66050747 0.07771279 44.29660045 -0.47354907 
0.17424242 2.52209766 0.06823047 43.68614875 -0.41858748 
0.17929293 2.39688668 0.05958896 43.11170100 -0.36439307 
0.18434344 2.28395657 0.05170364 42.57399151 -0.31094969 
0.18939394 2.18246116 0.04449519 42.07368997 -0.25823155 
0.19444445 2.09162452 0.03788923 41.61139870 -0.20620286 
0.19949495 2.01073938 0.03181594 41.18765374 -0.15481763 
0.20454546 1.93916559 0.02620984 40.80292547 -0.10401997 
0.20959596 1.87632842 0.02100934 40.45762273 -0.05374448 
0.21464647 1.82171698 0.01615650 40.15209539 -0.00391706 
0.21969697 1.77488249 0.01159661 39.88663988 0.04554433 
0.22474748 1.73543661 0.00727788 39.66150206 0.09472854 
0.22979798 1.70304985 0.00315098 39.47688287 0.14373033 
0.23484849 1.67745010 -0.00083131 39.33294037 0.19264916 
0.23989900 1.65842122 -0.00471460 39.22979453 0.24158823 
0.24494950 1.64580200 -0.00854325 39.16752801 0.29065337 
0.25000001 1.63948518 -0.01236093 39.14618965 0.33995206 
0.25505051 1.63941694 -0.01621102 39.16579380 0.38959238 
0.26010102 1.64559646 -0.02013714 39.22632249 0.43968214 
0.26515152 1.65807603 -0.02418356 39.32772323 0.49032772 
0.27020203 1.67696127 -0.02839579 39.46990985 0.54163327 
0.27525253 1.70241177 -0.03282098 39.65275881 0.59369954 
0.28030304 1.73464191 -0.03750845 39.87610876 0.64662292 
0.28535355 1.77392206 -0.04251010 40.13975536 0.70049435 
0.29040405 1.82057979 -0.04788092 40.44344979 0.75539827 
0.29545456 1.87500146 -0.05367941 40.78689247 0.81141155 
0.30050506 1.93763373 -0.05996800 41.16973107 0.86860254 
0.30555557 2.00898525 -0.06681343 41.59155399 0.92703015 
0.31060607 2.08962832 -0.07428719 42.05188896 0.98674320 
0.31565658 2.18020056 -0.08246581 42.55019768 1.04777992 
0.32070708 2.28140650 -0.09143129 43.08587664 1.11016772 
0.32575759 2.39401915 -0.10127137 43.65825449 1.17392339 
0.33080809 2.51888157 -0.11207998 44.26659653 1.23905344 
0.33585860 2.65690842 -0.12395753 44.91010587 1.30555491 
0.34090910 2.80908756 -0.13701136 45.58793218 1.37341624 
0.34595961 2.97648176 -0.15135606 46.29917647 1.44261838 
0.35101011 3.16023051 -0.16711402 47.04290301 1.51313577 
0.35606062 3.36155203 -0.18441561 47.81814601 1.58493731 
0.36111112 3.58174519 -0.20339979 48.62392230 1.65798681 
0.36616163 3.82219167 -0.22421408 49.45923699 1.73224325 
0.37121213 4.08435768 -0.24701497 50.32309399 1.80766036 
0.37626264 4.36979552 -0.27196761 51.21449793 1.88418586 
0.38131314 4.68014434 -0.29924568 52.13246032 1.96176014 
0.38636365 5.01713002 -0.32903065 53.07599646 2.04031479 
0.39141415 5.38256384 -0.36151103 54.04412674 2.11977077 
0.39646466 5.77833962 -0.39688095 55.03586926 2.20003703 
0.40151516 6.20642920 -0.43533876 56.05023777 2.28100898 
0.40656567 6.66887611 -0.47708500 57.08623213 2.36256782 
0.41161617 7.16778742 -0.52232047 58.14283554 2.44458005 
0.41666668 7.70532372 -0.57124364 59.21900543 2.52689788 
0.42171718 8.28368746 -0.62404831 60.31367223 2.60935977 
0.42676769 8.90510971 -0.68092077 61.42573272 2.69179174 
0.43181819 9.57183553 -0.74203712 62.55405135 2.77400863 
0.43686869 10.28610808 -0.80756020 63.69745663 2.85581572 
0.44191920 11.05015171 -0.87763673 64.85474503 2.93701017 
0.44696970 11.86615399 -0.95239405 66.02467983 3.01738258 
0.45202021 12.73624694 -1.03193707 67.20599668 3.09671823 
0.45707071 13.66248744 -1.11634490 68.39740404 3.17479843 
0.46212122 14.64683696 -1.20566765 69.59758941 3.25140150 
0.46717172 15.69114069 -1.29992306 70.80522043 3.32630382 
0.47222223 16.79710620 -1.39909334 72.01895103 3.39928076 
0.47727273 17.96628168 -1.50312184 73.23742267 3.47010745 
0.48232324 19.20003404 -1.61191015 74.45926991 3.53855970 
0.48737374 20.49952687 -1.72531512 75.68312157 3.60441467 
0.49242424 21.86569860 -1.84314633 76.90760556 3.66745178 
0.49747475 23.29924098 -1.96516371 78.13134989 3.72745332 
0.50252525 24.80057807 -2.09107562 79.35298675 3.78420536 
0.50757576 26.36984605 -2.22053735 80.57115338 3.83749838 
0.51262626 28.00687399 -2.35314997 81.78449544 3.88712816 
0.51767676 29.71116587 -2.48845988 82.99166782 3.93289631 
0.52272727 31.48188402 -2.62595870 84.19133736 3.97461125 
0.52777777 33.31783419 -2.76508395 85.38218366 4.01208862 
0.53282828 35.21745261 -2.90522020 86.56290122 4.04515228 
0.53787878 37.17879492 -3.04570095 87.73220017 4.07363459 
0.54292929 39.19952750 -3.18581106 88.88880802 4.09737741 
0.54797979 41.27692110 -3.32479000 90.03147032 4.11623232 
0.55303030 43.40784705 -3.46183556 91.15895201 4.13006152 
0.55808080 45.58877613 -3.59610836 92.27003803 4.13873796 
0.56313131 47.81578016 -3.72673688 93.36353440 4.14214625 
0.56818181 50.08453658 -3.85282324 94.43826873 4.14018265 
0.57323231 52.39033577 -3.97344936 95.49309117 4.13275591 
0.57828282 54.72809161 -4.08768386 96.52687480 4.11978721 
0.58333332 57.09235482 -4.19458937 97.53851656 4.10121097 
0.58838383 59.47732966 -4.29323038 98.52693765 4.07697471 
0.59343433 61.87689347 -4.38268147 99.49108457 4.04703981 
0.59848484 64.28461970 -4.46203602 100.42992952 4.01138137 
0.60353534 66.69380377 -4.53041527 101.34247189 3.96998896 
0.60858585 69.09749267 -4.58697771 102.22773878 3.92286649 
0.61363635 71.48851740 -4.63092888 103.08478717 3.87003299 
0.61868686 73.85952936 -4.66153136 103.91270485 3.81152252 
0.62373736 76.20303993 -4.67811523 104.71061365 3.74738506 
0.62878787 78.51146411 -4.68008865 105.47767108 3.67768653 
0.63383837 80.77716789 -4.66694893 106.21307509 3.60250983 
0.63888888 82.99252010 -4.63829375 106.91606700 3.52195503 
0.64393938 85.14994851 -4.59383291 107.58593835 3.43614058 
0.64898989 87.24200115 -4.53340015 108.22203580 3.34520376 
0.65404039 89.26141248 -4.45696567 108.82377087 3.24930214 
0.65909090 91.20117579 -4.36464862 109.39062768 3.14861428 
0.66414140 93.05462116 -4.25673024 109.92217656 3.04334145 
0.66919191 94.81550056 -4.13366697 110.41808571 2.93370871 
0.67424241 96.47807945 -3.99610396 110.87813985 2.81996703 
0.67929292 98.03723610 -3.84488815 111.30225698 2.70239516 
0.68434342 99.48856781 -3.68108121 111.69051343 2.58130340 
0.68939393 100.82850456 -3.50597097 112.04316719 2.45703979 
0.69444443 102.05442808 -3.32108078 112.36069068 2.33000542 
0.69949494 103.16479451 -3.12817372 112.64380066 2.20068925 
0.70454544 104.15925440 -2.92924729 112.89349126 2.06974072 
0.70959595 105.03876136 -2.72650777 113.11104329 1.93808711 
0.71464645 105.80565267 -2.52230779 113.29799615 1.80705926 
0.71969696 106.46367818 -2.31902510 113.45604734 1.67841122 
0.72474747 107.01793917 -2.11887147 113.58690183 1.55409051 
0.72979797 107.47468574 -1.92364991 113.69211628 1.43573286 
0.73484848 107.84092251 -1.73451962 113.77301473 1.32409037 
0.73989898 108.12382234 -1.55183960 113.83066872 1.21871078 
0.74494949 108.33003961 -1.37513230 113.86589762 1.11801980 
0.74999999 108.46507794 -1.20315920 113.87922952 1.01967899 
0.75505050 108.53283261 -1.03407809 113.87084800 0.92099366 
0.76010100 108.53533119 -0.86565399 113.84056171 0.81926922 
0.76515151 108.47262535 -0.69550304 113.78783414 0.71216787 
0.77020202 108.34278689 -0.52134793 113.71183718 0.59811757 
0.77525252 108.14200723 -0.34126414 113.61149080 0.47667044 
0.78030303 107.86484741 -0.15389619 113.48546374 0.34858423 
0.78535353 107.50468683 0.04137502 113.33219218 0.21549986 
0.79040404 107.05435086 0.24434223 113.14996365 0.07936861 
0.79545454 106.50679899 0.45399194 112.93707177 -0.05805186 
0.80050505 105.85571841 0.66864727 112.69196815 -0.19542603 
0.80555555 105.09592807 0.88619506 112.41336255 -0.33182034 
0.81060606 104.22359090 1.10432583 112.10025227 -0.46657806 
0.81565657 103.23628186 1.32072553 111.75191179 -0.59920221 
0.82070707 102.13296391 1.53319924 111.36786073 -0.72928320 
0.82575758 100.91390960 1.73973641 110.94783284 -0.85646380 
0.83080808 99.58059390 1.93853942 110.49174434 -0.98042402 
0.83585859 98.13557430 2.12803145 109.99966954 -1.10087464 
0.84090909 96.58236838 2.30685474 109.47181685 -1.21755375 
0.84595960 94.92533424 2.47386332 108.90851116 -1.33022460 
0.85101010 93.16955677 2.62811379 108.31017596 -1.43867378 
0.85606061 91.32074068 2.76885415 107.67732108 -1.54270985 
0.86111111 89.38511108 2.89551260 107.01052966 -1.64216198 
0.86616162 87.36932111 3.00768553 106.31044993 -1.73687889 
0.87121212 85.28036669 3.10512605 105.57778587 -1.82672780 
0.87626263 83.12550785 3.18773207 104.81329208 -1.91159359 
0.88131313 80.91219616 3.25553523 104.01776707 -1.99137801 
0.88636364 78.64800792 3.30868937 103.19205029 -2.06599912 
0.89141414 76.34058264 3.34745996 102.33701733 -2.13539062 
0.89646465 73.99756639 3.37221315 101.45357847 -2.19950154 
0.90151515 71.62655969 3.38340560 100.54267510 -2.25829566 
0.90656566 69.23506967 3.38157411 99.60527928 -2.31175128 
0.91161616 66.83046622 3.36732591 98.64239098 -2.35986087 
0.91666667 64.41994183 3.34132872 97.65503823 -2.40263095 
0.92171717 62.01047514 3.30430160 96.64427501 -2.44008129 
0.92676768 59.60879793 3.25700544 95.61118132 -2.47224472 
0.93181818 57.22136536 3.20023429 94.55686134 -2.49916788 
0.93686869 54.85432965 3.13480656 93.48244444 -2.52091141 
0.94191919 52.51351688 3.06155701 92.38908389 -2.53754510 
0.94696970 50.20440720 2.98132834 91.27795465 -2.54914650 
0.95202020 47.93211780 2.89496360 90.15025057 -2.55581612 
0.95707071 45.70138881 2.80329963 89.00719328 -2.55767883 
0.96212121 43.51657292 2.70716145 87.85003347 -2.55484509 
0.96717172 41.38162950 2.60735361 86.68002944 -2.54731603 
0.97222222 39.30011815 2.50465049 85.49838736 -2.53557087 
0.97727273 37.27519344 2.39980073 84.30668079 -2.51893052 
0.98148148 35.30961253 2.29353008 83.30562212 -2.50283283 
0.98484849 33.40572974 2.18649674 82.50188641 -2.48799952 
0.98821549 31.56551299 2.07937930 81.69486322 -2.46993489 
0.99158249 29.79057376 1.97267270 80.88480029 -2.45034638 
0.99494950 28.08202595 1.86704200 80.07212351 -2.43093224 
0.99831650 26.44082592 1.76308367 79.25833132 -2.41105577 
