0.00252493 21.29228105 8.10437789 62.35012730 -33.43016608 
0.00757546 21.16166165 8.08830282 62.43564734 -33.10811376 
0.01262584 21.02249996 8.06230639 62.51107207 -32.81905769 
0.01767627 20.87466418 8.02628266 62.61574168 -32.51087347 
0.02272647 20.71805827 7.98014088 62.74289135 -32.16128262 
0.02777692 20.55262481 7.92380810 62.88215965 -31.78611607 
0.03282718 20.37834774 7.85723196 63.03516892 -31.39107295 
0.03787763 20.19525532 7.78038359 63.20420132 -30.97253291 
0.04292789 20.00342306 7.69326056 63.38840103 -30.52856664 
0.04797835 19.80297667 7.59588993 63.58637944 -30.06094890 
0.05302863 19.59409492 7.48833125 63.79785495 -29.56941599 
0.05807909 19.37701248 7.37067950 64.02215373 -29.05468868 
0.06312939 19.15202245 7.24306798 64.25877067 -28.51564285 
0.06817985 18.91947878 7.10567102 64.50660135 -27.95380355 
0.07323018 18.67979829 6.95870641 64.76518167 -27.36783568 
0.07828065 18.43346228 6.80243770 65.03330710 -26.75965123 
0.08333100 18.18101772 6.63717604 65.31051600 -26.12749475 
0.08838148 17.92307773 6.46328174 65.59544478 -25.47381701 
0.09343186 17.66032153 6.28116531 65.88766711 -24.79646227 
0.09848234 17.39349355 6.09128813 66.18570126 -24.09838050 
0.10353276 17.12340172 5.89416243 66.48915073 -23.37698148 
0.10858325 16.85091494 5.69035076 66.79642262 -22.63569113 
0.11363371 16.57695950 5.48046484 67.10713309 -21.87148066 
0.11868420 16.30251466 5.26516355 67.41958195 -21.08819413 
0.12373469 16.02860717 5.04515033 67.73335880 -20.28237584 
0.12878520 15.75630491 4.82116957 68.04664470 -19.45821687 
0.13383572 15.48670958 4.59400221 68.35894268 -18.61187649 
0.13888623 15.22094864 4.36446017 68.66828579 -17.74782445 
0.14393675 14.96016646 4.13337979 68.97400828 -16.86191763 
0.14898727 14.70551499 3.90161381 69.27394408 -15.95890766 
0.15403787 14.45814383 3.67002213 69.56716110 -15.03447497 
0.15908839 14.21919006 3.43946072 69.85121349 -14.09377859 
0.16413903 13.98976771 3.21076893 70.12477331 -13.13277355 
0.16918956 13.77095680 2.98475469 70.38504843 -12.15729405 
0.17424023 13.56379197 2.76217774 70.63020247 -11.16437384 
0.17929077 13.36924996 2.54373068 70.85706476 -10.16128329 
0.18434148 13.18823545 2.33001822 71.06329098 -9.14743381 
0.18939202 13.02156406 2.12153484 71.24547875 -8.13283480 
0.19444276 12.86994087 1.91864199 71.40107320 -7.12106001 
0.19949331 12.73393231 1.72154608 71.52700713 -6.12643891 
0.20454407 12.61392907 1.53027960 71.62139706 -5.15833542 
0.20959463 12.51009700 1.34468812 71.68279665 -4.23605771 
0.21464541 12.42231449 1.16442662 71.71169521 -3.37424160 
0.21969597 12.35009849 0.98896760 71.71028181 -2.59394907 
0.22474677 12.29253293 0.81762109 71.68343968 -1.90856553 
0.22979734 12.24823888 0.64956588 71.63830648 -1.32996274 
0.23484815 12.21545850 0.48390248 71.58382846 -0.85639329 
0.23989872 12.19230720 0.31975414 71.52920447 -0.47689373 
0.24494953 12.17711889 0.15640570 71.48225220 -0.16696478 
0.25000010 12.16870161 -0.00661049 71.44816823 0.10525631 
0.25505092 12.16642310 -0.16954848 71.42882620 0.37613508 
0.26010149 12.17020429 -0.33257069 71.42270669 0.68295289 
0.26515230 12.18051415 -0.49589859 71.42496723 1.05748612 
0.27020287 12.19837961 -0.65994799 71.42803695 1.52587710 
0.27525367 12.22533565 -0.82539293 71.42288881 2.09966169 
0.28030423 12.26321849 -0.99310761 71.40055252 2.78224173 
0.28535502 12.31383020 -1.16402578 71.35383282 3.56199635 
0.29040558 12.37864832 -1.33901962 71.27770527 4.42639818 
0.29545634 12.45869880 -1.51883396 71.16991611 5.35396437 
0.30050689 12.55456321 -1.70405132 71.02989964 6.33033815 
0.30555763 12.66644473 -1.89507027 70.85912092 7.33548200 
0.31060818 12.79424413 -2.09209546 70.65945847 8.36016079 
0.31565889 12.93762612 -2.29513950 70.43405901 9.38929063 
0.32070943 13.09607198 -2.50403470 70.18549965 10.41947035 
0.32576011 13.26891954 -2.71845137 69.91728929 11.44001284 
0.33081065 13.45539300 -2.93791975 69.63178882 12.45175747 
0.33586129 13.65462563 -3.16185305 69.33228239 13.44684425 
0.34091182 13.86567726 -3.38957030 69.02060165 14.42854829 
0.34596247 14.08754864 -3.62031768 68.69965013 15.39050472 
0.35101299 14.31919380 -3.85328813 68.37072433 16.33712791 
0.35606355 14.55953115 -4.08763873 68.03639145 17.26269990 
0.36111406 14.80745408 -4.32250611 67.69750685 18.17200129 
0.36616459 15.06184108 -4.55701971 67.35637486 19.05967658 
0.37121509 15.32156566 -4.79031330 67.01355456 19.93036761 
0.37626558 15.58550584 -5.02153476 66.67114965 20.77902729 
0.38131607 15.85255339 -5.24985443 66.32953645 21.60994930 
0.38636652 16.12162244 -5.47447210 65.99066597 22.41842692 
0.39141701 16.39165747 -5.69462284 65.65482005 23.20831248 
0.39646742 16.66164062 -5.90958178 65.32382408 23.97530803 
0.40151790 16.93059811 -6.11866793 64.99793029 24.72278746 
0.40656828 17.19760577 -6.32124712 64.67884849 25.44692933 
0.41161876 17.46179370 -6.51673419 64.36684430 26.15062323 
0.41666910 17.72234996 -6.70459439 64.06350870 26.83057603 
0.42171957 17.97852339 -6.88434420 63.76914324 27.48920758 
0.42676989 18.22962549 -7.05555141 63.48520669 28.12378267 
0.43182036 18.47503161 -7.21783478 63.21204062 28.73627960 
0.43687065 18.71418128 -7.37086305 62.95095145 29.32452452 
0.44192111 18.94657793 -7.51435366 62.70230909 29.89008922 
0.44697138 19.17178803 -7.64807092 62.46724450 30.43133510 
0.45202184 19.38943969 -7.77182391 62.24613229 30.94946225 
0.45707209 19.59922089 -7.88546410 62.03990568 31.44330866 
0.46212254 19.80087731 -7.98888273 61.84891260 31.91373101 
0.46717278 19.99420993 -8.08200795 61.67387080 32.35995168 
0.47222323 20.17907250 -8.16480195 61.51506692 32.78250148 
0.47727345 20.35536876 -8.23725791 61.37299338 33.18086348 
0.48232390 20.52304968 -8.29939697 61.24784197 33.55524892 
0.48737412 20.68211068 -8.35126526 61.13988049 33.90525277 
0.49242456 20.83258881 -8.39293088 61.04917751 34.23076622 
0.49747478 20.97456005 -8.42448109 60.97578952 34.53133446 
0.50252522 21.10813667 -8.44601961 60.91964197 34.80653198 
0.50757544 21.23346465 -8.45766402 60.88060666 35.05569783 
0.51262588 21.35072125 -8.45954345 60.85845647 35.27811307 
0.51767610 21.46011266 -8.45179639 60.85291715 35.47278195 
0.52272655 21.56187175 -8.43456877 60.86360952 35.63875281 
0.52777678 21.65625590 -8.40801224 60.89015983 35.77461399 
0.53282723 21.74354479 -8.37228275 60.93204416 35.87929070 
0.53787747 21.82403830 -8.32753922 60.98883748 35.95093111 
0.54292792 21.89805422 -8.27394261 61.05988049 35.98849335 
0.54797818 21.96592581 -8.21165503 61.14474009 35.98971212 
0.55302863 22.02799913 -8.14083922 61.24262885 35.95376400 
0.55807891 22.08463003 -8.06165808 61.35313898 35.87802948 
0.56312937 22.13618062 -7.97427453 61.47535833 35.76209350 
0.56817967 22.18301542 -7.87885146 61.60892613 35.60305232 
0.57323013 22.22549698 -7.77555205 61.75280597 35.40106929 
0.57828046 22.26398136 -7.66454008 61.90669492 35.15302040 
0.58333093 22.29881356 -7.54598066 62.06943239 34.85978096 
0.58838129 22.33032331 -7.42004081 62.24077540 34.51805648 
0.59343176 22.35882150 -7.28689023 62.41944181 34.12952333 
0.59848215 22.38459759 -7.14670187 62.60524433 33.69075220 
0.60353263 22.40791799 -6.99965232 62.79678670 33.20426422 
0.60858305 22.42902557 -6.84592201 62.99392884 32.66652170 
0.61363354 22.44814005 -6.68569515 63.19517401 32.08089169 
0.61868400 22.46545913 -6.51915948 63.40041801 31.44375237 
0.62373450 22.48116011 -6.34650589 63.60808384 30.75928020 
0.62878499 22.49540171 -6.16792806 63.81809042 30.02379692 
0.63383550 22.50832606 -5.98362201 64.02880660 29.24222358 
0.63888598 22.52006057 -5.79378578 64.24016092 28.41085228 
0.64393649 22.53071977 -5.59861915 64.45049706 27.53528675 
0.64898706 22.54040690 -5.39832344 64.65975183 26.61177442 
0.65403758 22.54921532 -5.19310144 64.86626708 25.64652159 
0.65908818 22.55722976 -4.98315738 65.06997329 24.63583458 
0.66413871 22.56452739 -4.76869696 65.26925878 23.58632482 
0.66918935 22.57117869 -4.54992749 65.46403276 22.49446500 
0.67423989 22.57724818 -4.32705796 65.65276827 21.36711327 
0.67929057 22.58279507 -4.10029923 65.83534750 20.20100612 
0.68434111 22.58787371 -3.86986416 66.01036301 19.00308419 
0.68939182 22.59253406 -3.63596776 66.17766897 17.77045385 
0.69444237 22.59682194 -3.39882733 66.33600801 16.50997017 
0.69949311 22.60077933 -3.15866255 66.48521035 15.21921990 
0.70454366 22.60444456 -2.91569555 66.62419330 13.90480654 
0.70959442 22.60785245 -2.67015096 66.75277252 12.56490619 
0.71464498 22.61103442 -2.42225590 66.87005736 11.20571278 
0.71969577 22.61401860 -2.17223992 66.97586349 9.82609292 
0.72474633 22.61682983 -1.92033495 67.06950138 8.43168704 
0.72979713 22.61948973 -1.66677514 67.15080594 7.02213911 
0.73484770 22.62201672 -1.41179672 67.21928926 5.60241184 
0.73989851 22.62442601 -1.15563777 67.27482829 4.17299316 
0.74494908 22.62672963 -0.89853800 67.31712888 2.73806837 
0.74999990 22.62893638 -0.64073847 67.34613489 1.29901075 
0.75505047 22.63105188 -0.38248133 67.36173058 -0.14084334 
0.76010128 22.63307852 -0.12400948 67.36395203 -1.57922280 
0.76515185 22.63501549 0.13443375 67.35284026 -3.01368138 
0.77020266 22.63685876 0.39260489 67.32854742 -4.44106872 
0.77525323 22.63860106 0.65026072 67.29124515 -5.85983880 
0.78030403 22.64023191 0.90715853 67.24122214 -7.26601216 
0.78535459 22.64173762 1.16305645 67.17875198 -8.65892321 
0.79040537 22.64310126 1.41771378 67.10427536 -10.03384377 
0.79545593 22.64430268 1.67089118 67.01813854 -11.39094165 
0.80050669 22.64531848 1.92235097 66.92094340 -12.72484787 
0.80555724 22.64612202 2.17185731 66.81308095 -14.03649344 
0.81060798 22.64668334 2.41917638 66.69531615 -15.31999977 
0.81565852 22.64696918 2.66407649 66.56805989 -16.57697305 
0.82070923 22.64694282 2.90632819 66.43223457 -17.80117448 
0.82575977 22.64656408 3.14570432 66.28825035 -18.99478537 
0.83081044 22.64578909 3.38198000 66.13717409 -20.15136837 
0.83586097 22.64457018 3.61493263 65.97939966 -21.27357445 
0.84091161 22.64285562 3.84434182 65.81611908 -22.35493443 
0.84596213 22.64058931 4.06998929 65.64769870 -23.39846794 
0.85101278 22.63771047 4.29165881 65.47543303 -24.39783096 
0.85606330 22.63415312 4.50913602 65.29965262 -25.35634356 
0.86111385 22.62984555 4.72220838 65.12173170 -26.26788839 
0.86616436 22.62470965 4.93066501 64.94196309 -27.13602424 
0.87121488 22.61866007 5.13429666 64.76176220 -27.95506914 
0.87626538 22.61160326 5.33289565 64.58139842 -28.72866375 
0.88131587 22.60343633 5.52625592 64.40229368 -29.45172771 
0.88636636 22.59404568 5.71417310 64.22470263 -30.12791629 
0.89141681 22.58330557 5.89644472 64.05002378 -30.75286160 
0.89646729 22.57107632 6.07287047 63.87850786 -31.33018516 
0.90151770 22.55720254 6.24325258 63.71150373 -31.85631329 
0.90656818 22.54151119 6.40739624 63.54927040 -32.33479584 
0.91161856 22.52380967 6.56511003 63.39308453 -32.76290217 
0.91666904 22.50388413 6.71620639 63.24322479 -33.14408087 
0.92171938 22.48149811 6.86050194 63.10088227 -33.47645421 
0.92676985 22.45639181 6.99781766 62.96636802 -33.76333081 
0.93182017 22.42828216 7.12797885 62.84076574 -34.00365521 
0.93687063 22.39686393 7.25081482 62.72441708 -34.20058400 
0.94192093 22.36181179 7.36615839 62.61833262 -34.35379665 
0.94697139 22.32278348 7.47384519 62.52292252 -34.46614630 
0.95202166 22.27942366 7.57371296 62.43896364 -34.53796159 
0.95707212 22.23136828 7.66560077 62.36679875 -34.57208025 
0.96212237 22.17824914 7.74934853 62.30750905 -34.56928567 
0.96717283 22.11969821 7.82479660 62.26203213 -34.53056726 
0.97222308 22.05535179 7.89178561 62.22905864 -34.45875706 
0.97727354 21.98485411 7.95015658 62.20987789 -34.35352852 
0.98148186 21.90786058 7.99975103 62.20129066 -34.26840725 
0.98484910 21.82404078 8.04041174 62.21123331 -34.15479778 
0.98821579 21.73308092 8.07198304 62.22942228 -34.02877332 
0.99158271 21.63468632 8.09431191 62.24805092 -33.88620383 
0.99494990 21.52858364 8.10724906 62.25631936 -33.75329249 
0.99831674 21.41452316 8.11065024 62.26993943 -33.62464079 
