   2.5000000e-03   1.7626455e+01   6.8673171e-01   1.6784918e+01   1.7093669e+01  -1.2990083e+01
   7.5000000e-03   1.7061596e+01   6.4258987e-01   1.6244935e+01   1.7053395e+01  -1.2450481e+01
   1.2500000e-02   1.6532175e+01   6.0203336e-01   1.5738203e+01   1.7014413e+01  -1.1930931e+01
   1.7500000e-02   1.6035348e+01   5.6468376e-01   1.5262096e+01   1.6976528e+01  -1.1430667e+01
   2.2500000e-02   1.5568570e+01   5.3020749e-01   1.4814260e+01   1.6939580e+01  -1.0948949e+01
   2.7500000e-02   1.5129555e+01   4.9831040e-01   1.4392584e+01   1.6903440e+01  -1.0485061e+01
   3.2500000e-02   1.4716251e+01   4.6873291e-01   1.3995170e+01   1.6868002e+01  -1.0038309e+01
   3.7500000e-02   1.4326808e+01   4.4124582e-01   1.3620306e+01   1.6833190e+01  -9.6080215e+00
   4.2500000e-02   1.3959557e+01   4.1564656e-01   1.3266448e+01   1.6798944e+01  -9.1935481e+00
   4.7500000e-02   1.3612990e+01   3.9175584e-01   1.2932198e+01   1.6765229e+01  -8.7942613e+00
   5.2500000e-02   1.3285740e+01   3.6941481e-01   1.2616288e+01   1.6732022e+01  -8.4095549e+00
   5.7500000e-02   1.2976563e+01   3.4848247e-01   1.2317564e+01   1.6699316e+01  -8.0388438e+00
   6.2500000e-02   1.2684332e+01   3.2883345e-01   1.2034975e+01   1.6667116e+01  -7.6815638e+00
   6.7500000e-02   1.2408013e+01   3.1035609e-01   1.1767562e+01   1.6635435e+01  -7.3371709e+00
   7.2500000e-02   1.2146666e+01   2.9295067e-01   1.1514445e+01   1.6604294e+01  -7.0051405e+00
   7.7500000e-02   1.1899426e+01   2.7652797e-01   1.1274819e+01   1.6573719e+01  -6.6849667e+00
   8.2500000e-02   1.1665503e+01   2.6100795e-01   1.1047943e+01   1.6543740e+01  -6.3761613e+00
   8.7500000e-02   1.1444167e+01   2.4631861e-01   1.0833135e+01   1.6514391e+01  -6.0782528e+00
   9.2500000e-02   1.1234747e+01   2.3239500e-01   1.0629766e+01   1.6485705e+01  -5.7907856e+00
   9.7500000e-02   1.1036625e+01   2.1917840e-01   1.0437253e+01   1.6457716e+01  -5.5133186e+00
   1.0250000e-01   1.0849229e+01   2.0661548e-01   1.0255060e+01   1.6430458e+01  -5.2454242e+00
   1.0750000e-01   1.0672029e+01   1.9465773e-01   1.0082687e+01   1.6403963e+01  -4.9866877e+00
   1.1250000e-01   1.0504534e+01   1.8326086e-01   9.9196712e+00   1.6378262e+01  -4.7367062e+00
   1.1750000e-01   1.0346290e+01   1.7238428e-01   9.7655838e+00   1.6353381e+01  -4.4950874e+00
   1.2250000e-01   1.0196874e+01   1.6199071e-01   9.6200252e+00   1.6329347e+01  -4.2614493e+00
   1.2750000e-01   1.0055894e+01   1.5204575e-01   9.4826239e+00   1.6306182e+01  -4.0354191e+00
   1.3250000e-01   9.9229856e+00   1.4251760e-01   9.3530345e+00   1.6283904e+01  -3.8166326e+00
   1.3750000e-01   9.7978091e+00   1.3337674e-01   9.2309355e+00   1.6262530e+01  -3.6047338e+00
   1.4250000e-01   9.6800496e+00   1.2459567e-01   9.1160275e+00   1.6242074e+01  -3.3993742e+00
   1.4750000e-01   9.5694142e+00   1.1614872e-01   9.0080323e+00   1.6222546e+01  -3.2002126e+00
   1.5250000e-01   9.4656305e+00   1.0801183e-01   8.9066909e+00   1.6203953e+01  -3.0069141e+00
   1.5750000e-01   9.3684457e+00   1.0016238e-01   8.8117627e+00   1.6186301e+01  -2.8191504e+00
   1.6250000e-01   9.2776254e+00   9.2579042e-02   8.7230244e+00   1.6169593e+01  -2.6365992e+00
   1.6750000e-01   9.1929522e+00   8.5241664e-02   8.6402690e+00   1.6153828e+01  -2.4589439e+00
   1.7250000e-01   9.1142254e+00   7.8131119e-02   8.5633049e+00   1.6139007e+01  -2.2858733e+00
   1.7750000e-01   9.0412595e+00   7.1229216e-02   8.4919553e+00   1.6125126e+01  -2.1170814e+00
   1.8250000e-01   8.9738837e+00   6.4518602e-02   8.4260573e+00   1.6112181e+01  -1.9522672e+00
   1.8750000e-01   8.9119416e+00   5.7982676e-02   8.3654613e+00   1.6100167e+01  -1.7911344e+00
   1.9250000e-01   8.8552900e+00   5.1605510e-02   8.3100305e+00   1.6089078e+01  -1.6333911e+00
   1.9750000e-01   8.8037985e+00   4.5371778e-02   8.2596406e+00   1.6078907e+01  -1.4787498e+00
   2.0250000e-01   8.7573496e+00   3.9266688e-02   8.2141790e+00   1.6069647e+01  -1.3269266e+00
   2.0750000e-01   8.7158372e+00   3.3275924e-02   8.1735444e+00   1.6061292e+01  -1.1776416e+00
   2.1250000e-01   8.6791674e+00   2.7385589e-02   8.1376469e+00   1.6053833e+01  -1.0306181e+00
   2.1750000e-01   8.6472570e+00   2.1582149e-02   8.1064071e+00   1.6047265e+01  -8.8558261e-01
   2.2250000e-01   8.6200344e+00   1.5852385e-02   8.0797561e+00   1.6041580e+01  -7.4226429e-01
   2.2750000e-01   8.5974381e+00   1.0183343e-02   8.0576356e+00   1.6036773e+01  -6.0039476e-01
   2.3250000e-01   8.5794176e+00   4.5622891e-03   8.0399969e+00   1.6032838e+01  -4.5970773e-01
   2.3750000e-01   8.5659325e+00  -1.0233365e-03   8.0268015e+00   1.6029772e+01  -3.1993861e-01
   2.4250000e-01   8.5569527e+00  -6.5859631e-03   8.0180205e+00   1.6027569e+01  -1.8082417e-01
   2.4750000e-01   8.5524581e+00  -1.2137932e-02   8.0136348e+00   1.6026228e+01  -4.2102159e-02
   2.5250000e-01   8.5524386e+00  -1.7691538e-02   8.0136348e+00   1.6025746e+01   9.6489115e-02
   2.5750000e-01   8.5568943e+00  -2.3259075e-02   8.0180205e+00   1.6026123e+01   2.3521113e-01
   2.6250000e-01   8.5658350e+00  -2.8852871e-02   8.0268015e+00   1.6027358e+01   3.7432557e-01
   2.6750000e-01   8.5792808e+00  -3.4485338e-02   8.0399969e+00   1.6029453e+01   5.1409468e-01
   2.7250000e-01   8.5972617e+00  -4.0169010e-02   8.0576356e+00   1.6032410e+01   6.5478172e-01
   2.7750000e-01   8.6198180e+00  -4.5916586e-02   8.0797561e+00   1.6036230e+01   7.9665125e-01
   2.8250000e-01   8.6470002e+00  -5.1740976e-02   8.1064071e+00   1.6040919e+01   9.3996957e-01
   2.8750000e-01   8.6788695e+00  -5.7655347e-02   8.1376469e+00   1.6046479e+01   1.0850051e+00
   2.9250000e-01   8.7154976e+00  -6.3673166e-02   8.1735444e+00   1.6052915e+01   1.2320285e+00
   2.9750000e-01   8.7569675e+00  -6.9808256e-02   8.2141790e+00   1.6060232e+01   1.3813135e+00
   3.0250000e-01   8.8033731e+00  -7.6074841e-02   8.2596406e+00   1.6068436e+01   1.5331367e+00
   3.0750000e-01   8.8548202e+00  -8.2487603e-02   8.3100305e+00   1.6077532e+01   1.6877781e+00
   3.1250000e-01   8.9114265e+00  -8.9061743e-02   8.3654613e+00   1.6087524e+01   1.8455214e+00
   3.1750000e-01   8.9733220e+00  -9.5813039e-02   8.4260573e+00   1.6098417e+01   2.0066542e+00
   3.2250000e-01   9.0406499e+00  -1.0275792e-01   8.4919553e+00   1.6110216e+01   2.1714684e+00
   3.2750000e-01   9.1135665e+00  -1.0991352e-01   8.5633049e+00   1.6122923e+01   2.3402603e+00
   3.3250000e-01   9.1922425e+00  -1.1729779e-01   8.6402690e+00   1.6136540e+01   2.5133309e+00
   3.3750000e-01   9.2768631e+00  -1.2492956e-01   8.7230244e+00   1.6151068e+01   2.6909862e+00
   3.4250000e-01   9.3676292e+00  -1.3282866e-01   8.8117627e+00   1.6166507e+01   2.8735374e+00
   3.4750000e-01   9.4647577e+00  -1.4101600e-01   8.9066909e+00   1.6182852e+01   3.0613010e+00
   3.5250000e-01   9.5684830e+00  -1.4951371e-01   9.0080323e+00   1.6200099e+01   3.2545995e+00
   3.5750000e-01   9.6790579e+00  -1.5834529e-01   9.1160276e+00   1.6218241e+01   3.4537612e+00
   3.6250000e-01   9.7967543e+00  -1.6753574e-01   9.2309355e+00   1.6237268e+01   3.6591207e+00
   3.6750000e-01   9.9218651e+00  -1.7711175e-01   9.3530345e+00   1.6257166e+01   3.8710195e+00
   3.7250000e-01   1.0054705e+01  -1.8710191e-01   9.4826239e+00   1.6277920e+01   4.0898060e+00
   3.7750000e-01   1.0195614e+01  -1.9753690e-01   9.6200252e+00   1.6299511e+01   4.3158363e+00
   3.8250000e-01   1.0344955e+01  -2.0844981e-01   9.7655838e+00   1.6321918e+01   4.5494744e+00
   3.8750000e-01   1.0503120e+01  -2.1987637e-01   9.9196712e+00   1.6345115e+01   4.7910932e+00
   3.9250000e-01   1.0670533e+01  -2.3185534e-01   1.0082687e+01   1.6369074e+01   5.0410747e+00
   3.9750000e-01   1.0847647e+01  -2.4442886e-01   1.0255060e+01   1.6393765e+01   5.2998111e+00
   4.0250000e-01   1.1034953e+01  -2.5764294e-01   1.0437253e+01   1.6419156e+01   5.5677055e+00
   4.0750000e-01   1.1232979e+01  -2.7154791e-01   1.0629766e+01   1.6445210e+01   5.8451726e+00
   4.1250000e-01   1.1442298e+01  -2.8619905e-01   1.0833135e+01   1.6471891e+01   6.1326398e+00
   4.1750000e-01   1.1663528e+01  -3.0165725e-01   1.1047943e+01   1.6499163e+01   6.4305482e+00
   4.2250000e-01   1.1897340e+01  -3.1798975e-01   1.1274819e+01   1.6526987e+01   6.7393536e+00
   4.2750000e-01   1.2144460e+01  -3.3527106e-01   1.1514445e+01   1.6555328e+01   7.0595274e+00
   4.3250000e-01   1.2405682e+01  -3.5358395e-01   1.1767562e+01   1.6584153e+01   7.3915579e+00
   4.3750000e-01   1.2681867e+01  -3.7302061e-01   1.2034975e+01   1.6613431e+01   7.7359508e+00
   4.4250000e-01   1.2973957e+01  -3.9368399e-01   1.2317564e+01   1.6643138e+01   8.0932308e+00
   4.4750000e-01   1.3282982e+01  -4.1568931e-01   1.2616288e+01   1.6673256e+01   8.4639419e+00
   4.5250000e-01   1.3610071e+01  -4.3916579e-01   1.2932198e+01   1.6703778e+01   8.8486483e+00
   4.5750000e-01   1.3956465e+01  -4.6425871e-01   1.3266448e+01   1.6734706e+01   9.2479351e+00
   4.6250000e-01   1.4323531e+01  -4.9113161e-01   1.3620306e+01   1.6766059e+01   9.6624085e+00
   4.6750000e-01   1.4712775e+01  -5.1996892e-01   1.3995170e+01   1.6797869e+01   1.0092696e+01
   4.7250000e-01   1.5125866e+01  -5.5097896e-01   1.4392584e+01   1.6830188e+01   1.0539448e+01
   4.7750000e-01   1.5564650e+01  -5.8439724e-01   1.4814260e+01   1.6863092e+01   1.1003336e+01
   4.8250000e-01   1.6031179e+01  -6.2049036e-01   1.5262096e+01   1.6896679e+01   1.1485054e+01
   4.8750000e-01   1.6527736e+01  -6.5956027e-01   1.5738203e+01   1.6931074e+01   1.1985318e+01
   4.9250000e-01   1.7056865e+01  -7.0194926e-01   1.6244935e+01   1.6966434e+01   1.2504868e+01
   4.9750000e-01   1.7621405e+01  -7.4804546e-01   1.6784918e+01   1.7002945e+01   1.3044470e+01
   5.0250000e-01   1.8224534e+01  -7.9828916e-01   1.7361093e+01   1.7040829e+01   1.3604916e+01
   5.0750000e-01   1.8869809e+01  -8.5317990e-01   1.7976752e+01   1.7080340e+01   1.4187032e+01
   5.1250000e-01   1.9561219e+01  -9.1328457e-01   1.8635593e+01   1.7121768e+01   1.4791677e+01
   5.1750000e-01   2.0303245e+01  -9.7924654e-01   1.9341769e+01   1.7165438e+01   1.5419758e+01
   5.2250000e-01   2.1100922e+01  -1.0517961e+00   2.0099954e+01   1.7211704e+01   1.6072233e+01
   5.2750000e-01   2.1959919e+01  -1.1317624e+00   2.0915414e+01   1.7260951e+01   1.6750127e+01
   5.3250000e-01   2.2886617e+01  -1.2200871e+00   2.1794088e+01   1.7313584e+01   1.7454541e+01
   5.3750000e-01   2.3888214e+01  -1.3178396e+00   2.2742680e+01   1.7370027e+01   1.8186671e+01
   5.4250000e-01   2.4972829e+01  -1.4262354e+00   2.3768764e+01   1.7430707e+01   1.8947823e+01
   5.4750000e-01   2.6149632e+01  -1.5466556e+00   2.4880905e+01   1.7496048e+01   1.9739422e+01
   5.5250000e-01   2.7428982e+01  -1.6806698e+00   2.6088793e+01   1.7566454e+01   2.0563031e+01
   5.5750000e-01   2.8822591e+01  -1.8300610e+00   2.7403406e+01   1.7642292e+01   2.1420353e+01
   5.6250000e-01   3.0343706e+01  -1.9968531e+00   2.8837176e+01   1.7723870e+01   2.2313233e+01
   5.6750000e-01   3.2007307e+01  -2.1833389e+00   3.0404201e+01   1.7811409e+01   2.3243648e+01
   5.7250000e-01   3.3830336e+01  -2.3921096e+00   3.2120460e+01   1.7905017e+01   2.4213688e+01
   5.7750000e-01   3.5831940e+01  -2.6260818e+00   3.4004068e+01   1.8004642e+01   2.5225516e+01
   5.8250000e-01   3.8033727e+01  -2.8885193e+00   3.6075550e+01   1.8110027e+01   2.6281314e+01
   5.8750000e-01   4.0460043e+01  -3.1830463e+00   3.8358132e+01   1.8220651e+01   2.7383207e+01
   5.9250000e-01   4.3138229e+01  -3.5136435e+00   4.0878051e+01   1.8335652e+01   2.8533156e+01
   5.9750000e-01   4.6098872e+01  -3.8846182e+00   4.3664860e+01   1.8453738e+01   2.9732821e+01
   6.0250000e-01   4.9375989e+01  -4.3005353e+00   4.6751717e+01   1.8573076e+01   3.0983385e+01
   6.0750000e-01   5.3007127e+01  -4.7660906e+00   5.0175611e+01   1.8691160e+01   3.2285324e+01
   6.1250000e-01   5.7033301e+01  -5.2859031e+00   5.3977496e+01   1.8804656e+01   3.3638128e+01
   6.1750000e-01   6.1498697e+01  -5.8641960e+00   5.8202246e+01   1.8909220e+01   3.5039947e+01
   6.2250000e-01   6.6450035e+01  -6.5043305e+00   6.2898347e+01   1.8999296e+01   3.6487161e+01
   6.2750000e-01   7.1935443e+01  -7.2081525e+00   6.8117196e+01   1.9067902e+01   3.7973858e+01
   6.3250000e-01   7.8002693e+01  -7.9751111e+00   7.3911831e+01   1.9106412e+01   3.9491214e+01
   6.3750000e-01   8.4696610e+01  -8.8011200e+00   8.0334906e+01   1.9104357e+01   4.1026774e+01
   6.4250000e-01   9.2055467e+01  -9.6771546e+00   8.7435650e+01   1.9049291e+01   4.2563631e+01
   6.4750000e-01   1.0010622e+02  -1.0587631e+01   9.5255583e+01   1.8926765e+01   4.4079537e+01
   6.5250000e-01   1.0885854e+02  -1.1508690e+01   1.0382274e+02   1.8720475e+01   4.5545981e+01
   6.5750000e-01   1.1829776e+02  -1.2406648e+01   1.1314435e+02   1.8412682e+01   4.6927311e+01
   6.6250000e-01   1.2837711e+02  -1.3236998e+01   1.2319796e+02   1.7984996e+01   4.8180019e+01
   6.6750000e-01   1.3901019e+02  -1.3944573e+01   1.3392169e+02   1.7419615e+01   4.9252370e+01
   6.7250000e-01   1.5006471e+02  -1.4465548e+01   1.4520451e+02   1.6701066e+01   5.0084562e+01
   6.7750000e-01   1.6135946e+02  -1.4731996e+01   1.5687844e+02   1.5818446e+01   5.0609711e+01
   6.8250000e-01   1.7266629e+02  -1.4679423e+01   1.6871515e+02   1.4767981e+01   5.0755882e+01
   6.8750000e-01   1.8371892e+02  -1.4257080e+01   1.8042997e+02   1.3555601e+01   5.0449374e+01
   6.9250000e-01   1.9422954e+02  -1.3439847e+01   1.9169607e+02   1.2199007e+01   4.9619284e+01
   6.9750000e-01   2.0391289e+02  -1.2239337e+01   2.0217017e+02   1.0728618e+01   4.8203033e+01
   7.0250000e-01   2.1251528e+02  -1.0711012e+01   2.1152861e+02   9.1868243e+00   4.6152218e+01
   7.0750000e-01   2.1984436e+02  -8.9540280e+00   2.1950906e+02   7.6252445e+00   4.3438166e+01
   7.1250000e-01   2.2579423e+02  -7.1017485e+00   2.2594976e+02   6.1002137e+00   4.0056976e+01
   7.1750000e-01   2.3036145e+02  -5.3040264e+00   2.3081605e+02   4.6672480e+00   3.6029093e+01
   7.2250000e-01   2.3364949e+02  -3.7070108e+00   2.3420742e+02   3.3756151e+00   3.1376846e+01
   7.2750000e-01   2.3585438e+02  -2.4331751e+00   2.3634899e+02   2.2642940e+00   2.6101251e+01
   7.3250000e-01   2.3722178e+02  -1.5479612e+00   2.3756792e+02   1.3607863e+00   2.0347695e+01
   7.3750000e-01   2.3799806e+02  -1.0155840e+00   2.3821520e+02   6.8139839e-01   1.4513524e+01
   7.4250000e-01   2.3839860e+02  -7.0991336e-01   2.3854706e+02   2.3287432e-01   8.7684652e+00
   7.4750000e-01   2.3856813e+02  -5.0569506e-01   2.3869052e+02   1.8587914e-02   2.9631373e+00
   7.5250000e-01   2.3856879e+02  -3.2786144e-01   2.3869052e+02   3.9817028e-02  -2.9087511e+00
   7.5750000e-01   2.3840080e+02  -1.2330209e-01   2.3854706e+02   2.9646826e-01  -8.7140727e+00
   7.6250000e-01   2.3800258e+02   1.8308008e-01   2.3821520e+02   7.8708578e-01  -1.4459129e+01
   7.6750000e-01   2.3723023e+02   7.1685571e-01   2.3756791e+02   1.5077608e+00  -2.0293311e+01
   7.7250000e-01   2.3586902e+02   1.6051258e+00   2.3634898e+02   2.4511200e+00  -2.6046873e+01
   7.7750000e-01   2.3367279e+02   2.8850238e+00   2.3420742e+02   3.5996537e+00  -3.1322461e+01
   7.8250000e-01   2.3039555e+02   4.4923193e+00   2.3081605e+02   4.9245257e+00  -3.5974705e+01
   7.8750000e-01   2.2584051e+02   6.3053847e+00   2.2594976e+02   6.3861630e+00  -4.0002589e+01
   7.9250000e-01   2.1990325e+02   8.1784924e+00   2.1950906e+02   7.9350672e+00  -4.3383779e+01
   7.9750000e-01   2.1258621e+02   9.9617527e+00   2.1152861e+02   9.5156180e+00  -4.6097831e+01
   8.0250000e-01   2.0399440e+02   1.1521321e+01   2.0217018e+02   1.1071529e+01  -4.8148646e+01
   8.0750000e-01   1.9431950e+02   1.2757194e+01   1.9169608e+02   1.2551409e+01  -4.9564896e+01
   8.1250000e-01   1.8381480e+02   1.3612828e+01   1.8042998e+02   1.3913247e+01  -5.0394987e+01
   8.1750000e-01   1.7276546e+02   1.4075434e+01   1.6871515e+02   1.5127112e+01  -5.0701494e+01
   8.2250000e-01   1.6145940e+02   1.4168990e+01   1.5687844e+02   1.6175847e+01  -5.0555324e+01
   8.2750000e-01   1.5016320e+02   1.3943230e+01   1.4520451e+02   1.7054083e+01  -5.0030175e+01
   8.3250000e-01   1.3910546e+02   1.3461813e+01   1.3392169e+02   1.7766132e+01  -4.9197983e+01
   8.3750000e-01   1.2846782e+02   1.2792037e+01   1.2319796e+02   1.8323391e+01  -4.8125632e+01
   8.4250000e-01   1.1838300e+02   1.1997293e+01   1.1314435e+02   1.8741764e+01  -4.6872924e+01
   8.4750000e-01   1.0893778e+02   1.1132491e+01   1.0382274e+02   1.9039425e+01  -4.5491595e+01
   8.5250000e-01   1.0017925e+02   1.0242019e+01   9.5255583e+01   1.9235066e+01  -4.4025150e+01
   8.5750000e-01   9.2122310e+01   9.3595566e+00   8.7435650e+01   1.9346671e+01  -4.2509244e+01
   8.6250000e-01   8.4757469e+01   8.5090354e+00   8.0334905e+01   1.9390737e+01  -4.0972387e+01
   8.6750000e-01   7.8057884e+01   7.7061655e+00   7.3911830e+01   1.9381861e+01  -3.9436827e+01
   8.7250000e-01   7.1985352e+01   6.9601299e+00   6.8117195e+01   1.9332598e+01  -3.7919471e+01
   8.7750000e-01   6.6495084e+01   6.2751896e+00   6.2898346e+01   1.9253495e+01  -3.6432774e+01
   8.8250000e-01   6.1539316e+01   5.6520749e+00   5.8202245e+01   1.9153233e+01  -3.4985560e+01
   8.8750000e-01   5.7069910e+01   5.0891164e+00   5.3977495e+01   1.9038828e+01  -3.3583741e+01
   8.9250000e-01   5.3040127e+01   4.5831209e+00   5.0175611e+01   1.8915856e+01  -3.2230937e+01
   8.9750000e-01   4.9405753e+01   4.1300223e+00   4.6751717e+01   1.8788668e+01  -3.0928998e+01
   9.0250000e-01   4.6125743e+01   3.7253458e+00   4.3664860e+01   1.8660598e+01  -2.9678434e+01
   9.0750000e-01   4.3162518e+01   3.3645265e+00   4.0878050e+01   1.8534146e+01  -2.8478769e+01
   9.1250000e-01   4.0482030e+01   3.0431174e+00   3.8358131e+01   1.8411133e+01  -2.7328820e+01
   9.1750000e-01   3.8053663e+01   2.7569167e+00   3.6075550e+01   1.8292838e+01  -2.6226927e+01
   9.2250000e-01   3.5850047e+01   2.5020378e+00   3.4004068e+01   1.8180106e+01  -2.5171129e+01
   9.2750000e-01   3.3846814e+01   2.2749400e+00   3.2120459e+01   1.8073444e+01  -2.4159301e+01
   9.3250000e-01   3.2022331e+01   2.0724332e+00   3.0404201e+01   1.7973091e+01  -2.3189261e+01
   9.3750000e-01   3.0357432e+01   1.8916665e+00   2.8837176e+01   1.7879084e+01  -2.2258846e+01
   9.4250000e-01   2.8835156e+01   1.7301065e+00   2.7403405e+01   1.7791300e+01  -2.1365966e+01
   9.4750000e-01   2.7440507e+01   1.5855113e+00   2.6088793e+01   1.7709502e+01  -2.0508644e+01
   9.5250000e-01   2.6160225e+01   1.4559022e+00   2.4880904e+01   1.7633370e+01  -1.9685035e+01
   9.5750000e-01   2.4982585e+01   1.3395363e+00   2.3768764e+01   1.7562525e+01  -1.8893436e+01
   9.6250000e-01   2.3897216e+01   1.2348792e+00   2.2742680e+01   1.7496552e+01  -1.8132284e+01
   9.6750000e-01   2.2894940e+01   1.1405810e+00   2.1794088e+01   1.7435018e+01  -1.7400154e+01
   9.7250000e-01   2.1967628e+01   1.0554540e+00   2.0915414e+01   1.7377483e+01  -1.6695740e+01
   9.7750000e-01   2.1108077e+01   9.7845330e-01   2.0099953e+01   1.7323519e+01  -1.6017846e+01
   9.8250000e-01   2.0309896e+01   9.0865899e-01   1.9341769e+01   1.7272710e+01  -1.5365371e+01
   9.8750000e-01   1.9567413e+01   8.4526129e-01   1.8635593e+01   1.7224667e+01  -1.4737290e+01
   9.9250000e-01   1.8875586e+01   7.8754710e-01   1.7976752e+01   1.7179026e+01  -1.4132645e+01
   9.9750000e-01   1.8229932e+01   7.3488833e-01   1.7361093e+01   1.7135459e+01  -1.3550529e+01
