   2.5000000e-03   1.7052469e+01   4.7547026e-01   1.6393541e+01   1.6705586e+01  -1.1659966e+01
   7.5000000e-03   1.7037942e+01   4.7767410e-01   1.6346650e+01   1.7170766e+01  -1.1521437e+01
   1.2500000e-02   1.7023428e+01   4.7926893e-01   1.6299418e+01   1.7631826e+01  -1.1370965e+01
   1.7500000e-02   1.7008939e+01   4.8024712e-01   1.6251900e+01   1.8088305e+01  -1.1209299e+01
   2.2500000e-02   1.6994487e+01   4.8060265e-01   1.6204155e+01   1.8539753e+01  -1.1037195e+01
   2.7500000e-02   1.6980087e+01   4.8033110e-01   1.6156240e+01   1.8985737e+01  -1.0855405e+01
   3.2500000e-02   1.6965750e+01   4.7942968e-01   1.6108216e+01   1.9425841e+01  -1.0664675e+01
   3.7500000e-02   1.6951492e+01   4.7789713e-01   1.6060141e+01   1.9859665e+01  -1.0465734e+01
   4.2500000e-02   1.6937325e+01   4.7573375e-01   1.6012075e+01   2.0286827e+01  -1.0259295e+01
   4.7500000e-02   1.6923263e+01   4.7294135e-01   1.5964079e+01   2.0706961e+01  -1.0046042e+01
   5.2500000e-02   1.6909321e+01   4.6952317e-01   1.5916213e+01   2.1119718e+01  -9.8266333e+00
   5.7500000e-02   1.6895513e+01   4.6548385e-01   1.5868540e+01   2.1524770e+01  -9.6016961e+00
   6.2500000e-02   1.6881852e+01   4.6082936e-01   1.5821120e+01   2.1921802e+01  -9.3718232e+00
   6.7500000e-02   1.6868352e+01   4.5556693e-01   1.5774015e+01   2.2310521e+01  -9.1375725e+00
   7.2500000e-02   1.6855030e+01   4.4970497e-01   1.5727286e+01   2.2690651e+01  -8.8994660e+00
   7.7500000e-02   1.6841897e+01   4.4325301e-01   1.5680996e+01   2.3061931e+01  -8.6579894e+00
   8.2500000e-02   1.6828970e+01   4.3622163e-01   1.5635206e+01   2.3424120e+01  -8.4135923e+00
   8.7500000e-02   1.6816261e+01   4.2862235e-01   1.5589977e+01   2.3776995e+01  -8.1666890e+00
   9.2500000e-02   1.6803784e+01   4.2046758e-01   1.5545370e+01   2.4120348e+01  -7.9176593e+00
   9.7500000e-02   1.6791555e+01   4.1177053e-01   1.5501447e+01   2.4453988e+01  -7.6668499e+00
   1.0250000e-01   1.6779585e+01   4.0254515e-01   1.5458266e+01   2.4777741e+01  -7.4145759e+00
   1.0750000e-01   1.6767888e+01   3.9280601e-01   1.5415888e+01   2.5091448e+01  -7.1611220e+00
   1.1250000e-01   1.6756477e+01   3.8256829e-01   1.5374372e+01   2.5394965e+01  -6.9067448e+00
   1.1750000e-01   1.6745365e+01   3.7184767e-01   1.5333774e+01   2.5688163e+01  -6.6516741e+00
   1.2250000e-01   1.6734563e+01   3.6066028e-01   1.5294151e+01   2.5970927e+01  -6.3961147e+00
   1.2750000e-01   1.6724084e+01   3.4902261e-01   1.5255560e+01   2.6243153e+01  -6.1402481e+00
   1.3250000e-01   1.6713939e+01   3.3695150e-01   1.5218054e+01   2.6504753e+01  -5.8842340e+00
   1.3750000e-01   1.6704138e+01   3.2446405e-01   1.5181687e+01   2.6755647e+01  -5.6282119e+00
   1.4250000e-01   1.6694692e+01   3.1157760e-01   1.5146509e+01   2.6995769e+01  -5.3723025e+00
   1.4750000e-01   1.6685611e+01   2.9830964e-01   1.5112571e+01   2.7225060e+01  -5.1166092e+00
   1.5250000e-01   1.6676903e+01   2.8467783e-01   1.5079921e+01   2.7443472e+01  -4.8612191e+00
   1.5750000e-01   1.6668579e+01   2.7069992e-01   1.5048605e+01   2.7650967e+01  -4.6062042e+00
   1.6250000e-01   1.6660645e+01   2.5639372e-01   1.5018668e+01   2.7847512e+01  -4.3516227e+00
   1.6750000e-01   1.6653110e+01   2.4177712e-01   1.4990152e+01   2.8033081e+01  -4.0975200e+00
   1.7250000e-01   1.6645980e+01   2.2686799e-01   1.4963098e+01   2.8207657e+01  -3.8439292e+00
   1.7750000e-01   1.6639264e+01   2.1168426e-01   1.4937544e+01   2.8371225e+01  -3.5908725e+00
   1.8250000e-01   1.6632965e+01   1.9624380e-01   1.4913526e+01   2.8523777e+01  -3.3383619e+00
   1.8750000e-01   1.6627091e+01   1.8056447e-01   1.4891079e+01   2.8665308e+01  -3.0863996e+00
   1.9250000e-01   1.6621647e+01   1.6466413e-01   1.4870235e+01   2.8795817e+01  -2.8349794e+00
   1.9750000e-01   1.6616637e+01   1.4856055e-01   1.4851023e+01   2.8915304e+01  -2.5840870e+00
   2.0250000e-01   1.6612065e+01   1.3227149e-01   1.4833470e+01   2.9023774e+01  -2.3337005e+00
   2.0750000e-01   1.6607935e+01   1.1581466e-01   1.4817600e+01   2.9121231e+01  -2.0837917e+00
   2.1250000e-01   1.6604250e+01   9.9207721e-02   1.4803438e+01   2.9207680e+01  -1.8343263e+00
   2.1750000e-01   1.6601014e+01   8.2468284e-02   1.4791001e+01   2.9283129e+01  -1.5852645e+00
   2.2250000e-01   1.6598229e+01   6.5613925e-02   1.4780309e+01   2.9347585e+01  -1.3365620e+00
   2.2750000e-01   1.6595898e+01   4.8662176e-02   1.4771376e+01   2.9401053e+01  -1.0881704e+00
   2.3250000e-01   1.6594021e+01   3.1630538e-02   1.4764214e+01   2.9443539e+01  -8.4003785e-01
   2.3750000e-01   1.6592601e+01   1.4536482e-02   1.4758834e+01   2.9475050e+01  -5.9210962e-01
   2.4250000e-01   1.6591638e+01  -2.6025436e-03   1.4755243e+01   2.9495588e+01  -3.4432892e-01
   2.4750000e-01   1.6591133e+01  -1.9769108e-02   1.4753446e+01   2.9505158e+01  -9.6637349e-02
   2.5250000e-01   1.6591087e+01  -3.6945790e-02   1.4753446e+01   2.9503761e+01   1.5102440e-01
   2.5750000e-01   1.6591500e+01  -5.4115172e-02   1.4755243e+01   2.9491398e+01   3.9871597e-01
   2.6250000e-01   1.6592371e+01  -7.1259831e-02   1.4758834e+01   2.9468067e+01   6.4649667e-01
   2.6750000e-01   1.6593700e+01  -8.8362335e-02   1.4764214e+01   2.9433767e+01   8.9442490e-01
   2.7250000e-01   1.6595485e+01  -1.0540523e-01   1.4771376e+01   2.9388494e+01   1.1425575e+00
   2.7750000e-01   1.6597726e+01  -1.2237105e-01   1.4780309e+01   2.9332245e+01   1.3909491e+00
   2.8250000e-01   1.6600420e+01  -1.3924229e-01   1.4791001e+01   2.9265015e+01   1.6396516e+00
   2.8750000e-01   1.6603566e+01  -1.5600140e-01   1.4803438e+01   2.9186798e+01   1.8887133e+00
   2.9250000e-01   1.6607161e+01  -1.7263081e-01   1.4817600e+01   2.9097588e+01   2.1381788e+00
   2.9750000e-01   1.6611203e+01  -1.8911290e-01   1.4833470e+01   2.8997380e+01   2.3880876e+00
   3.0250000e-01   1.6615687e+01  -2.0543000e-01   1.4851023e+01   2.8886170e+01   2.6384740e+00
   3.0750000e-01   1.6620611e+01  -2.2156439e-01   1.4870235e+01   2.8763954e+01   2.8893665e+00
   3.1250000e-01   1.6625970e+01  -2.3749830e-01   1.4891079e+01   2.8630730e+01   3.1407867e+00
   3.1750000e-01   1.6631759e+01  -2.5321394e-01   1.4913526e+01   2.8486497e+01   3.3927489e+00
   3.2250000e-01   1.6637974e+01  -2.6869345e-01   1.4937544e+01   2.8331259e+01   3.6452596e+00
   3.2750000e-01   1.6644608e+01  -2.8391894e-01   1.4963098e+01   2.8165021e+01   3.8983162e+00
   3.3250000e-01   1.6651657e+01  -2.9887251e-01   1.4990152e+01   2.7987794e+01   4.1519070e+00
   3.3750000e-01   1.6659113e+01  -3.1353623e-01   1.5018668e+01   2.7799593e+01   4.4060098e+00
   3.4250000e-01   1.6666969e+01  -3.2789219e-01   1.5048605e+01   2.7600438e+01   4.6605912e+00
   3.4750000e-01   1.6675218e+01  -3.4192248e-01   1.5079921e+01   2.7390355e+01   4.9156061e+00
   3.5250000e-01   1.6683851e+01  -3.5560925e-01   1.5112571e+01   2.7169379e+01   5.1709963e+00
   3.5750000e-01   1.6692860e+01  -3.6893471e-01   1.5146509e+01   2.6937549e+01   5.4266896e+00
   3.6250000e-01   1.6702236e+01  -3.8188117e-01   1.5181687e+01   2.6694917e+01   5.6825989e+00
   3.6750000e-01   1.6711968e+01  -3.9443109e-01   1.5218054e+01   2.6441542e+01   5.9386210e+00
   3.7250000e-01   1.6722048e+01  -4.0656708e-01   1.5255560e+01   2.6177492e+01   6.1946351e+00
   3.7750000e-01   1.6732463e+01  -4.1827199e-01   1.5294151e+01   2.5902847e+01   6.4505017e+00
   3.8250000e-01   1.6743203e+01  -4.2952892e-01   1.5333774e+01   2.5617701e+01   6.7060611e+00
   3.8750000e-01   1.6754257e+01  -4.4032130e-01   1.5374372e+01   2.5322156e+01   6.9611318e+00
   3.9250000e-01   1.6765611e+01  -4.5063294e-01   1.5415888e+01   2.5016331e+01   7.2155090e+00
   3.9750000e-01   1.6777254e+01  -4.6044809e-01   1.5458266e+01   2.4700356e+01   7.4689629e+00
   4.0250000e-01   1.6789173e+01  -4.6975148e-01   1.5501447e+01   2.4374379e+01   7.7212369e+00
   4.0750000e-01   1.6801355e+01  -4.7852845e-01   1.5545370e+01   2.4038559e+01   7.9720463e+00
   4.1250000e-01   1.6813785e+01  -4.8676496e-01   1.5589977e+01   2.3693073e+01   8.2210760e+00
   4.1750000e-01   1.6826452e+01  -4.9444769e-01   1.5635206e+01   2.3338115e+01   8.4679793e+00
   4.2250000e-01   1.6839340e+01  -5.0156413e-01   1.5680996e+01   2.2973894e+01   8.7123763e+00
   4.2750000e-01   1.6852436e+01  -5.0810265e-01   1.5727286e+01   2.2600637e+01   8.9538529e+00
   4.3250000e-01   1.6865725e+01  -5.1405255e-01   1.5774015e+01   2.2218588e+01   9.1919594e+00
   4.3750000e-01   1.6879193e+01  -5.1940417e-01   1.5821120e+01   2.1828008e+01   9.4262101e+00
   4.4250000e-01   1.6892827e+01  -5.2414897e-01   1.5868540e+01   2.1429178e+01   9.6560830e+00
   4.4750000e-01   1.6906612e+01  -5.2827959e-01   1.5916213e+01   2.1022393e+01   9.8810202e+00
   4.5250000e-01   1.6920533e+01  -5.3178991e-01   1.5964079e+01   2.0607971e+01   1.0100429e+01
   4.5750000e-01   1.6934576e+01  -5.3467516e-01   1.6012075e+01   2.0186243e+01   1.0313682e+01
   4.6250000e-01   1.6948729e+01  -5.3693194e-01   1.6060141e+01   1.9757561e+01   1.0520121e+01
   4.6750000e-01   1.6962976e+01  -5.3855830e-01   1.6108216e+01   1.9322294e+01   1.0719062e+01
   4.7250000e-01   1.6977304e+01  -5.3955378e-01   1.6156240e+01   1.8880828e+01   1.0909792e+01
   4.7750000e-01   1.6991699e+01  -5.3991948e-01   1.6204155e+01   1.8433566e+01   1.1091582e+01
   4.8250000e-01   1.7006148e+01  -5.3965804e-01   1.6251900e+01   1.7980928e+01   1.1263686e+01
   4.8750000e-01   1.7020639e+01  -5.3877372e-01   1.6299418e+01   1.7523350e+01   1.1425352e+01
   4.9250000e-01   1.7035157e+01  -5.3727238e-01   1.6346650e+01   1.7061283e+01   1.1575824e+01
   4.9750000e-01   1.7049690e+01  -5.3516149e-01   1.6393541e+01   1.6595196e+01   1.1714352e+01
   5.0250000e-01   1.7064226e+01  -5.3245014e-01   1.6440035e+01   1.6125570e+01   1.1840201e+01
   5.0750000e-01   1.7078751e+01  -5.2914897e-01   1.6486076e+01   1.5652900e+01   1.1952655e+01
   5.1250000e-01   1.7093254e+01  -5.2527019e-01   1.6531611e+01   1.5177697e+01   1.2051027e+01
   5.1750000e-01   1.7107721e+01  -5.2082752e-01   1.6576588e+01   1.4700482e+01   1.2134668e+01
   5.2250000e-01   1.7122142e+01  -5.1583609e-01   1.6620956e+01   1.4221789e+01   1.2202970e+01
   5.2750000e-01   1.7136503e+01  -5.1031243e-01   1.6664666e+01   1.3742163e+01   1.2255382e+01
   5.3250000e-01   1.7150792e+01  -5.0427433e-01   1.6707669e+01   1.3262158e+01   1.2291404e+01
   5.3750000e-01   1.7164997e+01  -4.9774080e-01   1.6749921e+01   1.2782338e+01   1.2310605e+01
   5.4250000e-01   1.7179106e+01  -4.9073191e-01   1.6791378e+01   1.2303274e+01   1.2312619e+01
   5.4750000e-01   1.7193107e+01  -4.8326870e-01   1.6831999e+01   1.1825546e+01   1.2297153e+01
   5.5250000e-01   1.7206987e+01  -4.7537304e-01   1.6871744e+01   1.1349739e+01   1.2263989e+01
   5.5750000e-01   1.7220733e+01  -4.6706753e-01   1.6910579e+01   1.0876441e+01   1.2212984e+01
   5.6250000e-01   1.7234333e+01  -4.5837530e-01   1.6948469e+01   1.0406245e+01   1.2144075e+01
   5.6750000e-01   1.7247775e+01  -4.4931991e-01   1.6985385e+01   9.9397470e+00   1.2057271e+01
   5.7250000e-01   1.7261045e+01  -4.3992521e-01   1.7021298e+01   9.4775417e+00   1.1952656e+01
   5.7750000e-01   1.7274131e+01  -4.3021513e-01   1.7056186e+01   9.0202248e+00   1.1830384e+01
   5.8250000e-01   1.7287019e+01  -4.2021357e-01   1.7090026e+01   8.5683898e+00   1.1690677e+01
   5.8750000e-01   1.7299696e+01  -4.0994427e-01   1.7122801e+01   8.1226269e+00   1.1533816e+01
   5.9250000e-01   1.7312150e+01  -3.9943061e-01   1.7154496e+01   7.6835218e+00   1.1360139e+01
   5.9750000e-01   1.7324367e+01  -3.8869550e-01   1.7185101e+01   7.2516545e+00   1.1170029e+01
   6.0250000e-01   1.7336334e+01  -3.7776126e-01   1.7214606e+01   6.8275974e+00   1.0963914e+01
   6.0750000e-01   1.7348038e+01  -3.6664947e-01   1.7243006e+01   6.4119147e+00   1.0742252e+01
   6.1250000e-01   1.7359466e+01  -3.5538086e-01   1.7270300e+01   6.0051606e+00   1.0505530e+01
   6.1750000e-01   1.7370605e+01  -3.4397524e-01   1.7296485e+01   5.6078785e+00   1.0254252e+01
   6.2250000e-01   1.7381443e+01  -3.3245136e-01   1.7321566e+01   5.2205995e+00   9.9889350e+00
   6.2750000e-01   1.7391968e+01  -3.2082687e-01   1.7345548e+01   4.8438418e+00   9.7101009e+00
   6.3250000e-01   1.7402167e+01  -3.0911825e-01   1.7368435e+01   4.4781090e+00   9.4182728e+00
   6.3750000e-01   1.7412028e+01  -2.9734076e-01   1.7390238e+01   4.1238900e+00   9.1139697e+00
   6.4250000e-01   1.7421542e+01  -2.8550841e-01   1.7410966e+01   3.7816576e+00   8.7977031e+00
   6.4750000e-01   1.7430695e+01  -2.7363395e-01   1.7430631e+01   3.4518676e+00   8.4699754e+00
   6.5250000e-01   1.7439479e+01  -2.6172883e-01   1.7449244e+01   3.1349588e+00   8.1312788e+00
   6.5750000e-01   1.7447884e+01  -2.4980327e-01   1.7466818e+01   2.8313516e+00   7.7820952e+00
   6.6250000e-01   1.7455900e+01  -2.3786624e-01   1.7483367e+01   2.5414479e+00   7.4228976e+00
   6.6750000e-01   1.7463517e+01  -2.2592546e-01   1.7498904e+01   2.2656304e+00   7.0541523e+00
   6.7250000e-01   1.7470730e+01  -2.1398754e-01   1.7513443e+01   2.0042624e+00   6.6763212e+00
   6.7750000e-01   1.7477528e+01  -2.0205791e-01   1.7526998e+01   1.7576869e+00   6.2898652e+00
   6.8250000e-01   1.7483906e+01  -1.9014098e-01   1.7539582e+01   1.5262270e+00   5.8952475e+00
   6.8750000e-01   1.7489856e+01  -1.7824012e-01   1.7551208e+01   1.3101848e+00   5.4929371e+00
   6.9250000e-01   1.7495374e+01  -1.6635780e-01   1.7561888e+01   1.1098417e+00   5.0834117e+00
   6.9750000e-01   1.7500453e+01  -1.5449559e-01   1.7571635e+01   9.2545795e-01   4.6671611e+00
   7.0250000e-01   1.7505088e+01  -1.4265429e-01   1.7580459e+01   7.5727261e-01   4.2446892e+00
   7.0750000e-01   1.7509275e+01  -1.3083396e-01   1.7588370e+01   6.0550308e-01   3.8165161e+00
   7.1250000e-01   1.7513011e+01  -1.1903403e-01   1.7595379e+01   4.7034519e-01   3.3831790e+00
   7.1750000e-01   1.7516291e+01  -1.0725334e-01   1.7601492e+01   3.5197295e-01   2.9452326e+00
   7.2250000e-01   1.7519113e+01  -9.5490238e-02   1.7606718e+01   2.5053850e-01   2.5032496e+00
   7.2750000e-01   1.7521475e+01  -8.3742622e-02   1.7611064e+01   1.6617198e-01   2.0578188e+00
   7.3250000e-01   1.7523374e+01  -7.2008042e-02   1.7614533e+01   9.8981422e-02   1.6095445e+00
   7.3750000e-01   1.7524809e+01  -6.0283751e-02   1.7617132e+01   4.9052736e-02   1.1590440e+00
   7.4250000e-01   1.7525779e+01  -4.8566772e-02   1.7618862e+01   1.6449613e-02   7.0694536e-01
   7.4750000e-01   1.7526282e+01  -3.6853964e-02   1.7619727e+01   1.2135045e-03   2.5388465e-01
   7.5250000e-01   1.7526319e+01  -2.5142092e-02   1.7619727e+01   3.3635907e-03  -1.9949730e-01
   7.5750000e-01   1.7525889e+01  -1.3427883e-02   1.7618862e+01   2.2896769e-02  -6.5255801e-01
   7.6250000e-01   1.7524993e+01  -1.7080988e-03   1.7617132e+01   5.9787654e-02  -1.1046566e+00
   7.6750000e-01   1.7523631e+01   1.0020407e-02   1.7614533e+01   1.1398859e-01  -1.5551571e+00
   7.7250000e-01   1.7521805e+01   2.1760620e-02   1.7611064e+01   1.8542970e-01  -2.0034315e+00
   7.7750000e-01   1.7519517e+01   3.3515303e-02   1.7606718e+01   2.7401888e-01  -2.4488623e+00
   7.8250000e-01   1.7516768e+01   4.5286924e-02   1.7601492e+01   3.7964190e-01  -2.8908453e+00
   7.8750000e-01   1.7513560e+01   5.7077594e-02   1.7595379e+01   5.0216249e-01  -3.3287917e+00
   7.9250000e-01   1.7509898e+01   6.8888993e-02   1.7588370e+01   6.4142236e-01  -3.7621289e+00
   7.9750000e-01   1.7505783e+01   8.0722304e-02   1.7580459e+01   7.9724139e-01  -4.1903020e+00
   8.0250000e-01   1.7501220e+01   9.2578134e-02   1.7571635e+01   9.6941769e-01  -4.6127739e+00
   8.0750000e-01   1.7496214e+01   1.0445645e-01   1.7561888e+01   1.1577278e+00  -5.0290245e+00
   8.1250000e-01   1.7490768e+01   1.1635649e-01   1.7551208e+01   1.3619268e+00  -5.4385499e+00
   8.1750000e-01   1.7484889e+01   1.2827671e-01   1.7539582e+01   1.5817485e+00  -5.8408604e+00
   8.2250000e-01   1.7478583e+01   1.4021471e-01   1.7526998e+01   1.8169059e+00  -6.2354781e+00
   8.2750000e-01   1.7471855e+01   1.5216714e-01   1.7513443e+01   2.0670910e+00  -6.6219341e+00
   8.3250000e-01   1.7464714e+01   1.6412965e-01   1.7498904e+01   2.3319755e+00  -6.9997652e+00
   8.3750000e-01   1.7457165e+01   1.7609685e-01   1.7483367e+01   2.6112109e+00  -7.3685106e+00
   8.4250000e-01   1.7449219e+01   1.8806220e-01   1.7466818e+01   2.9044289e+00  -7.7277081e+00
   8.4750000e-01   1.7440883e+01   2.0001800e-01   1.7449244e+01   3.2112419e+00  -8.0768918e+00
   8.5250000e-01   1.7432167e+01   2.1195536e-01   1.7430631e+01   3.5312434e+00  -8.4155884e+00
   8.5750000e-01   1.7423080e+01   2.2386411e-01   1.7410966e+01   3.8640086e+00  -8.7433161e+00
   8.6250000e-01   1.7413633e+01   2.3573285e-01   1.7390238e+01   4.2090949e+00  -9.0595827e+00
   8.6750000e-01   1.7403836e+01   2.4754888e-01   1.7368435e+01   4.5660426e+00  -9.3638859e+00
   8.7250000e-01   1.7393702e+01   2.5929824e-01   1.7345548e+01   4.9343756e+00  -9.6557140e+00
   8.7750000e-01   1.7383240e+01   2.7096571e-01   1.7321566e+01   5.3136021e+00  -9.9345481e+00
   8.8250000e-01   1.7372464e+01   2.8253486e-01   1.7296485e+01   5.7032157e+00  -1.0199865e+01
   8.8750000e-01   1.7361385e+01   2.9398808e-01   1.7270300e+01   6.1026962e+00  -1.0451143e+01
   8.9250000e-01   1.7350016e+01   3.0530663e-01   1.7243006e+01   6.5115105e+00  -1.0687866e+01
   8.9750000e-01   1.7338370e+01   3.1647075e-01   1.7214606e+01   6.9291138e+00  -1.0909527e+01
   9.0250000e-01   1.7326459e+01   3.2745972e-01   1.7185101e+01   7.3549506e+00  -1.1115643e+01
   9.0750000e-01   1.7314297e+01   3.3825197e-01   1.7154496e+01   7.7884561e+00  -1.1305752e+01
   9.1250000e-01   1.7301896e+01   3.4882518e-01   1.7122801e+01   8.2290574e+00  -1.1479430e+01
   9.1750000e-01   1.7289270e+01   3.5915644e-01   1.7090026e+01   8.6761746e+00  -1.1636290e+01
   9.2250000e-01   1.7276431e+01   3.6922233e-01   1.7056186e+01   9.1292221e+00  -1.1775997e+01
   9.2750000e-01   1.7263393e+01   3.7899911e-01   1.7021298e+01   9.5876103e+00  -1.1898269e+01
   9.3250000e-01   1.7250168e+01   3.8846283e-01   1.6985385e+01   1.0050747e+01  -1.2002884e+01
   9.3750000e-01   1.7236770e+01   3.9758950e-01   1.6948469e+01   1.0518037e+01  -1.2089688e+01
   9.4250000e-01   1.7223211e+01   4.0635523e-01   1.6910579e+01   1.0988887e+01  -1.2158598e+01
   9.4750000e-01   1.7209503e+01   4.1473640e-01   1.6871744e+01   1.1462703e+01  -1.2209602e+01
   9.5250000e-01   1.7195660e+01   4.2270978e-01   1.6831999e+01   1.1938894e+01  -1.2242766e+01
   9.5750000e-01   1.7181694e+01   4.3025270e-01   1.6791378e+01   1.2416875e+01  -1.2258232e+01
   9.6250000e-01   1.7167617e+01   4.3734319e-01   1.6749921e+01   1.2896061e+01  -1.2256218e+01
   9.6750000e-01   1.7153441e+01   4.4396009e-01   1.6707669e+01   1.3375877e+01  -1.2237017e+01
   9.7250000e-01   1.7139178e+01   4.5008322e-01   1.6664666e+01   1.3855754e+01  -1.2200995e+01
   9.7750000e-01   1.7124841e+01   4.5569347e-01   1.6620956e+01   1.4335131e+01  -1.2148584e+01
   9.8250000e-01   1.7110442e+01   4.6077290e-01   1.6576588e+01   1.4813457e+01  -1.2080281e+01
   9.8750000e-01   1.7095993e+01   4.6530486e-01   1.6531611e+01   1.5290190e+01  -1.1996641e+01
   9.9250000e-01   1.7081506e+01   4.6927406e-01   1.6486076e+01   1.5764799e+01  -1.1898269e+01
   9.9750000e-01   1.7066994e+01   4.7266664e-01   1.6440035e+01   1.6236767e+01  -1.1785815e+01
