   2.5000000e-03   1.8602868e+01   1.3021991e+00   1.7442841e+01   1.7787258e+01  -1.8415362e+01
   7.5000000e-03   1.8485607e+01   1.2931131e+00   1.7288929e+01   1.8172664e+01  -1.8120461e+01
   1.2500000e-02   1.8368450e+01   1.2815201e+00   1.7137378e+01   1.8550086e+01  -1.7805993e+01
   1.7500000e-02   1.8251605e+01   1.2675423e+00   1.6988435e+01   1.8919520e+01  -1.7472991e+01
   2.2500000e-02   1.8135276e+01   1.2513114e+00   1.6842319e+01   1.9280979e+01  -1.7122528e+01
   2.7500000e-02   1.8019666e+01   1.2329665e+00   1.6699220e+01   1.9634490e+01  -1.6755724e+01
   3.2500000e-02   1.7904977e+01   1.2126527e+00   1.6559303e+01   1.9980089e+01  -1.6373752e+01
   3.7500000e-02   1.7791403e+01   1.1905193e+00   1.6422705e+01   2.0317817e+01  -1.5977844e+01
   4.2500000e-02   1.7679136e+01   1.1667179e+00   1.6289540e+01   2.0647716e+01  -1.5569288e+01
   4.7500000e-02   1.7568358e+01   1.1414013e+00   1.6159896e+01   2.0969826e+01  -1.5149430e+01
   5.2500000e-02   1.7459246e+01   1.1147219e+00   1.6033838e+01   2.1284182e+01  -1.4719664e+01
   5.7500000e-02   1.7351968e+01   1.0868303e+00   1.5911413e+01   2.1590813e+01  -1.4281426e+01
   6.2500000e-02   1.7246685e+01   1.0578745e+00   1.5792645e+01   2.1889739e+01  -1.3836178e+01
   6.7500000e-02   1.7143547e+01   1.0279985e+00   1.5677545e+01   2.2180972e+01  -1.3385392e+01
   7.2500000e-02   1.7042693e+01   9.9734146e-01   1.5566107e+01   2.2464512e+01  -1.2930535e+01
   7.7500000e-02   1.6944256e+01   9.6603710e-01   1.5458313e+01   2.2740352e+01  -1.2473046e+01
   8.2500000e-02   1.6848354e+01   9.3421273e-01   1.5354134e+01   2.3008476e+01  -1.2014320e+01
   8.7500000e-02   1.6755097e+01   9.0198880e-01   1.5253534e+01   2.3268859e+01  -1.1555687e+01
   9.2500000e-02   1.6664582e+01   8.6947839e-01   1.5156469e+01   2.3521473e+01  -1.1098398e+01
   9.7500000e-02   1.6576898e+01   8.3678686e-01   1.5062892e+01   2.3766280e+01  -1.0643611e+01
   1.0250000e-01   1.6492119e+01   8.0401154e-01   1.4972752e+01   2.4003245e+01  -1.0192384e+01
   1.0750000e-01   1.6410311e+01   7.7124149e-01   1.4885998e+01   2.4232326e+01  -9.7456645e+00
   1.1250000e-01   1.6331527e+01   7.3855744e-01   1.4802579e+01   2.4453485e+01  -9.3042922e+00
   1.1750000e-01   1.6255812e+01   7.0603168e-01   1.4722445e+01   2.4666685e+01  -8.8689947e+00
   1.2250000e-01   1.6183197e+01   6.7372812e-01   1.4645548e+01   2.4871889e+01  -8.4403929e+00
   1.2750000e-01   1.6113705e+01   6.4170233e-01   1.4571842e+01   2.5069067e+01  -8.0190047e+00
   1.3250000e-01   1.6047348e+01   6.1000169e-01   1.4501285e+01   2.5258193e+01  -7.6052508e+00
   1.3750000e-01   1.5984132e+01   5.7866561e-01   1.4433840e+01   2.5439245e+01  -7.1994607e+00
   1.4250000e-01   1.5924049e+01   5.4772576e-01   1.4369470e+01   2.5612208e+01  -6.8018788e+00
   1.4750000e-01   1.5867088e+01   5.1720639e-01   1.4308147e+01   2.5777074e+01  -6.4126704e+00
   1.5250000e-01   1.5813227e+01   4.8712467e-01   1.4249841e+01   2.5933838e+01  -6.0319263e+00
   1.5750000e-01   1.5762440e+01   4.5749113e-01   1.4194530e+01   2.6082503e+01  -5.6596681e+00
   1.6250000e-01   1.5714693e+01   4.2831007e-01   1.4142193e+01   2.6223077e+01  -5.2958515e+00
   1.6750000e-01   1.5669949e+01   3.9958010e-01   1.4092814e+01   2.6355572e+01  -4.9403705e+00
   1.7250000e-01   1.5628165e+01   3.7129460e-01   1.4046377e+01   2.6480005e+01  -4.5930599e+00
   1.7750000e-01   1.5589297e+01   3.4344231e-01   1.4002870e+01   2.6596397e+01  -4.2536989e+00
   1.8250000e-01   1.5553298e+01   3.1600783e-01   1.3962286e+01   2.6704771e+01  -3.9220139e+00
   1.8750000e-01   1.5520120e+01   2.8897218e-01   1.3924615e+01   2.6805154e+01  -3.5976817e+00
   1.9250000e-01   1.5489714e+01   2.6231338e-01   1.3889852e+01   2.6897572e+01  -3.2803328e+00
   1.9750000e-01   1.5462032e+01   2.3600684e-01   1.3857993e+01   2.6982054e+01  -2.9695553e+00
   2.0250000e-01   1.5437027e+01   2.1002594e-01   1.3829035e+01   2.7058630e+01  -2.6648981e+00
   2.0750000e-01   1.5414655e+01   1.8434238e-01   1.3802975e+01   2.7127326e+01  -2.3658754e+00
   2.1250000e-01   1.5394873e+01   1.5892659e-01   1.3779811e+01   2.7188171e+01  -2.0719705e+00
   2.1750000e-01   1.5377644e+01   1.3374801e-01   1.3759544e+01   2.7241188e+01  -1.7826398e+00
   2.2250000e-01   1.5362931e+01   1.0877541e-01   1.3742171e+01   2.7286403e+01  -1.4973165e+00
   2.2750000e-01   1.5350706e+01   8.3977057e-02   1.3727694e+01   2.7323835e+01  -1.2154148e+00
   2.3250000e-01   1.5340940e+01   5.9320885e-02   1.3716113e+01   2.7353501e+01  -9.3633277e-01
   2.3750000e-01   1.5333614e+01   3.4774640e-02   1.3707426e+01   2.7375417e+01  -6.5945632e-01
   2.4250000e-01   1.5328711e+01   1.0305941e-02   1.3701635e+01   2.7389594e+01  -3.8416179e-01
   2.4750000e-01   1.5326220e+01  -1.4117660e-02   1.3698739e+01   2.7396038e+01  -1.0981899e-01
   2.5250000e-01   1.5326135e+01  -3.8528644e-02   1.3698739e+01   2.7394752e+01   1.6420614e-01
   2.5750000e-01   1.5328457e+01  -6.2959510e-02   1.3701635e+01   2.7385737e+01   4.3854894e-01
   2.6250000e-01   1.5333190e+01  -8.7442760e-02   1.3707426e+01   2.7368987e+01   7.1384347e-01
   2.6750000e-01   1.5340346e+01  -1.1201088e-01   1.3716113e+01   2.7344494e+01   9.9071992e-01
   2.7250000e-01   1.5349940e+01  -1.3669631e-01   1.3727694e+01   2.7312246e+01   1.2698019e+00
   2.7750000e-01   1.5361993e+01  -1.6153139e-01   1.3742171e+01   2.7272227e+01   1.5517037e+00
   2.8250000e-01   1.5376530e+01  -1.8654826e-01   1.3759544e+01   2.7224418e+01   1.8370270e+00
   2.8750000e-01   1.5393583e+01  -2.1177880e-01   1.3779811e+01   2.7168797e+01   2.1263577e+00
   2.9250000e-01   1.5413186e+01  -2.3725438e-01   1.3802975e+01   2.7105338e+01   2.4202626e+00
   2.9750000e-01   1.5435378e+01  -2.6300570e-01   1.3829035e+01   2.7034017e+01   2.7192852e+00
   3.0250000e-01   1.5460199e+01  -2.8906254e-01   1.3857993e+01   2.6954803e+01   3.0239424e+00
   3.0750000e-01   1.5487695e+01  -3.1545339e-01   1.3889852e+01   2.6867666e+01   3.3347200e+00
   3.1250000e-01   1.5517912e+01  -3.4220511e-01   1.3924615e+01   2.6772578e+01   3.6520689e+00
   3.1750000e-01   1.5550898e+01  -3.6934252e-01   1.3962286e+01   2.6669507e+01   3.9764011e+00
   3.2250000e-01   1.5586702e+01  -3.9688789e-01   1.4002870e+01   2.6558424e+01   4.3080861e+00
   3.2750000e-01   1.5625372e+01  -4.2486047e-01   1.4046377e+01   2.6439301e+01   4.6474471e+00
   3.3250000e-01   1.5666954e+01  -4.5327595e-01   1.4092814e+01   2.6312113e+01   4.9947577e+00
   3.3750000e-01   1.5711493e+01  -4.8214592e-01   1.4142193e+01   2.6176838e+01   5.3502387e+00
   3.4250000e-01   1.5759033e+01  -5.1147729e-01   1.4194530e+01   2.6033455e+01   5.7140553e+00
   3.4750000e-01   1.5809610e+01  -5.4127181e-01   1.4249841e+01   2.5881953e+01   6.0863135e+00
   3.5250000e-01   1.5863258e+01  -5.7152547e-01   1.4308147e+01   2.5722319e+01   6.4670576e+00
   3.5750000e-01   1.5920003e+01  -6.0222808e-01   1.4369470e+01   2.5554552e+01   6.8562660e+00
   3.6250000e-01   1.5979868e+01  -6.3336278e-01   1.4433840e+01   2.5378652e+01   7.2538479e+00
   3.6750000e-01   1.6042866e+01  -6.6490561e-01   1.4501285e+01   2.5194629e+01   7.6596380e+00
   3.7250000e-01   1.6109001e+01  -6.9682519e-01   1.4571842e+01   2.5002496e+01   8.0733919e+00
   3.7750000e-01   1.6178272e+01  -7.2908238e-01   1.4645548e+01   2.4802275e+01   8.4947801e+00
   3.8250000e-01   1.6250665e+01  -7.6163004e-01   1.4722445e+01   2.4593992e+01   8.9233819e+00
   3.8750000e-01   1.6326159e+01  -7.9441279e-01   1.4802579e+01   2.4377678e+01   9.3586794e+00
   3.9250000e-01   1.6404721e+01  -8.2736691e-01   1.4885998e+01   2.4153372e+01   9.8000517e+00
   3.9750000e-01   1.6486310e+01  -8.6042027e-01   1.4972752e+01   2.3921112e+01   1.0246771e+01
   4.0250000e-01   1.6570871e+01  -8.9349224e-01   1.5062892e+01   2.3680942e+01   1.0697998e+01
   4.0750000e-01   1.6658341e+01  -9.2649381e-01   1.5156469e+01   2.3432905e+01   1.1152785e+01
   4.1250000e-01   1.6748644e+01  -9.5932768e-01   1.5253534e+01   2.3177045e+01   1.1610074e+01
   4.1750000e-01   1.6841694e+01  -9.9188849e-01   1.5354134e+01   2.2913402e+01   1.2068707e+01
   4.2250000e-01   1.6937393e+01  -1.0240630e+00   1.5458313e+01   2.2642013e+01   1.2527433e+01
   4.2750000e-01   1.7035634e+01  -1.0557308e+00   1.5566107e+01   2.2362910e+01   1.2984922e+01
   4.3250000e-01   1.7136298e+01  -1.0867642e+00   1.5677545e+01   2.2076118e+01   1.3439779e+01
   4.3750000e-01   1.7239254e+01  -1.1170293e+00   1.5792645e+01   2.1781653e+01   1.3890565e+01
   4.4250000e-01   1.7344363e+01  -1.1463867e+00   1.5911413e+01   2.1479524e+01   1.4335813e+01
   4.4750000e-01   1.7451475e+01  -1.1746920e+00   1.6033838e+01   2.1169729e+01   1.4774051e+01
   4.5250000e-01   1.7560432e+01  -1.2017968e+00   1.6159896e+01   2.0852258e+01   1.5203817e+01
   4.5750000e-01   1.7671065e+01  -1.2275499e+00   1.6289540e+01   2.0527094e+01   1.5623675e+01
   4.6250000e-01   1.7783200e+01  -1.2517983e+00   1.6422705e+01   2.0194210e+01   1.6032231e+01
   4.6750000e-01   1.7896653e+01  -1.2743887e+00   1.6559303e+01   1.9853579e+01   1.6428139e+01
   4.7250000e-01   1.8011235e+01  -1.2951686e+00   1.6699220e+01   1.9505166e+01   1.6810111e+01
   4.7750000e-01   1.8126751e+01  -1.3139880e+00   1.6842319e+01   1.9148943e+01   1.7176915e+01
   4.8250000e-01   1.8243000e+01  -1.3307010e+00   1.6988435e+01   1.8784882e+01   1.7527378e+01
   4.8750000e-01   1.8359782e+01  -1.3451674e+00   1.7137378e+01   1.8412965e+01   1.7860380e+01
   4.9250000e-01   1.8476889e+01  -1.3572546e+00   1.7288929e+01   1.8033190e+01   1.8174848e+01
   4.9750000e-01   1.8594117e+01  -1.3668393e+00   1.7442841e+01   1.7645569e+01   1.8469749e+01
   5.0250000e-01   1.8711260e+01  -1.3738095e+00   1.7598843e+01   1.7250139e+01   1.8744080e+01
   5.0750000e-01   1.8828114e+01  -1.3780662e+00   1.7756635e+01   1.6846966e+01   1.8996863e+01
   5.1250000e-01   1.8944478e+01  -1.3795256e+00   1.7915891e+01   1.6436148e+01   1.9227131e+01
   5.1750000e-01   1.9060155e+01  -1.3781205e+00   1.8076262e+01   1.6017822e+01   1.9433924e+01
   5.2250000e-01   1.9174955e+01  -1.3738025e+00   1.8237378e+01   1.5592168e+01   1.9616285e+01
   5.2750000e-01   1.9288693e+01  -1.3665431e+00   1.8398847e+01   1.5159415e+01   1.9773253e+01
   5.3250000e-01   1.9401193e+01  -1.3563356e+00   1.8560261e+01   1.4719844e+01   1.9903864e+01
   5.3750000e-01   1.9512288e+01  -1.3431961e+00   1.8721198e+01   1.4273793e+01   2.0007155e+01
   5.4250000e-01   1.9621818e+01  -1.3271642e+00   1.8881225e+01   1.3821657e+01   2.0082167e+01
   5.4750000e-01   1.9729634e+01  -1.3083041e+00   1.9039905e+01   1.3363896e+01   2.0127955e+01
   5.5250000e-01   1.9835600e+01  -1.2867045e+00   1.9196797e+01   1.2901033e+01   2.0143603e+01
   5.5750000e-01   1.9939585e+01  -1.2624782e+00   1.9351465e+01   1.2433655e+01   2.0128238e+01
   5.6250000e-01   2.0041472e+01  -1.2357619e+00   1.9503480e+01   1.1962415e+01   2.0081050e+01
   5.6750000e-01   2.0141152e+01  -1.2067149e+00   1.9652427e+01   1.1488027e+01   2.0001317e+01
   5.7250000e-01   2.0238524e+01  -1.1755171e+00   1.9797910e+01   1.1011270e+01   1.9888429e+01
   5.7750000e-01   2.0333499e+01  -1.1423673e+00   1.9939557e+01   1.0532978e+01   1.9741912e+01
   5.8250000e-01   2.0425991e+01  -1.1074804e+00   2.0077026e+01   1.0054040e+01   1.9561462e+01
   5.8750000e-01   2.0515926e+01  -1.0710843e+00   2.0210005e+01   9.5753938e+00   1.9346964e+01
   5.9250000e-01   2.0603232e+01  -1.0334167e+00   2.0338224e+01   9.0980178e+00   1.9098522e+01
   5.9750000e-01   2.0687844e+01  -9.9472102e-01   2.0461450e+01   8.6229262e+00   1.8816473e+01
   6.0250000e-01   2.0769705e+01  -9.5524267e-01   2.0579497e+01   8.1511604e+00   1.8501402e+01
   6.0750000e-01   2.0848760e+01  -9.1522500e-01   2.0692220e+01   7.6837805e+00   1.8154143e+01
   6.1250000e-01   2.0924958e+01  -8.7490518e-01   2.0799522e+01   7.2218571e+00   1.7775775e+01
   6.1750000e-01   2.0998258e+01  -8.3451038e-01   2.0901350e+01   6.7664629e+00   1.7367598e+01
   6.2250000e-01   2.1068618e+01  -7.9425404e-01   2.0997695e+01   6.3186641e+00   1.6931101e+01
   6.2750000e-01   2.1136008e+01  -7.5433268e-01   2.1088587e+01   5.8795127e+00   1.6467917e+01
   6.3250000e-01   2.1200400e+01  -7.1492303e-01   2.1174094e+01   5.4500388e+00   1.5979765e+01
   6.3750000e-01   2.1261776e+01  -6.7617991e-01   2.1254319e+01   5.0312446e+00   1.5468389e+01
   6.4250000e-01   2.1320124e+01  -6.3823456e-01   2.1329389e+01   4.6240976e+00   1.4935486e+01
   6.4750000e-01   2.1375442e+01  -6.0119384e-01   2.1399459e+01   4.2295269e+00   1.4382651e+01
   6.5250000e-01   2.1427736e+01  -5.6514000e-01   2.1464697e+01   3.8484186e+00   1.3811319e+01
   6.5750000e-01   2.1477019e+01  -5.3013118e-01   2.1525286e+01   3.4816133e+00   1.3222730e+01
   6.6250000e-01   2.1523314e+01  -4.9620254e-01   2.1581416e+01   3.1299037e+00   1.2617906e+01
   6.6750000e-01   2.1566653e+01  -4.6336785e-01   2.1633278e+01   2.7940344e+00   1.1997663e+01
   6.7250000e-01   2.1607073e+01  -4.3162159e-01   2.1681063e+01   2.4747006e+00   1.1362623e+01
   6.7750000e-01   2.1644618e+01  -4.0094130e-01   2.1724956e+01   2.1725489e+00   1.0713264e+01
   6.8250000e-01   2.1679337e+01  -3.7129009e-01   2.1765135e+01   1.8881778e+00   1.0049963e+01
   6.8750000e-01   2.1711282e+01  -3.4261918e-01   2.1801767e+01   1.6221388e+00   9.3730564e+00
   6.9250000e-01   2.1740508e+01  -3.1487033e-01   2.1835006e+01   1.3749375e+00   8.6828931e+00
   6.9750000e-01   2.1767070e+01  -2.8797817e-01   2.1864996e+01   1.1470347e+00   7.9798823e+00
   7.0250000e-01   2.1791022e+01  -2.6187217e-01   2.1891867e+01   9.3884817e-01   7.2645316e+00
   7.0750000e-01   2.1812418e+01  -2.3647839e-01   2.1915734e+01   7.5075321e-01   6.5374725e+00
   7.1250000e-01   2.1831307e+01  -2.1172087e-01   2.1936701e+01   5.8308421e-01   5.7994743e+00
   7.1750000e-01   2.1847737e+01  -1.8752274e-01   2.1954858e+01   4.3613545e-01   5.0514472e+00
   7.2250000e-01   2.1861748e+01  -1.6380700e-01   2.1970281e+01   3.1016201e-01   4.2944364e+00
   7.2750000e-01   2.1873379e+01  -1.4049705e-01   2.1983037e+01   2.0538051e-01   3.5296103e+00
   7.3250000e-01   2.1882661e+01  -1.1751704e-01   2.1993179e+01   1.2196971e-01   2.7582438e+00
   7.3750000e-01   2.1889619e+01  -9.4791904e-02   2.2000749e+01   6.0071043e-02   1.9816998e+00
   7.4250000e-01   2.1894273e+01  -7.2247398e-02   2.2005778e+01   1.9788979e-02   1.2014093e+00
   7.4750000e-01   2.1896637e+01  -4.9809909e-02   2.2008287e+01   1.1913629e-03   4.1885177e-01
   7.5250000e-01   2.1896715e+01  -2.7406239e-02   2.2008287e+01   4.3095950e-03  -3.6446470e-01
   7.5750000e-01   2.1894510e+01  -4.9633287e-03   2.2005778e+01   2.9138750e-02  -1.1470223e+00
   7.6250000e-01   2.1890015e+01   1.7592033e-02   2.2000749e+01   7.5637593e-02  -1.9273128e+00
   7.6750000e-01   2.1883217e+01   4.0333484e-02   2.1993179e+01   1.4372850e-01  -2.7038568e+00
   7.7250000e-01   2.1874097e+01   6.3335319e-02   2.1983037e+01   2.3329727e-01  -3.4752232e+00
   7.7750000e-01   2.1862630e+01   8.6672643e-02   2.1970281e+01   3.4419285e-01  -4.2400493e+00
   7.8250000e-01   2.1848785e+01   1.1042141e-01   2.1954858e+01   4.7622694e-01  -4.9970601e+00
   7.8750000e-01   2.1832525e+01   1.3465831e-01   2.1936701e+01   6.2917345e-01  -5.7450873e+00
   7.9250000e-01   2.1813808e+01   1.5946049e-01   2.1915734e+01   8.0276786e-01  -6.4830855e+00
   7.9750000e-01   2.1792590e+01   1.8490499e-01   2.1891867e+01   9.9670648e-01  -7.2101446e+00
   8.0250000e-01   2.1768819e+01   2.1106800e-01   2.1864996e+01   1.2106455e+00  -7.9254953e+00
   8.0750000e-01   2.1742443e+01   2.3802374e-01   2.1835006e+01   1.4441999e+00  -8.6285061e+00
   8.1250000e-01   2.1713408e+01   2.6584307e-01   2.1801767e+01   1.6969427e+00  -9.3186694e+00
   8.1750000e-01   2.1681659e+01   2.9459178e-01   2.1765135e+01   1.9684031e+00  -9.9955760e+00
   8.2250000e-01   2.1647141e+01   3.2432855e-01   2.1724956e+01   2.2580659e+00  -1.0658877e+01
   8.2750000e-01   2.1609803e+01   3.5510274e-01   2.1681063e+01   2.5653700e+00  -1.1308236e+01
   8.3250000e-01   2.1569595e+01   3.8695187e-01   2.1633278e+01   2.8897073e+00  -1.1943276e+01
   8.3750000e-01   2.1526473e+01   4.1989909e-01   2.1581416e+01   3.2304219e+00  -1.2563519e+01
   8.4250000e-01   2.1480400e+01   4.5395069e-01   2.1525286e+01   3.5868097e+00  -1.3168343e+01
   8.4750000e-01   2.1431344e+01   4.8909372e-01   2.1464697e+01   3.9581178e+00  -1.3756933e+01
   8.5250000e-01   2.1379282e+01   5.2529387e-01   2.1399459e+01   4.3435454e+00  -1.4328264e+01
   8.5750000e-01   2.1324200e+01   5.6249389e-01   2.1329389e+01   4.7422447e+00  -1.4881099e+01
   8.6250000e-01   2.1266090e+01   6.0061239e-01   2.1254319e+01   5.1533227e+00  -1.5414002e+01
   8.6750000e-01   2.1204955e+01   6.3954338e-01   2.1174094e+01   5.5758444e+00  -1.5925379e+01
   8.7250000e-01   2.1140806e+01   6.7915640e-01   2.1088587e+01   6.0088363e+00  -1.6413530e+01
   8.7750000e-01   2.1073660e+01   7.1929738e-01   2.0997695e+01   6.4512912e+00  -1.6876714e+01
   8.8250000e-01   2.1003543e+01   7.5979023e-01   2.0901350e+01   6.9021742e+00  -1.7313211e+01
   8.8750000e-01   2.0930488e+01   8.0043897e-01   2.0799522e+01   7.3604289e+00  -1.7721389e+01
   8.9250000e-01   2.0854531e+01   8.4103054e-01   2.0692220e+01   7.8249852e+00  -1.8099757e+01
   8.9750000e-01   2.0775715e+01   8.8133807e-01   2.0579497e+01   8.2947671e+00  -1.8447015e+01
   9.0250000e-01   2.0694090e+01   9.2112449e-01   2.0461450e+01   8.7687011e+00  -1.8762086e+01
   9.0750000e-01   2.0609708e+01   9.6014641e-01   2.0338224e+01   9.2457247e+00  -1.9044135e+01
   9.1250000e-01   2.0522627e+01   9.9815823e-01   2.0210005e+01   9.7247949e+00  -1.9292577e+01
   9.1750000e-01   2.0432911e+01   1.0349161e+00   2.0077026e+01   1.0204897e+01  -1.9507075e+01
   9.2250000e-01   2.0340629e+01   1.0701819e+00   1.9939557e+01   1.0685051e+01  -1.9687525e+01
   9.2750000e-01   2.0245857e+01   1.1037271e+00   1.9797910e+01   1.1164322e+01  -1.9834042e+01
   9.3250000e-01   2.0148676e+01   1.1353359e+00   1.9652427e+01   1.1641820e+01  -1.9946931e+01
   9.3750000e-01   2.0049177e+01   1.1648087e+00   1.9503480e+01   1.2116715e+01  -2.0026664e+01
   9.4250000e-01   1.9947460e+01   1.1919643e+00   1.9351465e+01   1.2588230e+01  -2.0073851e+01
   9.4750000e-01   1.9843631e+01   1.2166425e+00   1.9196797e+01   1.3055655e+01  -2.0089217e+01
   9.5250000e-01   1.9737809e+01   1.2387054e+00   1.9039905e+01   1.3518341e+01  -2.0073569e+01
   9.5750000e-01   1.9630122e+01   1.2580388e+00   1.8881225e+01   1.3975706e+01  -2.0027780e+01
   9.6250000e-01   1.9520706e+01   1.2745527e+00   1.8721198e+01   1.4427233e+01  -1.9952768e+01
   9.6750000e-01   1.9409711e+01   1.2881815e+00   1.8560261e+01   1.4872468e+01  -1.9849478e+01
   9.7250000e-01   1.9297294e+01   1.2988842e+00   1.8398847e+01   1.5311022e+01  -1.9718866e+01
   9.7750000e-01   1.9183622e+01   1.3066434e+00   1.8237378e+01   1.5742564e+01  -1.9561899e+01
   9.8250000e-01   1.9068872e+01   1.3114643e+00   1.8076262e+01   1.6166819e+01  -1.9379538e+01
   9.8750000e-01   1.8953228e+01   1.3133740e+00   1.7915891e+01   1.6583568e+01  -1.9172744e+01
   9.9250000e-01   1.8836881e+01   1.3124197e+00   1.7756635e+01   1.6992637e+01  -1.8942477e+01
   9.9750000e-01   1.8720027e+01   1.3086672e+00   1.7598843e+01   1.7393897e+01  -1.8689694e+01
