   2.5000000e-03   2.1387362e+01   2.4652899e+00   1.9340706e+01   1.9728786e+01  -2.3878102e+01
   7.5000000e-03   2.0886457e+01   2.3743608e+00   1.8868635e+01   1.9839915e+01  -2.3377416e+01
   1.2500000e-02   2.0402631e+01   2.2835373e+00   1.8416311e+01   1.9941818e+01  -2.2867839e+01
   1.7500000e-02   1.9936005e+01   2.1932129e+00   1.7983414e+01   2.0035505e+01  -2.2350143e+01
   2.2500000e-02   1.9486615e+01   2.1037332e+00   1.7569568e+01   2.0121933e+01  -2.1825032e+01
   2.7500000e-02   1.9054415e+01   2.0153994e+00   1.7174353e+01   2.0201996e+01  -2.1293154e+01
   3.2500000e-02   1.8639292e+01   1.9284713e+00   1.6797308e+01   2.0276528e+01  -2.0755114e+01
   3.7500000e-02   1.8241073e+01   1.8431711e+00   1.6437943e+01   2.0346299e+01  -2.0211489e+01
   4.2500000e-02   1.7859530e+01   1.7596868e+00   1.6095743e+01   2.0412014e+01  -1.9662840e+01
   4.7500000e-02   1.7494391e+01   1.6781751e+00   1.5770172e+01   2.0474312e+01  -1.9109726e+01
   5.2500000e-02   1.7145343e+01   1.5987651e+00   1.5460683e+01   2.0533769e+01  -1.8552717e+01
   5.7500000e-02   1.6812041e+01   1.5215601e+00   1.5166717e+01   2.0590894e+01  -1.7992406e+01
   6.2500000e-02   1.6494113e+01   1.4466412e+00   1.4887710e+01   2.0646132e+01  -1.7429419e+01
   6.7500000e-02   1.6191165e+01   1.3740686e+00   1.4623096e+01   2.0699867e+01  -1.6864422e+01
   7.2500000e-02   1.5902784e+01   1.3038846e+00   1.4372306e+01   2.0752421e+01  -1.6298126e+01
   7.7500000e-02   1.5628545e+01   1.2361145e+00   1.4134780e+01   2.0804058e+01  -1.5731292e+01
   8.2500000e-02   1.5368014e+01   1.1707688e+00   1.3909959e+01   2.0854987e+01  -1.5164727e+01
   8.7500000e-02   1.5120748e+01   1.1078445e+00   1.3697296e+01   2.0905363e+01  -1.4599281e+01
   9.2500000e-02   1.4886303e+01   1.0473259e+00   1.3496253e+01   2.0955295e+01  -1.4035838e+01
   9.7500000e-02   1.4664233e+01   9.8918616e-01   1.3306306e+01   2.1004848e+01  -1.3475304e+01
   1.0250000e-01   1.4454095e+01   9.3338817e-01   1.3126946e+01   2.1054047e+01  -1.2918594e+01
   1.0750000e-01   1.4255449e+01   8.7988532e-01   1.2957681e+01   2.1102881e+01  -1.2366612e+01
   1.1250000e-01   1.4067860e+01   8.2862252e-01   1.2798037e+01   2.1151311e+01  -1.1820238e+01
   1.1750000e-01   1.3890902e+01   7.7953697e-01   1.2647560e+01   2.1199272e+01  -1.1280303e+01
   1.2250000e-01   1.3724155e+01   7.3255907e-01   1.2505818e+01   2.1246678e+01  -1.0747578e+01
   1.2750000e-01   1.3567212e+01   6.8761320e-01   1.2372399e+01   2.1293430e+01  -1.0222759e+01
   1.3250000e-01   1.3419677e+01   6.4461861e-01   1.2246916e+01   2.1339413e+01  -9.7064453e+00
   1.3750000e-01   1.3281165e+01   6.0349025e-01   1.2129003e+01   2.1384507e+01  -9.1991406e+00
   1.4250000e-01   1.3151306e+01   5.6413965e-01   1.2018318e+01   2.1428587e+01  -8.7012385e+00
   1.4750000e-01   1.3029744e+01   5.2647572e-01   1.1914540e+01   2.1471525e+01  -8.2130226e+00
   1.5250000e-01   1.2916137e+01   4.9040563e-01   1.1817373e+01   2.1513195e+01  -7.7346654e+00
   1.5750000e-01   1.2810162e+01   4.5583550e-01   1.1726540e+01   2.1553473e+01  -7.2662309e+00
   1.6250000e-01   1.2711509e+01   4.2267123e-01   1.1641787e+01   2.1592239e+01  -6.8076800e+00
   1.6750000e-01   1.2619888e+01   3.9081906e-01   1.1562879e+01   2.1629380e+01  -6.3588770e+00
   1.7250000e-01   1.2535025e+01   3.6018622e-01   1.1489600e+01   2.1664787e+01  -5.9195981e+00
   1.7750000e-01   1.2456662e+01   3.3068143e-01   1.1421756e+01   2.1698359e+01  -5.4895401e+00
   1.8250000e-01   1.2384560e+01   3.0221524e-01   1.1359165e+01   2.1730003e+01  -5.0683302e+00
   1.8750000e-01   1.2318499e+01   2.7470044e-01   1.1301666e+01   2.1759632e+01  -4.6555351e+00
   1.9250000e-01   1.2258274e+01   2.4805223e-01   1.1249112e+01   2.1787169e+01  -4.2506699e+00
   1.9750000e-01   1.2203698e+01   2.2218834e-01   1.1201369e+01   2.1812540e+01  -3.8532067e+00
   2.0250000e-01   1.2154602e+01   1.9702918e-01   1.1158321e+01   2.1835682e+01  -3.4625820e+00
   2.0750000e-01   1.2110834e+01   1.7249771e-01   1.1119862e+01   2.1856537e+01  -3.0782039e+00
   2.1250000e-01   1.2072256e+01   1.4851944e-01   1.1085899e+01   2.1875055e+01  -2.6994574e+00
   2.1750000e-01   1.2038750e+01   1.2502228e-01   1.1056352e+01   2.1891191e+01  -2.3257099e+00
   2.2250000e-01   1.2010209e+01   1.0193632e-01   1.1031151e+01   2.1904907e+01  -1.9563151e+00
   2.2750000e-01   1.1986547e+01   7.9193641e-02   1.1010238e+01   2.1916169e+01  -1.5906165e+00
   2.3250000e-01   1.1967689e+01   5.6728047e-02   1.0993565e+01   2.1924951e+01  -1.2279503e+00
   2.3750000e-01   1.1953577e+01   3.4474768e-02   1.0981093e+01   2.1931231e+01  -8.6764716e-01
   2.4250000e-01   1.1944166e+01   1.2370167e-02   1.0972794e+01   2.1934992e+01  -5.0903420e-01
   2.4750000e-01   1.1939429e+01  -9.6485785e-03   1.0968649e+01   2.1936223e+01  -1.5143621e-01
   2.5250000e-01   1.1939350e+01  -3.1643813e-02   1.0968649e+01   2.1934916e+01   2.0582331e-01
   2.5750000e-01   1.1943929e+01  -5.3677733e-02   1.0972794e+01   2.1931070e+01   5.6342129e-01
   2.6250000e-01   1.1953180e+01  -7.5812726e-02   1.0981093e+01   2.1924687e+01   9.2203425e-01
   2.6750000e-01   1.1967133e+01  -9.8111705e-02   1.0993565e+01   2.1915776e+01   1.2823374e+00
   2.7250000e-01   1.1985829e+01  -1.2063844e-01   1.1010238e+01   2.1904348e+01   1.6450036e+00
   2.7750000e-01   1.2009327e+01  -1.4345788e-01   1.1031151e+01   2.1890423e+01   2.0107022e+00
   2.8250000e-01   1.2037701e+01  -1.6663646e-01   1.1056352e+01   2.1874022e+01   2.3800970e+00
   2.8750000e-01   1.2071038e+01  -1.9024236e-01   1.1085899e+01   2.1855175e+01   2.7538445e+00
   2.9250000e-01   1.2109442e+01  -2.1434582e-01   1.1119862e+01   2.1833917e+01   3.1325910e+00
   2.9750000e-01   1.2153033e+01  -2.3901932e-01   1.1158321e+01   2.1810288e+01   3.5169691e+00
   3.0250000e-01   1.2201946e+01  -2.6433777e-01   1.1201370e+01   2.1784335e+01   3.9075938e+00
   3.0750000e-01   1.2256334e+01  -2.9037869e-01   1.1249112e+01   2.1756112e+01   4.3050570e+00
   3.1250000e-01   1.2316366e+01  -3.1722223e-01   1.1301666e+01   2.1725681e+01   4.7099222e+00
   3.1750000e-01   1.2382227e+01  -3.4495125e-01   1.1359165e+01   2.1693109e+01   5.1227173e+00
   3.2250000e-01   1.2454122e+01  -3.7365122e-01   1.1421756e+01   2.1658473e+01   5.5439272e+00
   3.2750000e-01   1.2532270e+01  -4.0341010e-01   1.1489600e+01   2.1621855e+01   5.9739852e+00
   3.3250000e-01   1.2616911e+01  -4.3431811e-01   1.1562879e+01   2.1583347e+01   6.4132641e+00
   3.3750000e-01   1.2708300e+01  -4.6646741e-01   1.1641787e+01   2.1543048e+01   6.8620671e+00
   3.4250000e-01   1.2806711e+01  -4.9995171e-01   1.1726540e+01   2.1501064e+01   7.3206180e+00
   3.4750000e-01   1.2912435e+01  -5.3486574e-01   1.1817373e+01   2.1457509e+01   7.7890524e+00
   3.5250000e-01   1.3025779e+01  -5.7130472e-01   1.1914540e+01   2.1412500e+01   8.2674097e+00
   3.5750000e-01   1.3147067e+01  -6.0936364e-01   1.2018318e+01   2.1366162e+01   8.7556256e+00
   3.6250000e-01   1.3276641e+01  -6.4913655e-01   1.2129003e+01   2.1318621e+01   9.2535276e+00
   3.6750000e-01   1.3414854e+01  -6.9071582e-01   1.2246916e+01   2.1270007e+01   9.7608324e+00
   3.7250000e-01   1.3562078e+01  -7.3419127e-01   1.2372399e+01   2.1220447e+01   1.0277146e+01
   3.7750000e-01   1.3718695e+01  -7.7964935e-01   1.2505818e+01   2.1170063e+01   1.0801965e+01
   3.8250000e-01   1.3885102e+01  -8.2717228e-01   1.2647560e+01   2.1118971e+01   1.1334690e+01
   3.8750000e-01   1.4061707e+01  -8.7683720e-01   1.2798037e+01   2.1067277e+01   1.1874625e+01
   3.9250000e-01   1.4248926e+01  -9.2871528e-01   1.2957681e+01   2.1015070e+01   1.2420999e+01
   3.9750000e-01   1.4447188e+01  -9.8287093e-01   1.3126946e+01   2.0962419e+01   1.2972981e+01
   4.0250000e-01   1.4656926e+01  -1.0393609e+00   1.3306306e+01   2.0909369e+01   1.3529691e+01
   4.0750000e-01   1.4878579e+01  -1.0982335e+00   1.3496253e+01   2.0855934e+01   1.4090225e+01
   4.1250000e-01   1.5112592e+01  -1.1595275e+00   1.3697296e+01   2.0802096e+01   1.4653668e+01
   4.1750000e-01   1.5359409e+01  -1.2232717e+00   1.3909959e+01   2.0747794e+01   1.5219114e+01
   4.2250000e-01   1.5619476e+01  -1.2894832e+00   1.4134780e+01   2.0692927e+01   1.5785679e+01
   4.2750000e-01   1.5893234e+01  -1.3581670e+00   1.4372306e+01   2.0637342e+01   1.6352513e+01
   4.3250000e-01   1.6181117e+01  -1.4293144e+00   1.4623096e+01   2.0580835e+01   1.6918809e+01
   4.3750000e-01   1.6483553e+01  -1.5029018e+00   1.4887710e+01   2.0523147e+01   1.7483806e+01
   4.4250000e-01   1.6800952e+01  -1.5788886e+00   1.5166717e+01   2.0463960e+01   1.8046793e+01
   4.4750000e-01   1.7133711e+01  -1.6572163e+00   1.5460683e+01   2.0402894e+01   1.8607104e+01
   4.5250000e-01   1.7482202e+01  -1.7378057e+00   1.5770172e+01   2.0339508e+01   1.9164113e+01
   4.5750000e-01   1.7846771e+01  -1.8205547e+00   1.6095743e+01   2.0273296e+01   1.9717227e+01
   4.6250000e-01   1.8227732e+01  -1.9053362e+00   1.6437943e+01   2.0203685e+01   2.0265876e+01
   4.6750000e-01   1.8625358e+01  -1.9919947e+00   1.6797308e+01   2.0130038e+01   2.0809501e+01
   4.7250000e-01   1.9039878e+01  -2.0803437e+00   1.7174353e+01   2.0051655e+01   2.1347541e+01
   4.7750000e-01   1.9471467e+01  -2.1701622e+00   1.7569568e+01   1.9967768e+01   2.1879419e+01
   4.8250000e-01   1.9920242e+01  -2.2611914e+00   1.7983414e+01   1.9877548e+01   2.2404529e+01
   4.8750000e-01   2.0386249e+01  -2.3531311e+00   1.8416311e+01   1.9780102e+01   2.2922226e+01
   4.9250000e-01   2.0869456e+01  -2.4456365e+00   1.8868635e+01   1.9674480e+01   2.3431803e+01
   4.9750000e-01   2.1369744e+01  -2.5383142e+00   1.9340706e+01   1.9559677e+01   2.3932489e+01
   5.0250000e-01   2.1886902e+01  -2.6307198e+00   1.9832780e+01   1.9434634e+01   2.4423427e+01
   5.0750000e-01   2.2420608e+01  -2.7223542e+00   2.0345034e+01   1.9298246e+01   2.4903670e+01
   5.1250000e-01   2.2970428e+01  -2.8126618e+00   2.0877557e+01   1.9149369e+01   2.5372161e+01
   5.1750000e-01   2.3535803e+01  -2.9010287e+00   2.1430336e+01   1.8986826e+01   2.5827729e+01
   5.2250000e-01   2.4116042e+01  -2.9867819e+00   2.2003238e+01   1.8809416e+01   2.6269075e+01
   5.2750000e-01   2.4710310e+01  -3.0691898e+00   2.2596002e+01   1.8615925e+01   2.6694764e+01
   5.3250000e-01   2.5317627e+01  -3.1474644e+00   2.3208212e+01   1.8405139e+01   2.7103216e+01
   5.3750000e-01   2.5936856e+01  -3.2207642e+00   2.3839292e+01   1.8175858e+01   2.7492699e+01
   5.4250000e-01   2.6566706e+01  -3.2882001e+00   2.4488478e+01   1.7926913e+01   2.7861324e+01
   5.4750000e-01   2.7205722e+01  -3.3488433e+00   2.5154810e+01   1.7657184e+01   2.8207038e+01
   5.5250000e-01   2.7852293e+01  -3.4017347e+00   2.5837107e+01   1.7365620e+01   2.8527625e+01
   5.5750000e-01   2.8504655e+01  -3.4458987e+00   2.6533961e+01   1.7051266e+01   2.8820706e+01
   5.6250000e-01   2.9160892e+01  -3.4803576e+00   2.7243717e+01   1.6713283e+01   2.9083740e+01
   5.6750000e-01   2.9818954e+01  -3.5041509e+00   2.7964467e+01   1.6350976e+01   2.9314035e+01
   5.7250000e-01   3.0476665e+01  -3.5163560e+00   2.8694041e+01   1.5963824e+01   2.9508758e+01
   5.7750000e-01   3.1131749e+01  -3.5161118e+00   2.9430008e+01   1.5551509e+01   2.9664953e+01
   5.8250000e-01   3.1781845e+01  -3.5026452e+00   3.0169676e+01   1.5113940e+01   2.9779555e+01
   5.8750000e-01   3.2424537e+01  -3.4752983e+00   3.0910107e+01   1.4651286e+01   2.9849423e+01
   5.9250000e-01   3.3057385e+01  -3.4335586e+00   3.1648132e+01   1.4164001e+01   2.9871360e+01
   5.9750000e-01   3.3677960e+01  -3.3770882e+00   3.2380380e+01   1.3652848e+01   2.9842141e+01
   6.0250000e-01   3.4283879e+01  -3.3057535e+00   3.3103312e+01   1.3118916e+01   2.9758540e+01
   6.0750000e-01   3.4872848e+01  -3.2196539e+00   3.3813268e+01   1.2563636e+01   2.9617349e+01
   6.1250000e-01   3.5442698e+01  -3.1191471e+00   3.4506522e+01   1.1988790e+01   2.9415395e+01
   6.1750000e-01   3.5991434e+01  -3.0048712e+00   3.5179347e+01   1.1396511e+01   2.9149544e+01
   6.2250000e-01   3.6517268e+01  -2.8777605e+00   3.5828094e+01   1.0789270e+01   2.8816709e+01
   6.2750000e-01   3.7018656e+01  -2.7390529e+00   3.6449273e+01   1.0169868e+01   2.8413857e+01
   6.3250000e-01   3.7494328e+01  -2.5902881e+00   3.7039648e+01   9.5414000e+00   2.7938027e+01
   6.3750000e-01   3.7943303e+01  -2.4332910e+00   3.7596333e+01   8.9072223e+00   2.7386385e+01
   6.4250000e-01   3.8364902e+01  -2.2701407e+00   3.8116895e+01   8.2709057e+00   2.6756334e+01
   6.4750000e-01   3.8758739e+01  -2.1031203e+00   3.8599449e+01   7.6361780e+00   2.6045700e+01
   6.5250000e-01   3.9124709e+01  -1.9346487e+00   3.9042741e+01   7.0068613e+00   2.5253034e+01
   6.5750000e-01   3.9462959e+01  -1.7671933e+00   3.9446217e+01   6.3868009e+00   2.4378021e+01
   6.6250000e-01   3.9773859e+01  -1.6031685e+00   3.9810062e+01   5.7797932e+00   2.3421993e+01
   6.6750000e-01   4.0057969e+01  -1.4448250e+00   4.0135193e+01   5.1895133e+00   2.2388456e+01
   6.7250000e-01   4.0316017e+01  -1.2941396e+00   4.0423215e+01   4.6194477e+00   2.1283475e+01
   6.7750000e-01   4.0548875e+01  -1.1527149e+00   4.0676321e+01   4.0728366e+00   2.0115672e+01
   6.8250000e-01   4.0757558e+01  -1.0217015e+00   4.0897156e+01   3.5526300e+00   1.8895639e+01
   6.8750000e-01   4.0943216e+01  -9.0175125e-01   4.1088647e+01   3.0614599e+00   1.7634668e+01
   6.9250000e-01   4.1107132e+01  -7.9301192e-01   4.1253818e+01   2.6016297e+00   1.6343039e+01
   6.9750000e-01   4.1250705e+01  -6.9516371e-01   4.1395634e+01   2.1751210e+00   1.5028403e+01
   7.0250000e-01   4.1375413e+01  -6.0749690e-01   4.1516859e+01   1.7836132e+00   1.3694866e+01
   7.0750000e-01   4.1482765e+01  -5.2901794e-01   4.1619967e+01   1.4285144e+00   1.2343151e+01
   7.1250000e-01   4.1574238e+01  -4.5856646e-01   4.1707093e+01   1.1109950e+00   1.0971720e+01
   7.1750000e-01   4.1651216e+01  -3.9492365e-01   4.1780024e+01   8.3202137e-01   9.5783310e+00
   7.2250000e-01   4.1714941e+01  -3.3689668e-01   4.1840215e+01   5.9238594e-01   8.1614312e+00
   7.2750000e-01   4.1766481e+01  -2.8337238e-01   4.1888821e+01   3.9273052e-01   6.7209988e+00
   7.3250000e-01   4.1806719e+01  -2.3334153e-01   4.1926736e+01   2.3356472e-01   5.2587833e+00
   7.3750000e-01   4.1836347e+01  -1.8590024e-01   4.1954628e+01   1.1527932e-01   3.7781151e+00
   7.4250000e-01   4.1855875e+01  -1.4023606e-01   4.1972971e+01   3.8155841e-02   2.2835139e+00
   7.4750000e-01   4.1865636e+01  -9.5605546e-02   4.1982069e+01   2.3733734e-03   7.8027466e-01
   7.5250000e-01   4.1865797e+01  -5.1307678e-02   4.1982069e+01   8.0130178e-03  -7.2588767e-01
   7.5750000e-01   4.1856360e+01  -6.6556854e-03   4.1972971e+01   5.5060425e-02  -2.2291269e+00
   7.6250000e-01   4.1837165e+01   3.9051523e-02   4.1954628e+01   1.4340634e-01  -3.7237281e+00
   7.6750000e-01   4.1807882e+01   8.6557571e-02   4.1926736e+01   2.7284503e-01  -5.2043964e+00
   7.7250000e-01   4.1768009e+01   1.3667525e-01   4.1888821e+01   4.4307009e-01  -6.6666118e+00
   7.7750000e-01   4.1716860e+01   1.9030911e-01   4.1840215e+01   6.5366719e-01  -8.1070442e+00
   7.8250000e-01   4.1653560e+01   2.4846955e-01   4.1780024e+01   9.0410312e-01  -9.5239440e+00
   7.8750000e-01   4.1577046e+01   3.1227176e-01   4.1707093e+01   1.1937106e+00  -1.0917333e+01
   7.9250000e-01   4.1486083e+01   3.8291187e-01   4.1619967e+01   1.5216687e+00  -1.2288764e+01
   7.9750000e-01   4.1379295e+01   4.6161371e-01   4.1516859e+01   1.8869789e+00  -1.3640479e+01
   8.0250000e-01   4.1255208e+01   5.4954467e-01   4.1395634e+01   2.2884371e+00  -1.4974016e+01
   8.0750000e-01   4.1112320e+01   6.4770749e-01   4.1253818e+01   2.7246025e+00  -1.6288652e+01
   8.1250000e-01   4.0949150e+01   7.5682296e-01   4.1088646e+01   3.1937645e+00  -1.7580281e+01
   8.1750000e-01   4.0764302e+01   8.7722330e-01   4.0897156e+01   3.6939124e+00  -1.8841253e+01
   8.2250000e-01   4.0556490e+01   1.0087740e+00   4.0676321e+01   4.2227134e+00  -2.0061285e+01
   8.2750000e-01   4.0324557e+01   1.1508359e+00   4.0423215e+01   4.7775041e+00  -2.1229088e+01
   8.3250000e-01   4.0067484e+01   1.3022705e+00   4.0135193e+01   5.3553005e+00  -2.2334069e+01
   8.3750000e-01   3.9784389e+01   1.4614854e+00   3.9810062e+01   5.9528273e+00  -2.3367606e+01
   8.4250000e-01   3.9474536e+01   1.6265123e+00   3.9446217e+01   6.5665647e+00  -2.4323634e+01
   8.4750000e-01   3.9137354e+01   1.7951062e+00   3.9042741e+01   7.1928089e+00  -2.5198647e+01
   8.5250000e-01   3.8772460e+01   1.9648560e+00   3.8599449e+01   7.8277420e+00  -2.5991313e+01
   8.5750000e-01   3.8379695e+01   2.1332948e+00   3.8116895e+01   8.4675048e+00  -2.6701947e+01
   8.6250000e-01   3.7959150e+01   2.2980018e+00   3.7596333e+01   9.1082703e+00  -2.7331998e+01
   8.6750000e-01   3.7511199e+01   2.4566893e+00   3.7039648e+01   9.7463128e+00  -2.7883640e+01
   8.7250000e-01   3.7036509e+01   2.6072722e+00   3.6449273e+01   1.0378071e+01  -2.8359470e+01
   8.7750000e-01   3.6536047e+01   2.7479171e+00   3.5828094e+01   1.1000204e+01  -2.8762322e+01
   8.8250000e-01   3.6011075e+01   2.8770751e+00   3.5179347e+01   1.1609635e+01  -2.9095157e+01
   8.8750000e-01   3.5463127e+01   2.9934972e+00   3.4506522e+01   1.2203587e+01  -2.9361008e+01
   8.9250000e-01   3.4893984e+01   3.0962379e+00   3.3813268e+01   1.2779613e+01  -2.9562963e+01
   8.9750000e-01   3.4305636e+01   3.1846471e+00   3.3103312e+01   1.3335609e+01  -2.9704153e+01
   9.0250000e-01   3.3700247e+01   3.2583547e+00   3.2380380e+01   1.3869819e+01  -2.9787754e+01
   9.0750000e-01   3.3080109e+01   3.3172491e+00   3.1648132e+01   1.4380842e+01  -2.9816973e+01
   9.1250000e-01   3.2447605e+01   3.3614517e+00   3.0910107e+01   1.4867616e+01  -2.9795036e+01
   9.1750000e-01   3.1805164e+01   3.3912885e+00   3.0169676e+01   1.5329407e+01  -2.9725168e+01
   9.2250000e-01   3.1155229e+01   3.4072610e+00   2.9430008e+01   1.5765789e+01  -2.9610566e+01
   9.2750000e-01   3.0500217e+01   3.4100160e+00   2.8694041e+01   1.6176620e+01  -2.9454372e+01
   9.3250000e-01   2.9842493e+01   3.4003169e+00   2.7964467e+01   1.6562015e+01  -2.9259648e+01
   9.3750000e-01   2.9184341e+01   3.3790153e+00   2.7243717e+01   1.6922319e+01  -2.9029353e+01
   9.4250000e-01   2.8527938e+01   3.3470254e+00   2.6533961e+01   1.7258076e+01  -2.8766319e+01
   9.4750000e-01   2.7875343e+01   3.3053003e+00   2.5837107e+01   1.7570001e+01  -2.8473239e+01
   9.5250000e-01   2.7228474e+01   3.2548104e+00   2.5154810e+01   1.7858954e+01  -2.8152651e+01
   9.5750000e-01   2.6589104e+01   3.1965257e+00   2.4488478e+01   1.8125911e+01  -2.7806937e+01
   9.6250000e-01   2.5958851e+01   3.1313998e+00   2.3839292e+01   1.8371937e+01  -2.7438313e+01
   9.6750000e-01   2.5339173e+01   3.0603573e+00   2.3208212e+01   1.8598170e+01  -2.7048829e+01
   9.7250000e-01   2.4731369e+01   2.9842834e+00   2.2596002e+01   1.8805793e+01  -2.6640377e+01
   9.7750000e-01   2.4136580e+01   2.9040163e+00   2.2003238e+01   1.8996019e+01  -2.6214688e+01
   9.8250000e-01   2.3555793e+01   2.8203419e+00   2.1430336e+01   1.9170073e+01  -2.5773342e+01
   9.8750000e-01   2.2989847e+01   2.7339897e+00   2.0877557e+01   1.9329181e+01  -2.5317774e+01
   9.9250000e-01   2.2439439e+01   2.6456313e+00   2.0345034e+01   1.9474550e+01  -2.4849283e+01
   9.9750000e-01   2.1905131e+01   2.5558797e+00   1.9832780e+01   1.9607368e+01  -2.4369040e+01
