0.00252524 32.10944044 7.26142925 81.16729421 -11.18514803 
0.00757574 30.63582429 6.99435412 80.21029616 -11.06854038 
0.01262624 29.18381705 6.71954509 79.23600659 -10.97140020 
0.01767674 27.75682761 6.43869226 78.24651662 -10.84804684 
0.02272722 26.35808084 6.15347591 77.24155936 -10.70814321 
0.02777772 24.99060649 5.86554489 76.22089084 -10.55158529 
0.03282821 23.65721947 5.57649720 75.18684659 -10.38480114 
0.03787872 22.36049869 5.28786854 74.14093583 -10.20638683 
0.04292921 21.10277121 5.00112091 73.08419518 -10.01594736 
0.04797971 19.88610049 4.71763047 72.01796103 -9.81455153 
0.05303020 18.71227669 4.43867702 70.94382518 -9.60309161 
0.05808070 17.58280963 4.16543535 69.86339105 -9.38222549 
0.06313120 16.49892496 3.89896837 68.77832620 -9.15247491 
0.06818170 15.46156362 3.64022163 67.69038094 -8.91468867 
0.07323219 14.47138440 3.39001968 66.60141763 -8.66947962 
0.07828270 13.52876947 3.14906419 65.51335439 -8.41770338 
0.08333319 12.63383292 2.91793384 64.42820366 -8.15992418 
0.08838370 11.78643199 2.69708580 63.34802910 -7.89703392 
0.09343420 10.98618096 2.48685892 62.27498291 -7.62956593 
0.09848470 10.23246714 2.28747828 61.21125393 -7.35841993 
0.10353520 9.52446891 2.09906119 60.15910444 -7.08407519 
0.10858571 8.86117532 1.92162420 59.12081625 -6.80742470 
0.11363621 8.24140686 1.75509126 58.09872418 -6.52888448 
0.11868671 7.66383704 1.59930255 57.09515925 -6.24932326 
0.12373722 7.12701442 1.45402385 56.11247679 -5.96908631 
0.12878773 6.62938459 1.31895634 55.15299775 -5.68900502 
0.13383823 6.16931176 1.19374648 54.21902930 -5.40935440 
0.13888874 5.74509963 1.07799580 53.31280513 -5.13092151 
0.14393925 5.35501119 0.97127039 52.43649736 -4.85392110 
0.14898976 4.99728717 0.87310985 51.59215810 -4.57909766 
0.15404027 4.67016295 0.78303560 50.78172392 -4.30662623 
0.15909078 4.37188378 0.70055825 50.00696314 -4.03721805 
0.16414129 4.10071833 0.62518392 49.26947749 -3.77103405 
0.16919180 3.85497046 0.55641951 48.57066255 -3.50875862 
0.17424232 3.63298958 0.49377673 47.91171376 -3.25055083 
0.17929282 3.43317968 0.43677501 47.29360738 -2.99704590 
0.18434334 3.25400743 0.38494354 46.71711646 -2.74836821 
0.18939385 3.09400977 0.33782249 46.18281427 -2.50502280 
0.19444437 2.95180121 0.29496390 45.69109852 -2.26700334 
0.19949488 2.82608116 0.25593250 45.24221082 -2.03455418 
0.20454540 2.71564116 0.22030664 44.83626186 -1.80742506 
0.20959591 2.61937184 0.18767951 44.47325756 -1.58550247 
0.21464643 2.53626903 0.15766041 44.15312030 -1.36826289 
0.21969694 2.46543871 0.12987593 43.87571715 -1.15526040 
0.22474747 2.40610018 0.10397073 43.64087707 -0.94579624 
0.22979798 2.35758747 0.07960752 43.44841827 -0.73922059 
0.23484850 2.31934915 0.05646622 43.29816105 -0.53480765 
0.23989901 2.29094689 0.03424215 43.18994969 -0.33182840 
0.24494953 2.27205330 0.01264342 43.12365989 -0.12962552 
0.25000004 2.26244977 -0.00861246 43.09921119 0.07255982 
0.25505057 2.26202467 -0.02980239 43.11657014 0.27530314 
0.26010108 2.27077223 -0.05120189 43.17575166 0.47940943 
0.26515160 2.28879253 -0.07308935 43.27682036 0.68540451 
0.27020211 2.31629230 -0.09575025 43.41987936 0.89416941 
0.27525263 2.35358658 -0.11948104 43.60507121 1.10619905 
0.28030314 2.40110081 -0.14459256 43.83255202 1.32243554 
0.28535366 2.45937283 -0.17141273 44.10249324 1.54329620 
0.29040417 2.52905427 -0.20028844 44.41504065 1.76968762 
0.29545469 2.61091080 -0.23158642 44.77031991 2.00182792 
0.30050520 2.70582075 -0.26569327 45.16838266 2.24043910 
0.30555572 2.81477200 -0.30301471 45.60921924 2.48541416 
0.31060623 2.93885719 -0.34397432 46.09269354 2.73719127 
0.31565675 3.07926763 -0.38901215 46.61856426 2.99531442 
0.32070725 3.23728647 -0.43858341 47.18641040 3.25996542 
0.32575777 3.41428147 -0.49315739 47.79566373 3.53043712 
0.33080828 3.61169777 -0.55321656 48.44553178 3.80676643 
0.33585879 3.83105063 -0.61925553 49.13504863 4.08812623 
0.34090930 4.07391789 -0.69177973 49.86300480 4.37450345 
0.34595981 4.34193206 -0.77130336 50.62802053 4.66503296 
0.35101031 4.63677140 -0.85834634 51.42848642 4.95968404 
0.35606082 4.96014985 -0.95343023 52.26265506 5.25757673 
0.36111133 5.31380543 -1.05707286 53.12858910 5.55865023 
0.36616183 5.69948711 -1.16978194 54.02426169 5.86200401 
0.37121234 6.11893985 -1.29204745 54.94750681 6.16752161 
0.37626284 6.57388811 -1.42433327 55.89611938 6.47427290 
0.38131335 7.06601778 -1.56706793 56.86780500 6.78206536 
0.38636385 7.59695672 -1.72063497 57.86027358 7.08993754 
0.39141435 8.16825435 -1.88536281 58.87118865 7.39761122 
0.39646485 8.78136038 -2.06151458 59.89825128 7.70410026 
0.40151535 9.43760317 -2.24927810 60.93915095 8.00904099 
0.40656585 10.13816805 -2.44875607 61.99163820 8.31143545 
0.41161635 10.88407595 -2.65995689 63.05347946 8.61084209 
0.41666685 11.67616288 -2.88278623 64.12251777 8.90626714 
0.42171735 12.51506044 -3.11703956 65.19663371 9.19720364 
0.42676784 13.40117792 -3.36239583 66.27379395 9.48267876 
0.43181834 14.33468626 -3.61841254 67.35201962 9.76213541 
0.43686883 15.31550411 -3.88452222 68.42942279 10.03463756 
0.44191933 16.34328651 -4.16003062 69.50418309 10.29959446 
0.44696982 17.41741607 -4.44411647 70.57457253 10.55612125 
0.45202032 18.53699713 -4.73583316 71.63894056 10.80360835 
0.45707081 19.70085289 -5.03411208 72.69572739 11.04124192 
0.46212131 20.90752561 -5.33776783 73.74346116 11.26838076 
0.46717180 22.15527983 -5.64550514 74.78074608 11.48440302 
0.47222230 23.44210871 -5.95592747 75.80633442 11.68826430 
0.47727278 24.76574327 -6.26754707 76.81885320 11.88098588 
0.48232328 26.12366450 -6.57879645 77.81795531 12.05607019 
0.48737375 27.51311841 -6.88804088 78.79355296 12.25127141 
0.49242426 28.93113416 -7.19359182 79.76490839 12.38379673 
0.49747475 30.37454639 -7.49372022 80.71693414 12.51469052 
0.50252525 31.84001451 -7.78667877 81.65204079 12.62514763 
0.50757573 33.32403329 -8.07072409 82.56369209 12.73903881 
0.51262623 34.82296034 -8.34411966 83.45857699 12.82632752 
0.51767672 36.33305443 -8.60514468 84.33313957 12.90003406 
0.52272722 37.85050199 -8.85211728 85.18744428 12.95638308 
0.52777770 39.37143726 -9.08341736 86.02085989 12.99597820 
0.53282820 40.89196517 -9.29750148 86.83300629 13.01837023 
0.53787869 42.40818957 -9.49291410 87.62351747 13.02336653 
0.54292919 43.91624013 -9.66830076 88.39208342 13.01084510 
0.54797968 45.41229743 -9.82242077 89.13845608 12.98060873 
0.55303018 46.89261736 -9.95415857 89.86241943 12.93265776 
0.55808067 48.35355429 -10.06253385 90.56382371 12.86684118 
0.56313117 49.79158311 -10.14671023 91.24253866 12.78327173 
0.56818166 51.20331981 -10.20600261 91.89850253 12.68184377 
0.57323216 52.58554053 -10.23988288 92.53166139 12.56278401 
0.57828265 53.93519911 -10.24798428 93.14203227 12.42602752 
0.58333316 55.24944285 -10.23010420 93.72962885 12.27191372 
0.58838365 56.52562670 -10.18620542 94.29453833 12.10041136 
0.59343415 57.76132559 -10.11641607 94.83683417 11.91196484 
0.59848465 58.95434515 -10.02102806 95.35666609 11.70656432 
0.60353515 60.10273049 -9.90049439 95.85416129 11.48474140 
0.60858565 61.20477346 -9.75542522 96.32952673 11.24648668 
0.61363616 62.25901795 -9.58658296 96.78294144 10.99238861 
0.61868666 63.26426352 -9.39487654 97.21467004 10.72240822 
0.62373716 64.21956722 -9.18135496 97.62494975 10.43715136 
0.62878767 65.12424354 -8.94720033 98.01411416 10.13651970 
0.63383817 65.97786242 -8.69372043 98.38247889 9.82110546 
0.63888868 66.78024536 -8.42234089 98.73047388 9.49074887 
0.64393918 67.53145942 -8.13459669 99.05853066 9.14604555 
0.64898969 68.23180940 -7.83212294 99.36721899 8.78685117 
0.65404020 68.88182819 -7.51664406 99.65713517 8.41389113 
0.65909071 69.48226581 -7.18996088 99.92903381 8.02725659 
0.66414122 70.03407790 -6.85393435 100.18371044 7.62809554 
0.66919173 70.53841473 -6.51046475 100.42211246 7.21712998 
0.67424224 70.99661226 -6.16146511 100.64520285 6.79637453 
0.67929276 71.41018717 -5.80882764 100.85403111 6.36766097 
0.68434326 71.78083746 -5.45438269 101.04956667 5.93427091 
0.68939378 72.11044968 -5.09985047 101.23272268 5.49939069 
0.69444429 72.40111160 -4.74678701 101.40417212 5.06749383 
0.69949481 72.65512566 -4.39652737 101.56435607 4.64264139 
0.70454532 72.87501316 -4.05013091 101.71334084 4.22952061 
0.70959584 73.06349504 -3.70833597 101.85088067 3.83167475 
0.71464635 73.22343457 -3.37153398 101.97638025 3.45235227 
0.71969687 73.35773660 -3.03977414 102.08904041 3.09298934 
0.72474738 73.46921525 -2.71280536 102.18790456 2.75414613 
0.72979790 73.56045852 -2.39014935 102.27202036 2.43448248 
0.73484841 73.63372147 -2.07118578 102.34048665 2.13180909 
0.73989893 73.69086600 -1.75522668 102.39256229 1.84248607 
0.74494944 73.73334568 -1.44156670 102.42767750 1.56239816 
0.74999997 73.76222042 -1.12950824 102.44548691 1.28662247 
0.75505048 73.77818328 -0.81836831 102.44586055 1.01019300 
0.76010100 73.78158536 -0.50747489 102.42890348 0.72798584 
0.76515151 73.77245063 -0.19615858 102.39494118 0.43525282 
0.77020203 73.75047677 0.11625733 102.34451322 0.12773786 
0.77525254 73.71502203 0.43046572 102.27834534 -0.19800941 
0.78030307 73.66508117 0.74718045 102.19730264 -0.54430429 
0.78535358 73.59925822 1.06713145 102.10232522 -0.91228903 
0.79040410 73.51574908 1.39104229 101.99432701 -1.30152195 
0.79545461 73.41235172 1.71958265 101.87409699 -1.71037369 
0.80050513 73.28651953 2.05329519 101.74218186 -2.13571835 
0.80555564 73.13546196 2.39250872 101.59881999 -2.57383802 
0.81060616 72.95627673 2.73726022 101.44389323 -3.02017765 
0.81565667 72.74608321 3.08724651 101.27695808 -3.47052254 
0.82070718 72.50212743 3.44181368 101.09728918 -3.92053352 
0.82575769 72.22184460 3.79997904 100.90397686 -4.36688297 
0.83080821 71.90288280 4.16047446 100.69599958 -4.80641357 
0.83585872 71.54310158 4.52180043 100.47231614 -5.23715625 
0.84090923 71.14056005 4.88228317 100.23191141 -5.65720385 
0.84595974 70.69350481 5.24012933 99.97384951 -6.06569872 
0.85101025 70.20036287 5.59347513 99.69728259 -6.46158286 
0.85606076 69.65974113 5.94042832 99.40146966 -6.84463294 
0.86111127 69.07043144 6.27910243 99.08576241 -7.21419815 
0.86616177 68.43141970 6.60764403 98.74960619 -7.57029699 
0.87121228 67.74189712 6.92425388 98.39251872 -7.91239516 
0.87626278 67.00127204 7.22720356 98.01408626 -8.24053502 
0.88131329 66.20918136 7.51484851 97.61394476 -8.55417377 
0.88636379 65.36550052 7.78563895 97.19177763 -8.85330177 
0.89141430 64.47035183 8.03812912 96.74730248 -9.13735124 
0.89646480 63.52411088 8.27098586 96.28027220 -9.40626290 
0.90151530 62.52741086 8.48299641 95.79046673 -9.65947545 
0.90656581 61.48114499 8.67307601 95.27769677 -9.89690937 
0.91161631 60.38646691 8.84027491 94.74179868 -10.11804940 
0.91666681 59.24478935 8.98378500 94.18264035 -10.32282592 
0.92171731 58.05778083 9.10294577 93.60011812 -10.51080170 
0.92676781 56.82736063 9.19724945 92.99416170 -10.68193519 
0.93181830 55.55569200 9.26634525 92.36473019 -10.83588174 
0.93686881 54.24517354 9.31004242 91.71182399 -10.97264776 
0.94191930 52.89842885 9.32831212 91.03548677 -11.09200519 
0.94696980 51.51829430 9.32128800 90.33579374 -11.19398288 
0.95202029 50.10780519 9.28926534 89.61283133 -11.27842053 
0.95707079 48.67018007 9.23269863 88.86677755 -11.34546412 
0.96212128 47.20880338 9.15219764 88.09794694 -11.39531323 
0.96717179 45.72720595 9.04852243 87.30660867 -11.42751251 
0.97222228 44.22904454 8.92257762 86.49249356 -11.44304550 
0.97727278 42.71808173 8.77539991 85.65685468 -11.43761509 
0.98148151 41.19815993 8.60816100 84.94352738 -11.45060879 
0.98484852 39.67317771 8.42212390 84.36376556 -11.42115897 
0.98821551 38.14705236 8.21868918 83.77465265 -11.39007586 
0.99158250 36.62371986 7.99933923 83.17585928 -11.35510334 
0.99494952 35.10711333 7.76560739 82.56361805 -11.31019789 
0.99831651 33.60109844 7.51908365 81.94638843 -11.26542987 
