0.00252525 27.71374914 3.68199224 79.63797244 -5.45044007 
0.00757575 26.12556862 3.48471006 78.45938549 -5.36980396 
0.01262626 24.59581750 3.28989917 77.27257969 -5.28948193 
0.01767676 23.12584242 3.09840259 76.08176273 -5.19418552 
0.02272726 21.71655260 2.91093499 74.89068581 -5.15120086 
0.02777777 20.36844795 2.72825313 73.69281065 -5.04619537 
0.03282827 19.08177852 2.55101622 72.49455660 -4.95018517 
0.03787877 17.85649270 2.37975503 71.29698559 -4.84614540 
0.04292927 16.69223414 2.21491404 70.10163447 -4.73799020 
0.04797978 15.58837006 2.05685381 68.91006654 -4.62519163 
0.05303028 14.54401677 1.90585267 67.72396280 -4.50874652 
0.05808079 13.55806110 1.76210917 66.54495892 -4.38893777 
0.06313129 12.62918269 1.62574787 65.37467966 -4.26610076 
0.06818179 11.75587760 1.49682472 64.21475106 -4.14069137 
0.07323230 10.93648188 1.37533247 63.06679190 -4.01309097 
0.07828280 10.16919471 1.26120660 61.93239818 -3.88373218 
0.08333330 9.45210111 1.15433146 60.81314068 -3.75295095 
0.08838381 8.78319421 1.05454652 59.71055661 -3.62117448 
0.09343431 8.16039658 0.96165240 58.62614436 -3.48871891 
0.09848482 7.58158060 0.87541682 57.56135289 -3.35599158 
0.10353532 7.04458778 0.79558022 56.51757706 -3.22327527 
0.10858583 6.54724677 0.72186113 55.49614864 -3.09095104 
0.11363633 6.08739034 0.65396108 54.49833296 -2.95926178 
0.11868684 5.66287101 0.59156919 53.52532283 -2.82854905 
0.12373734 5.27157560 0.53436627 52.57823860 -2.69900234 
0.12878785 4.91143846 0.48202867 51.65812737 -2.57090609 
0.13383835 4.58045371 0.43423165 50.76596802 -2.44438013 
0.13888886 4.27668608 0.39065257 49.90267701 -2.31963252 
0.14393937 3.99828058 0.35097376 49.06911861 -2.19669967 
0.14898987 3.74347060 0.31488520 48.26611658 -2.07570104 
0.15404038 3.51058460 0.28208688 47.49446754 -1.95658818 
0.15909088 3.29805090 0.25229093 46.75495542 -1.83939533 
0.16414139 3.10440077 0.22522331 46.04836392 -1.72400504 
0.16919190 2.92826969 0.20062524 45.37548905 -1.61038571 
0.17424241 2.76839687 0.17825397 44.73714605 -1.49837906 
0.17929291 2.62362330 0.15788324 44.13417575 -1.38791358 
0.18434342 2.49288859 0.13930319 43.56744286 -1.27881854 
0.18939393 2.37522691 0.12231988 43.03783413 -1.17100313 
0.19444444 2.26976245 0.10675446 42.54624790 -1.06430294 
0.19949494 2.17570467 0.09244203 42.09358504 -0.95861697 
0.20454545 2.09234367 0.07923044 41.68073247 -0.85379376 
0.20959596 2.01904579 0.06697880 41.30855014 -0.74972057 
0.21464647 1.95524979 0.05555617 40.97785269 -0.64625680 
0.21969697 1.90046345 0.04484010 40.68939624 -0.54327098 
0.22474748 1.85426083 0.03471531 40.44386220 -0.44062817 
0.22979799 1.81627994 0.02507242 40.24184661 -0.33817155 
0.23484850 1.78622109 0.01580682 40.08384854 -0.23576859 
0.23989900 1.76384550 0.00681750 39.97026298 -0.13323488 
0.24494951 1.74897439 -0.00199386 39.90137449 -0.03044182 
0.25000002 1.74148830 -0.01072392 39.87735304 0.07281909 
0.25505053 1.74132672 -0.01946852 39.89825258 0.17666631 
0.26010104 1.74848784 -0.02832357 39.96400879 0.28132447 
0.26515155 1.76302860 -0.03738589 40.07444220 0.38689353 
0.27020205 1.78506477 -0.04675412 40.22925746 0.49360490 
0.27525256 1.81477143 -0.05652955 40.42805138 0.60153299 
0.28030307 1.85238349 -0.06681715 40.67031411 0.71090895 
0.28535358 1.89819667 -0.07772653 40.95544301 0.82177901 
0.29040408 1.95256874 -0.08937307 41.28274631 0.93437170 
0.29545459 2.01592122 -0.10187913 41.65146306 1.04870818 
0.30050510 2.08874162 -0.11537533 42.06076891 1.16501680 
0.30555561 2.17158610 -0.13000191 42.50980093 1.28330116 
0.31060611 2.26508284 -0.14591021 42.99766336 1.40379388 
0.31565662 2.36993580 -0.16326415 43.52345405 1.52648882 
0.32070713 2.48692907 -0.18224164 44.08626684 1.65162437 
0.32575763 2.61693141 -0.20303598 44.68521535 1.77918689 
0.33080814 2.76090101 -0.22585704 45.31942815 1.90941345 
0.33585865 2.91988996 -0.25093216 45.98806636 2.04227456 
0.34090915 3.09504832 -0.27850673 46.69030934 2.17798684 
0.34595966 3.28762726 -0.30884432 47.42536453 2.31648496 
0.35101016 3.49898109 -0.34222632 48.19244444 2.45793652 
0.35606067 3.73056773 -0.37895114 48.99077018 2.60221492 
0.36111117 3.98394757 -0.41933279 49.81954322 2.74941046 
0.36616168 4.26078047 -0.46369918 50.67794651 2.89931630 
0.37121218 4.56282101 -0.51238990 51.56511610 3.05192947 
0.37626269 4.89191202 -0.56575378 52.48014394 3.20695969 
0.38131319 5.24997648 -0.62414608 53.42205387 3.36431226 
0.38636370 5.63900808 -0.68792543 54.38980894 3.52362574 
0.39141420 6.06106043 -0.75745059 55.38229404 3.68472747 
0.39646470 6.51823506 -0.83307675 56.39832813 3.84720410 
0.40151521 7.01266825 -0.91515161 57.43665361 4.01082170 
0.40656571 7.54651673 -1.00401096 58.49595193 4.17513260 
0.41161621 8.12194217 -1.09997392 59.57483821 4.33985496 
0.41666672 8.74109444 -1.20333774 60.67187796 4.50451932 
0.42171722 9.40609383 -1.31437218 61.78558509 4.66880493 
0.42676772 10.11901187 -1.43331356 62.91443778 4.83222884 
0.43181823 10.88185129 -1.56035854 64.05687838 4.99443751 
0.43686873 11.69652483 -1.69565770 65.21132720 5.15494188 
0.44191923 12.56483332 -1.83930895 66.37618355 5.31335578 
0.44696973 13.48844305 -1.99135113 67.54983610 5.46920752 
0.45202024 14.46886285 -2.15175761 68.73066884 5.62200946 
0.45707074 15.50742080 -2.32043034 69.91705433 5.77155641 
0.46212124 16.60524089 -2.49719426 71.10743429 5.91634418 
0.46717174 17.76321947 -2.68179293 72.30005579 6.05972808 
0.47222224 18.98200075 -2.87388266 73.49421299 6.18775147 
0.47727274 20.26195079 -3.07302995 74.67996719 6.37333288 
0.48232324 21.60315252 -3.27867721 75.87273120 6.47700769 
0.48737374 23.00543797 -3.49016931 77.05980834 6.59160447 
0.49242425 24.46827049 -3.70684473 78.24185155 6.69515193 
0.49747475 25.99074371 -3.92790778 79.41690428 6.79288289 
0.50252525 27.57163982 -4.15243414 80.58366259 6.88288576 
0.50757575 29.20938537 -4.37941817 81.74067468 6.96547615 
0.51262626 30.90204281 -4.60777042 82.88664263 7.03902846 
0.51767676 32.64730609 -4.83632385 84.02007782 7.10737294 
0.52272726 34.44249718 -5.06383736 85.14069411 7.15561545 
0.52777776 36.28456366 -5.28900238 86.23648175 7.26720474 
0.53282826 38.17009694 -5.51042161 87.32512285 7.30202727 
0.53787876 40.09540849 -5.72661713 88.39461658 7.34288811 
0.54292926 42.05646408 -5.93617009 89.44588282 7.36984019 
0.54797976 44.04884855 -6.13764951 90.47736952 7.38775007 
0.55303027 46.06787930 -6.32956257 91.48816486 7.39513302 
0.55808077 48.10861208 -6.51042032 92.47724673 7.39214689 
0.56313127 50.16585652 -6.67875350 93.44366772 7.37861622 
0.56818177 52.23420484 -6.83312802 94.38652634 7.35440787 
0.57323228 54.30806227 -6.97215909 95.30496274 7.31949269 
0.57828278 56.38168088 -7.09452589 96.19817549 7.27376079 
0.58333328 58.44919527 -7.19898648 97.06540308 7.21725665 
0.58838379 60.50466008 -7.28439274 97.90594616 7.14991727 
0.59343429 62.54208911 -7.34970488 98.71914572 7.07185758 
0.59848479 64.55549575 -7.39400549 99.50440847 6.98306393 
0.60353530 66.53893445 -7.41651284 100.26118262 6.88372181 
0.60858580 68.48654306 -7.41659328 100.98898610 6.77386769 
0.61363631 70.39258560 -7.39377271 101.68738049 6.65375703 
0.61868681 72.25149539 -7.34774668 102.35600166 6.52347678 
0.62373731 74.05791805 -7.27838944 102.99453238 6.38335071 
0.62878782 75.80675423 -7.18576131 103.60273502 6.23351642 
0.63383832 77.49320174 -7.07011475 104.18042337 6.07436323 
0.63888883 79.11279691 -6.93189862 104.72749679 5.90607872 
0.64393933 80.66145482 -6.77176080 105.24391166 5.72911251 
0.64898984 82.13550834 -6.59054912 105.72971623 5.54369714 
0.65404034 83.53174573 -6.38931049 106.18502243 5.35032759 
0.65909085 84.84744662 -6.16928855 106.61004141 5.14925977 
0.66414136 86.08041627 -5.93192004 107.00505825 4.94099276 
0.66919186 87.22901772 -5.67883048 107.37047183 4.72575103 
0.67424237 88.29220120 -5.41182967 107.70677998 4.50396761 
0.67929288 89.26952992 -5.13290738 108.01463236 4.27578499 
0.68434338 90.16120073 -4.84422862 108.29483488 4.04158668 
0.68939389 90.96805825 -4.54812574 108.54841471 3.80161847 
0.69444440 91.69160147 -4.24708119 108.77662369 3.55667300 
0.69949490 92.33398418 -3.94369056 108.98096079 3.30792404 
0.70454541 92.89801299 -3.64059199 109.16308368 3.05771146 
0.70959592 93.38714839 -3.34034942 109.32468174 2.80931076 
0.71464643 93.80550897 -3.04528660 109.46723436 2.56723512 
0.71969693 94.15786086 -2.75728955 109.59180156 2.33624180 
0.72474744 94.44954544 -2.47762030 109.69886959 2.12072079 
0.72979795 94.68628331 -2.20680015 109.78839277 1.92326767 
0.73484846 94.87382859 -1.94460558 109.85995200 1.74428482 
0.73989897 95.01753528 -1.69017179 109.91299628 1.58150848 
0.74494947 95.12196378 -1.44215023 109.94702234 1.43064175 
0.74999998 95.19062748 -1.19885950 109.96169727 1.28575371 
0.75505049 95.22588915 -0.95840270 109.95689886 1.14025621 
0.76010100 95.22894954 -0.71875698 109.93273344 0.98747423 
0.76515150 95.19986126 -0.47785044 109.88951948 0.82157281 
0.77020201 95.13752866 -0.23363575 109.82774248 0.63817765 
0.77525252 95.03969241 0.01583363 109.74794017 0.43512869 
0.78030303 94.90293590 0.27231515 109.65051240 0.21275803 
0.78535354 94.72277909 0.53726034 109.53549335 -0.02623497 
0.79040405 94.49391982 0.81166137 109.40237632 -0.27753325 
0.79545455 94.21061855 1.09588521 109.25009095 -0.53628624 
0.80050506 93.86713159 1.38955696 109.07713575 -0.79805857 
0.80555557 93.45806462 1.69155049 108.88181208 -1.05948706 
0.81060608 92.97857930 2.00009591 108.66243928 -1.31830360 
0.81565658 92.42447442 2.31296214 108.41751079 -1.57324443 
0.82070709 91.79220216 2.62765503 108.14575134 -1.82357860 
0.82575760 91.07886715 2.94158586 107.84612777 -2.06896922 
0.83080810 90.28222733 3.25219112 107.51781043 -2.30908641 
0.83585861 89.40069724 3.55700551 107.16014510 -2.54369833 
0.84090912 88.43334872 3.85370053 106.77261022 -2.77241869 
0.84595962 87.37990500 4.14010278 106.35480378 -2.99493659 
0.85101013 86.24072734 4.41420249 105.90641744 -3.21079268 
0.85606064 85.01679478 4.67415875 105.42723839 -3.41964791 
0.86111114 83.70967887 4.91830431 104.91713239 -3.62103973 
0.86616165 82.32151448 5.14515064 104.37605103 -3.81465595 
0.87121215 80.85496798 5.35339286 103.80401695 -4.00007200 
0.87626266 79.31320323 5.54191409 103.20113217 -4.17702442 
0.88131316 77.69984575 5.70978857 102.56756366 -4.34514152 
0.88636367 76.01894526 5.85628324 101.90355190 -4.50421383 
0.89141417 74.27493677 5.98085776 101.20939697 -4.65392789 
0.89646468 72.47260035 6.08316267 100.48546729 -4.79412899 
0.90151518 70.61701977 6.16303595 99.73218656 -4.92456495 
0.90656569 68.71354031 6.22049791 98.95004249 -5.04513567 
0.91161619 66.76772590 6.25574456 98.13957468 -5.15565184 
0.91666670 64.78531592 6.26913954 97.30138343 -5.25606772 
0.92171720 62.77218190 6.26120473 96.43611883 -5.34625924 
0.92676771 60.73428443 6.23260968 95.54448823 -5.42623324 
0.93181821 58.67763053 6.18416000 94.62724565 -5.49592567 
0.93686871 56.60823177 6.11678485 93.68520237 -5.55539795 
0.94191922 54.53206353 6.03152360 92.71921961 -5.60466557 
0.94696972 52.45502552 5.92951183 91.73020539 -5.64382813 
0.95202022 50.38290367 5.81196713 90.71909884 -5.67291263 
0.95707073 48.32133406 5.68017484 89.68691644 -5.69206338 
0.96212123 46.27576941 5.53547313 88.63475889 -5.70172760 
0.96717173 44.25144825 5.37923671 87.56371525 -5.70142903 
0.97222223 42.25336170 5.21286491 86.47463369 -5.69291881 
0.97727274 40.28623254 5.03776841 85.36917371 -5.66833845 
0.98148149 38.35448732 4.85537016 84.43861416 -5.69277590 
0.98484849 36.46227191 4.66700979 83.68449362 -5.65164029 
0.98821549 34.61335240 4.47401825 82.92477084 -5.62185158 
0.99158249 32.81110646 4.27776872 82.15852202 -5.58402532 
0.99494950 31.05862200 4.07961270 81.38638924 -5.54776635 
0.99831650 29.35872549 3.88068391 80.61135477 -5.50983384 
