0.012195  24.5833 3.52154 77.2454 5.98732
0.036585  17.961 2.55885 71.5061 5.40366
0.060976  12.8162 1.77495 65.7617 4.75223
0.085366  8.97452 1.18327 60.1921 4.09852
0.109756  6.21589 0.746173 55.0687 3.3757
0.134146  4.34914 0.450025 50.5378 2.6396
0.158537  3.14216 0.273566 46.6486 2.00709
0.182927  2.37146 0.15866 43.5911 1.42573
0.207317  1.92508 0.0715163 41.6102 0.817807
0.231707  1.74113 0.0214272 40.6704 0.282952
0.256098  1.7242 -0.00453791 40.5124 -0.114359
0.280488  1.82587 -0.0462691 41.0642 -0.529323
0.304878  2.11559 -0.113815 42.5226 -1.08866
0.329268  2.70168 -0.20396 45.0224 -1.71337
0.353659  3.68012 -0.349388 48.4719 -2.33221
0.378049  5.19696 -0.589891 52.7085 -2.99946
0.402439  7.46878 -0.943707 57.5926 -3.72434
0.426829  10.7315 -1.44759 62.9522 -4.43375
0.451220  15.2161 -2.14933 68.5965 -5.10119
0.475610  21.1046 -3.03296 74.3719 -5.70821
0.500000  28.4312 -4.02444 80.1177 -6.16888
0.524390  37.0518 -5.04903 85.6366 -6.43922
0.548780  46.6702 -5.98759 90.7695 -6.53778
0.573171  56.786 -6.6364 95.4251 -6.40017
0.597561  66.694 -6.8278 99.5091 -5.95562
0.621951  75.7021 -6.52399 102.915 -5.30789
0.646341  83.2926 -5.72302 105.591 -4.53726
0.670732  89.0262 -4.44069 107.557 -3.49245
0.695122  92.6051 -2.89249 108.866 -2.16519
0.719512  94.2731 -1.46267 109.616 -0.981021
0.743902  94.8126 -0.308992 109.924 -0.225163
0.768293  94.7514 0.814205 109.833 0.481134
0.792683  93.7609 2.17851 109.309 1.5966
0.817073  91.1014 3.7097 108.289 2.93174
0.841463  86.3997 5.11602 106.685 4.03601
0.865854  79.7447 6.17552 104.368 4.8873
0.890244  71.3974 6.76505 101.288 5.66433
0.914634  61.8032 6.8072 97.5292 6.25641
0.939024  51.6806 6.34147 93.1851 6.49266
0.963415  41.7766 5.53516 88.2766 6.47943
0.987805  32.6184 4.55574 82.8925 6.33942
