0.012195  21.8406 -2.02401 20.1828 18.6128 -22.6476
0.036585  26.6584 -2.79303 24.5696 19.0054 -25.6268
0.060976  33.2444 -3.82332 30.6871 19.2272 -29.4423
0.085366  42.0966 -5.08875 39.0408 19.0533 -33.5864
0.109756  53.4261 -6.41084 50.0778 18.2189 -36.8179
0.134146  66.6124 -7.18977 63.704 16.1789 -38.8623
0.158537  79.6876 -6.51975 78.0832 12.5282 -38.9736
0.182927  89.8119 -4.20628 89.5834 7.81337 -34.4551
0.207317  95.2118 -1.53663 95.5093 3.43599 -23.7672
0.231707  96.7813 -0.149676 96.887 0.653134 -9.47512
0.256098  96.8891 -0.000917814 96.9471 0.0477281 4.71189
0.280488  96.2952 0.630538 96.626 1.76403 17.7018
0.304878  93.1153 2.80979 93.2699 5.50973 29.231
0.329268  85.2985 5.53126 84.366 10.2455 37.1543
0.353659  73.321 7.07027 70.9796 14.5169 39.6726
0.378049  59.8516 6.9095 56.6577 17.3761 38.1193
0.402439  47.471 5.77052 44.219 18.785 35.0605
0.426829  37.3767 4.44528 34.5332 19.2054 31.5215
0.451220  29.6868 3.27313 27.369 19.1102 27.6605
0.475610  24.051 2.36412 22.2076 18.8172 24.058
0.500000  19.9524 1.73068 18.4787 18.4787 21.0151
0.524390  16.9323 1.27847 15.7397 18.1487 18.1951
0.548780  14.7106 0.927802 13.7454 17.8892 15.5231
0.573171  13.0925 0.677859 12.3022 17.7506 13.1656
0.597561  11.8971 0.507593 11.2291 17.7 10.8573
0.621951  11.0159 0.360776 10.4487 17.7046 8.38341
0.646341  10.4063 0.233001 9.93247 17.8129 6.05981
0.670732  10.0098 0.147812 9.60132 18.0309 4.0128
0.695122  9.7634 0.0865089 9.38735 18.2477 2.07478
0.719512  9.64051 0.0311103 9.28105 18.3881 0.645262
0.743902  9.60769 0.000844464 9.25425 18.4736 0.164438
0.768293  9.61633 -0.0111901 9.25987 18.4749 -0.142804
0.792683  9.67724 -0.0483029 9.31519 18.3224 -1.3468
0.817073  9.8558 -0.117731 9.4709 18.0853 -3.18746
0.841463  10.1872 -0.196092 9.74357 17.9059 -4.97832
0.865854  10.6859 -0.291123 10.164 17.788 -7.04759
0.890244  11.4111 -0.423332 10.8046 17.6818 -9.69441
0.914634  12.4425 -0.590309 11.7186 17.6682 -12.192
0.939024  13.8472 -0.800368 12.963 17.8207 -14.24
0.963415  15.7385 -1.0865 14.6702 18.0477 -16.6654
0.987805  18.3161 -1.47894 17.0081 18.2848 -19.7058
