0.012195  16.2984 -0.155613 16.0251 14.7983 -12.2547
0.036585  16.2946 -0.140771 16.1066 12.4368 -11.1019
0.060976  16.2931 -0.123151 16.1763 10.1294 -9.99202
0.085366  16.2929 -0.10425 16.234 7.93803 -8.69995
0.109756  16.2933 -0.0850698 16.2797 5.92186 -6.33971
0.134146  16.2947 -0.0665959 16.3146 4.13495 -3.6705
0.158537  16.297 -0.0497439 16.3406 2.62484 -1.90892
0.182927  16.2993 -0.0346639 16.3589 1.4313 -0.168765
0.207317  16.3009 -0.0208286 16.3699 0.585204 2.30603
0.231707  16.3016 -0.00784217 16.3746 0.108061 3.13454
0.256098  16.3017 0.00452441 16.375 0.0119802 0.367727
0.280488  16.3014 0.0168811 16.3715 0.299458 -3.02119
0.304878  16.3005 0.0299747 16.3629 0.963143 -2.85334
0.329268  16.2989 0.0441005 16.3476 1.98603 0.238315
0.353659  16.2967 0.059411 16.3252 3.34188 2.9062
0.378049  16.2946 0.0763211 16.2948 4.99545 4.63626
0.402439  16.2934 0.0948193 16.2546 6.90302 6.90269
0.426829  16.2935 0.113824 16.2032 9.01354 9.34381
0.451220  16.2944 0.131847 16.1399 11.2702 10.7156
0.475610  16.2967 0.147758 16.0644 13.6122 11.4444
0.500000  16.3014 0.160395 15.9775 15.9775 12.2954
0.524390  16.3084 0.168231 15.881 18.3052 12.6795
0.548780  16.3172 0.170081 15.7778 20.5383 12.1866
0.573171  16.3267 0.165684 15.6714 22.625 11.5286
0.597561  16.3362 0.155288 15.5659 24.5213 10.9183
0.621951  16.345 0.139262 15.466 26.1906 9.74584
0.646341  16.3522 0.118346 15.3762 27.6047 8.10973
0.670732  16.3573 0.093675 15.3004 28.742 6.5882
0.695122  16.3604 0.0663271 15.2422 29.5872 4.9192
0.719512  16.3618 0.0371715 15.2041 30.1301 2.70369
0.743902  16.3622 0.00707582 15.1877 30.3641 0.439996
0.768293  16.3622 -0.0231356 15.1933 30.2863 -1.51323
0.792683  16.3614 -0.0527971 15.2209 29.8977 -3.58958
0.817073  16.3591 -0.0811888 15.2696 29.203 -5.78356
0.841463  16.355 -0.107366 15.3371 28.2106 -7.47744
0.865854  16.349 -0.1303 15.4206 26.9329 -8.77838
0.890244  16.341 -0.148955 15.5163 25.3884 -10.2119
0.914634  16.3315 -0.162302 15.6198 23.6018 -11.4221
0.939024  16.3218 -0.169634 15.7265 21.6054 -11.9376
0.963415  16.3128 -0.170802 15.8321 19.4395 -12.2547
0.987805  16.3047 -0.165986 15.9327 17.1523 -12.6108
