0.012195  16.6975 -0.284155 16.3975 15.1423 -10.9387
0.036585  16.7287 -0.248128 16.5436 12.7742 -11.2958
0.060976  16.7591 -0.205568 16.665 10.4354 -11.3194
0.085366  16.7891 -0.161201 16.7598 8.19514 -10.7152
0.109756  16.8177 -0.118246 16.8276 6.12116 -9.26198
0.134146  16.8435 -0.0797436 16.8704 4.27586 -7.14432
0.158537  16.8653 -0.0491339 16.8942 2.71375 -4.36388
0.182927  16.8818 -0.027587 16.9064 1.47916 -0.927216
0.207317  16.8919 -0.0131863 16.9124 0.604642 1.79669
0.231707  16.8959 -0.00376013 16.9146 0.111659 1.73073
0.256098  16.8961 0.00233087 16.9146 0.0123079 -0.785509
0.280488  16.894 0.00850074 16.9131 0.309352 -2.44155
0.304878  16.8876 0.0194469 16.9093 0.99539 -0.864037
0.329268  16.8746 0.0377788 16.9009 2.05323 2.73305
0.353659  16.8547 0.0637696 16.8836 3.4561 5.95378
0.378049  16.8303 0.0976129 16.8511 5.16605 8.21212
0.402439  16.8031 0.138708 16.7966 7.13328 10.0059
0.426829  16.774 0.183596 16.7156 9.29849 11.1805
0.451220  16.7436 0.227454 16.6072 11.5965 11.4183
0.475610  16.7127 0.266627 16.4732 13.9587 11.0954
0.500000  16.6811 0.297941 16.3162 16.3162 10.5931
0.524390  16.6486 0.317815 16.1404 18.6041 9.78364
0.548780  16.6157 0.324201 15.9515 20.7644 8.67706
0.573171  16.5834 0.31757 15.7564 22.7479 7.59497
0.597561  16.5534 0.29892 15.5626 24.5161 6.55937
0.621951  16.5271 0.269011 15.3784 26.0422 5.36468
0.646341  16.5058 0.229784 15.2119 27.3098 4.12056
0.670732  16.4909 0.183795 15.0704 28.31 3.03216
0.695122  16.4826 0.13211 14.9601 29.0396 2.00739
0.719512  16.4796 0.075122 14.8867 29.5011 0.990838
0.743902  16.479 0.0148997 14.8545 29.6981 0.155596
0.768293  16.4789 -0.0454639 14.8654 29.6327 -0.552338
0.792683  16.4804 -0.103837 14.9186 29.3038 -1.44009
0.817073  16.4861 -0.158636 15.011 28.7086 -2.52795
0.841463  16.4977 -0.207944 15.1377 27.8438 -3.60653
0.865854  16.5157 -0.250373 15.2926 26.7093 -4.7108
0.890244  16.5397 -0.28506 15.4688 25.3107 -5.94124
0.914634  16.5683 -0.310075 15.6589 23.6608 -7.12579
0.939024  16.5997 -0.322882 15.8545 21.7812 -8.15681
0.963415  16.6323 -0.322531 16.0473 19.7038 -9.19595
0.987805  16.6652 -0.309482 16.2304 17.4727 -10.2176
