0.012195  20.9158 8.2095 61.8202 33.5338
0.036585  20.1165 7.9366 62.4993 31.594
0.060976  19.1244 7.4167 63.5051 29.2272
0.085366  17.928 6.65687 64.84 26.3306
0.109756  16.6232 5.70111 66.3494 22.6954
0.134146  15.3316 4.61262 67.8875 18.7519
0.158537  14.1145 3.47463 69.4632 14.5428
0.182927  13.1072 2.39221 70.8287 9.44999
0.207317  12.4938 1.4358 71.4842 4.32897
0.231707  12.2423 0.593931 71.4954 1.25132
0.256098  12.1695 -0.193976 71.5052 -0.0995592
0.280488  12.2858 -0.997781 71.6267 -2.50857
0.304878  12.7535 -1.89205 71.2596 -7.03642
0.329268  13.5883 -2.91994 70.1468 -12.1048
0.353659  14.6822 -4.04401 68.667 -16.6156
0.378049  15.9565 -5.16976 67.1243 -20.8006
0.402439  17.2967 -6.20318 65.5667 -24.6262
0.426829  18.5428 -7.06693 64.1279 -27.8003
0.451220  19.6271 -7.70623 62.9669 -30.4735
0.475610  20.5465 -8.10331 62.1102 -32.6844
0.500000  21.2553 -8.26105 61.6017 -34.1849
0.524390  21.7425 -8.18184 61.5085 -34.9989
0.548780  22.0751 -7.88158 61.7791 -35.164
0.573171  22.2853 -7.39054 62.3322 -34.4053
0.597561  22.3716 -6.7258 63.1308 -32.6158
0.621951  22.392 -5.89666 64.0673 -29.8615
0.646341  22.4038 -4.931 65.0025 -25.9778
0.670732  22.3987 -3.8636 65.8786 -20.9424
0.695122  22.3807 -2.71853 66.6215 -15.1092
0.719512  22.3804 -1.52255 67.1102 -8.67643
0.743902  22.3846 -0.305858 67.3167 -1.73974
0.768293  22.3761 0.914768 67.2622 5.25589
0.792683  22.3799 2.1251 66.9053 11.9064
0.817073  22.3958 3.29832 66.2609 18.1227
0.841463  22.398 4.40782 65.4471 23.6213
0.865854  22.3986 5.42946 64.5347 28.0193
0.890244  22.3968 6.32893 63.575 31.3509
0.914634  22.3373 7.07628 62.7058 33.6937
0.939024  22.1875 7.65882 62.0348 34.9032
0.963415  21.9376 8.0589 61.5998 35.1423
0.987805  21.5289 8.24782 61.5014 34.718
