0.012195  21.9209 1.66996 75.8086 2.97052
0.036585  15.8107 1.17749 69.9331 2.66562
0.060976  11.2192 0.7978 64.2026 2.33274
0.085366  7.86779 0.529137 58.7369 1.99639
0.109756  5.48229 0.332642 53.7532 1.63945
0.134146  3.87506 0.197772 49.3923 1.28751
0.158537  2.83852 0.122345 45.6769 0.979649
0.182927  2.16693 0.0744202 42.7182 0.696588
0.207317  1.76388 0.0329563 40.7165 0.413623
0.231707  1.58801 0.00958654 39.697 0.158814
0.256098  1.56692 -0.000245781 39.5068 -0.056402
0.280488  1.66483 -0.022004 40.1094 -0.281221
0.304878  1.93615 -0.0555585 41.6289 -0.547365
0.329268  2.45576 -0.091616 44.1026 -0.833972
0.353659  3.2999 -0.153124 47.4213 -1.13321
0.378049  4.60615 -0.263544 51.482 -1.46264
0.402439  6.56504 -0.421226 56.2003 -1.81384
0.426829  9.39038 -0.645593 61.4293 -2.16374
0.451220  13.3448 -0.978285 67.0172 -2.5079
0.475610  18.6896 -1.41777 72.858 -2.82739
0.500000  25.5676 -1.93204 78.8024 -3.07928
0.524390  34.013 -2.51457 84.6498 -3.25032
0.548780  43.9713 -3.12666 90.2632 -3.3431
0.573171  55.1219 -3.63878 95.5497 -3.31577
0.597561  66.8047 -3.93651 100.348 -3.13507
0.621951  78.2883 -3.99116 104.497 -2.84489
0.646341  88.879 -3.73466 107.942 -2.46846
0.670732  97.6605 -3.05147 110.63 -1.93876
0.695122  103.686 -2.03672 112.439 -1.26546
0.719512  106.841 -1.03577 113.402 -0.630534
0.743902  108.004 -0.236355 113.773 -0.144291
0.768293  107.834 0.55843 113.71 0.336831
0.792683  105.831 1.55908 113.068 0.965975
0.817073  101.09 2.61996 111.639 1.64917
0.841463  93.5088 3.43524 109.387 2.21301
0.865854  83.7785 3.88701 106.341 2.64846
0.890244  72.678 4.0135 102.511 3.0119
0.914634  60.9299 3.83435 97.9953 3.25899
0.939024  49.3915 3.39074 92.9634 3.33816
0.963415  38.8288 2.81439 87.516 3.29756
0.987805  29.6242 2.22686 81.7351 3.18306
