0.012195  29.8631 10.0002 76.5812 20.8376
0.036585  25.6231 8.94585 74.0697 19.6472
0.060976  21.3348 7.60123 71.1948 18.1009
0.085366  17.18 6.08835 68.0458 16.2712
0.109756  13.3822 4.57569 64.72 13.9276
0.134146  10.2317 3.21939 61.3881 11.285
0.158537  7.86115 2.09484 58.4325 8.69363
0.182927  6.20346 1.22011 56.2097 5.89534
0.207317  5.19775 0.599746 54.7248 2.84493
0.231707  4.78959 0.201455 53.8288 0.547313
0.256098  4.7823 -0.0778343 53.593 -0.451414
0.280488  5.0099 -0.387535 54.1647 -1.47491
0.304878  5.6215 -0.869185 55.4582 -3.96062
0.329268  6.91657 -1.61162 57.3347 -7.3309
0.353659  8.9862 -2.62883 59.854 -10.2108
0.378049  11.7536 -3.88135 63.0052 -12.5572
0.402439  15.1886 -5.31425 66.4233 -15.0047
0.426829  19.2056 -6.84158 69.684 -17.3276
0.451220  23.5122 -8.3078 72.6566 -19.0019
0.475610  27.7846 -9.52916 75.3576 -20.1973
0.500000  31.8443 -10.3806 77.7308 -21.122
0.524390  35.5402 -10.8018 79.7598 -21.4298
0.548780  38.6794 -10.7502 81.5443 -20.9482
0.573171  41.1855 -10.2223 83.1345 -19.9582
0.597561  43.1296 -9.29467 84.4977 -18.462
0.621951  44.5602 -8.07912 85.6698 -16.1881
0.646341  45.4901 -6.65909 86.7275 -13.3052
0.670732  46.0231 -5.112 87.6495 -10.2258
0.695122  46.3045 -3.53118 88.3768 -7.01317
0.719512  46.4076 -1.96687 88.9072 -3.71369
0.743902  46.4007 -0.400377 89.1923 -0.659011
0.768293  46.3915 1.18299 89.1123 2.16178
0.792683  46.3783 2.75903 88.6679 5.24026
0.817073  46.2128 4.32123 88.0097 8.65376
0.841463  45.7839 5.88238 87.2146 11.901
0.865854  45.0586 7.39195 86.2393 14.7525
0.890244  43.9301 8.73067 85.0912 17.3149
0.914634  42.2465 9.79796 83.8213 19.367
0.939024  39.9789 10.5294 82.3821 20.5926
0.963415  37.1673 10.8426 80.692 21.1696
0.987805  33.7857 10.6622 78.7589 21.322
