0.012195  11.0031 4.99256 27.0855 62.7094
0.036585  11.1261 4.91784 29.8162 59.5112
0.060976  11.2389 4.72669 33.8079 54.5827
0.085366  11.341 4.41914 39.0802 48.1624
0.109756  11.4312 3.99936 45.5232 40.6255
0.134146  11.5055 3.47502 52.816 32.479
0.158537  11.5618 2.856 60.4012 24.3499
0.182927  11.6015 2.15657 67.5267 16.8283
0.207317  11.6252 1.39775 73.3163 10.1813
0.231707  11.6342 0.604125 76.9001 4.2428
0.256098  11.6345 -0.202547 77.6523 -1.38943
0.280488  11.6297 -1.00442 75.4339 -7.13854
0.304878  11.6155 -1.78267 70.6496 -13.4066
0.329268  11.5846 -2.51446 64.0766 -20.495
0.353659  11.5354 -3.1764 56.6136 -28.3743
0.378049  11.47 -3.74988 49.092 -36.5946
0.402439  11.3888 -4.22269 42.1715 -44.5084
0.426829  11.2922 -4.5869 36.2867 -51.5391
0.451220  11.1832 -4.83694 31.6486 -57.2532
0.475610  11.0651 -4.96997 28.2977 -61.3396
0.500000  10.9402 -4.98682 26.1696 -63.6244
0.524390  10.812 -4.89092 25.1373 -64.0596
0.548780  10.6862 -4.68619 25.0381 -62.6675
0.573171  10.5674 -4.37732 25.6974 -59.5255
0.597561  10.4592 -3.97175 26.9367 -54.7706
0.621951  10.3653 -3.47982 28.5562 -48.5621
0.646341  10.2885 -2.91307 30.3308 -41.0596
0.670732  10.2303 -2.28421 32.0429 -32.4635
0.695122  10.1923 -1.60861 33.5105 -23.0261
0.719512  10.1733 -0.903026 34.5704 -12.998
0.743902  10.1668 -0.182051 35.0651 -2.61742
0.768293  10.1675 0.542551 34.8981 7.84189
0.792683  10.1789 1.25864 34.102 18.0813
0.817073  10.2085 1.95162 32.8174 27.8382
0.841463  10.258 2.60562 31.2097 36.8803
0.865854  10.3247 3.20529 29.4417 44.9605
0.890244  10.4091 3.73636 27.7116 51.8406
0.914634  10.5114 4.18618 26.2542 57.3381
0.939024  10.6267 4.54427 25.2859 61.3035
0.963415  10.7486 4.80208 24.9848 63.5875
0.987805  10.875 4.95299 25.5247 64.073
