0.012195  29.1252 6.97783 79.1013 11.6812
0.036585  22.4485 5.518 74.2225 10.7757
0.060976  16.7172 4.12083 69.0427 9.65721
0.085366  12.054 2.89794 63.7728 8.47059
0.109756  8.46829 1.91466 58.6722 7.08482
0.134146  5.91393 1.20135 53.9461 5.5882
0.158537  4.21888 0.721948 49.8442 4.23972
0.182927  3.14386 0.399863 46.7042 2.96498
0.207317  2.5339 0.18535 44.7274 1.61366
0.231707  2.29211 0.0578224 43.7961 0.467979
0.256098  2.27999 -0.0220312 43.6503 -0.246415
0.280488  2.41258 -0.116235 44.21 -0.960458
0.304878  2.7897 -0.276286 45.647 -2.15253
0.329268  3.601 -0.537868 48.169 -3.62002
0.353659  4.98626 -0.939835 51.7806 -4.97573
0.378049  7.08764 -1.53204 56.2406 -6.29539
0.402439  10.1144 -2.36741 61.2111 -7.74094
0.426829  14.2352 -3.47378 66.413 -9.12877
0.451220  19.4682 -4.81106 71.6395 -10.2728
0.475610  25.6997 -6.26085 76.698 -11.2167
0.500000  32.6984 -7.66164 81.4223 -11.923
0.524390  40.0923 -8.83448 85.7127 -12.2263
0.548780  47.4271 -9.59122 89.5108 -12.1106
0.573171  54.2709 -9.78283 92.7747 -11.6304
0.597561  60.2586 -9.36382 95.5013 -10.7332
0.621951  65.1333 -8.3872 97.7102 -9.44381
0.646341  68.8035 -6.961 99.401 -7.87066
0.670732  71.3022 -5.2553 100.614 -5.93356
0.695122  72.7217 -3.49942 101.496 -3.65025
0.719512  73.2967 -1.86993 102.151 -1.60287
0.743902  73.4353 -0.37466 102.486 -0.294228
0.768293  73.4236 1.10491 102.357 0.797536
0.792683  73.1231 2.67717 101.834 2.56299
0.817073  72.1349 4.36912 101.085 4.89917
0.841463  70.1758 6.11166 100.082 6.9973
0.865854  67.1252 7.72337 98.6324 8.62638
0.890244  62.8729 8.96059 96.6546 10.0871
0.914634  57.3955 9.64895 94.1943 11.3006
0.939024  50.9138 9.74544 91.2292 11.9535
0.963415  43.7947 9.27681 87.6868 12.1494
0.987805  36.3974 8.30526 83.6071 12.1071
