0.012195  18.6122 -1.25974 17.6719 16.3196 -19.2105
0.036585  19.115 -1.20844 18.4109 14.2154 -19.9392
0.060976  19.5698 -1.08186 19.1225 11.974 -20.1245
0.085366  19.9641 -0.897236 19.7537 9.65964 -19.4511
0.109756  20.2859 -0.673855 20.2602 7.36975 -17.9037
0.134146  20.5313 -0.442698 20.6137 5.22415 -15.7951
0.158537  20.7105 -0.247752 20.8157 3.34384 -12.7278
0.182927  20.8331 -0.116767 20.9044 1.82922 -8.13028
0.207317  20.9008 -0.043233 20.934 0.748223 -3.29285
0.231707  20.9245 -0.00741586 20.9416 0.138145 -0.619991
0.256098  20.9262 0.00579656 20.9411 0.0153446 -0.0362859
0.280488  20.9144 0.0194455 20.9372 0.382962 1.44294
0.304878  20.8723 0.0686228 20.9241 1.23177 5.5607
0.329268  20.7796 0.17681 20.8718 2.53561 10.6314
0.353659  20.629 0.342972 20.7303 4.24335 14.4406
0.378049  20.4162 0.553209 20.4549 6.27104 16.8964
0.402439  20.1334 0.784435 20.0256 8.50483 18.7564
0.426829  19.7764 0.99847 19.4524 10.8205 19.9237
0.451220  19.3502 1.15633 18.7727 13.1084 20.1159
0.475610  18.8672 1.2407 18.041 15.2876 19.62
0.500000  18.3485 1.25244 17.3108 17.3108 18.6341
0.524390  17.8203 1.19542 16.626 19.1632 16.9894
0.548780  17.3067 1.08 16.0194 20.853 14.7615
0.573171  16.8289 0.928761 15.5074 22.389 12.2987
0.597561  16.408 0.763636 15.0865 23.7654 9.78587
0.621951  16.0578 0.596666 14.7427 24.9653 7.37479
0.646341  15.7795 0.439327 14.4648 25.9694 5.29836
0.670732  15.5742 0.304845 14.2445 26.7588 3.51086
0.695122  15.4473 0.195546 14.0749 27.3203 1.85663
0.719512  15.389 0.10247 13.9577 27.6602 0.629017
0.743902  15.3692 0.0188289 13.9052 27.801 0.115642
0.768293  15.3696 -0.0596746 13.9251 27.7578 -0.222804
0.792683  15.4056 -0.143934 14.0109 27.5203 -1.17385
0.817073  15.5024 -0.246297 14.1523 27.0671 -2.71319
0.841463  15.6686 -0.370497 14.3463 26.3885 -4.39658
0.865854  15.9059 -0.515363 14.5953 25.4905 -6.26497
0.890244  16.2205 -0.678582 14.9042 24.3869 -8.54581
0.914634  16.6112 -0.849397 15.2845 23.096 -11.0644
0.939024  17.0623 -1.00894 15.7508 21.6385 -13.5554
0.963415  17.5576 -1.14123 16.3109 20.0268 -15.9183
0.987805  18.0826 -1.23182 16.9587 18.2573 -17.8971
