0.012195  22.7256 -2.78566 20.6461 19.0683 -25.7323
0.036585  25.6237 -3.17286 23.5351 18.1687 -27.5848
0.060976  28.7516 -3.41637 26.8483 16.8106 -29.1797
0.085366  31.9363 -3.41733 30.4066 14.8729 -30.0499
0.109756  34.9048 -3.08262 33.9124 12.3355 -29.5394
0.134146  37.3566 -2.40634 36.971 9.36554 -27.6922
0.158537  39.1234 -1.54231 39.1982 6.29874 -24.3918
0.182927  40.2192 -0.749049 40.4386 3.54211 -18.8238
0.207317  40.7671 -0.231233 40.8939 1.45819 -11.3178
0.231707  40.9464 -0.0239685 40.9689 0.26785 -4.05311
0.256098  40.9514 0.00755481 40.975 0.0345272 1.79737
0.280488  40.8645 0.0933425 40.9628 0.749987 7.7186
0.304878  40.5541 0.444016 40.7314 2.39294 14.9151
0.329268  39.7676 1.12191 39.9226 4.8511 21.8421
0.353659  38.323 1.98551 38.2089 7.82544 26.4418
0.378049  36.1906 2.77854 35.5336 10.8912 28.7783
0.402439  33.4689 3.29196 32.1849 13.6658 29.8554
0.426829  30.3664 3.45608 28.6042 15.9149 29.7859
0.451220  27.1659 3.32064 25.1503 17.5631 28.5103
0.475610  24.126 2.98863 22.0375 18.6707 26.6398
0.500000  21.4032 2.56261 19.3802 19.3802 24.5901
0.524390  19.0658 2.11651 17.2091 19.8383 22.1864
0.548780  17.1351 1.69177 15.4854 20.157 19.4664
0.573171  15.596 1.30893 14.1517 20.4297 16.6943
0.597561  14.4077 0.977019 13.1611 20.7338 13.7329
0.621951  13.5225 0.696932 12.4608 21.102 10.4456
0.646341  12.891 0.46687 11.9856 21.5173 7.25763
0.670732  12.4657 0.286992 11.6761 21.9337 4.56951
0.695122  12.2108 0.15665 11.4823 22.2885 2.37329
0.719512  12.0897 0.0699621 11.3654 22.523 0.835385
0.743902  12.0491 0.0136699 11.3121 22.6169 0.162278
0.768293  12.0531 -0.0353706 11.3287 22.582 -0.275745
0.792683  12.1249 -0.105936 11.4138 22.4184 -1.4701
0.817073  12.3162 -0.217376 11.564 22.1178 -3.51158
0.841463  12.6563 -0.373374 11.8061 21.7167 -5.92796
0.865854  13.1718 -0.575236 12.1937 21.2943 -8.74978
0.890244  13.921 -0.829835 12.7791 20.9095 -12.0718
0.914634  14.9621 -1.13892 13.615 20.5757 -15.3358
0.939024  16.3241 -1.49592 14.7664 20.2853 -18.1254
0.963415  18.0434 -1.89772 16.2936 20.0029 -20.77
0.987805  20.1747 -2.33868 18.2398 19.6386 -23.4354
