0.012195  16.2688 -0.110292 16.0083 14.7829 -14.6218
0.036585  16.2693 -0.0920235 16.0792 12.4155 -14.4999
0.060976  16.2697 -0.0731459 16.1366 10.1045 -13.988
0.085366  16.27 -0.0550937 16.1809 7.91213 -13.1707
0.109756  16.2702 -0.0389672 16.2133 5.89771 -12.1251
0.134146  16.2704 -0.025499 16.2352 4.11481 -10.765
0.158537  16.2704 -0.0151043 16.2487 2.61008 -9.10963
0.182927  16.2705 -0.00784133 16.256 1.4223 -7.3633
0.207317  16.2705 -0.00336602 16.2594 0.581264 -5.41262
0.231707  16.2705 -0.000981578 16.2605 0.107319 -2.7437
0.256098  16.2705 0.000343606 16.2605 0.0118673 0.689518
0.280488  16.2705 0.00195843 16.26 0.297411 4.03958
0.304878  16.2705 0.00523526 16.2582 0.957031 6.51957
0.329268  16.2705 0.0111069 16.2531 1.97454 8.28873
0.353659  16.2704 0.0199498 16.2428 3.32494 9.91275
0.378049  16.2703 0.0318491 16.2253 4.97421 11.4729
0.402439  16.2701 0.0466943 16.1986 6.87931 12.7158
0.426829  16.2699 0.0639529 16.1604 8.98965 13.6106
0.451220  16.2695 0.0825938 16.1094 11.2489 14.2633
0.475610  16.2691 0.101312 16.0453 13.5961 14.614
0.500000  16.2685 0.118682 15.9684 15.9684 14.5757
0.524390  16.2679 0.133153 15.8799 18.3039 14.2089
0.548780  16.2672 0.14319 15.7828 20.5448 13.5659
0.573171  16.2665 0.147563 15.6809 22.6389 12.6091
0.597561  16.2658 0.145481 15.5782 24.5406 11.3618
0.621951  16.2653 0.136557 15.4795 26.2134 9.91258
0.646341  16.2648 0.12086 15.3897 27.629 8.28105
0.670732  16.2644 0.0989938 15.3132 28.7661 6.46514
0.695122  16.2642 0.0720161 15.2538 29.6097 4.53844
0.719512  16.2641 0.0412805 15.2144 30.1504 2.56068
0.743902  16.264 0.00836748 15.1972 30.3833 0.521064
0.768293  16.264 -0.0249838 15.2031 30.3058 -1.54832
0.792683  16.2641 -0.0570173 15.2314 29.9184 -3.56281
0.817073  16.2643 -0.0860725 15.281 29.2251 -5.50547
0.841463  16.2646 -0.110647 15.3495 28.2334 -7.38657
0.865854  16.265 -0.129519 15.4333 26.9551 -9.13059
0.890244  16.2655 -0.14188 15.528 25.4076 -10.6634
0.914634  16.2662 -0.147383 15.6292 23.6161 -12.0018
0.939024  16.2668 -0.146147 15.7323 21.6133 -13.128
0.963415  16.2675 -0.138791 15.8323 19.4398 -13.9416
0.987805  16.2682 -0.126385 15.9253 17.1444 -14.4213
