0.012195  19.3865 -0.904509 18.7097 16.6581 -14.7784
0.036585  23.2328 -1.08312 22.0698 17.9195 -17.7406
0.060976  29.1509 -2.01494 27.6999 17.6531 -23.5434
0.085366  39.3641 -3.15438 37.7403 17.4262 -27.6803
0.109756  54.4054 -4.58483 51.8491 18.9404 -31.7767
0.134146  78.8577 -8.15421 74.8053 19.9676 -39.9313
0.158537  120.673 -13.0187 116.042 18.178 -48.5593
0.182927  174.996 -13.8922 171.365 14.173 -50.7809
0.207317  219.559 -8.44376 217.671 8.53959 -43.7682
0.231707  238.206 -1.73363 237.859 2.07744 -25.2197
0.256098  236.924 1.78624 237.276 -0.735461 5.13891
0.280488  224.957 4.83157 224.42 3.96259 35.8656
0.304878  196.822 10.1991 194 12.3123 50.8433
0.329268  148.975 13.7954 144.349 17.343 49.127
0.353659  97.9674 11.3571 93.5302 18.4155 42.9301
0.378049  63.6269 6.08548 60.5665 18.9975 37.6368
0.402439  46.1693 3.27215 44.0851 19.1997 30.3392
0.426829  34.5512 2.71854 32.8863 17.7681 23.1785
0.451220  25.3649 1.76963 24.1592 16.6603 20.5195
0.475610  20.6451 0.710857 19.8378 17.2919 18.8208
0.500000  18.1503 0.703132 17.4162 17.4162 14.0793
0.524390  14.962 0.820476 14.2861 16.1285 10.6226
0.548780  12.5791 0.312876 12.1209 15.8782 11.1079
0.573171  12.0063 0.0881986 11.6259 16.944 9.99005
0.597561  11.1336 0.379971 10.6843 16.7545 5.57023
0.621951  9.5952 0.290854 9.23512 15.6214 3.9407
0.646341  9.19201 -0.0742522 8.97337 16.0647 5.50302
0.670732  9.4485 0.0342014 9.16721 17.1913 3.77053
0.695122  8.81697 0.236578 8.4775 16.6642 -0.397163
0.719512  8.24418 -0.0170388 8.03585 15.881 -0.372042
0.743902  8.74619 -0.166929 8.57307 16.7989 1.91851
0.768293  8.97883 0.0913253 8.65777 17.4814 0.0986886
0.792683  8.4401 0.098741 8.12941 16.3473 -3.10658
0.817073  8.6226 -0.202239 8.45856 15.7187 -2.29959
0.841463  9.51493 -0.162914 9.26372 16.7548 -1.36193
0.865854  9.76427 0.0218128 9.32702 16.9678 -4.81845
0.890244  9.97144 -0.199041 9.61122 15.7845 -7.91949
0.914634  11.2673 -0.411927 10.9929 15.8031 -7.09055
0.939024  12.7049 -0.263441 12.2018 17.0228 -7.56158
0.963415  13.7823 -0.34936 13.1026 16.882 -11.8166
0.987805  15.9464 -0.772823 15.3778 15.956 -14.5806
