0.012195  21.6805 -2.01901 20.1961 18.6276 -22.4569
0.036585  26.4545 -2.79143 24.5937 19.0209 -25.7355
0.060976  33.01 -3.828 30.7237 19.2492 -29.5402
0.085366  41.831 -5.09769 39.1162 19.093 -33.5213
0.109756  53.1814 -6.41379 50.1791 18.2556 -37.1586
0.134146  66.5373 -7.16966 63.7069 16.1776 -39.7169
0.158537  79.8708 -6.47241 77.8473 12.4911 -39.6453
0.182927  90.0878 -4.1551 89.144 7.77604 -35.0546
0.207317  95.2757 -1.50802 95.0613 3.41923 -25.3038
0.231707  96.5446 -0.14167 96.536 0.650512 -11.5877
0.256098  96.5981 -0.000397037 96.5971 0.047651 3.94516
0.280488  96.2401 0.613844 96.1765 1.75577 18.8981
0.304878  93.3169 2.76149 92.8061 5.48305 30.8127
0.329268  85.5362 5.4722 84.0617 10.2083 37.9267
0.353659  73.3854 7.03879 70.893 14.4979 40.1264
0.378049  59.7032 6.91099 56.7083 17.3926 38.7316
0.402439  47.2051 5.77938 44.3058 18.8233 35.4052
0.426829  37.107 4.44751 34.6019 19.2415 31.4482
0.451220  29.4678 3.27414 27.4035 19.1332 27.6207
0.475610  23.8798 2.36469 22.2167 18.8281 24.1263
0.500000  19.8159 1.72585 18.4822 18.4822 20.9125
0.524390  16.8298 1.27231 15.7436 18.1494 18.042
0.548780  14.638 0.926352 13.7429 17.8874 15.5468
0.573171  13.0361 0.677146 12.2953 17.7443 13.1826
0.597561  11.85 0.503617 11.227 17.6934 10.7549
0.621951  10.9801 0.358253 10.4495 17.7032 8.39621
0.646341  10.3792 0.234109 9.9291 17.8114 6.19586
0.670732  9.98623 0.147281 9.59631 18.0227 4.04856
0.695122  9.7452 0.0834895 9.38578 18.2394 2.14328
0.719512  9.6294 0.0306955 9.28023 18.3873 0.925359
0.743902  9.59832 0.00257583 9.25121 18.4725 0.295929
0.768293  9.60493 -0.0117735 9.25719 18.4668 -0.433451
0.792683  9.66429 -0.0494056 9.31425 18.3166 -1.63002
0.817073  9.83765 -0.115598 9.46977 18.0873 -3.13765
0.841463  10.1602 -0.193555 9.74158 17.9045 -4.95344
0.865854  10.654 -0.291165 10.1614 17.7787 -7.23416
0.890244  11.3742 -0.422543 10.8018 17.6769 -9.71939
0.914634  12.391 -0.586548 11.7169 17.6705 -12.0058
0.939024  13.778 -0.797038 12.9614 17.8171 -14.2315
0.963415  15.6552 -1.08461 14.6661 18.0387 -16.7614
0.987805  18.2048 -1.4753 17.0077 18.2871 -19.5474
