0.012195  18.5363 -1.22819 17.6267 16.2774 -20.6172
0.036585  19.0788 -1.17344 18.321 14.1465 -21.4023
0.060976  19.5698 -1.04697 18.9845 11.8877 -21.493
0.085366  19.9853 -0.862201 19.5715 9.57012 -20.8483
0.109756  20.3077 -0.644168 20.0459 7.29183 -19.459
0.134146  20.5313 -0.42547 20.3885 5.1674 -17.3248
0.158537  20.6668 -0.237922 20.6028 3.30952 -14.5089
0.182927  20.7348 -0.103482 20.7129 1.81229 -11.1559
0.207317  20.7594 -0.0285278 20.7546 0.74192 -7.38829
0.231707  20.7637 -0.00234692 20.7634 0.13701 -3.27015
0.256098  20.7641 6.73526e-005 20.7636 0.0152022 1.06294
0.280488  20.763 0.0106748 20.7609 0.379746 5.34433
0.304878  20.7505 0.0588267 20.7401 1.22081 9.32604
0.329268  20.7078 0.163094 20.6691 2.51102 12.8959
0.353659  20.6098 0.326032 20.5106 4.1986 15.987
0.378049  20.4313 0.532775 20.2339 6.20311 18.478
0.402439  20.158 0.755147 19.8249 8.4193 20.2503
0.426829  19.7892 0.960174 19.2906 10.7309 21.264
0.451220  19.334 1.11849 18.6599 13.0298 21.5326
0.475610  18.8118 1.21004 17.9753 15.2314 21.0883
0.500000  18.2543 1.22729 17.2832 17.2832 19.992
0.524390  17.6954 1.1751 16.6257 19.1635 18.3248
0.548780  17.1615 1.06672 16.0346 20.8726 16.1839
0.573171  16.6749 0.919376 15.5275 22.4174 13.7397
0.597561  16.2574 0.752141 15.1064 23.7974 11.2519
0.621951  15.9205 0.583078 14.7632 25.0004 8.95288
0.646341  15.6622 0.425141 14.4874 26.0092 6.92501
0.670732  15.4795 0.285842 14.2722 26.8106 5.12332
0.695122  15.3711 0.1709 14.1146 27.3982 3.4716
0.719512  15.3227 0.0833983 14.0139 27.7714 1.90696
0.743902  15.3062 0.0169009 13.9706 27.931 0.382177
0.768293  15.3067 -0.0459461 13.9849 27.8774 -1.13414
0.792683  15.3364 -0.123588 14.0565 27.6105 -2.67215
0.817073  15.4169 -0.22559 14.1853 27.1296 -4.27635
0.841463  15.5611 -0.352777 14.3715 26.4345 -5.99962
0.865854  15.778 -0.502092 14.6163 25.5281 -7.90608
0.890244  16.0765 -0.667367 14.9245 24.4201 -10.068
0.914634  16.4573 -0.837478 15.3053 23.1267 -12.4851
0.939024  16.9102 -0.996793 15.7691 21.6639 -14.9906
0.963415  17.4211 -1.12715 16.3195 20.0379 -17.3098
0.987805  17.9724 -1.20972 16.9469 18.2442 -19.2236
