0.012195  10.5843 4.88299 37.8706 47.4534
0.036585  10.5108 4.7671 39.7905 48.6815
0.060976  10.4309 4.51075 42.3107 49.3124
0.085366  10.3471 4.13049 45.5823 49.2443
0.109756  10.2641 3.64859 49.7998 48.2794
0.134146  10.1898 3.08988 55.0803 46.0421
0.158537  10.1292 2.47787 61.4032 41.947
0.182927  10.0845 1.83252 68.469 35.2051
0.207317  10.0573 1.16991 75.3008 25.0657
0.231707  10.0467 0.501367 80.1195 11.5405
0.256098  10.0466 -0.167768 81.184 -3.89621
0.280488  10.0525 -0.836412 78.0745 -18.6776
0.304878  10.0689 -1.50244 72.0166 -30.6028
0.329268  10.104 -2.15809 64.8952 -38.955
0.353659  10.1584 -2.78928 58.1148 -44.2603
0.378049  10.2268 -3.37741 52.2958 -47.3579
0.402439  10.3047 -3.90057 47.5685 -48.9018
0.426829  10.3887 -4.33462 43.8469 -49.3676
0.451220  10.4723 -4.6556 40.962 -49.0707
0.475610  10.5493 -4.84336 38.7571 -48.1449
0.500000  10.6173 -4.88502 37.1156 -46.6408
0.524390  10.6756 -4.77727 35.9324 -44.6134
0.548780  10.7225 -4.52752 35.124 -42.0853
0.573171  10.7573 -4.15358 34.6511 -39.0314
0.597561  10.7825 -3.68125 34.4871 -35.4402
0.621951  10.7998 -3.13975 34.5902 -31.3137
0.646341  10.8102 -2.55677 34.9253 -26.6141
0.670732  10.8153 -1.95477 35.4529 -21.2849
0.695122  10.8178 -1.34903 36.0693 -15.3139
0.719512  10.8187 -0.747 36.5996 -8.75749
0.743902  10.8186 -0.149225 36.8692 -1.7796
0.768293  10.8185 0.44771 36.7797 5.30275
0.792683  10.8185 1.04761 36.3569 12.1089
0.817073  10.8171 1.65184 35.7551 18.378
0.841463  10.813 2.2569 35.1714 24.0238
0.865854  10.8055 2.8519 34.7353 29.0417
0.890244  10.7925 3.41755 34.5042 33.4511
0.914634  10.7711 3.92803 34.5285 37.298
0.939024  10.7406 4.35455 34.8522 40.6206
0.963415  10.7003 4.66934 35.488 43.4194
0.987805  10.6484 4.84985 36.4661 45.693
