0.012195  28.3864 10.041 77.0636 24.1391
0.036585  23.9403 8.87929 74.5255 22.7971
0.060976  19.5983 7.43891 71.5884 20.8597
0.085366  15.5512 5.88169 68.295 18.4423
0.109756  11.9973 4.36653 64.7716 15.6987
0.134146  9.13827 3.03043 61.2668 12.806
0.158537  7.03419 1.94822 58.1387 9.92809
0.182927  5.60643 1.1254 55.7363 7.16271
0.207317  4.77989 0.543058 54.2253 4.51415
0.231707  4.462 0.173467 53.5173 1.92823
0.256098  4.45626 -0.0681606 53.4111 -0.642809
0.280488  4.62995 -0.339529 53.8321 -3.21988
0.304878  5.12664 -0.793278 54.9211 -5.83204
0.329268  6.21808 -1.49911 56.8636 -8.53411
0.353659  8.01794 -2.46085 59.6485 -11.3602
0.378049  10.5042 -3.67076 63.0061 -14.2619
0.402439  13.6808 -5.10214 66.5566 -17.1023
0.426829  17.5067 -6.66207 69.9855 -19.7037
0.451220  21.7682 -8.18938 73.1085 -21.8973
0.475610  26.1843 -9.50618 75.8457 -23.5484
0.500000  30.5434 -10.4627 78.1845 -24.5624
0.524390  34.6474 -10.9506 80.1542 -24.8861
0.548780  38.2687 -10.9117 81.8036 -24.5017
0.573171  41.2622 -10.3563 83.1838 -23.4195
0.597561  43.6142 -9.36433 84.3402 -21.672
0.621951  45.3474 -8.05216 85.3066 -19.3098
0.646341  46.4928 -6.53559 86.1023 -16.3984
0.670732  47.1516 -4.92367 86.7352 -13.0172
0.695122  47.4742 -3.32183 87.2063 -9.26044
0.719512  47.5866 -1.80185 87.511 -5.23432
0.743902  47.5976 -0.360084 87.6425 -1.05472
0.768293  47.5938 1.07092 87.598 3.15612
0.792683  47.5554 2.55785 87.3797 7.27415
0.817073  47.3535 4.11995 86.9918 11.1794
0.841463  46.8618 5.72769 86.4386 14.7608
0.865854  45.9802 7.30841 85.7242 17.9181
0.890244  44.5746 8.74733 84.8458 20.5641
0.914634  42.5253 9.91209 83.7881 22.6261
0.939024  39.8238 10.6892 82.5234 24.046
0.963415  36.5227 10.9947 81.0143 24.7821
0.987805  32.6681 10.7762 79.2124 24.8122
