0.012195  28.2408 6.95763 79.268 12.4152
0.036585  21.6182 5.4676 74.3375 11.3692
0.060976  16.0137 4.05151 69.1217 10.0703
0.085366  11.5123 2.83539 63.8072 8.61603
0.109756  8.08965 1.86955 58.6498 7.10742
0.134146  5.66765 1.16836 53.8918 5.63136
0.158537  4.06275 0.699908 49.7795 4.25074
0.182927  3.04744 0.389268 46.6222 2.99653
0.207317  2.47692 0.179837 44.643 1.85745
0.231707  2.25386 0.0541886 43.7447 0.787514
0.256098  2.24268 -0.0204347 43.6177 -0.261442
0.280488  2.36459 -0.110716 44.1459 -1.32009
0.304878  2.71642 -0.269639 45.5515 -2.41967
0.329268  3.47921 -0.523558 48.0866 -3.60817
0.353659  4.78765 -0.911063 51.7255 -4.92459
0.378049  6.77861 -1.49126 56.2027 -6.36161
0.402439  9.65834 -2.31546 61.2077 -7.86471
0.426829  13.6113 -3.40878 66.4677 -9.35573
0.451220  18.6927 -4.74618 71.7454 -10.7441
0.475610  24.8305 -6.2204 76.8422 -11.9299
0.500000  31.8301 -7.65757 81.6003 -12.8178
0.524390  39.3452 -8.8678 85.8987 -13.3339
0.548780  46.9187 -9.66328 89.6673 -13.4288
0.573171  54.0797 -9.87906 92.8851 -13.0761
0.597561  60.4086 -9.44926 95.5488 -12.2756
0.621951  65.5929 -8.44256 97.6671 -11.0535
0.646341  69.4843 -6.9896 99.282 -9.45479
0.670732  72.0823 -5.2405 100.456 -7.53838
0.695122  73.5061 -3.41729 101.245 -5.37512
0.719512  74.0558 -1.76664 101.7 -3.04157
0.743902  74.1815 -0.351139 101.884 -0.613333
0.768293  74.1738 1.02308 101.828 1.83452
0.792683  73.8923 2.57854 101.511 4.22538
0.817073  72.9218 4.33252 100.892 6.48284
0.841463  70.9223 6.12509 99.9233 8.53178
0.865854  67.712 7.75615 98.5399 10.2983
0.890244  63.1825 9.02549 96.6718 11.7152
0.914634  57.3706 9.74992 94.2819 12.7302
0.939024  50.5577 9.83904 91.3516 13.3091
0.963415  43.1561 9.32541 87.8564 13.4371
0.987805  35.5724 8.31367 83.8051 13.1257
