0.012195  24.276 3.50927 77.2707 6.05155
0.036585  17.7122 2.54585 71.5099 5.46782
0.060976  12.6327 1.76143 65.761 4.79011
0.085366  8.85001 1.17293 60.1932 4.06474
0.109756  6.13742 0.74061 55.0614 3.33623
0.134146  4.3024 0.446671 50.5234 2.63891
0.158537  3.11482 0.271055 46.6388 1.99165
0.182927  2.35514 0.157631 43.5861 1.40138
0.207317  1.91544 0.0712927 41.6027 0.864814
0.231707  1.73527 0.0210003 40.6632 0.365559
0.256098  1.71875 -0.00455162 40.5103 -0.120551
0.280488  1.81803 -0.0456027 41.0613 -0.613786
0.304878  2.1033 -0.113198 42.513 -1.13004
0.329268  2.68105 -0.202796 45.0102 -1.68846
0.353659  3.64391 -0.346315 48.4626 -2.30616
0.378049  5.13546 -0.584848 52.701 -2.98313
0.402439  7.36949 -0.936395 57.5855 -3.70024
0.426829  10.5796 -1.4365 62.9485 -4.4295
0.451220  14.9999 -2.1349 68.6019 -5.1364
0.475610  20.8241 -3.01858 74.39 -5.77531
0.500000  28.1026 -4.01389 80.1464 -6.29468
0.524390  36.7102 -5.04655 85.6705 -6.6486
0.548780  46.3688 -5.99797 90.809 -6.80013
0.573171  56.5848 -6.65952 95.4705 -6.72047
0.597561  66.6413 -6.85729 99.5446 -6.39414
0.621951  75.8213 -6.55464 102.922 -5.82387
0.646341  83.5743 -5.75063 105.581 -5.02766
0.670732  89.4193 -4.45324 107.548 -4.03534
0.695122  93.0273 -2.87881 108.833 -2.88879
0.719512  94.6586 -1.43614 109.516 -1.63769
0.743902  95.1606 -0.301235 109.775 -0.330506
0.768293  95.1118 0.794046 109.715 0.988323
0.792683  94.1638 2.15725 109.258 2.27389
0.817073  91.5112 3.71253 108.266 3.47843
0.841463  86.7383 5.13788 106.659 4.55352
0.865854  79.9445 6.20101 104.364 5.45323
0.890244  71.4281 6.79214 101.321 6.13926
0.914634  61.6705 6.8362 97.5731 6.58766
0.939024  51.4209 6.36146 93.2184 6.79041
0.963415  41.4465 5.53734 88.3113 6.75293
0.987805  32.2773 4.54599 82.9327 6.49488
