0.012195  19.5998 8.32696 62.9291 39.4235
0.036585  18.3539 7.96361 63.4965 38.8466
0.060976  16.9866 7.31688 64.2362 37.4347
0.085366  15.5382 6.42577 65.1283 35.1747
0.109756  14.1207 5.36035 66.1554 32.0682
0.134146  12.85 4.2166 67.2999 28.1338
0.158537  11.7818 3.0859 68.5233 23.403
0.182927  10.9881 2.04534 69.7337 17.9233
0.207317  10.5408 1.16364 70.7698 11.7826
0.231707  10.3678 0.461417 71.4344 5.14743
0.256098  10.321 -0.141514 71.5742 -1.72252
0.280488  10.3993 -0.789292 71.1548 -8.51203
0.304878  10.7236 -1.58628 70.2783 -14.9259
0.329268  11.3511 -2.55037 69.1308 -20.7503
0.353659  12.2683 -3.64276 67.8987 -25.8628
0.378049  13.4539 -4.79434 66.709 -30.2003
0.402439  14.8287 -5.9117 65.6218 -33.7244
0.426829  16.2626 -6.89759 64.6613 -36.4093
0.451220  17.6701 -7.67409 63.8439 -38.2448
0.475610  18.9991 -8.18489 63.1885 -39.2372
0.500000  20.1738 -8.39624 62.7147 -39.4048
0.524390  21.1476 -8.3061 62.4366 -38.7704
0.548780  21.9338 -7.94017 62.3586 -37.3551
0.573171  22.5404 -7.3368 62.472 -35.1765
0.597561  22.9648 -6.54256 62.7548 -32.251
0.621951  23.2436 -5.61165 63.1712 -28.5987
0.646341  23.4211 -4.59462 63.6702 -24.2521
0.670732  23.5142 -3.52871 64.1878 -19.2666
0.695122  23.5485 -2.44131 64.6518 -13.7309
0.719512  23.5618 -1.35287 64.9905 -7.77457
0.743902  23.5657 -0.270911 65.1471 -1.56785
0.768293  23.5618 0.810503 65.0941 4.69054
0.792683  23.5581 1.89772 64.841 10.7955
0.817073  23.5385 2.98653 64.4313 16.5605
0.841463  23.4723 4.06411 63.9312 21.8347
0.865854  23.344 5.1106 63.4143 26.5095
0.890244  23.1257 6.09195 62.9495 30.5142
0.914634  22.7696 6.95972 62.5945 33.8063
0.939024  22.255 7.66336 62.3928 36.3605
0.963415  21.5725 8.15535 62.3735 38.1595
0.987805  20.6887 8.38845 62.5516 39.187
