0.012195  21.8397 1.66755 75.8111 2.96871
0.036585  15.7487 1.1754 69.9321 2.67345
0.060976  11.1768 0.795995 64.2014 2.3382
0.085366  7.84071 0.527939 58.7371 1.98338
0.109756  5.46506 0.332019 53.7526 1.62845
0.134146  3.86492 0.197362 49.3904 1.28968
0.158537  2.83324 0.122097 45.6757 0.975349
0.182927  2.16363 0.0743668 42.7181 0.686899
0.207317  1.76151 0.0328993 40.716 0.423036
0.231707  1.58691 0.00950106 39.6961 0.178324
0.256098  1.56598 -0.000188721 39.5067 -0.0585806
0.280488  1.66287 -0.0219103 40.1094 -0.299746
0.304878  1.93354 -0.0555736 41.6279 -0.553468
0.329268  2.45185 -0.0915003 44.1012 -0.827134
0.353659  3.29218 -0.152715 47.4206 -1.1281
0.378049  4.59276 -0.26302 51.4814 -1.45716
0.402439  6.54378 -0.420458 56.1991 -1.80571
0.426829  9.3561 -0.644127 61.4281 -2.1611
0.451220  13.2926 -0.976171 67.0172 -2.50881
0.475610  18.6184 -1.41543 72.8593 -2.8284
0.500000  25.4776 -1.92963 78.8046 -3.09465
0.524390  33.9075 -2.51264 84.6529 -3.28467
0.548780  43.8637 -3.12657 90.2683 -3.37987
0.573171  55.0335 -3.64133 95.557 -3.36337
0.597561  66.7534 -3.94136 100.355 -3.22302
0.621951  78.2889 -3.99808 104.501 -2.95655
0.646341  88.9478 -3.7429 107.945 -2.57017
0.670732  97.7968 -3.05746 110.633 -2.07555
0.695122  103.853 -2.03658 112.437 -1.49218
0.719512  106.994 -1.03142 113.386 -0.847779
0.743902  108.137 -0.234523 113.747 -0.171242
0.768293  107.977 0.555327 113.689 0.512058
0.792683  105.995 1.55639 113.06 1.1765
0.817073  101.241 2.62293 111.639 1.79341
0.841463  93.6071 3.44251 109.387 2.33501
0.865854  83.8118 3.89427 106.343 2.77828
0.890244  72.6527 4.01906 102.519 3.10592
0.914634  60.8573 3.83827 98.0035 3.30844
0.939024  49.2892 3.39223 92.9676 3.38604
0.963415  38.7203 2.81314 87.5191 3.34607
0.987805  29.5262 2.2243 81.7394 3.2008
