0.012195  22.5454 -2.78813 20.6965 19.1124 -26.0565
0.036585  25.475 -3.17351 23.5791 18.2062 -28.2003
0.060976  28.6738 -3.41019 26.8581 16.818 -29.8857
0.085366  31.9412 -3.39102 30.3571 14.8444 -30.8185
0.109756  34.9859 -3.03637 33.7736 12.2854 -30.6103
0.134146  37.4992 -2.36075 36.7247 9.30745 -28.8827
0.158537  39.2693 -1.51239 38.8812 6.2458 -25.4132
0.182927  40.2686 -0.729212 40.1306 3.51151 -20.2254
0.207317  40.6674 -0.215197 40.64 1.45254 -13.5921
0.231707  40.7496 -0.0181268 40.7484 0.268733 -5.98252
0.256098  40.7531 0.000391117 40.7521 0.0301035 2.03368
0.280488  40.7307 0.0820842 40.7218 0.744899 9.88927
0.304878  40.5245 0.431265 40.4584 2.38123 17.0535
0.329268  39.8587 1.09698 39.6153 4.8128 23.0202
0.353659  38.4868 1.94394 37.9159 7.76175 27.3771
0.378049  36.3257 2.73294 35.3312 10.8314 29.9534
0.402439  33.5082 3.25767 32.0992 13.6319 30.8775
0.426829  30.3166 3.43833 28.5966 15.9077 30.4724
0.451220  27.0552 3.31705 25.1776 17.581 29.1183
0.475610  23.9671 2.99343 22.0824 18.7116 27.1659
0.500000  21.2153 2.56858 19.4294 19.4294 24.8718
0.524390  18.8796 2.11995 17.2465 19.8791 22.3671
0.548780  16.9643 1.6937 15.5094 20.189 19.6986
0.573171  15.4372 1.30938 14.1702 20.458 16.8738
0.597561  14.2644 0.97444 13.1745 20.7539 13.8688
0.621951  13.4028 0.693165 12.4653 21.109 10.7114
0.646341  12.7932 0.464486 11.9836 21.5143 7.62835
0.670732  12.3864 0.283389 11.6709 21.924 4.99355
0.695122  12.1524 0.149319 11.4763 22.2767 3.01657
0.719512  12.0482 0.0635197 11.3645 22.5212 1.55731
0.743902  12.0127 0.0133842 11.3182 22.6284 0.321887
0.768293  12.0144 -0.0313856 11.3322 22.5894 -0.886468
0.792683  12.0785 -0.101396 11.4083 22.4085 -2.21928
0.817073  12.2504 -0.212235 11.5576 22.1042 -3.92941
0.841463  12.5653 -0.368211 11.8062 21.7161 -6.25051
0.865854  13.0626 -0.57242 12.1971 21.3024 -9.14437
0.890244  13.795 -0.82814 12.7853 20.9198 -12.3019
0.914634  14.8114 -1.13617 13.6308 20.5968 -15.4043
0.939024  16.1526 -1.49549 14.7919 20.3212 -18.316
0.963415  17.8658 -1.90262 16.3239 20.043 -21.0505
0.987805  19.9942 -2.34442 18.2789 19.6784 -23.6397
