0.012195  16.6559 -0.254478 16.3051 15.057 -13.6866
0.036585  16.6929 -0.223011 16.434 12.6895 -13.8467
0.060976  16.7238 -0.18432 16.5425 10.3586 -13.6421
0.085366  16.7481 -0.142145 16.629 8.13129 -13.0708
0.109756  16.7656 -0.100644 16.694 6.07256 -12.1294
0.134146  16.7768 -0.0637098 16.7385 4.24234 -10.7641
0.158537  16.7831 -0.0345551 16.7655 2.6931 -9.02401
0.182927  16.786 -0.0149498 16.7792 1.4681 -7.0657
0.207317  16.787 -0.00444233 16.7848 0.60003 -4.87965
0.231707  16.787 -0.00058354 16.7863 0.110779 -2.27691
0.256098  16.7871 0.000151911 16.7863 0.0122655 0.688952
0.280488  16.7871 0.0018119 16.7857 0.307029 3.57723
0.304878  16.7866 0.00854967 16.7829 0.987911 6.02479
0.329268  16.7849 0.023572 16.7739 2.0378 8.08188
0.353659  16.7806 0.0480943 16.7538 3.42955 9.92008
0.378049  16.7719 0.0813151 16.7186 5.12542 11.4918
0.402439  16.7576 0.120932 16.6644 7.07711 12.6573
0.426829  16.7369 0.163396 16.5886 9.22785 13.4047
0.451220  16.7093 0.204364 16.4908 11.5151 13.784
0.475610  16.675 0.239757 16.372 13.873 13.8051
0.500000  16.6354 0.266558 16.2341 16.2341 13.5006
0.524390  16.5925 0.282751 16.0795 18.534 12.944
0.548780  16.5481 0.287137 15.9127 20.7139 12.1656
0.573171  16.5045 0.279529 15.7394 22.7234 11.1608
0.597561  16.4646 0.260743 15.5665 24.522 9.96384
0.621951  16.4304 0.232167 15.4012 26.0808 8.62036
0.646341  16.4028 0.195525 15.2516 27.3811 7.13916
0.670732  16.3826 0.152986 15.1249 28.4123 5.54099
0.695122  16.3703 0.106994 15.0268 29.1691 3.88014
0.719512  16.3647 0.0596342 14.962 29.6503 2.18074
0.743902  16.3628 0.0120554 14.9337 29.8565 0.437972
0.768293  16.3629 -0.0355434 14.9433 29.788 -1.31504
0.792683  16.3663 -0.0832198 14.99 29.4441 -3.03199
0.817073  16.3755 -0.130286 15.0717 28.8248 -4.71308
0.841463  16.3917 -0.174906 15.1849 27.9307 -6.35438
0.865854  16.4153 -0.214712 15.3241 26.7642 -7.89858
0.890244  16.4464 -0.247545 15.4822 25.3327 -9.30489
0.914634  16.484 -0.271512 15.6522 23.6508 -10.5798
0.939024  16.526 -0.284876 15.8264 21.7426 -11.6949
0.963415  16.5701 -0.286471 15.9974 19.6424 -12.5858
0.987805  16.6141 -0.276115 16.1584 17.3954 -13.2447
