0 30.43 5.76 82.85 -26.14
0.02 24.82 4.78 78.89 -25.56
0.04 19.79 3.84 74.66 -24.52
0.06 15.44 2.99 70.24 -23.07
0.08 11.82 2.27 65.75 -21.27
0.1 8.92 1.67 61.32 -19.18
0.12 6.68 1.2 57.08 -16.88
0.14 5.01 0.85 53.18 -14.43
0.16 3.81 0.58 49.76 -11.87
0.18 2.98 0.39 46.93 -9.24
0.2 2.43 0.25 44.76 -6.54
0.22 2.1 0.14 43.31 -3.77
0.24 1.94 0.05 42.59 -0.94
0.26 1.93 -0.04 42.59 1.9
0.28 2.08 -0.13 43.32 4.71
0.3 2.4 -0.23 44.79 7.47
0.32 2.94 -0.37 46.98 10.16
0.34 3.75 -0.55 49.85 12.79
0.36 4.92 -0.79 53.32 15.36
0.38 6.56 -1.12 57.27 17.85
0.4 8.76 -1.55 61.57 20.21
0.42 11.62 -2.1 66.06 22.38
0.44 15.19 -2.78 70.62 24.27
0.46 19.5 -3.58 75.11 25.83
0.48 24.51 -4.46 79.4 26.98
0.5 30.11 -5.4 83.42 27.69
0.52 36.16 -6.33 87.08 27.92
0.54 42.47 -7.19 90.35 27.65
0.56 48.83 -7.9 93.21 26.9
0.58 55.03 -8.4 95.65 25.66
0.6 60.87 -8.61 97.69 23.97
0.62 66.19 -8.49 99.36 21.86
0.64 70.87 -8.01 100.68 19.37
0.66 74.81 -7.17 101.69 16.56
0.68 77.98 -5.99 102.44 13.47
0.7 80.36 -4.52 102.95 10.16
0.72 81.92 -2.81 103.25 6.69
0.74 82.69 -0.94 103.37 3.12
0.76 82.67 0.98 103.31 -0.48
0.78 81.86 2.86 103.08 -4.07
0.8 80.26 4.61 102.67 -7.57
0.82 77.88 6.14 102.06 -10.93
0.84 74.73 7.38 101.22 -14.08
0.86 70.81 8.28 100.13 -16.98
0.88 66.19 8.82 98.75 -19.56
0.9 60.94 8.98 97.05 -21.78
0.92 55.17 8.8 94.99 -23.59
0.94 49.05 8.33 92.55 -24.95
0.96 42.74 7.61 89.71 -25.84
0.98 36.47 6.73 86.47 -26.24
1 30.43 5.76 82.85 -26.14
