0 24.56 1.84 78.49 -7.95
0.02 19.01 1.42 73.65 -7.44
0.04 14.5 1.07 68.84 -6.81
0.06 10.93 0.78 64.17 -6.09
0.08 8.18 0.55 59.69 -5.33
0.1 6.1 0.38 55.5 -4.54
0.12 4.58 0.26 51.66 -3.76
0.14 3.48 0.17 48.25 -3.01
0.16 2.7 0.11 45.32 -2.29
0.18 2.17 0.07 42.91 -1.61
0.2 1.82 0.04 41.08 -0.98
0.22 1.61 0.02 39.84 -0.37
0.24 1.51 0.01 39.21 0.22
0.26 1.51 -0.01 39.22 0.81
0.28 1.61 -0.02 39.85 1.41
0.3 1.82 -0.04 41.1 2.04
0.32 2.17 -0.07 42.95 2.72
0.34 2.7 -0.11 45.36 3.45
0.36 3.47 -0.17 48.31 4.23
0.38 4.57 -0.25 51.74 5.07
0.4 6.09 -0.37 55.59 5.93
0.42 8.16 -0.54 59.79 6.82
0.44 10.91 -0.76 64.28 7.69
0.46 14.48 -1.04 68.97 8.51
0.48 18.98 -1.38 73.79 9.26
0.5 24.51 -1.79 78.64 9.89
0.52 31.12 -2.25 83.46 10.38
0.54 38.77 -2.72 88.14 10.68
0.56 47.35 -3.19 92.63 10.79
0.58 56.67 -3.59 96.86 10.67
0.6 66.44 -3.88 100.75 10.32
0.62 76.3 -4.02 104.27 9.74
0.64 85.84 -3.96 107.35 8.93
0.66 94.65 -3.68 109.97 7.91
0.68 102.3 -3.16 112.1 6.7
0.7 108.41 -2.44 113.71 5.34
0.72 112.66 -1.54 114.78 3.86
0.74 114.85 -0.53 115.32 2.31
0.76 114.85 0.52 115.3 0.72
0.78 112.67 1.54 114.74 -0.86
0.8 108.41 2.45 113.63 -2.37
0.82 102.31 3.19 111.99 -3.79
0.84 94.67 3.72 109.84 -5.06
0.86 85.87 4.02 107.2 -6.17
0.88 76.34 4.1 104.1 -7.08
0.9 66.48 3.97 100.58 -7.77
0.92 56.72 3.67 96.68 -8.23
0.94 47.41 3.27 92.46 -8.47
0.96 38.82 2.8 87.97 -8.49
0.98 31.17 2.31 83.29 -8.31
1 24.56 1.84 78.49 -7.95
