0 26.67 3.51 79.93 -15.73
0.02 20.89 2.77 75.25 -14.95
0.04 16.07 2.12 70.52 -13.91
0.06 12.16 1.57 65.83 -12.67
0.08 9.1 1.13 61.27 -11.29
0.1 6.77 0.8 56.94 -9.82
0.12 5.04 0.55 52.95 -8.32
0.14 3.8 0.37 49.36 -6.82
0.16 2.92 0.25 46.27 -5.37
0.18 2.32 0.16 43.73 -3.98
0.2 1.93 0.1 41.78 -2.64
0.22 1.69 0.05 40.47 -1.36
0.24 1.58 0.02 39.81 -0.11
0.26 1.58 -0.02 39.82 1.13
0.28 1.69 -0.05 40.49 2.39
0.3 1.92 -0.09 41.82 3.69
0.32 2.31 -0.15 43.78 5.05
0.34 2.91 -0.24 46.35 6.48
0.36 3.78 -0.36 49.46 7.97
0.38 5.02 -0.53 53.07 9.52
0.4 6.73 -0.76 57.09 11.09
0.42 9.04 -1.08 61.44 12.63
0.44 12.08 -1.5 66.03 14.1
0.46 15.96 -2.02 70.75 15.44
0.48 20.77 -2.64 75.52 16.59
0.5 26.53 -3.35 80.22 17.5
0.52 33.22 -4.12 84.79 18.11
0.54 40.71 -4.89 89.13 18.38
0.56 48.85 -5.6 93.18 18.3
0.58 57.37 -6.19 96.89 17.84
0.6 66 -6.57 100.23 17.01
0.62 74.42 -6.69 103.17 15.8
0.64 82.3 -6.48 105.68 14.26
0.66 89.36 -5.94 107.77 12.4
0.68 95.33 -5.06 109.43 10.27
0.7 99.99 -3.86 110.66 7.92
0.72 103.18 -2.43 111.47 5.41
0.74 104.8 -0.83 111.85 2.79
0.76 104.79 0.83 111.82 0.13
0.78 103.15 2.45 111.37 -2.51
0.8 99.95 3.91 110.5 -5.06
0.82 95.29 5.14 109.21 -7.47
0.84 89.34 6.06 107.51 -9.67
0.86 82.31 6.65 105.38 -11.62
0.88 74.46 6.88 102.84 -13.28
0.9 66.08 6.79 99.88 -14.6
0.92 57.49 6.42 96.54 -15.56
0.94 48.99 5.83 92.83 -16.15
0.96 40.86 5.1 88.79 -16.36
0.98 33.37 4.31 84.47 -16.22
1 26.67 3.51 79.93 -15.73
