0 21.23 4.9 85.25 -32.72
0.04 19.21 4.51 85.53 -34.55
0.08 16.72 3.91 83.68 -34.32
0.12 14.11 3.2 80.21 -31.47
0.16 11.8 2.39 76.27 -25.38
0.2 10.11 1.45 73.17 -15.69
0.24 9.28 0.34 71.78 -3.04
0.28 9.49 -0.8 72.43 10.36
0.32 10.67 -1.78 75.02 21.79
0.36 12.63 -2.58 78.96 29.78
0.4 15.1 -3.28 83.13 34.32
0.44 17.73 -3.9 86.17 35.93
0.48 20.1 -4.4 87.15 35.22
0.52 21.92 -4.68 85.92 32.69
0.56 23.08 -4.67 82.87 28.8
0.6 23.64 -4.3 78.78 23.9
0.64 23.78 -3.56 74.53 18.28
0.68 23.7 -2.47 70.92 12.17
0.72 23.58 -1.11 68.61 5.76
0.76 23.54 0.38 67.98 -0.77
0.8 23.61 1.85 69.12 -7.27
0.84 23.74 3.15 71.81 -13.57
0.88 23.77 4.15 75.55 -19.51
0.92 23.52 4.78 79.64 -24.86
0.96 22.78 5.04 83.23 -29.36
1 21.41 4.94 85.49 -32.7
