0 30.3 6.74 85.39 -33.95
0.02 26.63 6.01 83.22 -34.32
0.04 22.94 5.23 80.54 -34.15
0.06 19.35 4.44 77.41 -33.42
0.08 16.01 3.67 73.89 -32.14
0.1 13.01 2.97 70.13 -30.3
0.12 10.43 2.34 66.3 -27.92
0.14 8.31 1.81 62.62 -25.02
0.16 6.65 1.37 59.34 -21.59
0.18 5.42 1.01 56.66 -17.61
0.2 4.56 0.7 54.74 -13.07
0.22 4.02 0.42 53.57 -7.99
0.24 3.76 0.15 53.04 -2.5
0.26 3.74 -0.11 53.06 3.16
0.28 3.97 -0.38 53.62 8.65
0.3 4.47 -0.64 54.83 13.74
0.32 5.28 -0.92 56.81 18.29
0.34 6.46 -1.25 59.55 22.29
0.36 8.07 -1.65 62.93 25.76
0.38 10.13 -2.13 66.71 28.73
0.4 12.66 -2.7 70.66 31.18
0.42 15.61 -3.36 74.53 33.11
0.44 18.93 -4.07 78.16 34.5
0.46 22.5 -4.82 81.39 35.34
0.48 26.21 -5.56 84.15 35.62
0.5 29.92 -6.26 86.39 35.36
0.52 33.5 -6.86 88.1 34.58
0.54 36.85 -7.34 89.32 33.31
0.56 39.88 -7.64 90.07 31.6
0.58 42.54 -7.74 90.44 29.47
0.6 44.79 -7.61 90.48 26.98
0.62 46.65 -7.25 90.29 24.16
0.64 48.12 -6.64 89.94 21.08
0.66 49.24 -5.8 89.5 17.76
0.68 50.06 -4.76 89.04 14.25
0.7 50.62 -3.53 88.62 10.59
0.72 50.96 -2.17 88.29 6.83
0.74 51.11 -0.72 88.08 3.01
0.76 51.1 0.77 88 -0.84
0.78 50.91 2.24 88.06 -4.68
0.8 50.55 3.64 88.24 -8.46
0.82 49.98 4.91 88.51 -12.14
0.84 49.16 6.01 88.83 -15.69
0.86 48.06 6.91 89.16 -19.06
0.88 46.63 7.57 89.41 -22.21
0.9 44.84 7.99 89.52 -25.09
0.92 42.65 8.17 89.42 -27.66
0.94 40.07 8.1 89.02 -29.88
0.96 37.12 7.82 88.26 -31.69
0.98 33.83 7.35 87.07 -33.06
1 30.3 6.74 85.39 -33.95
