0 17.89 1 16.69 16.78 -17.93
0.02 15.77 0.81 14.7 16.62 -16.15
0.04 14.12 0.66 13.15 16.5 -14.59
0.06 12.83 0.54 11.95 16.42 -13.19
0.08 11.81 0.45 11 16.37 -11.9
0.1 11 0.38 10.25 16.34 -10.67
0.12 10.36 0.31 9.66 16.34 -9.47
0.14 9.86 0.25 9.21 16.36 -8.24
0.16 9.48 0.2 8.87 16.41 -6.96
0.18 9.2 0.15 8.63 16.48 -5.58
0.2 9 0.11 8.46 16.55 -4.08
0.22 8.88 0.06 8.36 16.62 -2.47
0.24 8.82 0.02 8.32 16.65 -0.76
0.26 8.82 -0.02 8.32 16.65 0.97
0.28 8.89 -0.06 8.37 16.61 2.67
0.3 9.01 -0.11 8.47 16.54 4.27
0.32 9.21 -0.15 8.64 16.47 5.75
0.34 9.5 -0.2 8.89 16.4 7.12
0.36 9.89 -0.25 9.24 16.35 8.39
0.38 10.4 -0.31 9.7 16.33 9.6
0.4 11.05 -0.38 10.3 16.34 10.8
0.42 11.86 -0.45 11.06 16.37 12.03
0.44 12.9 -0.55 12.02 16.42 13.32
0.46 14.2 -0.66 13.24 16.51 14.73
0.48 15.87 -0.81 14.8 16.63 16.3
0.5 18.02 -1.01 16.82 16.78 18.09
0.52 20.85 -1.28 19.48 16.99 20.16
0.54 24.64 -1.67 23.05 17.27 22.62
0.56 29.86 -2.25 27.97 17.61 25.56
0.58 37.25 -3.12 34.94 18.03 29.12
0.6 47.99 -4.47 45.11 18.5 33.42
0.62 63.98 -6.55 60.33 18.92 38.49
0.64 87.95 -9.58 83.32 18.98 44.11
0.66 123.09 -13.25 117.42 18.12 49.39
0.68 169.66 -15.7 163.38 15.37 52.25
0.7 218.47 -12.97 212.94 10.25 48.74
0.72 244.84 -5.18 241.71 4.16 35.22
0.74 243.49 -0.38 242.67 0.44 12.2
0.76 243.81 0.46 242.93 0.53 -13.24
0.78 244.43 5.55 241.09 4.4 -35.97
0.8 216.88 13.27 211.1 10.51 -49.01
0.82 167.69 15.76 161.2 15.53 -52.19
0.84 121.46 13.16 115.65 18.19 -49.15
0.86 86.76 9.48 82.04 19 -43.82
0.88 63.16 6.47 59.45 18.91 -38.2
0.9 47.42 4.42 44.51 18.49 -33.16
0.92 36.85 3.09 34.52 18.02 -28.89
0.94 29.57 2.23 27.66 17.6 -25.35
0.96 24.43 1.66 22.82 17.25 -22.43
0.98 20.68 1.27 19.31 16.98 -19.99
1 17.89 1 16.69 16.78 -17.93
