0 21.4 2.35 18.32 18.45 -24.34
0.02 18.84 1.91 16.06 18.2 -22.15
0.04 16.83 1.57 14.31 17.99 -20.15
0.06 15.26 1.3 12.95 17.83 -18.29
0.08 14.02 1.08 11.89 17.73 -16.55
0.1 13.04 0.89 11.08 17.69 -14.85
0.12 12.28 0.73 10.46 17.72 -13.16
0.14 11.7 0.58 10 17.81 -11.42
0.16 11.26 0.45 9.68 17.94 -9.6
0.18 10.94 0.34 9.46 18.1 -7.65
0.2 10.72 0.23 9.33 18.27 -5.56
0.22 10.59 0.13 9.25 18.41 -3.34
0.24 10.52 0.04 9.22 18.48 -1.03
0.26 10.53 -0.05 9.22 18.48 1.31
0.28 10.59 -0.14 9.26 18.39 3.61
0.3 10.73 -0.24 9.34 18.25 5.81
0.32 10.96 -0.34 9.48 18.08 7.89
0.34 11.28 -0.46 9.7 17.92 9.82
0.36 11.73 -0.59 10.04 17.79 11.63
0.38 12.33 -0.73 10.51 17.71 13.35
0.4 13.1 -0.89 11.14 17.68 15.03
0.42 14.08 -1.08 11.97 17.73 16.72
0.44 15.34 -1.3 13.04 17.83 18.47
0.46 16.93 -1.57 14.43 17.99 20.32
0.48 18.96 -1.92 16.21 18.21 22.33
0.5 21.56 -2.35 18.5 18.46 24.53
0.52 24.9 -2.92 21.48 18.74 26.94
0.54 29.22 -3.64 25.36 18.99 29.58
0.56 34.79 -4.56 30.42 19.15 32.4
0.58 41.93 -5.68 36.99 19.08 35.29
0.6 50.89 -6.92 45.37 18.6 38
0.62 61.67 -8.05 55.67 17.44 40.12
0.64 73.67 -8.6 67.46 15.35 40.98
0.66 85.36 -7.99 79.44 12.24 39.76
0.68 94.42 -6 89.41 8.39 35.64
0.7 99.01 -3.3 95.38 4.57 28.26
0.72 99.62 -1.16 97.37 1.66 18.03
0.74 98.84 -0.2 97.44 0.17 6
0.76 98.88 0.23 97.45 0.22 -6.62
0.78 99.67 1.26 97.33 1.79 -18.58
0.8 98.94 3.47 95.17 4.76 -28.68
0.82 94.13 6.18 88.96 8.6 -35.89
0.84 84.9 8.12 78.83 12.42 -39.84
0.86 73.13 8.66 66.8 15.49 -40.94
0.88 61.15 8.06 55.04 17.52 -39.99
0.9 50.43 6.91 44.84 18.64 -37.82
0.92 41.55 5.66 36.55 19.1 -35.09
0.94 34.48 4.55 30.07 19.15 -32.19
0.96 28.97 3.63 25.08 18.98 -29.38
0.98 24.71 2.91 21.26 18.73 -26.75
1 21.4 2.35 18.32 18.45 -24.34
