0 12.32 2.44 83.37 -20.68
0.04 13.03 2.6 88.05 -22.19
0.08 13.71 2.62 90.31 -22.25
0.12 14.29 2.45 90.07 -20.37
0.16 14.68 1.99 87.96 -16.06
0.2 14.86 1.21 85.38 -9.21
0.24 14.92 0.18 84.16 -0.43
0.28 14.99 -0.9 85.47 8.8
0.32 15.03 -1.81 88.87 16.78
0.36 14.9 -2.4 92.62 22.43
0.4 14.57 -2.7 94.95 25.54
0.44 14.09 -2.78 94.78 26.46
0.48 13.54 -2.72 91.81 25.7
0.52 12.96 -2.56 86.33 23.71
0.56 12.38 -2.33 79.11 20.86
0.6 11.86 -2.02 71.18 17.41
0.64 11.41 -1.63 63.65 13.57
0.68 11.07 -1.16 57.54 9.47
0.72 10.88 -0.61 53.63 5.22
0.76 10.85 -0.03 52.44 0.92
0.8 10.99 0.56 54.08 -3.35
0.84 11.3 1.12 58.3 -7.51
0.88 11.78 1.62 64.53 -11.44
0.92 12.39 2.05 71.9 -15.02
0.96 13.13 2.4 79.38 -18.07
1 13.95 2.66 85.94 -20.35
