0.012195  24.1349 3.45462 77.1518 6.04168
0.036585  17.6741 2.53506 71.3988 5.46021
0.060976  12.5871 1.76009 65.7069 4.78657
0.085366  8.81542 1.15463 60.265 4.06837
0.109756  6.16259 0.732615 55.1698 3.34275
0.134146  4.33495 0.460397 50.5439 2.64139
0.158537  3.10419 0.275078 46.6372 1.99119
0.182927  2.3496 0.144427 43.7075 1.40392
0.207317  1.95317 0.0688747 41.8079 0.869908
0.231707  1.76833 0.0323248 40.7869 0.367784
0.256098  1.71279 -0.00235136 40.5196 -0.121715
0.280488  1.80817 -0.0521431 41.0642 -0.614529
0.304878  2.11337 -0.112866 42.5651 -1.13017
0.329268  2.69063 -0.19941 45.0752 -1.69067
0.353659  3.64667 -0.348764 48.5185 -2.30997
0.378049  5.14588 -0.58713 52.7586 -2.98619
0.402439  7.37899 -0.933313 57.6353 -3.70259
0.426829  10.5634 -1.4283 62.9638 -4.43105
0.451220  14.9442 -2.11535 68.5613 -5.13379
0.475610  20.712 -2.9854 74.2743 -5.76578
0.500000  27.9044 -3.97216 79.9516 -6.27938
0.524390  36.401 -4.98821 85.4164 -6.62931
0.548780  45.9449 -5.9225 90.5065 -6.77714
0.573171  56.0899 -6.61509 95.1257 -6.69602
0.597561  66.1881 -6.89646 99.2175 -6.37364
0.621951  75.5452 -6.66997 102.708 -5.8116
0.646341  83.5882 -5.93542 105.523 -5.02439
0.670732  89.8681 -4.76087 107.66 -4.03996
0.695122  94.0724 -3.28913 109.186 -2.8985
0.719512  96.241 -1.73852 110.16 -1.64679
0.743902  96.8741 -0.286728 110.585 -0.332845
0.768293  96.5176 1.07547 110.439 0.994363
0.792683  95.146 2.4907 109.726 2.28374
0.817073  92.1424 3.99211 108.462 3.48498
0.841463  86.9709 5.37898 106.633 4.55219
0.865854  79.7161 6.374 104.182 5.44377
0.890244  70.9234 6.83898 101.051 6.12307
0.914634  61.1748 6.79417 97.2472 6.56533
0.939024  51.0086 6.31216 92.8578 6.76424
0.963415  41.0591 5.4884 87.9951 6.72928
0.987805  31.9686 4.47698 82.7355 6.47897
