0.012195  16.8045 -0.380092 16.3611 15.1056 -14.8123
0.036585  16.8678 -0.334622 16.5083 12.7501 -14.4521
0.060976  16.927 -0.293687 16.647 10.4268 -15.1155
0.085366  16.9791 -0.294813 16.7792 8.20138 -16.856
0.109756  17.022 -0.259903 16.8969 6.14405 -16.0982
0.134146  17.0552 -0.159913 16.9836 4.30772 -12.6532
0.158537  17.0789 -0.0878009 17.0392 2.73899 -11.4513
0.182927  17.0937 -0.0954642 17.0834 1.49165 -13.7358
0.207317  17.1014 -0.099812 17.1261 0.610738 -12.8273
0.231707  17.1046 -0.0314558 17.153 0.115955 -3.86007
0.256098  17.1054 0.0481809 17.1504 0.0136262 7.53849
0.280488  17.104 0.0640026 17.1265 0.310915 12.5312
0.304878  17.0988 0.053269 17.0976 1.0057 11.1238
0.329268  17.0876 0.0865211 17.0643 2.07494 10.3258
0.353659  17.0685 0.152424 17.0149 3.48344 13.0196
0.378049  17.0402 0.204906 16.9409 5.1923 15.643
0.402439  17.002 0.249026 16.8407 7.1518 15.7649
0.426829  16.9542 0.303782 16.717 9.29992 15.2536
0.451220  16.8981 0.344899 16.5778 11.5759 15.5384
0.475610  16.8365 0.349541 16.4329 13.9246 15.2453
0.500000  16.7723 0.338447 16.2857 16.2857 13.5939
0.524390  16.7092 0.325117 16.1345 18.5966 11.9387
0.548780  16.6504 0.288974 15.9833 20.8059 11.0414
0.573171  16.5988 0.236471 15.8371 22.8658 10.1583
0.597561  16.5561 0.211323 15.6866 24.7112 9.24485
0.621951  16.5228 0.213961 15.5168 26.2747 9.10071
0.646341  16.4989 0.204814 15.3294 27.5214 9.36289
0.670732  16.4831 0.209172 15.1389 28.4411 9.09214
0.695122  16.4739 0.286377 14.9467 29.0127 8.65366
0.719512  16.4697 0.353917 14.7525 29.2322 8.06625
0.743902  16.4686 0.214351 14.6007 29.192 4.87257
0.768293  16.4693 -0.142418 14.5764 29.0599 -2.42617
0.792683  16.4719 -0.431188 14.7219 28.9158 -10.0125
0.817073  16.4782 -0.4154 14.9771 28.6402 -12.4471
0.841463  16.4904 -0.221311 15.2332 28.0215 -10.1209
0.865854  16.5102 -0.135417 15.434 26.9598 -8.30084
0.890244  16.5387 -0.20885 15.597 25.518 -9.20539
0.914634  16.5766 -0.272253 15.7539 23.8009 -10.2572
0.939024  16.6238 -0.258908 15.9094 21.8594 -10.1986
0.963415  16.6793 -0.271152 16.0593 19.7219 -11.1389
0.987805  16.7406 -0.345013 16.209 17.4467 -13.5398
