0.012195  27.4816 6.7959 78.2413 12.2564
0.036585  21.0416 5.2781 73.4743 11.2349
0.060976  15.5771 3.88219 68.5877 9.98995
0.085366  11.2348 2.73588 63.5221 8.58054
0.109756  7.98023 1.82806 58.4533 7.08661
0.134146  5.63773 1.13966 53.837 5.62186
0.158537  4.03754 0.670014 50.0443 4.26998
0.182927  3.0632 0.373365 47.1721 3.03649
0.207317  2.56924 0.178603 45.2165 1.8849
0.231707  2.36038 0.0546335 44.1892 0.789986
0.256098  2.30111 -0.0169823 44.0233 -0.267425
0.280488  2.39827 -0.0992363 44.6049 -1.3274
0.304878  2.75472 -0.260611 45.9829 -2.43934
0.329268  3.49332 -0.519078 48.3682 -3.63647
0.353659  4.74958 -0.889449 51.8329 -4.93747
0.378049  6.68807 -1.44087 56.1452 -6.34741
0.402439  9.48267 -2.24301 60.9527 -7.83011
0.426829  13.2814 -3.29786 65.9883 -9.29614
0.451220  18.1737 -4.57028 71.0529 -10.6414
0.475610  24.1391 -6.01304 75.9578 -11.7849
0.500000  31.0037 -7.49694 80.5746 -12.6566
0.524390  38.4628 -8.79418 84.8479 -13.1779
0.548780  46.1427 -9.70951 88.7177 -13.2858
0.573171  53.6331 -10.1612 92.1249 -12.9627
0.597561  60.5123 -10.0813 95.0935 -12.2184
0.621951  66.424 -9.36755 97.6826 -11.0605
0.646341  71.1537 -8.05088 99.8621 -9.50842
0.670732  74.6134 -6.38574 101.582 -7.61879
0.695122  76.8085 -4.60868 102.925 -5.46596
0.719512  77.8939 -2.69791 103.988 -3.11282
0.743902  78.1993 -0.550627 104.601 -0.628383
0.768293  78.0259 1.69339 104.452 1.8835
0.792683  77.3485 3.74046 103.532 4.30868
0.817073  75.8032 5.51449 102.207 6.56658
0.841463  73.0196 7.17295 100.712 8.59935
0.865854  68.8975 8.71538 98.8737 10.3331
0.890244  63.5541 9.82989 96.467 11.6908
0.914634  57.1575 10.2353 93.5884 12.6374
0.939024  49.9378 9.97577 90.4255 13.1731
0.963415  42.2799 9.25828 86.8938 13.2885
0.987805  34.6593 8.18261 82.8041 12.9706
