0.012195  27.2808 8.82192 68.1983 87.8569
0.036585  27.6204 5.13901 71.8533 85.507
0.060976  28.1933 17.2453 65.9745 75.0067
0.085366  27.5112 23.3311 64.3379 71.6351
0.109756  25.9748 13.6918 75.8904 74.9527
0.134146  25.2985 3.01476 88.4516 72.2003
0.158537  25.9099 4.20679 88.3134 59.4215
0.182927  26.3687 11.1755 81.8798 43.3513
0.207317  25.6986 11.8522 82.2281 27.8669
0.231707  24.9082 3.83866 86.8283 11.8292
0.256098  25.258 -6.07169 86.2547 -4.30089
0.280488  26.1064 -9.51286 84.0836 -20.0735
0.304878  25.9453 -4.65775 88.5028 -37.6856
0.329268  25.0303 -1.06841 92.7844 -55.0664
0.353659  25.1757 -8.99129 85.1999 -64.6767
0.378049  26.7677 -20.5931 72.2791 -66.766
0.402439  27.8449 -17.3315 70.165 -72.375
0.426829  27.0935 -2.43934 76.4493 -84.1029
0.451220  26.1555 -3.12071 73.7065 -88.1279
0.475610  27.2943 -26.1323 60.4851 -77.729
0.500000  29.7592 -38.3441 54.8943 -68.9823
0.524390  30.6198 -16.801 63.7314 -75.9871
0.548780  29.0809 8.05373 71.1067 -85.4503
0.573171  27.7471 -4.30049 65.5982 -77.4865
0.597561  28.8493 -37.747 58.2305 -59.2648
0.621951  31.1023 -41.4124 62.5462 -52.6774
0.646341  31.7567 -8.84388 73.6136 -57.0322
0.670732  30.4828 14.1573 79.1357 -51.674
0.695122  29.3642 3.0501 78.4199 -31.9727
0.719512  29.6073 -13.3282 78.2126 -14.4622
0.743902  30.2208 -7.20151 79.4847 -5.53553
0.768293  30.1221 6.95677 79.1419 7.2041
0.792683  29.7681 7.6998 77.4987 27.8505
0.817073  29.918 4.44136 75.7193 42.9511
0.841463  30.1404 12.2863 72.4041 47.1399
0.865854  29.7052 20.0002 68.4024 53.4482
0.890244  29.0849 13.2673 67.4296 67.8767
0.914634  29.2452 5.59643 67.9205 76.7259
0.939024  29.855 15.12 63.9283 71.9199
0.963415  29.5864 29.5271 57.6953 67.6875
0.987805  28.2475 25.424 59.1486 76.672
