0.012195  28.2379 10.6817 75.0999 23.5244
0.036585  23.4106 8.86367 72.6342 22.2162
0.060976  18.8522 7.17547 70.0472 20.4071
0.085366  14.8001 5.74059 66.6384 18.0016
0.109756  11.399 4.22256 62.961 15.266
0.134146  8.71168 2.68621 60.3615 12.6058
0.158537  6.77575 1.57806 59.0251 10.0717
0.182927  5.58241 0.981932 57.7068 7.43151
0.207317  4.99752 0.553379 55.7529 4.64999
0.231707  4.7779 0.13655 54.2287 1.93392
0.256098  4.72339 -0.125788 54.3449 -0.662796
0.280488  4.81492 -0.273455 55.6875 -3.30688
0.304878  5.20404 -0.610979 56.9478 -6.03918
0.329268  6.09547 -1.29066 57.8361 -8.70758
0.353659  7.64833 -2.22059 59.261 -11.2931
0.378049  9.94596 -3.37477 61.8219 -13.9635
0.402439  13.0006 -4.82708 65.0496 -16.7103
0.426829  16.7573 -6.49884 68.2083 -19.2357
0.451220  21.0906 -8.18649 71.1233 -21.3053
0.475610  25.8076 -9.78033 73.9695 -22.9323
0.500000  30.6731 -11.1871 76.7405 -24.1087
0.524390  35.4534 -12.1781 79.261 -24.6424
0.548780  39.9475 -12.6042 81.5062 -24.41
0.573171  43.9878 -12.5769 83.652 -23.5184
0.597561  47.441 -12.151 85.8365 -22.0615
0.621951  50.2317 -11.1214 87.9808 -19.9463
0.646341  52.3549 -9.49324 89.8939 -17.1134
0.670732  53.8468 -7.75322 91.5571 -13.7125
0.695122  54.7624 -6.13362 93.162 -9.90147
0.719512  55.2023 -4.02171 94.6885 -5.68866
0.743902  55.3244 -0.86077 95.5894 -1.14092
0.768293  55.2573 2.66767 95.281 3.45396
0.792683  54.9829 5.2915 93.9327 7.81016
0.817073  54.3404 6.85895 92.3149 11.8469
0.841463  53.1588 8.39004 90.7941 15.5133
0.865854  51.353 10.3493 89.0275 18.6207
0.890244  48.897 11.9467 86.8219 21.036
0.914634  45.7774 12.493 84.6133 22.8413
0.939024  42.0207 12.4136 82.6892 24.0989
0.963415  37.7345 12.3175 80.5937 24.6568
0.987805  33.0814 11.9219 77.9197 24.4058
