0.012195  18.3198 -0.667806 17.6104 16.6905 -17.7981
0.036585  22.9149 -1.63856 21.8066 16.3162 -17.7108
0.060976  30.6492 -2.12217 29.1913 17.7853 -20.5762
0.085366  39.2445 -2.37314 37.5496 19.0362 -28.1842
0.109756  52.1801 -4.61441 49.7381 18.62 -34.6628
0.134146  79.2419 -9.1888 75.3624 18.2785 -38.5802
0.158537  123.154 -12.5946 118.341 18.4803 -45.3965
0.182927  171.748 -11.7346 167.852 15.6409 -52.9031
0.207317  209.831 -8.00157 208.281 7.94701 -47.1067
0.231707  233.142 -4.37242 233.423 0.474139 -20.7904
0.256098  243.164 -0.512794 243.413 -0.269546 13.7412
0.280488  234.637 5.52159 233.353 5.41902 38.6393
0.304878  200.459 11.9863 197.352 11.99 48.9611
0.329268  147.757 14.2195 143.486 16.2281 49.9624
0.353659  97.3098 10.9472 92.9799 18.7488 45.1153
0.378049  64.0577 6.08542 60.6868 19.8266 36.1934
0.402439  46.0245 3.40217 43.9099 18.8358 28.255
0.426829  34.3455 2.58759 32.9681 17.1354 24.7614
0.451220  25.6551 1.75902 24.4397 16.975 22.1819
0.475610  20.6657 0.837748 19.6103 17.7669 16.9131
0.500000  17.9455 0.62374 17.2651 17.2651 12.3758
0.524390  15.1525 0.742994 14.6955 15.8766 12.173
0.548780  12.6893 0.456993 12.1506 15.894 12.3318
0.573171  11.7128 0.099893 11.1498 17.0408 8.38711
0.597561  11.185 0.204974 10.8373 16.9371 4.17569
0.621951  9.93819 0.358447 9.72784 15.6737 4.80382
0.646341  8.96378 0.104279 8.63459 15.6702 6.5942
0.670732  9.12323 -0.115615 8.72176 17.0206 3.62338
0.695122  9.23237 0.0797964 8.99293 17.2824 -0.958932
0.719512  8.50839 0.208024 8.38113 16.1474 -0.532441
0.743902  8.18412 -0.0601246 7.92499 15.994 2.56495
0.768293  8.87323 -0.203981 8.50593 17.2378 1.2745
0.792683  9.19351 0.0553739 8.94203 17.4688 -3.09211
0.817073  8.63186 0.13958 8.47171 16.0963 -3.61223
0.841463  8.73909 -0.201502 8.44823 15.5521 -1.06902
0.865854  9.99712 -0.336401 9.58525 16.6817 -2.49409
0.890244  10.7779 -0.0531639 10.4352 17.1701 -7.76408
0.914634  10.7933 -0.0590894 10.4761 16.0369 -9.81051
0.939024  11.9649 -0.529296 11.4666 15.5282 -7.98391
0.963415  14.5566 -0.665501 13.9187 16.7585 -9.11257
0.987805  16.5649 -0.37508 15.9613 17.5523 -14.4864
