0.012195  16.8611 -0.256024 16.4656 15.2025 -18.9829
0.036585  16.8686 -0.192686 16.5765 12.8024 -16.4138
0.060976  16.8757 -0.165292 16.6631 10.4366 -15.9663
0.085366  16.8821 -0.183199 16.7386 8.18173 -17.8578
0.109756  16.8875 -0.155972 16.8044 6.11047 -16.7185
0.134146  16.8919 -0.0759889 16.8483 4.27339 -12.2214
0.158537  16.8952 -0.0625441 16.8742 2.71251 -11.7939
0.182927  16.8973 -0.150071 16.9073 1.47609 -17.167
0.207317  16.8984 -0.190413 16.9567 0.604557 -17.7
0.231707  16.8991 -0.0706537 16.9938 0.11526 -5.3942
0.256098  16.8993 0.102903 16.9889 0.013694 11.1702
0.280488  16.899 0.159531 16.9518 0.30715 17.7746
0.304878  16.8981 0.101296 16.9154 0.99476 13.8969
0.329268  16.8964 0.0591762 16.8919 2.05477 10.6718
0.353659  16.8937 0.0874001 16.8663 3.45322 13.2768
0.378049  16.8899 0.130238 16.8255 5.15594 16.4267
0.402439  16.885 0.14965 16.7708 7.12193 16.1869
0.426829  16.879 0.167683 16.7049 9.29431 15.5919
0.451220  16.8722 0.197601 16.6236 11.608 17.1699
0.475610  16.8649 0.224068 16.5226 13.9992 18.6138
0.500000  16.8573 0.246174 16.4001 16.4001 18.2782
0.524390  16.8499 0.278326 16.2514 18.7328 18.2545
0.548780  16.8429 0.32166 16.0705 20.9192 19.7037
0.573171  16.8366 0.375565 15.8588 22.8957 20.5192
0.597561  16.8312 0.446515 15.6284 24.6196 19.3758
0.621951  16.8269 0.513168 15.3991 26.0767 17.5147
0.646341  16.8236 0.53284 15.1952 27.28 15.4797
0.670732  16.8213 0.511921 15.0348 28.2442 12.4071
0.695122  16.8199 0.494169 14.9165 28.9546 8.95848
0.719512  16.8192 0.440546 14.8266 29.3803 6.53896
0.743902  16.819 0.228289 14.7667 29.5233 3.69548
0.768293  16.8192 -0.150706 14.7599 29.4245 -1.92522
0.792683  16.8196 -0.497009 14.82 29.109 -8.43132
0.817073  16.8206 -0.623053 14.9302 28.5517 -11.8388
0.841463  16.8224 -0.579192 15.07 27.7208 -12.9044
0.865854  16.8252 -0.5359 15.2457 26.63 -15.8066
0.890244  16.829 -0.525719 15.4707 25.3118 -20.2627
0.914634  16.8338 -0.460225 15.7254 23.7586 -21.6947
0.939024  16.8397 -0.342196 15.9648 21.935 -19.5809
0.963415  16.8464 -0.27528 16.1632 19.8488 -18.4266
0.987805  16.8536 -0.276595 16.327 17.5742 -19.4656
