0.012195  18.32 -1.36252 17.352 16.007 -22.3515
0.036585  18.9232 -1.28559 18.1029 13.9959 -21.0799
0.060976  19.4982 -1.18311 18.8029 11.789 -21.3282
0.085366  20.0089 -1.10018 19.4755 9.50493 -23.7528
0.109756  20.4279 -0.912046 20.102 7.29946 -22.8437
0.134146  20.7423 -0.59633 20.5761 5.23293 -17.6093
0.158537  20.954 -0.327884 20.8511 3.35987 -14.6317
0.182927  21.077 -0.21498 21.0109 1.82132 -16.1679
0.207317  21.1352 -0.153425 21.1368 0.747478 -14.4572
0.231707  21.1565 -0.041544 21.2093 0.155399 -4.05959
0.256098  21.1613 0.056008 21.1977 0.0213703 8.18153
0.280488  21.1525 0.075598 21.1449 0.373528 12.9781
0.304878  21.1157 0.11201 21.0882 1.23748 11.9764
0.329268  21.0271 0.274513 20.9742 2.5586 13.2267
0.353659  20.8621 0.519374 20.7251 4.24466 18.1833
0.378049  20.6006 0.747633 20.3289 6.2249 21.696
0.402439  20.2328 0.952618 19.8108 8.41244 21.8803
0.426829  19.7645 1.15576 19.1777 10.6719 21.7983
0.451220  19.2175 1.30189 18.4502 12.8836 22.6451
0.475610  18.6237 1.33124 17.6976 14.996 22.2775
0.500000  18.0192 1.27063 16.9873 16.9873 20.0864
0.524390  17.4394 1.16338 16.3456 18.8372 17.7148
0.548780  16.9148 0.99704 15.7949 20.561 15.362
0.573171  16.4679 0.776328 15.3699 22.197 12.0022
0.597561  16.1108 0.56871 15.0638 23.7289 8.46212
0.621951  15.8457 0.406723 14.8242 25.0932 6.27615
0.646341  15.6652 0.253753 14.6294 26.2669 4.86708
0.670732  15.5546 0.126398 14.4935 27.2397 3.47326
0.695122  15.4958 0.108416 14.3758 27.9009 3.48994
0.719512  15.4708 0.166112 14.1991 28.1227 4.91795
0.743902  15.4647 0.12049 14.0072 28.0109 3.7482
0.768293  15.4685 -0.080242 13.9766 27.8787 -2.03696
0.792683  15.4831 -0.236416 14.1806 27.8452 -7.23529
0.817073  15.5214 -0.200064 14.4556 27.6276 -6.34023
0.841463  15.6032 -0.131841 14.6164 26.8963 -2.63417
0.865854  15.7475 -0.258921 14.7051 25.7024 -3.36069
0.890244  15.9691 -0.526941 14.8919 24.3532 -8.4211
0.914634  16.2787 -0.726604 15.2184 22.9763 -11.837
0.939024  16.681 -0.846776 15.6028 21.4507 -12.6258
0.963415  17.1692 -1.03315 16.0417 19.7151 -15.3206
0.987805  17.7247 -1.26605 16.6248 17.8805 -20.2107
