0.012195  24.7442 12.2489 67.0289 42.1923
0.036585  22.5333 10.1215 68.5874 41.7609
0.060976  20.3149 9.35586 68.3791 39.6928
0.085366  18.1905 8.80612 67.3604 36.5566
0.109756  16.258 6.71828 68.7464 33.4372
0.134146  14.644 3.8952 72.7783 30.2812
0.158537  13.469 2.45774 76.0156 25.8889
0.182927  12.7602 2.51659 75.8557 19.5974
0.207317  12.4201 2.21914 73.3444 12.2493
0.231707  12.2926 0.702133 71.3545 5.09031
0.256098  12.2614 -0.889959 71.7589 -1.73689
0.280488  12.3093 -1.44394 74.2684 -8.8876
0.304878  12.5248 -1.46486 76.5747 -16.2732
0.329268  13.0533 -2.15517 76.0817 -22.7762
0.353659  14.0079 -3.81237 72.8255 -27.7184
0.378049  15.4033 -5.70691 69.8179 -31.7264
0.402439  17.1702 -7.19643 69.1471 -35.5588
0.426829  19.2111 -8.49536 69.2229 -38.803
0.451220  21.4192 -10.1778 67.8261 -40.6149
0.475610  23.6643 -12.0592 66.0973 -41.2704
0.500000  25.8145 -13.131 66.6038 -41.8484
0.524390  27.7868 -13.0031 68.8181 -42.4603
0.548780  29.5501 -12.7252 70.0345 -41.9757
0.573171  31.0773 -13.2164 70.093 -39.778
0.597561  32.3309 -13.5004 71.4615 -36.6752
0.621951  33.3008 -12.0442 74.6727 -33.4676
0.646341  34.0195 -9.51048 77.4407 -29.5788
0.670732  34.5226 -8.07004 78.821 -24.014
0.695122  34.8272 -7.71786 80.5725 -16.9984
0.719512  34.966 -5.73744 83.3412 -9.60876
0.743902  35.0035 -0.924197 84.9464 -2.18936
0.768293  34.9867 4.06366 83.9521 5.69357
0.792683  34.8988 6.42077 81.8752 13.8046
0.817073  34.6827 7.17902 80.2173 20.958
0.841463  34.2904 9.01903 78.1958 26.5111
0.865854  33.6877 11.7334 75.2226 31.1308
0.890244  32.8394 12.9311 72.8087 35.5039
0.914634  31.7219 12.4061 71.8717 39.0988
0.939024  30.3399 12.4429 70.7472 41.0121
0.963415  28.7072 13.7037 68.2607 41.5181
0.987805  26.8313 14.0412 66.3679 41.7916
