0.012195  21.8338 1.64488 75.8548 2.96962
0.036585  15.802 1.18359 69.9285 2.67439
0.060976  11.1715 0.80968 64.1552 2.33723
0.085366  7.80503 0.517694 58.7627 1.98286
0.109756  5.48079 0.32346 53.8292 1.6303
0.134146  3.89455 0.208362 49.3872 1.29118
0.158537  2.81938 0.126708 45.614 0.974195
0.182927  2.1484 0.0636164 42.7435 0.685694
0.207317  1.78343 0.0312626 40.8256 0.424331
0.231707  1.60394 0.0191074 39.7433 0.180028
0.256098  1.55289 -0.000475994 39.4565 -0.0589133
0.280488  1.65358 -0.0291268 40.0678 -0.300684
0.304878  1.93993 -0.0534547 41.6433 -0.553129
0.329268  2.45186 -0.0866755 44.1214 -0.826565
0.353659  3.28917 -0.156065 47.4191 -1.12861
0.378049  4.60126 -0.266133 51.4871 -1.45798
0.402439  6.55125 -0.417639 56.2224 -1.80604
0.426829  9.35316 -0.642923 61.4482 -2.16137
0.451220  13.2914 -0.977112 67.0203 -2.50914
0.475610  18.6185 -1.41369 72.8482 -2.82829
0.500000  25.4637 -1.92735 78.7899 -3.09407
0.524390  33.8691 -2.50652 84.6359 -3.28372
0.548780  43.7863 -3.11105 90.226 -3.37811
0.573171  54.9142 -3.63096 95.4773 -3.36092
0.597561  66.627 -3.94556 100.276 -3.22073
0.621951  78.1668 -3.9932 104.452 -2.95473
0.646341  88.803 -3.7344 107.895 -2.56874
0.670732  97.7381 -3.11572 110.586 -2.07515
0.695122  104.15 -2.17165 112.5 -1.49317
0.719512  107.687 -1.11029 113.605 -0.849002
0.743902  108.802 -0.156112 113.981 -0.171561
0.768293  108.201 0.689973 113.795 0.512282
0.792683  105.905 1.59859 113.074 1.17668
0.817073  101.196 2.60013 111.64 1.79344
0.841463  93.6085 3.46334 109.344 2.33407
0.865854  83.6417 3.9393 106.233 2.77571
0.890244  72.376 4.00468 102.429 3.10308
0.914634  60.7226 3.79056 97.9724 3.30682
0.939024  49.2879 3.38736 92.9165 3.38455
0.963415  38.666 2.83226 87.4349 3.34361
0.987805  29.4283 2.21154 81.719 3.19928
