0.012195  21.5915 -1.97206 20.1543 18.6024 -22.9355
0.036585  26.3151 -2.77464 24.4854 18.909 -24.9597
0.060976  32.8501 -3.78859 30.5556 19.1297 -28.8008
0.085366  41.5104 -4.99073 38.8113 18.9902 -34.0717
0.109756  52.6347 -6.34083 49.7005 18.0931 -37.6954
0.134146  66.0233 -7.26392 63.2099 15.992 -38.9559
0.158537  79.7751 -6.73061 77.6219 12.4469 -39.3769
0.182927  90.5864 -4.47409 89.467 7.87336 -37.3035
0.207317  96.3091 -1.7865 96.0612 3.4605 -27.9829
0.231707  97.9528 -0.287511 98.0449 0.584695 -10.7682
0.256098  98.131 0.0507408 98.1694 0.0436784 8.21971
0.280488  97.5535 0.836621 97.3877 1.85962 22.7445
0.304878  94.1112 3.06314 93.4816 5.52945 32.0573
0.329268  85.7077 5.76232 84.1885 10.1352 37.9894
0.353659  73.0614 7.22959 70.5422 14.4173 40.4847
0.378049  59.1728 6.93464 56.1392 17.3154 38.9634
0.402439  46.7554 5.67837 43.8713 18.6483 35.1216
0.426829  36.8461 4.35366 34.4116 19.0281 31.2594
0.451220  29.3302 3.24473 27.2997 19.0538 27.6709
0.475610  23.7955 2.34608 22.115 18.8598 23.8979
0.500000  19.7801 1.69384 18.4559 18.4559 20.6137
0.524390  16.8262 1.26661 15.7786 18.0638 18.2679
0.548780  14.6281 0.94229 13.7282 17.8797 15.8406
0.573171  13.0247 0.669644 12.2497 17.8077 12.7996
0.597561  11.8583 0.485865 11.2479 17.7004 10.2859
0.621951  10.9897 0.365362 10.4974 17.6585 8.70751
0.646341  10.3847 0.235904 9.92367 17.8427 6.52427
0.670732  10.0309 0.115086 9.61001 18.1628 3.23775
0.695122  9.83366 0.0631768 9.49837 18.4044 0.98543
0.719512  9.70854 0.0478957 9.402 18.5324 1.00302
0.743902  9.66961 0.00488729 9.30126 18.6333 1.16405
0.768293  9.7197 -0.0385828 9.3203 18.6656 -0.481433
0.792683  9.78952 -0.0432717 9.44551 18.5141 -2.43288
0.817073  9.88941 -0.0716583 9.5672 18.2257 -2.89636
0.841463  10.1633 -0.181723 9.74988 17.9715 -3.52673
0.865854  10.6904 -0.312037 10.1687 17.8159 -6.54486
0.890244  11.4139 -0.410511 10.8442 17.7103 -10.4528
0.914634  12.3639 -0.554688 11.7215 17.6719 -12.4975
0.939024  13.7399 -0.808541 12.9242 17.7815 -13.5117
0.963415  15.6804 -1.11068 14.6623 18.0268 -16.203
0.987805  18.2186 -1.44927 17.0245 18.312 -20.1611
