0.012195  22.1876 -2.755 20.4091 18.8247 -26.7383
0.036585  25.0872 -3.11922 23.2345 17.9644 -27.2134
0.060976  28.3077 -3.42148 26.4261 16.568 -29.1552
0.085366  31.6661 -3.54817 29.9751 14.6319 -32.292
0.109756  34.8831 -3.29132 33.6217 12.212 -32.2939
0.134146  37.6391 -2.61068 36.8358 9.36197 -28.529
0.158537  39.6745 -1.73479 39.194 6.31141 -25.4493
0.182927  40.9018 -0.950019 40.6538 3.53121 -23.973
0.207317  41.4554 -0.394451 41.4147 1.46784 -18.3682
0.231707  41.6173 -0.0785952 41.6883 0.299817 -5.59862
0.256098  41.6395 0.0553999 41.672 0.0402041 8.28081
0.280488  41.5784 0.184327 41.5184 0.736659 16.0767
0.304878  41.2601 0.569616 41.1344 2.41437 19.0142
0.329268  40.3971 1.32191 40.1296 4.89522 22.8929
0.353659  38.7681 2.24547 38.1511 7.81407 28.4943
0.378049  36.3465 3.00858 35.2452 10.7886 31.8045
0.402439  33.3165 3.42434 31.8013 13.5032 31.4564
0.426829  29.987 3.50436 28.2293 15.7157 30.0793
0.451220  26.6695 3.32571 24.8057 17.322 29.1544
0.475610  23.5938 2.96266 21.7271 18.4028 27.5033
0.500000  20.8883 2.50946 19.1245 19.1245 24.6932
0.524390  18.6041 2.05664 17.0126 19.6124 21.9239
0.548780  16.7437 1.6368 15.3327 19.9589 19.505
0.573171  15.2802 1.24695 14.0446 20.2785 16.5676
0.597561  14.1722 0.901916 13.119 20.6659 13.0858
0.621951  13.375 0.618415 12.487 21.1392 9.71867
0.646341  12.8414 0.384351 12.0738 21.6782 6.39165
0.670732  12.5183 0.196716 11.8395 22.2519 3.25822
0.695122  12.3487 0.0868657 11.7261 22.7578 1.69355
0.719512  12.2781 0.0551838 11.6345 23.041 1.92894
0.743902  12.2614 0.0331237 11.5343 23.0669 1.53062
0.768293  12.2712 -0.0297642 11.5158 22.9739 -1.01018
0.792683  12.3114 -0.100291 11.6386 22.8515 -3.36542
0.817073  12.4208 -0.152142 11.8175 22.5803 -3.35526
0.841463  12.6586 -0.254115 11.9755 22.0403 -3.42536
0.865854  13.0823 -0.478025 12.2237 21.3718 -6.98492
0.890244  13.7413 -0.780486 12.7456 20.8387 -12.4365
0.914634  14.6849 -1.08148 13.5768 20.4916 -15.7187
0.939024  15.9643 -1.40621 14.6648 20.1659 -17.0991
0.963415  17.6239 -1.82831 16.0823 19.7698 -20.0199
0.987805  19.6938 -2.31423 17.9891 19.3444 -24.3516
