   0.0000000e+00   2.8071643e+01   9.8386090e+00   7.4453547e+01   2.7439174e+01
   2.0408163e-02   2.4337405e+01   8.9477949e+00   7.2312794e+01   2.7695964e+01
   4.0816327e-02   2.0623842e+01   7.8167970e+00   6.9932717e+01   2.7525929e+01
   6.1224490e-02   1.7086366e+01   6.5584088e+00   6.7344328e+01   2.6934969e+01
   8.1632653e-02   1.3854703e+01   5.2718752e+00   6.4602988e+01   2.5948938e+01
   1.0204082e-01   1.1034767e+01   4.0523456e+00   6.1799424e+01   2.4587689e+01
   1.2244898e-01   8.7147509e+00   2.9623003e+00   5.9113065e+01   2.2854706e+01
   1.4285714e-01   6.8860528e+00   2.0507004e+00   5.6734565e+01   2.0716743e+01
   1.6326531e-01   5.5720069e+00   1.3150249e+00   5.4901548e+01   1.8072403e+01
   1.8367347e-01   4.7040798e+00   7.5871011e-01   5.3753549e+01   1.4743793e+01
   2.0408163e-01   4.2178321e+00   3.6796612e-01   5.3205852e+01   1.0538823e+01
   2.2448980e-01   4.0245161e+00   1.2186196e-01   5.3022018e+01   5.5272771e+00
   2.4489796e-01   3.9827014e+00  -8.4609539e-03   5.2966850e+01   1.7479460e-01
   2.6530612e-01   3.9929201e+00  -1.1693964e-01   5.2931604e+01  -5.2861740e+00
   2.8571429e-01   4.0923350e+00  -3.0248045e-01   5.2987017e+01  -1.0498216e+01
   3.0612245e-01   4.4194200e+00  -6.2763632e-01   5.3281408e+01  -1.5180223e+01
   3.2653061e-01   5.0920063e+00  -1.1139173e+00   5.4084679e+01  -1.9005370e+01
   3.4693878e-01   6.1724329e+00  -1.7849529e+00   5.5564622e+01  -2.2086509e+01
   3.6734694e-01   7.7518885e+00  -2.6386763e+00   5.7683580e+01  -2.4617807e+01
   3.8775510e-01   9.8258406e+00  -3.6870187e+00   6.0207755e+01  -2.6732311e+01
   4.0816327e-01   1.2408928e+01  -4.8989513e+00   6.2948789e+01  -2.8485541e+01
   4.2857143e-01   1.5454679e+01  -6.2203424e+00   6.5689294e+01  -2.9881248e+01
   4.4897959e-01   1.8855780e+01  -7.5674369e+00   6.8321750e+01  -3.0898611e+01
   4.6938776e-01   2.2507403e+01  -8.8390960e+00   7.0767970e+01  -3.1508821e+01
   4.8979592e-01   2.6250563e+01  -9.9196746e+00   7.2989927e+01  -3.1681572e+01
   5.1020408e-01   2.9937838e+01  -1.0723252e+01   7.4983417e+01  -3.1415613e+01
   5.3061224e-01   3.3427895e+01  -1.1185582e+01   7.6756948e+01  -3.0679723e+01
   5.5102041e-01   3.6621742e+01  -1.1263367e+01   7.8321454e+01  -2.9484354e+01
   5.7142857e-01   3.9416106e+01  -1.0985135e+01   7.9712861e+01  -2.7843339e+01
   5.9183673e-01   4.1802146e+01  -1.0361189e+01   8.0936788e+01  -2.5791270e+01
   6.1224490e-01   4.3738445e+01  -9.4704228e+00   8.2029410e+01  -2.3380289e+01
   6.3265306e-01   4.5276150e+01  -8.3637714e+00   8.2989717e+01  -2.0677982e+01
   6.5306122e-01   4.6434267e+01  -7.1148918e+00   8.3831290e+01  -1.7760611e+01
   6.7346939e-01   4.7285960e+01  -5.7718053e+00   8.4544692e+01  -1.4700135e+01
   6.9387755e-01   4.7872022e+01  -4.3753821e+00   8.5120470e+01  -1.1556234e+01
   7.1428571e-01   4.8253418e+01  -2.9474295e+00   8.5544742e+01  -8.3685704e+00
   7.3469388e-01   4.8452350e+01  -1.5024371e+00   8.5802794e+01  -5.1587623e+00
   7.5510204e-01   4.8498629e+01  -4.9018163e-02   8.5888101e+01  -1.9342134e+00
   7.7551020e-01   4.8384158e+01   1.4057982e+00   8.5795854e+01   1.3000626e+00
   7.9591837e-01   4.8108511e+01   2.8530564e+00   8.5532454e+01   4.5395073e+00
   8.1632653e-01   4.7629976e+01   4.2825998e+00   8.5104227e+01   7.7668636e+00
   8.3673469e-01   4.6922573e+01   5.6734062e+00   8.4525915e+01   1.0948438e+01
   8.5714286e-01   4.5914029e+01   6.9977759e+00   8.3806218e+01   1.4032350e+01
   8.7755102e-01   4.4571636e+01   8.2026745e+00   8.2951493e+01   1.6950437e+01
   8.9795918e-01   4.2819449e+01   9.2389118e+00   8.1963116e+01   1.9629169e+01
   9.1836735e-01   4.0657453e+01   1.0024960e+01   8.0823966e+01   2.1997047e+01
   9.3877551e-01   3.8044808e+01   1.0521112e+01   7.9530890e+01   2.3996115e+01
   9.5918367e-01   3.5040385e+01   1.0654386e+01   7.8045259e+01   2.5583963e+01
   9.7959184e-01   3.1678398e+01   1.0429744e+01   7.6365317e+01   2.6735191e+01
   1.0000000e+00   2.8070384e+01   9.8423583e+00   7.4453870e+01   2.7440942e+01