  0.0000000e+000  2.5489956e+001  1.7070689e+000  7.8536845e+001  1.4522632e+001
  2.0408163e-002  1.9632545e+001  1.3108171e+000  7.3592180e+001  1.3614668e+001
  4.0816327e-002  1.4884073e+001  9.7190138e-001  6.8694597e+001  1.2612604e+001
  6.1224490e-002  1.1145679e+001  6.9750027e-001  6.3932400e+001  1.1552520e+001
  8.1632653e-002  8.2818593e+000  4.8571642e-001  5.9391491e+001  1.0466700e+001
  1.0204082e-001  6.1428289e+000  3.2895722e-001  5.5153708e+001  9.3820501e+000
  1.2244898e-001  4.5821184e+000  2.1698240e-001  5.1295375e+001  8.3178928e+000
  1.4285714e-001  3.4685197e+000  1.3918712e-001  4.7886467e+001  7.2822547e+000
  1.6326531e-001  2.6927537e+000  8.5970292e-002  4.4991703e+001  6.2629007e+000
  1.8367347e-001  2.1703433e+000  4.9267253e-002  4.2677269e+001  5.1978762e+000
  2.0408163e-001  1.8422069e+000  2.2781736e-002  4.1024615e+001  3.8766099e+000
  2.2448980e-001  1.6674862e+000  3.3651826e-003  4.0090718e+001  1.7473763e+000
  2.4489796e-001  1.6036584e+000 -1.0688767e-002  3.9727134e+001 -1.3045380e+000
  2.6530612e-001  1.6244210e+000 -2.4405282e-002  3.9853185e+001 -4.3687799e+000
  2.8571429e-001  1.7399149e+000 -4.2692504e-002  4.0477533e+001 -7.1493410e+000
  3.0612245e-001  1.9883973e+000 -6.9874326e-002  4.1777661e+001 -8.9213364e+000
  3.2653061e-001  2.4103177e+000 -1.0820428e-001  4.3780074e+001 -1.0280457e+001
  3.4693878e-001  3.0539541e+000 -1.6354614e-001  4.6400483e+001 -1.1580395e+001
  3.6734694e-001  3.9913748e+000 -2.4443947e-001  4.9566678e+001 -1.2931148e+001
  3.8775510e-001  5.3200116e+000 -3.6149725e-001  5.3214436e+001 -1.4357623e+001
  4.0816327e-001  7.1609545e+000 -5.2712534e-001  5.7276528e+001 -1.5853660e+001
  4.2857143e-001  9.6543730e+000 -7.5450328e-001  6.1679600e+001 -1.7397787e+001
  4.4897959e-001  1.2950277e+001 -1.0555642e+000  6.6344346e+001 -1.8958778e+001
  4.6938776e-001  1.7193674e+001 -1.4379903e+000  7.1186715e+001 -2.0498530e+001
  4.8979592e-001  2.2504368e+001 -1.9015230e+000  7.6119491e+001 -2.1974056e+001
  5.1020408e-001  2.8952974e+001 -2.4342053e+000  8.1053935e+001 -2.3338965e+001
  5.3061224e-001  3.6535980e+001 -3.0094246e+000  8.5901341e+001 -2.4544402e+001
  5.5102041e-001  4.5153123e+001 -3.5846995e+000  9.0574075e+001 -2.5539111e+001
  5.7142857e-001  5.4590425e+001 -4.1029574e+000  9.4986195e+001 -2.6268220e+001
  5.9183673e-001  6.4512557e+001 -4.4966674e+000  9.9053579e+001 -2.6669391e+001
  6.1224490e-001  7.4467483e+001 -4.6945201e+000  1.0269369e+002 -2.6677221e+001
  6.3265306e-001  8.3907830e+001 -4.6386625e+000  1.0582579e+002 -2.6181665e+001
  6.5306122e-001  9.2238252e+001 -4.2856619e+000  1.0837359e+002 -2.5063256e+001
  6.7346939e-001  9.8908812e+001 -3.6550159e+000  1.1027414e+002 -2.3127830e+001
  6.9387755e-001  1.0359012e+002 -2.8590413e+000  1.1150475e+002 -2.0045400e+001
  7.1428571e-001  1.0640465e+002 -2.1037032e+000  1.1217830e+002 -1.5414548e+001
  7.3469388e-001  1.0779899e+002 -1.4541565e+000  1.1257970e+002 -9.7773589e+000
  7.5510204e-001  1.0804480e+002 -7.5936344e-001  1.1270270e+002 -4.7672818e+000
  7.7551020e-001  1.0723539e+002 -8.6736682e-002  1.1239959e+002  7.2686418e-001
  7.9591837e-001  1.0516744e+002  6.4475182e-001  1.1190362e+002  6.1126448e+000
  8.1632653e-001  1.0144043e+002  1.5102378e+000  1.1097375e+002  1.0057707e+001
  8.3673469e-001  9.5712039e+001  2.3396155e+000  1.0939903e+002  1.2706359e+001
  8.5714286e-001  8.8118307e+001  2.9629168e+000  1.0715659e+002  1.4467751e+001
  8.7755102e-001  7.9134416e+001  3.3165547e+000  1.0429680e+002  1.5579387e+001
  8.9795918e-001  6.9351632e+001  3.4045942e+000  1.0089165e+002  1.6189265e+001
  9.1836735e-001  5.9349484e+001  3.2722201e+000  9.7020526e+001  1.6395238e+001
  9.3877551e-001  4.9630013e+001  2.9763221e+000  9.2765295e+001  1.6281249e+001
  9.5918367e-001  4.0585838e+001  2.5801127e+000  8.8209344e+001  1.5898249e+001
  9.7959184e-001  3.2488449e+001  2.1413148e+000  8.3437762e+001  1.5297334e+001
  1.0000000e+000  2.5490531e+001  1.7069040e+000  7.8537422e+001  1.4522372e+001