  0.0000000e+000  4.7133280e-002  1.3620079e-001  1.7448754e-001 -2.5996243e+000
  2.0000000e-002 -1.3060258e-001 -1.0383395e-001  7.9207716e+000 -8.4972980e+000
  4.0000000e-002  7.9435123e-001 -5.0259289e-001  4.3785967e+001 -3.0266514e+001
  6.0000000e-002  3.0384547e+000 -3.8807211e+000  5.9472677e+001 -5.1862999e+001
  8.0000000e-002  9.9947493e+000 -7.6948710e+000  8.0815805e+001 -5.9342336e+001
  1.0000000e-001  1.6107182e+001 -1.0789649e+001  9.5698478e+001 -5.4572196e+001
  1.2000000e-001  2.1259580e+001 -1.0193982e+001  1.1648067e+002 -4.7310438e+001
  1.4000000e-001  2.4837443e+001 -8.3943373e+000  1.3452276e+002 -4.2696444e+001
  1.6000000e-001  2.7197543e+001 -7.0662628e+000  1.4168176e+002 -3.4298454e+001
  1.8000000e-001  2.8447112e+001 -6.0337034e+000  1.4277490e+002 -1.4706804e+001
  2.0000000e-001  2.9227399e+001 -4.4296996e+000  1.4432871e+002 -1.0518032e+001
  2.2000000e-001  3.0336237e+001 -4.0727567e+000  1.4946416e+002 -3.4181311e+001
  2.4000000e-001  3.1884426e+001 -6.6120143e+000  1.5246743e+002 -5.3037114e+001
  2.6000000e-001  3.5188588e+001 -8.9161993e+000  1.5573347e+002 -5.0312172e+001
  2.8000000e-001  3.8747676e+001 -9.9787317e+000  1.5781384e+002 -4.7283870e+001
  3.0000000e-001  4.2663148e+001 -1.1800908e+001  1.6186869e+002 -4.8351161e+001
  3.2000000e-001  4.6541778e+001 -1.4432672e+001  1.5784717e+002 -4.4561792e+001
  3.4000000e-001  5.0589657e+001 -1.5727086e+001  1.5122372e+002 -4.9989228e+001
  3.6000000e-001  5.4232858e+001 -1.5815939e+001  1.5697735e+002 -5.4439114e+001
  3.8000000e-001  5.7938516e+001 -1.3656475e+001  1.6963645e+002 -5.7939243e+001
  4.0000000e-001  6.0511594e+001 -1.2582292e+001  1.7205569e+002 -4.4653444e+001
  4.2000000e-001  6.2430841e+001 -1.2005351e+001  1.7251635e+002 -1.1202902e+000
  4.4000000e-001  6.3538590e+001 -8.2462814e+000  1.7365445e+002  1.9569441e+000
  4.6000000e-001  6.3694482e+001 -4.5950909e+000  1.7558994e+002 -3.2041033e+001
  4.8000000e-001  6.3955827e+001 -3.8132956e+000  1.8068203e+002 -6.3918318e+001
  5.0000000e-001  6.4544381e+001 -3.6450976e+000  1.8862596e+002 -7.2067434e+001
  5.2000000e-001  6.5140414e+001 -4.6322844e+000  1.9479664e+002 -6.5392067e+001
  5.4000000e-001  6.5402863e+001 -4.9955863e+000  1.9377026e+002 -5.2419076e+001
  5.6000000e-001  6.5451077e+001 -4.2629666e+000  1.9465503e+002 -5.0317868e+001
  5.8000000e-001  6.5382474e+001 -2.7278258e+000  2.0055382e+002 -5.4057479e+001
  6.0000000e-001  6.4749268e+001 -4.2647340e+000  1.9969130e+002 -3.0975433e+001
  6.2000000e-001  6.4007020e+001 -5.3354455e+000  1.9292700e+002  2.8407668e+001
  6.4000000e-001  6.0144905e+001 -2.0939033e+000  1.8511893e+002  7.2362800e+001
  6.6000000e-001  5.1682698e+001  3.4970020e+000  1.6721152e+002  8.6502182e+001
  6.8000000e-001  4.0529081e+001  6.9645696e+000  1.5720404e+002  8.5188882e+001
  7.0000000e-001  2.9447465e+001  5.9027665e+000  1.4657239e+002  6.3729795e+001
  7.2000000e-001  2.2410019e+001  3.9323003e+000  1.3880700e+002  5.2371513e+001
  7.4000000e-001  1.7500621e+001  2.6306242e+000  1.2728936e+002  5.4251247e+001
  7.6000000e-001  1.3182682e+001  2.4458344e+000  1.1791867e+002  5.2992079e+001
  7.8000000e-001  9.7998365e+000  1.5730314e+000  1.1011563e+002  4.1863191e+001
  8.0000000e-001  7.5355270e+000  9.5382741e-001  1.0408762e+002  3.4834593e+001
  8.2000000e-001  6.1111480e+000  5.5890685e-001  9.9194912e+001  3.2306747e+001
  8.4000000e-001  5.0454673e+000  3.6010559e-001  9.5169730e+001  2.9531961e+001
  8.6000000e-001  4.2446580e+000  1.8633622e-001  9.2143613e+001  2.5908634e+001
  8.8000000e-001  3.6627680e+000  3.4320647e-002  9.0454872e+001  2.1187248e+001
  9.0000000e-001  3.3335777e+000 -6.0490328e-002  9.0566933e+001  1.5279721e+000
  9.2000000e-001  3.2832224e+000 -1.5167291e-001  9.3330179e+001 -1.4325287e+001
  9.4000000e-001  3.2159250e+000 -1.5951390e-001  9.7067833e+001 -6.6944158e+000
  9.6000000e-001  2.5986659e+000  1.8665802e-001  9.3714260e+001  2.6360837e+001
  9.8000000e-001  1.1730462e+000  9.9953586e-002  8.2696136e+001  8.5956580e+001
  1.0000000e+000 -4.5147443e-003 -1.7182033e-002  3.7903906e-002  1.7320892e+002