  0.0000000e+000  2.9784264e+001  7.0591828e+000  7.9323600e+001  2.4243901e+001
  2.0408163e-002  2.4035557e+001  5.8758569e+000  7.5344713e+001  2.3606584e+001
  4.0816327e-002  1.8927651e+001  4.6828072e+000  7.1160402e+001  2.2615914e+001
  6.1224490e-002  1.4578199e+001  3.5786385e+000  6.6864892e+001  2.1332879e+001
  8.1632653e-002  1.1024810e+001  2.6276952e+000  6.2568273e+001  1.9823738e+001
  1.0204082e-001  8.2357302e+000  1.8582065e+000  5.8394883e+001  1.8154231e+001
  1.2244898e-001  6.1299594e+000  1.2677924e+000  5.4482689e+001  1.6379684e+001
  1.4285714e-001  4.6013678e+000  8.3327261e-001  5.0985688e+001  1.4527131e+001
  1.6326531e-001  3.5412078e+000  5.2153872e-001  4.8077512e+001  1.2563187e+001
  1.8367347e-001  2.8539921e+000  2.9965111e-001  4.5937198e+001  1.0343562e+001
  2.0408163e-001  2.4613766e+000  1.4392054e-001  4.4674761e+001  7.5553973e+000
  2.2448980e-001  2.2884013e+000  4.5151534e-002  4.4180144e+001  3.6985566e+000
  2.4489796e-001  2.2436911e+000 -9.2115457e-003  4.4022655e+001 -1.0057960e+000
  2.6530612e-001  2.2566789e+000 -5.4653222e-002  4.4065960e+001 -5.7231439e+000
  2.8571429e-001  2.3575742e+000 -1.3135633e-001  4.4343204e+001 -1.0168884e+001
  3.0612245e-001  2.6376841e+000 -2.6510144e-001  4.5213740e+001 -1.3521498e+001
  3.2653061e-001  3.1790837e+000 -4.6366472e-001  4.6953214e+001 -1.6165746e+001
  3.4693878e-001  4.0563134e+000 -7.4555291e-001  4.9528106e+001 -1.8500096e+001
  3.6734694e-001  5.3572028e+000 -1.1424300e+000  5.2776487e+001 -2.0732704e+001
  3.8775510e-001  7.1866435e+000 -1.6909139e+000  5.6517665e+001 -2.2933310e+001
  4.0816327e-001  9.6554572e+000 -2.4225913e+000  6.0588341e+001 -2.5089223e+001
  4.2857143e-001  1.2860125e+001 -3.3527887e+000  6.4843209e+001 -2.7145978e+001
  4.4897959e-001  1.6858393e+001 -4.4691844e+000  6.9151271e+001 -2.9031071e+001
  4.6938776e-001  2.1646212e+001 -5.7232434e+000  7.3395351e+001 -3.0667178e+001
  4.8979592e-001  2.7141840e+001 -7.0280960e+000  7.7473551e+001 -3.1979690e+001
  5.1020408e-001  3.3181995e+001 -8.2653376e+000  8.1300810e+001 -3.2900995e+001
  5.3061224e-001  3.9532347e+001 -9.3007886e+000  8.4809690e+001 -3.3372122e+001
  5.5102041e-001  4.5911330e+001 -1.0006510e+001  8.7950292e+001 -3.3351263e+001
  5.7142857e-001  5.2023183e+001 -1.0283762e+001  9.0689841e+001 -3.2791729e+001
  5.9183673e-001  5.7594144e+001 -1.0084041e+001  9.3012288e+001 -3.1672706e+001
  6.1224490e-001  6.2405116e+001 -9.4177534e+000  9.4918297e+001 -2.9978817e+001
  6.3265306e-001  6.6315372e+001 -8.3542156e+000  9.6425464e+001 -2.7711981e+001
  6.5306122e-001  6.9274751e+001 -7.0079280e+000  9.7567302e+001 -2.4900265e+001
  6.7346939e-001  7.1323318e+001 -5.5150590e+000  9.8387761e+001 -2.1606338e+001
  6.9387755e-001  7.2578735e+001 -4.0067377e+000  9.8928605e+001 -1.7912650e+001
  7.1428571e-001  7.3209073e+001 -2.5946181e+000  9.9218349e+001 -1.3839243e+001
  7.3469388e-001  7.3380995e+001 -1.3908194e+000  9.9321972e+001 -9.1892950e+000
  7.5510204e-001  7.3405161e+001 -3.6423355e-001  9.9361933e+001 -4.1846344e+000
  7.7551020e-001  7.3349452e+001  7.3791541e-001  9.9348646e+001  5.3464374e-001
  7.9591837e-001  7.2944531e+001  2.0914754e+000  9.9186463e+001  4.7637601e+000
  8.1632653e-001  7.1987767e+001  3.5986433e+000  9.8779800e+001  8.6799492e+000
  8.3673469e-001  7.0302103e+001  5.1470706e+000  9.8101493e+001  1.2299744e+001
  8.5714286e-001  6.7744655e+001  6.6172901e+000  9.7115673e+001  1.5539300e+001
  8.7755102e-001  6.4242175e+001  7.8753957e+000  9.5777988e+001  1.8316789e+001
  8.9795918e-001  5.9808075e+001  8.7969687e+000  9.4050379e+001  2.0584854e+001
  9.1836735e-001  5.4547065e+001  9.2927399e+000  9.1909310e+001  2.2326415e+001
  9.3877551e-001  4.8647690e+001  9.3172162e+000  8.9348011e+001  2.3543723e+001
  9.5918367e-001  4.2362932e+001  8.9011579e+000  8.6376377e+001  2.4251850e+001
  9.7959184e-001  3.5980959e+001  8.1113622e+000  8.3020741e+001  2.4467198e+001
  1.0000000e+000  2.9790440e+001  7.0599446e+000  7.9324093e+001  2.4241653e+001