   0.0000000e+00   1.8104196e+01   7.8515466e+00   5.6418308e+01   5.8819225e+00
   2.0408163e-02   1.6953479e+01   7.4763223e+00   5.6624311e+01   7.0696240e+00
   4.0816327e-02   1.5729260e+01   6.9206220e+00   5.7094685e+01   8.0127391e+00
   6.1224490e-02   1.4468726e+01   6.2083074e+00   5.7830589e+01   8.6270772e+00
   8.1632653e-02   1.3221272e+01   5.3770178e+00   5.8831038e+01   8.8205459e+00
   1.0204082e-01   1.2045498e+01   4.4760166e+00   6.0087894e+01   8.4952862e+00
   1.2244898e-01   1.1002935e+01   3.5619161e+00   6.1573890e+01   7.4170138e+00
   1.4285714e-01   1.0148812e+01   2.6928354e+00   6.3218412e+01   5.4838876e+00
   1.6326531e-01   9.5208252e+00   1.9208441e+00   6.4877648e+01   2.6262588e+00
   1.8367347e-01   9.1251725e+00   1.2803238e+00   6.6337555e+01  -9.5660135e-01
   2.0408163e-01   8.9178696e+00   7.7143772e-01   6.7421510e+01  -4.7130144e+00
   2.2448980e-01   8.8261073e+00   3.5771814e-01   6.8126286e+01  -8.2444377e+00
   2.4489796e-01   8.8126790e+00  -1.6716301e-02   6.8393310e+01  -1.1663452e+01
   2.6530612e-01   8.8617679e+00  -4.1267685e-01   6.8219389e+01  -1.4890871e+01
   2.8571429e-01   9.0065951e+00  -8.8559603e-01   6.7754040e+01  -1.8078433e+01
   3.0612245e-01   9.3104713e+00  -1.4805597e+00   6.6971544e+01  -2.1761020e+01
   3.2653061e-01   9.8414252e+00  -2.2288295e+00   6.5842591e+01  -2.5678260e+01
   3.4693878e-01   1.0629006e+01  -3.1203003e+00   6.4502838e+01  -2.9267887e+01
   3.6734694e-01   1.1656758e+01  -4.1086794e+00   6.3125034e+01  -3.2263980e+01
   3.8775510e-01   1.2875402e+01  -5.1282383e+00   6.1823557e+01  -3.4632796e+01
   4.0816327e-01   1.4217723e+01  -6.1063788e+00   6.0654138e+01  -3.6429016e+01
   4.2857143e-01   1.5610831e+01  -6.9753098e+00   5.9643694e+01  -3.7727211e+01
   4.4897959e-01   1.6985803e+01  -7.6819814e+00   5.8813062e+01  -3.8599823e+01
   4.6938776e-01   1.8284324e+01  -8.1934032e+00   5.8184373e+01  -3.9114411e+01
   4.8979592e-01   1.9463798e+01  -8.4977146e+00   5.7778134e+01  -3.9293829e+01
   5.1020408e-01   2.0499585e+01  -8.5854396e+00   5.7607456e+01  -3.9251070e+01
   5.3061224e-01   2.1384029e+01  -8.4900404e+00   5.7673295e+01  -3.8940915e+01
   5.5102041e-01   2.2122849e+01  -8.2189002e+00   5.7963942e+01  -3.8384094e+01
   5.7142857e-01   2.2730167e+01  -7.7911282e+00   5.8454317e+01  -3.7574431e+01
   5.9183673e-01   2.3223621e+01  -7.2245599e+00   5.9107917e+01  -3.6498929e+01
   6.1224490e-01   2.3620514e+01  -6.5343080e+00   5.9878248e+01  -3.5151231e+01
   6.3265306e-01   2.3935471e+01  -5.7334833e+00   6.0710765e+01  -3.3535976e+01
   6.5306122e-01   2.4179564e+01  -4.8344655e+00   6.1545369e+01  -3.1669927e+01
   6.7346939e-01   2.4360559e+01  -3.8504568e+00   6.2319735e+01  -2.9580601e+01
   6.9387755e-01   2.4483560e+01  -2.7968844e+00   6.2973563e+01  -2.7303058e+01
   7.1428571e-01   2.4550837e+01  -1.6923060e+00   6.3453643e+01  -2.4875319e+01
   7.3469388e-01   2.4556628e+01  -5.5824700e-01   6.3719245e+01  -2.2328744e+01
   7.5510204e-01   2.4505826e+01   5.8234832e-01   6.3743267e+01  -1.9714214e+01
   7.7551020e-01   2.4393268e+01   1.7108975e+00   6.3522691e+01  -1.7062325e+01
   7.9591837e-01   2.4222314e+01   2.8057575e+00   6.3072998e+01  -1.4420397e+01
   8.1632653e-01   2.3992668e+01   3.8428606e+00   6.2421193e+01  -1.1824312e+01
   8.3673469e-01   2.3700014e+01   4.8028977e+00   6.1613839e+01  -9.3018068e+00
   8.5714286e-01   2.3337849e+01   5.6701488e+00   6.0707346e+01  -6.8802622e+00
   8.7755102e-01   2.2898430e+01   6.4300896e+00   5.9763300e+01  -4.5830628e+00
   8.9795918e-01   2.2372837e+01   7.0679341e+00   5.8843738e+01  -2.4268245e+00
   9.1836735e-01   2.1751312e+01   7.5685931e+00   5.8007166e+01  -4.2031544e-01
   9.3877551e-01   2.1024299e+01   7.9166783e+00   5.7305596e+01   1.4344163e+00
   9.5918367e-01   2.0183789e+01   8.0968694e+00   5.6782392e+01   3.1387036e+00
   9.7959184e-01   1.9225685e+01   8.0970195e+00   5.6469957e+01   4.6916368e+00
   1.0000000e+00   1.8152718e+01   7.9101271e+00   5.6406757e+01   6.0830318e+00