  0.0000000e+000  2.7424621e+001  3.6958720e+000  7.9306524e+001  1.9426180e+001
  2.0408163e-002  2.1330883e+001  2.8989102e+000  7.4529201e+001  1.8405103e+001
  4.0816327e-002  1.6276792e+001  2.1880987e+000  6.9720656e+001  1.7201548e+001
  6.1224490e-002  1.2227750e+001  1.5938845e+000  6.4982384e+001  1.5872345e+001
  8.1632653e-002  9.0869913e+000  1.1239683e+000  6.0415382e+001  1.4470327e+001
  1.0204082e-001  6.7223806e+000  7.6976769e-001  5.6117676e+001  1.3041509e+001
  1.2244898e-001  4.9904356e+000  5.1337729e-001  5.2182596e+001  1.1621006e+001
  1.4285714e-001  3.7548278e+000  3.3344254e-001  4.8699316e+001  1.0225748e+001
  1.6326531e-001  2.8986319e+000  2.0913662e-001  4.5758602e+001  8.8378819e+000
  1.8367347e-001  2.3311508e+000  1.2235321e-001  4.3465541e+001  7.3633213e+000
  2.0408163e-001  1.9892381e+000  5.9607611e-002  4.1940012e+001  5.5395754e+000
  2.2448980e-001  1.8247851e+000  1.6066435e-002  4.1218938e+001  2.7714948e+000
  2.4489796e-001  1.7740659e+000 -9.8928089e-003  4.0974808e+001 -1.1449070e+000
  2.6530612e-001  1.7900904e+000 -3.3236929e-002  4.1070404e+001 -5.0331585e+000
  2.8571429e-001  1.8909097e+000 -6.8862047e-002  4.1491513e+001 -8.5648943e+000
  3.0612245e-001  2.1412480e+000 -1.2675810e-001  4.2620680e+001 -1.0885146e+001
  3.2653061e-001  2.5942085e+000 -2.0847749e-001  4.4559441e+001 -1.2691138e+001
  3.4693878e-001  3.3028701e+000 -3.2492786e-001  4.7203941e+001 -1.4375378e+001
  3.6734694e-001  4.3446640e+000 -4.9377441e-001  5.0439406e+001 -1.6091699e+001
  3.8775510e-001  5.8247952e+000 -7.3672715e-001  5.4169906e+001 -1.7881004e+001
  4.0816327e-001  7.8718089e+000 -1.0777176e+000  5.8306434e+001 -1.9733279e+001
  4.2857143e-001  1.0628064e+001 -1.5396595e+000  6.2757721e+001 -2.1613353e+001
  4.4897959e-001  1.4234198e+001 -2.1390802e+000  6.7427685e+001 -2.3471542e+001
  4.6938776e-001  1.8807435e+001 -2.8790203e+000  7.2216332e+001 -2.5249017e+001
  4.8979592e-001  2.4415529e+001 -3.7415001e+000  7.7021985e+001 -2.6881297e+001
  5.1020408e-001  3.1050070e+001 -4.6815794e+000  8.1743828e+001 -2.8300808e+001
  5.3061224e-001  3.8604273e+001 -5.6253561e+000  8.6284377e+001 -2.9438744e+001
  5.5102041e-001  4.6860852e+001 -6.4739786e+000  9.0551538e+001 -3.0226092e+001
  5.7142857e-001  5.5494415e+001 -7.1147659e+000  9.4460637e+001 -3.0591000e+001
  5.9183673e-001  6.4091962e+001 -7.4380384e+000  9.7936677e+001 -3.0479927e+001
  6.1224490e-001  7.2192635e+001 -7.3682888e+000  1.0091721e+002 -2.9805794e+001
  6.3265306e-001  7.9344570e+001 -6.8627355e+000  1.0335636e+002 -2.8510966e+001
  6.5306122e-001  8.5173477e+001 -5.9598827e+000  1.0522934e+002 -2.6531417e+001
  6.7346939e-001  8.9454645e+001 -4.7660096e+000  1.0653283e+002 -2.3794249e+001
  6.9387755e-001  9.2177176e+001 -3.4738490e+000  1.0729043e+002 -2.0114011e+001
  7.1428571e-001  9.3602865e+001 -2.3637965e+000  1.0765072e+002 -1.5187558e+001
  7.3469388e-001  9.4216878e+001 -1.4966760e+000  1.0792648e+002 -9.5673230e+000
  7.5510204e-001  9.4310958e+001 -5.7474538e-001  1.0803969e+002 -4.6591202e+000
  7.7551020e-001  9.3974733e+001  2.9755754e-001  1.0780283e+002  7.6568636e-001
  7.9591837e-001  9.2995274e+001  1.2969473e+000  1.0753921e+002  6.2352239e+000
  8.1632653e-001  9.0934478e+001  2.5787202e+000  1.0700824e+002  1.0578974e+001
  8.3673469e-001  8.7393402e+001  3.9080663e+000  1.0596727e+002  1.3903572e+001
  8.5714286e-001  8.2266078e+001  5.0484423e+000  1.0436071e+002  1.6478514e+001
  8.7755102e-001  7.5687686e+001  5.8566623e+000  1.0218325e+002  1.8398550e+001
  8.9795918e-001  6.7974056e+001  6.2629666e+000  9.9449843e+001  1.9720063e+001
  9.1836735e-001  5.9551110e+001  6.2598867e+000  9.6197632e+001  2.0502158e+001
  9.3877551e-001  5.0883475e+001  5.9072628e+000  9.2482348e+001  2.0803195e+001
  9.5918367e-001  4.2411550e+001  5.2924158e+000  8.8373783e+001  2.0683748e+001
  9.7959184e-001  3.4503781e+001  4.5213020e+000  8.3952467e+001  2.0205075e+001
  1.0000000e+000  2.7427574e+001  3.6953863e+000  7.9307214e+001  1.9425614e+001