   0.0000000e+00	   2.9580300e+01	   3.8198628e+00	   7.9518040e+01	  -1.2534123e-01	
   1.0101010e-02	   2.6304428e+01	   3.3976637e+00	   7.7459081e+01	  -9.7161008e-03	
   2.0202020e-02	   2.3028558e+01	   2.9754643e+00	   7.5037341e+01	   1.8338782e-01	
   3.0303030e-02	   1.9967150e+01	   2.5817019e+00	   7.2623027e+01	   9.0322296e-02	
   4.0404040e-02	   1.7234586e+01	   2.2315430e+00	   6.9592725e+01	   9.9824141e-02	
   5.0505051e-02	   1.4502021e+01	   1.8813841e+00	   6.7341400e+01	   2.1635890e-01	
   6.0606061e-02	   1.2731010e+01	   1.6291745e+00	   6.4895905e+01	   1.3193991e-01	
   7.0707071e-02	   1.1216413e+01	   1.4030851e+00	   6.3037887e+01	  -1.3979807e-01	
   8.0808081e-02	   9.7491046e+00	   1.1840430e+00	   6.0680910e+01	   4.0827182e-01	
   9.0909091e-02	   8.4912112e+00	   9.9621184e-01	   5.8483888e+01	   5.1048476e-02	
   1.0101010e-01	   7.2333161e+00	   8.0838032e-01	   5.6252255e+01	   1.3043162e-01	
   1.1111111e-01	   6.2470341e+00	   6.6425726e-01	   5.4112930e+01	   3.5222939e-01	
   1.2121212e-01	   5.4582880e+00	   5.5192213e-01	   5.2189087e+01	  -4.6649981e-02	
   1.3131313e-01	   4.6695427e+00	   4.3958702e-01	   5.0284184e+01	   4.6720185e-02	
   1.4141414e-01	   4.1242412e+00	   3.6646739e-01	   4.8637010e+01	   3.1379817e-01	
   1.5151515e-01	   3.5855187e+00	   2.9440761e-01	   4.6973519e+01	  -1.5238717e-01	
   1.6161616e-01	   3.1228726e+00	   2.3365776e-01	   4.5534862e+01	   5.7753103e-02	
   1.7171717e-01	   2.7906415e+00	   1.9229623e-01	   4.4017358e+01	   3.8248267e-01	
   1.8181818e-01	   2.4584104e+00	   1.5093469e-01	   4.3104213e+01	  -2.6987905e-01	
   1.9191919e-01	   2.2321592e+00	   1.1576465e-01	   4.2121276e+01	   9.2589560e-02	
   2.0202020e-01	   2.0387976e+00	   8.2516076e-02	   4.1328723e+01	   3.2682042e-01	
   2.1212121e-01	   1.8622870e+00	   5.2300334e-02	   4.0708352e+01	  -4.1414906e-01	
   2.2222222e-01	   1.7756458e+00	   3.8259563e-02	   4.0315981e+01	   1.4254483e-01	
   2.3232323e-01	   1.6890047e+00	   2.4218795e-02	   4.0073474e+01	   2.5760821e-01	
   2.4242424e-01	   1.6419608e+00	   5.1570313e-03	   3.9795567e+01	  -5.6532664e-01	
   2.5252525e-01	   1.6269718e+00	  -1.7969346e-02	   3.9915878e+01	   1.9397142e-01	
   2.6262626e-01	   1.6119829e+00	  -4.1095680e-02	   3.9988465e+01	   1.5995841e-01	
   2.7272727e-01	   1.7168177e+00	  -6.3945872e-02	   4.0176706e+01	  -6.9622678e-01	
   2.8282828e-01	   1.8283092e+00	  -8.6780653e-02	   4.0512096e+01	   2.1061833e-01	
   2.9292929e-01	   1.9583373e+00	  -1.0857350e-01	   4.1020820e+01	   5.4649005e-02	
   3.0303030e-01	   2.1240113e+00	  -1.2836245e-01	   4.1686758e+01	  -4.6557293e-01	
   3.1313131e-01	   2.2896859e+00	  -1.4815144e-01	   4.2634475e+01	   1.7442582e-01	
   3.2323232e-01	   2.5822058e+00	  -1.9959130e-01	   4.3677403e+01	  -3.7267781e-02	
   3.3333333e-01	   2.9200285e+00	  -2.6233522e-01	   4.4878219e+01	  -3.3506174e-01	
   3.4343434e-01	   3.2787978e+00	  -3.2644691e-01	   4.6058009e+01	   3.7392415e-01	
   3.5353535e-01	   3.7758167e+00	  -3.9958668e-01	   4.7786762e+01	  -1.0005752e-01	
   3.6363636e-01	   4.2728348e+00	  -4.7272633e-01	   4.9454009e+01	  -2.0880789e-01	
   3.7373737e-01	   4.9285511e+00	  -5.6697727e-01	   5.1278156e+01	   9.0843985e-02	
   3.8383838e-01	   5.7270914e+00	  -6.8022795e-01	   5.3227186e+01	  -1.1204789e-01	
   3.9393939e-01	   6.5256321e+00	  -7.9347864e-01	   5.5242339e+01	  -1.3930253e-01	
   4.0404040e-01	   7.6010005e+00	  -9.9544846e-01	   5.7419553e+01	   7.1437221e-03	
   4.1414141e-01	   8.7000951e+00	  -1.2050227e+00	   5.9465001e+01	  -2.7915686e-01	
   4.2424242e-01	   1.0076805e+01	  -1.4665989e+00	   6.1750038e+01	  -2.0422000e-01	
   4.3434343e-01	   1.2055012e+01	  -1.8408454e+00	   6.4075805e+01	   1.1340643e-01	
   4.4444444e-01	   1.4033219e+01	  -2.2150917e+00	   6.6429561e+01	  -2.3917341e-01	
   4.5454545e-01	   1.6318536e+01	  -2.5600205e+00	   6.8617655e+01	  -1.6677737e-01	
   4.6464646e-01	   1.8728983e+01	  -2.8930068e+00	   7.1105096e+01	  -1.6384468e-01	
   4.7474747e-01	   2.1208160e+01	  -3.2341890e+00	   7.3433911e+01	  -1.4070221e-01	
   4.8484848e-01	   2.4271594e+01	  -3.6450456e+00	   7.5762172e+01	  -6.3864593e-02	
   4.9494949e-01	   2.7335016e+01	  -4.0559010e+00	   7.7986124e+01	  -1.8211374e-01	
   5.0505051e-01	   3.0619536e+01	  -4.4832871e+00	   8.0292331e+01	  -1.4629819e-01	
   5.1515152e-01	   3.4125147e+01	  -4.9272032e+00	   8.2588404e+01	  -1.9548828e-01	
   5.2525253e-01	   3.7630737e+01	  -5.3711172e+00	   8.4708725e+01	  -1.5391786e-01	
   5.3535354e-01	   4.1551051e+01	  -5.7693682e+00	   8.6902402e+01	  -1.6492247e-01	
   5.4545455e-01	   4.5520159e+01	  -6.1622475e+00	   8.9067306e+01	  -1.8522384e-01	
   5.5555556e-01	   4.9533295e+01	  -6.5239067e+00	   9.1213555e+01	  -1.6991554e-01	
   5.6565657e-01	   5.3654560e+01	  -6.8089404e+00	   9.3160057e+01	  -1.3340823e-01	
   5.7575758e-01	   5.7775832e+01	  -7.0939745e+00	   9.4972260e+01	  -1.2417822e-01	
   5.8585859e-01	   6.1769169e+01	  -7.2140571e+00	   9.6608566e+01	  -4.8677616e-02	
   5.9595960e-01	   6.5703447e+01	  -7.2580086e+00	   9.7945577e+01	   4.0105841e-02	
   6.0606061e-01	   6.9611837e+01	  -7.2889151e+00	   9.9419708e+01	  -2.2381077e-01	
   6.1616162e-01	   7.3218415e+01	  -7.1676271e+00	   1.0077560e+02	  -1.6795110e-01	
   6.2626263e-01	   7.6824984e+01	  -7.0463395e+00	   1.0205868e+02	  -6.8717323e-02	
   6.3636364e-01	   8.0044594e+01	  -6.7726789e+00	   1.0318771e+02	  -1.5320712e-01	
   6.4646465e-01	   8.2834251e+01	  -6.3297139e+00	   1.0423903e+02	  -8.6863732e-02	
   6.5656566e-01	   8.5623911e+01	  -5.8867484e+00	   1.0575453e+02	  -2.6779189e-01	
   6.6666667e-01	   8.7672673e+01	  -5.3687394e+00	   1.0655939e+02	   1.0338983e-01	
   6.7676768e-01	   8.9609169e+01	  -4.8393630e+00	   1.0722784e+02	  -3.7269394e-02	
   6.8686869e-01	   9.1297841e+01	  -4.3006264e+00	   1.0774175e+02	  -8.9695620e-02	
   6.9696970e-01	   9.2292579e+01	  -3.7356893e+00	   1.0716181e+02	  -2.4097755e-01	
   7.0707071e-01	   9.3287321e+01	  -3.1707522e+00	   1.0752083e+02	   3.7697403e-02	
   7.1717172e-01	   9.3978374e+01	  -2.6090481e+00	   1.0779470e+02	   1.5185062e-01	
   7.2727273e-01	   9.4511507e+01	  -2.0490204e+00	   1.0852820e+02	  -6.2199541e-02	
   7.3737374e-01	   9.5014256e+01	  -1.4893316e+00	   1.0873851e+02	  -1.0715268e-02	
   7.4747475e-01	   9.4969908e+01	  -9.3573709e-01	   1.0882649e+02	  -2.7199667e-03	
   7.5757576e-01	   9.4925570e+01	  -3.8214533e-01	   1.0876290e+02	   3.7629288e-02	
   7.6767677e-01	   9.4722929e+01	   1.7676146e-01	   1.0803166e+02	   1.5835166e-01	
   7.7777778e-01	   9.4324745e+01	   7.4223054e-01	   1.0783120e+02	   9.3308575e-02	
   7.8787879e-01	   9.3926563e+01	   1.3076977e+00	   1.0761065e+02	  -1.9422627e-01	
   7.9797980e-01	   9.2817438e+01	   1.8694036e+00	   1.0754525e+02	   1.3410293e-01	
   8.0808081e-01	   9.1575002e+01	   2.4304051e+00	   1.0716230e+02	   7.3153199e-02	
   8.1818182e-01	   9.0184476e+01	   2.9850681e+00	   1.0668022e+02	  -1.2163802e-01	
   8.2828283e-01	   8.8316794e+01	   3.5193064e+00	   1.0681565e+02	  -2.1600949e-01	
   8.3838384e-01	   8.6449103e+01	   4.0535444e+00	   1.0624322e+02	   2.4870368e-02	
   8.4848485e-01	   8.4073902e+01	   4.5022194e+00	   1.0542562e+02	   8.9378856e-02	
   8.5858586e-01	   8.1402651e+01	   4.9009814e+00	   1.0444438e+02	   7.9457282e-02	
   8.6868687e-01	   7.8713796e+01	   5.2969184e+00	   1.0244036e+02	   8.5708546e-02	
   8.7878788e-01	   7.5372718e+01	   5.5884611e+00	   1.0123812e+02	   3.2223628e-03	
   8.8888889e-01	   7.2031645e+01	   5.8800035e+00	   9.9967279e+01	   3.0477468e-01	
   8.9898990e-01	   6.8393473e+01	   6.0780348e+00	   9.8785334e+01	   1.0776432e-01	
   9.0909091e-01	   6.4346825e+01	   6.1474869e+00	   9.7208522e+01	   1.0656414e-01	
   9.1919192e-01	   6.0300145e+01	   6.2169392e+00	   9.5570893e+01	   3.5306914e-01	
   9.2929293e-01	   5.6144579e+01	   6.1014571e+00	   9.3774312e+01	   1.4447176e-02	
   9.3939394e-01	   5.1964423e+01	   5.9442151e+00	   9.2677819e+01	   1.3620527e-01	
   9.4949495e-01	   4.7867033e+01	   5.7491175e+00	   9.0728381e+01	  -6.4756907e-02	
   9.5959596e-01	   4.4079920e+01	   5.4120547e+00	   8.8690119e+01	   1.4731341e-01	
   9.6969697e-01	   4.0292804e+01	   5.0749918e+00	   8.6341953e+01	   1.3458578e-01	
   9.7979798e-01	   3.6656430e+01	   4.6812554e+00	   8.4110637e+01	   8.0156017e-03	
   9.8989899e-01	   3.3118372e+01	   4.2505604e+00	   8.1844307e+01	   2.1531996e-01	
   1.0000000e+00	   2.9580300e+01	   3.8198628e+00	   7.9732650e+01	   2.8056583e-01	
