   0.0000000e+00	   2.1384829e+01	   8.2399240e+00	   7.5098375e+01	  -5.0803566e-02	
   1.0101010e-02	   2.1226317e+01	   8.2422555e+00	   7.5463223e+01	   4.1960074e-02	
   2.0202020e-02	   2.0990028e+01	   8.1758947e+00	   7.5464294e+01	  -4.0149502e-02	
   3.0303030e-02	   2.0675961e+01	   8.0408437e+00	   7.5385450e+01	   3.8579565e-02	
   4.0404040e-02	   2.0292759e+01	   7.8540969e+00	   7.5329712e+01	  -1.9236144e-02	
   5.0505051e-02	   1.9865906e+01	   7.6268736e+00	   7.5333023e+01	   4.9131225e-02	
   6.0606061e-02	   1.9398766e+01	   7.3561792e+00	   7.5310125e+01	   9.6654160e-03	
   7.0707071e-02	   1.8889985e+01	   7.0459107e+00	   7.5254965e+01	   4.6779640e-02	
   8.0808081e-02	   1.8354379e+01	   6.7078710e+00	   7.5133920e+01	   5.0951694e-02	
   9.0909091e-02	   1.7804190e+01	   6.3405897e+00	   7.4975139e+01	   1.6203497e-02	
   1.0101010e-01	   1.7239198e+01	   5.9436857e+00	   7.4800340e+01	   1.0857489e-01	
   1.1111111e-01	   1.6668228e+01	   5.5251375e+00	   7.4594667e+01	  -6.9995598e-02	
   1.2121212e-01	   1.6105672e+01	   5.0883339e+00	   7.4411909e+01	   1.6178178e-01	
   1.3131313e-01	   1.5551531e+01	   4.6332756e+00	   7.4185277e+01	  -1.9045964e-01	
   1.4141414e-01	   1.5010370e+01	   4.1667556e+00	   7.4005415e+01	   1.8977169e-01	
   1.5151515e-01	   1.4501120e+01	   3.7014782e+00	   7.3769864e+01	  -2.4835539e-01	
   1.6161616e-01	   1.4026694e+01	   3.2384652e+00	   7.3598195e+01	   2.2005573e-01	
   1.7171717e-01	   1.3587651e+01	   2.7817809e+00	   7.3378824e+01	  -1.4549922e-01	
   1.8181818e-01	   1.3204612e+01	   2.3455511e+00	   7.3194422e+01	   2.1252418e-01	
   1.9191919e-01	   1.2886179e+01	   1.9303330e+00	   7.2960495e+01	  -3.8185074e-02	
   2.0202020e-01	   1.2629515e+01	   1.5367423e+00	   7.2732320e+01	   1.5932786e-01	
   2.1212121e-01	   1.2427367e+01	   1.1688224e+00	   7.2431657e+01	   6.4607571e-02	
   2.2222222e-01	   1.2290229e+01	   8.1954635e-01	   7.2098610e+01	   9.3733726e-02	
   2.3232323e-01	   1.2218102e+01	   4.8891367e-01	   7.1738574e+01	   1.4633239e-01	
   2.4242424e-01	   1.2199803e+01	   1.5722258e-01	   7.1452859e+01	  -3.3257511e-02	
   2.5252525e-01	   1.2193251e+01	  -1.7513357e-01	   7.1369525e+01	   2.2940605e-01	
   2.6262626e-01	   1.2197436e+01	  -5.0792115e-01	   7.1552098e+01	  -1.8021407e-01	
   2.7272727e-01	   1.2233037e+01	  -8.3172925e-01	   7.1892450e+01	   2.5137278e-01	
   2.8282828e-01	   1.2325863e+01	  -1.1710605e+00	   7.2235097e+01	  -3.3229975e-01	
   2.9292929e-01	   1.2477802e+01	  -1.5315626e+00	   7.2547389e+01	   2.5371725e-01	
   3.0303030e-01	   1.2693321e+01	  -1.9152944e+00	   7.2814876e+01	  -2.1809883e-01	
   3.1313131e-01	   1.2971512e+01	  -2.3218521e+00	   7.3040450e+01	   2.5074610e-01	
   3.2323232e-01	   1.3309850e+01	  -2.7499955e+00	   7.3247191e+01	  -8.2016140e-02	
   3.3333333e-01	   1.3708531e+01	  -3.2022661e+00	   7.3436966e+01	   1.6371770e-01	
   3.4343434e-01	   1.4152613e+01	  -3.6702601e+00	   7.3642600e+01	   2.3122955e-02	
   3.5353535e-01	   1.4632453e+01	  -4.1427681e+00	   7.3836102e+01	   9.1770338e-02	
   3.6363636e-01	   1.5148489e+01	  -4.6198314e+00	   7.4043152e+01	   8.5384876e-02	
   3.7373737e-01	   1.5683214e+01	  -5.0931136e+00	   7.4248471e+01	   2.3763899e-02	
   3.8383838e-01	   1.6224943e+01	  -5.5491218e+00	   7.4452256e+01	   1.2240004e-01	
   3.9393939e-01	   1.6773676e+01	  -5.9878558e+00	   7.4650643e+01	  -6.7880284e-02	
   4.0404040e-01	   1.7318355e+01	  -6.4034336e+00	   7.4825755e+01	   1.3062332e-01	
   4.1414141e-01	   1.7845911e+01	  -6.7861603e+00	   7.4998475e+01	  -1.1738535e-01	
   4.2424242e-01	   1.8356079e+01	  -7.1353512e+00	   7.5126548e+01	   1.0500451e-01	
   4.3434343e-01	   1.8845571e+01	  -7.4492798e+00	   7.5246667e+01	  -1.0748234e-01	
   4.4444444e-01	   1.9303569e+01	  -7.7217829e+00	   7.5315153e+01	   7.5684995e-02	
   4.5454545e-01	   1.9729491e+01	  -7.9519796e+00	   7.5365298e+01	  -3.8811859e-02	
   4.6464646e-01	   2.0123520e+01	  -8.1406316e+00	   7.5367593e+01	   4.1328581e-02	
   4.7474747e-01	   2.0481389e+01	  -8.2867406e+00	   7.5339603e+01	   1.2475903e-03	
   4.8484848e-01	   2.0804699e+01	  -8.3902640e+00	   7.5270372e+01	   1.0044156e-02	
   4.9494949e-01	   2.1093450e+01	  -8.4512014e+00	   7.5163057e+01	   7.7390739e-03	
   5.0505051e-01	   2.1346712e+01	  -8.4721505e+00	   7.5018007e+01	  -5.2456445e-03	
   5.1515152e-01	   2.1568076e+01	  -8.4538204e+00	   7.4834008e+01	  -7.2504150e-03	
   5.2525253e-01	   2.1758245e+01	  -8.3959584e+00	   7.4611376e+01	   1.0733081e-03	
   5.3535354e-01	   2.1917863e+01	  -8.2998748e+00	   7.4356749e+01	  -3.7054552e-02	
   5.4545455e-01	   2.2051446e+01	  -8.1687525e+00	   7.4056507e+01	   3.9847879e-02	
   5.5555556e-01	   2.2160766e+01	  -8.0034368e+00	   7.3740310e+01	  -6.8671828e-02	
   5.6565657e-01	   2.2246277e+01	  -7.8040889e+00	   7.3368482e+01	   1.0486980e-01	
   5.7575758e-01	   2.2313594e+01	  -7.5734431e+00	   7.3001724e+01	  -9.4733131e-02	
   5.8585859e-01	   2.2365148e+01	  -7.3133540e+00	   7.2575438e+01	   1.1309043e-01	
   5.9595960e-01	   2.2400939e+01	  -7.0238172e+00	   7.2168076e+01	  -1.1757694e-01	
   6.0606061e-01	   2.2424653e+01	  -6.7052499e+00	   7.1710364e+01	   6.7626073e-02	
   6.1616162e-01	   2.2441284e+01	  -6.3619671e+00	   7.1271327e+01	  -1.1051254e-01	
   6.2626263e-01	   2.2451115e+01	  -5.9944749e+00	   7.0810846e+01	  -1.4055647e-02	
   6.3636364e-01	   2.2455302e+01	  -5.6031656e+00	   7.0364256e+01	  -8.0444956e-02	
   6.4646465e-01	   2.2457920e+01	  -5.1920318e+00	   6.9923415e+01	  -7.2429478e-02	
   6.5656566e-01	   2.2459128e+01	  -4.7616107e+00	   6.9494158e+01	  -3.1965449e-02	
   6.6666667e-01	   2.2459552e+01	  -4.3123222e+00	   6.9105052e+01	  -1.3345830e-01	
   6.7676768e-01	   2.2461476e+01	  -3.8493963e+00	   6.8721172e+01	   6.4338408e-02	
   6.8686869e-01	   2.2462686e+01	  -3.3756864e+00	   6.8398291e+01	  -2.0527155e-01	
   6.9696970e-01	   2.2463183e+01	  -2.8911974e+00	   6.8085535e+01	   1.8899838e-01	
   7.0707071e-01	   2.2465240e+01	  -2.3982795e+00	   6.7853233e+01	  -2.1196964e-01	
   7.1717172e-01	   2.2467698e+01	  -1.8998292e+00	   6.7630188e+01	   2.9504194e-01	
   7.2727273e-01	   2.2470309e+01	  -1.3959087e+00	   6.7489264e+01	  -2.1887884e-01	
   7.3737374e-01	   2.2473971e+01	  -8.8769741e-01	   6.7386744e+01	   1.6753304e-01	
   7.4747475e-01	   2.2478379e+01	  -3.7882219e-01	   6.7343087e+01	  -2.0634445e-01	
   7.5757576e-01	   2.2482776e+01	   1.3043951e-01	   6.7346969e+01	   3.5955661e-02	
   7.6767677e-01	   2.2487447e+01	   6.3991274e-01	   6.7412818e+01	  -1.4054260e-01	
   7.7777778e-01	   2.2493124e+01	   1.1470866e+00	   6.7531268e+01	  -7.6160224e-02	
   7.8787879e-01	   2.2498976e+01	   1.6504399e+00	   6.7698973e+01	  -7.5086954e-02	
   7.9797980e-01	   2.2505002e+01	   2.1499692e+00	   6.7913211e+01	  -1.3675521e-01	
   8.0808081e-01	   2.2513058e+01	   2.6432193e+00	   6.8192039e+01	   1.7426993e-02	
   8.1818182e-01	   2.2520940e+01	   3.1263863e+00	   6.8486621e+01	  -1.7975730e-01	
   8.2828283e-01	   2.2528444e+01	   3.5992559e+00	   6.8849876e+01	   1.0456259e-01	
   8.3838384e-01	   2.2536282e+01	   4.0610150e+00	   6.9227856e+01	   4.3381318e-02	
   8.4848485e-01	   2.2543833e+01	   4.5063879e+00	   6.9623830e+01	  -1.1552833e-01	
   8.5858586e-01	   2.2550495e+01	   4.9343455e+00	   7.0052221e+01	  -1.1359902e-01	
   8.6868687e-01	   2.2556721e+01	   5.3444786e+00	   7.0513033e+01	   2.6379394e-02	
   8.7878788e-01	   2.2561749e+01	   5.7310945e+00	   7.0973417e+01	   5.8811054e-02	
   8.8888889e-01	   2.2563126e+01	   6.0909337e+00	   7.1415449e+01	  -7.9193067e-02	
   8.9898990e-01	   2.2560849e+01	   6.4239962e+00	   7.1861560e+01	  -9.1847971e-02	
   9.0909091e-01	   2.2552436e+01	   6.7263378e+00	   7.2303689e+01	   9.7607435e-04	
   9.1919192e-01	   2.2532422e+01	   6.9933086e+00	   7.2726514e+01	   6.2175808e-02	
   9.2929293e-01	   2.2500915e+01	   7.2255453e+00	   7.3119099e+01	  -4.5576446e-02	
   9.3939394e-01	   2.2453129e+01	   7.4176508e+00	   7.3528316e+01	  -5.7762057e-02	
   9.4949495e-01	   2.2374438e+01	   7.5826318e+00	   7.3923028e+01	  -8.2185877e-03	
   9.5959596e-01	   2.2262948e+01	   7.7264911e+00	   7.4261293e+01	   3.3849876e-02	
   9.6969697e-01	   2.2104570e+01	   7.8591438e+00	   7.4475776e+01	  -1.0033254e-02	
   9.7979798e-01	   2.1888504e+01	   7.9974572e+00	   7.4581443e+01	  -2.5897964e-02	
   9.8989899e-01	   2.1648590e+01	   8.1243840e+00	   7.4707389e+01	  -7.5100878e-03	
   1.0000000e+00	   2.1384829e+01	   8.2399240e+00	   7.5098240e+01	  -5.0803480e-02	
