0 0 17.3171 -3.33366 -0.0302143 17.0227 -3.22763 16.369 -3.19041 -2.42201
0 0.05 17.3955 -3.22463 0.150295 16.9453 -3.08638 16.3684 -3.03978 -4.81677
0 0.1 17.6344 -2.84305 0.421115 16.9265 -2.65987 16.7045 -2.68823 -9.26153
0 0.15 17.9541 -2.12945 0.712756 17.0131 -1.95627 17.1392 -2.02367 -12.3803
0 0.2 18.2351 -1.14347 0.934 17.1252 -1.03861 17.5078 -1.08945 -14.176
0 0.25 18.3491 3.32998e-08 1.01785 17.1768 3.21484e-08 17.632 -4.78304e-07 -14.8021
0 0.3 18.2351 1.14347 0.934 17.1252 1.03861 17.5078 1.08946 -14.176
0 0.35 17.9541 2.12945 0.712756 17.0131 1.95627 17.1392 2.02367 -12.3803
0 0.4 17.6344 2.84304 0.421115 16.9265 2.65987 16.7045 2.68823 -9.26153
0 0.45 17.3955 3.22463 0.150295 16.9453 3.08638 16.3684 3.03978 -4.81677
0 0.5 17.3171 3.33366 -0.0302143 17.0227 3.22763 16.3284 3.18369 0.027226
0 0.55 17.3938 3.22446 -0.210943 16.9453 3.08639 16.428 3.05887 4.87139
0 0.6 17.6303 2.84266 -0.482482 16.9265 2.65988 16.4139 2.65107 9.31626
0 0.65 17.9475 2.12898 -0.775086 17.0131 1.95628 16.351 1.93857 12.4353
0 0.7 18.2266 1.14314 -0.997168 17.1252 1.03862 16.3506 1.02196 14.2311
0 0.75 18.3399 3.41695e-08 -1.08135 17.1767 2.76002e-08 16.3534 -4.55985e-07 14.857
0 0.8 18.2266 -1.14314 -0.997168 17.1252 -1.03862 16.3506 -1.02196 14.2311
0 0.85 17.9475 -2.12898 -0.775086 17.0131 -1.95628 16.351 -1.93857 12.4353
0 0.9 17.6303 -2.84266 -0.482482 16.9265 -2.65988 16.4139 -2.65107 9.31626
0 0.95 17.3938 -3.22446 -0.210943 16.9453 -3.08639 16.428 -3.05887 4.87139
0 1 17.3171 -3.33366 -0.0302143 17.0227 -3.22763 16.2879 -3.17698 2.42207
0.05 0 17.2995 -3.16039 -0.0468913 16.9875 -3.05334 16.1287 -2.98025 -0.0272479
0.05 0.05 16.7891 -2.94967 0.109209 16.2751 -2.80871 17.397 -3.07315 -3.32854
0.05 0.1 16.2672 -2.4694 0.304503 15.532 -2.308 17.9717 -2.73751 -6.41306
0.05 0.15 15.8631 -1.76585 0.496008 14.9386 -1.62182 18.3236 -2.03647 -8.60617
0.05 0.2 15.6266 -0.914691 0.633657 14.5762 -0.832591 18.5307 -1.08367 -9.92507
0.05 0.25 15.5507 2.71684e-08 0.68182 14.4561 2.41832e-08 18.6129 -2.55265e-07 -10.3604
0.05 0.3 15.6266 0.914691 0.633657 14.5762 0.832591 18.5307 1.08367 -9.92507
0.05 0.35 15.8631 1.76585 0.496008 14.9386 1.62182 18.3236 2.03647 -8.60617
0.05 0.4 16.2672 2.4694 0.304503 15.532 2.308 17.9717 2.73752 -6.41306
0.05 0.45 16.7891 2.94967 0.109209 16.2751 2.80871 17.397 3.07315 -3.32854
0.05 0.5 17.2995 3.16039 -0.0468913 16.9875 3.05334 16.2652 3.0064 0.620378
0.05 0.55 17.9754 3.14333 -0.249332 17.5778 3.02135 15.2339 2.64491 5.86454
0.05 0.6 19.0782 2.88489 -0.563443 18.4499 2.7112 14.7997 2.22043 10.9098
0.05 0.65 20.3245 2.26303 -0.894394 19.5285 2.10099 14.4097 1.58295 14.119
0.05 0.7 21.3355 1.25408 -1.16159 20.4196 1.15521 14.2736 0.822511 16.004
0.05 0.75 21.7196 -1.60643e-08 -1.2613 20.7611 -1.02652e-08 14.2451 -3.23646e-07 16.6548
0.05 0.8 21.3355 -1.25408 -1.16159 20.4196 -1.15521 14.2736 -0.82251 16.004
0.05 0.85 20.3245 -2.26303 -0.894394 19.5285 -2.10099 14.4097 -1.58295 14.119
0.05 0.9 19.0782 -2.88489 -0.563443 18.4499 -2.7112 14.7997 -2.22043 10.9098
0.05 0.95 17.9754 -3.14333 -0.249332 17.5778 -3.02135 15.2339 -2.64491 5.86454
0.05 1 17.2995 -3.16039 -0.0468913 16.9875 -3.05334 16.4018 -3.03257 -0.0272479
0.1 0 17.2467 -2.65532 -0.0665821 16.8957 -2.55854 16.0273 -2.48553 0.12862
0.1 0.05 16.185 -2.37965 0.0641996 15.6338 -2.25833 18.0972 -2.6784 -1.99703
0.1 0.1 15.1303 -1.90264 0.182341 14.4139 -1.78083 18.9562 -2.39977 -3.89433
0.1 0.15 14.293 -1.30781 0.281352 13.4665 -1.2089 19.3806 -1.7806 -5.17078
0.1 0.2 13.7819 -0.662666 0.343993 12.8898 -0.609043 19.5642 -0.945073 -5.91093
0.1 0.25 13.6116 1.17534e-09 0.366436 12.6976 3.70554e-09 19.6079 -5.65282e-08 -6.15626
0.1 0.3 13.7819 0.662666 0.343993 12.8898 0.609043 19.5642 0.945073 -5.91093
0.1 0.35 14.293 1.30781 0.281352 13.4665 1.2089 19.3806 1.7806 -5.17078
0.1 0.4 15.1303 1.90264 0.182341 14.4139 1.78083 18.9562 2.39977 -3.89433
0.1 0.45 16.185 2.37965 0.0641996 15.6338 2.25833 18.0972 2.6784 -1.99703
0.1 0.5 17.2467 2.65532 -0.0665821 16.8957 2.55854 16.1442 2.50377 1.13419
0.1 0.55 18.5213 2.71447 -0.264091 18.1421 2.60964 14.1866 2.03868 6.27654
0.1 0.6 20.4434 2.54538 -0.549931 19.9318 2.41478 12.8753 1.56689 11.2531
0.1 0.65 22.5969 2.01683 -0.796979 22.0733 1.91794 11.3441 0.97046 14.1385
0.1 0.7 24.2913 1.1244 -0.963122 23.8138 1.07601 10.2014 0.437271 15.7971
0.1 0.75 24.9363 -7.23219e-08 -1.02289 24.4944 -6.1749e-08 9.75897 -9.79352e-08 16.42
0.1 0.8 24.2913 -1.1244 -0.963122 23.8138 -1.07601 10.2014 -0.437271 15.7971
0.1 0.85 22.5969 -2.01683 -0.796979 22.0733 -1.91794 11.3441 -0.97046 14.1385
0.1 0.9 20.4434 -2.54538 -0.549931 19.9318 -2.41478 12.8753 -1.56689 11.2531
0.1 0.95 18.5213 -2.71447 -0.264091 18.1421 -2.60964 14.1866 -2.03868 6.27653
0.1 1 17.2467 -2.65532 -0.0665821 16.8957 -2.55854 16.2611 -2.52201 0.12862
0.15 0 17.1646 -1.89638 -0.0722886 16.776 -1.82087 16.1761 -1.78953 0.265438
0.15 0.05 15.6737 -1.63608 0.0235519 15.117 -1.55183 18.5049 -1.94283 -0.954594
0.15 0.1 14.3115 -1.26207 0.0815267 13.6425 -1.18488 19.6681 -1.75105 -1.86051
0.15 0.15 13.2808 -0.847215 0.116593 12.5622 -0.788782 20.2477 -1.30478 -2.30926
0.15 0.2 12.6583 -0.422535 0.134014 11.9214 -0.391817 20.517 -0.69368 -2.49562
0.15 0.25 12.4536 -4.86488e-09 0.138703 11.713 -2.15821e-09 20.6048 -3.34867e-08 -2.53431
0.15 0.3 12.6583 0.422535 0.134014 11.9214 0.391817 20.517 0.69368 -2.49562
0.15 0.35 13.2808 0.847215 0.116593 12.5622 0.788782 20.2477 1.30478 -2.30926
0.15 0.4 14.3115 1.26207 0.0815267 13.6425 1.18488 19.6681 1.75105 -1.86051
0.15 0.45 15.6737 1.63608 0.0235519 15.117 1.55183 18.5049 1.94282 -0.954594
0.15 0.5 17.1646 1.89638 -0.0722885 16.776 1.82087 16.07 1.77658 1.2375
0.15 0.55 18.9846 1.98763 -0.232576 18.6165 1.91064 13.4001 1.35799 5.37371
0.15 0.6 21.5737 1.85303 -0.424198 21.1844 1.7822 11.0546 0.898152 9.23805
0.15 0.65 24.3901 1.41089 -0.516063 24.1256 1.38892 8.06715 0.402663 11.0648
0.15 0.7 26.4303 0.718669 -0.494444 26.3212 0.727113 5.49264 0.0978461 11.5454
0.15 0.75 27.1225 -4.88855e-08 -0.44616 27.0801 -4.63052e-08 4.37942 -3.6673e-09 11.5146
0.15 0.8 26.4303 -0.718669 -0.494444 26.3212 -0.727113 5.49264 -0.0978461 11.5454
0.15 0.85 24.3901 -1.41089 -0.516063 24.1256 -1.38892 8.06715 -0.402663 11.0648
0.15 0.9 21.5737 -1.85303 -0.424198 21.1844 -1.7822 11.0546 -0.898152 9.23805
0.15 0.95 18.9846 -1.98763 -0.232576 18.6165 -1.91064 13.4001 -1.35799 5.37371
0.15 1 17.1646 -1.89638 -0.0722886 16.776 -1.82087 15.9639 -1.76362 0.265438
0.2 0 17.0915 -0.982007 -0.0584197 16.6792 -0.940839 16.3976 -0.934135 0.222789
0.2 0.05 15.3313 -0.823793 -0.00566714 14.7864 -0.781573 18.7052 -1.00577 -0.319293
0.2 0.1 13.8417 -0.624341 0.0147905 13.2124 -0.587118 20.1321 -0.916358 -0.596239
0.2 0.15 12.7481 -0.414178 0.0198163 12.09 -0.385492 20.886 -0.688089 -0.609919
0.2 0.2 12.1076 -0.204002 0.0173606 11.4421 -0.18922 21.2704 -0.364925 -0.519946
0.2 0.25 11.901 -2.61062e-09 0.0155965 11.2322 -3.04795e-09 21.3857 4.69139e-09 -0.470588
0.2 0.3 12.1076 0.204002 0.0173606 11.4421 0.18922 21.2704 0.364925 -0.519947
0.2 0.35 12.7481 0.414178 0.0198163 12.09 0.385492 20.886 0.688088 -0.609919
0.2 0.4 13.8417 0.624341 0.0147905 13.2124 0.587118 20.1321 0.916358 -0.596239
0.2 0.45 15.3313 0.823793 -0.00566713 14.7864 0.781573 18.7052 1.00577 -0.319293
0.2 0.5 17.0915 0.982007 -0.0584197 16.6792 0.940839 16.0395 0.911396 0.798623
0.2 0.55 19.3011 1.04316 -0.149161 18.9416 1.00175 12.9469 0.660606 3.06821
0.2 0.6 22.3344 0.957565 -0.241904 22.0272 0.934494 9.77132 0.36529 5.17647
0.2 0.65 25.5117 0.658743 -0.234809 25.3788 0.672484 5.64558 0.0793332 5.70722
0.2 0.7 27.5204 0.271392 -0.128952 27.5173 0.287733 1.99045 -0.0224622 4.67932
0.2 0.75 28.008 4.57009e-10 -0.0833418 28.0268 9.15659e-11 0.62222 -2.19719e-08 3.85461
0.2 0.8 27.5204 -0.271392 -0.128952 27.5173 -0.287734 1.99045 0.0224622 4.67932
0.2 0.85 25.5117 -0.658744 -0.234809 25.3788 -0.672484 5.64558 -0.0793333 5.70722
0.2 0.9 22.3344 -0.957565 -0.241904 22.0272 -0.934494 9.77132 -0.36529 5.17647
0.2 0.95 19.3011 -1.04316 -0.149161 18.9416 -1.00175 12.9469 -0.660606 3.06821
0.2 1 17.0915 -0.982007 -0.0584197 16.6792 -0.940839 15.6814 -0.888657 0.222789
0.25 0 17.0597 -0.000873266 -0.0298022 16.6384 -7.4704e-06 16.5241 0.0132238 0.0271266
0.25 0.05 15.2134 -0.000728771 -0.0265336 14.6768 -9.63456e-06 18.7532 0.011002 0.0271466
0.25 0.1 13.691 -0.000555268 -0.0238669 13.0742 -1.31778e-05 20.3041 0.00774716 0.0270621
0.25 0.15 12.591 -0.000380798 -0.0219516 11.9444 -1.88223e-05 21.1238 0.00478678 0.0269468
0.25 0.2 11.9584 -0.000193412 -0.0208588 11.2928 -1.39734e-05 21.5576 0.00221248 0.0268425
0.25 0.25 11.7599 3.85805e-09 -0.0205183 11.0844 4.14865e-10 21.7033 6.33562e-09 0.026843
0.25 0.3 11.9584 0.000193409 -0.0208589 11.2928 1.39712e-05 21.5576 -0.0022125 0.0268425
0.25 0.35 12.591 0.00038079 -0.0219516 11.9444 1.88237e-05 21.1238 -0.00478677 0.0269468
0.25 0.4 13.691 0.000555277 -0.0238669 13.0742 1.31794e-05 20.3041 -0.00774715 0.0270622
0.25 0.45 15.2134 0.000728777 -0.0265336 14.6768 9.64332e-06 18.7532 -0.0110019 0.0271467
0.25 0.5 17.0597 0.000873278 -0.0298022 16.6384 7.47526e-06 16.042 -0.0157016 0.0271432
0.25 0.55 19.4192 0.000935369 -0.0339994 19.063 1.22364e-05 12.8043 -0.0228106 0.0271727
0.25 0.6 22.6005 0.000857737 -0.039627 22.3176 1.5838e-05 9.36702 -0.0286376 0.0271988
0.25 0.65 25.9044 0.000594447 -0.0453577 25.8035 5.40226e-05 4.83491 -0.0281603 0.0277981
0.25 0.7 27.792 0.000253286 -0.0485151 27.7924 3.95452e-05 0.80108 -0.0165683 0.0289121
0.25 0.75 28.1604 -1.32466e-10 -0.0491182 28.1649 -1.37173e-09 -0.202682 3.69865e-08 0.0293459
0.25 0.8 27.792 -0.000253284 -0.0485151 27.7924 -3.95429e-05 0.80108 0.0165682 0.0289121
0.25 0.85 25.9044 -0.000594442 -0.0453577 25.8035 -5.40197e-05 4.83491 0.0281603 0.027798
0.25 0.9 22.6005 -0.000857747 -0.039627 22.3176 -1.58409e-05 9.36702 0.0286375 0.0271987
0.25 0.95 19.4192 -0.000935378 -0.0339994 19.063 -1.22481e-05 12.8043 0.0228106 0.0271727
0.25 1 17.0597 -0.000873266 -0.0298022 16.6384 -7.4704e-06 15.5598 0.0181794 0.0271266
0.3 0 17.0915 0.980318 -0.00127908 16.6792 0.940828 16.3966 0.959788 -0.168465
0.3 0.05 15.3308 0.822347 -0.0478043 14.7864 0.781563 18.6939 1.02665 0.373598
0.3 0.1 13.841 0.623233 -0.0630133 13.2124 0.587109 20.1179 0.931383 0.650514
0.3 0.15 12.7474 0.413445 -0.0641952 12.09 0.385489 20.8708 0.697428 0.66417
0.3 0.2 12.1068 0.203639 -0.0594895 11.4421 0.189219 21.2549 0.369283 0.574235
0.3 0.25 11.9003 5.20405e-09 -0.0570014 11.2322 7.36495e-09 21.3701 1.51206e-08 0.524866
0.3 0.3 12.1068 -0.203639 -0.0594895 11.4421 -0.189219 21.2549 -0.369283 0.574235
0.3 0.35 12.7474 -0.413445 -0.0641952 12.09 -0.385489 20.8708 -0.697428 0.66417
0.3 0.4 13.841 -0.623233 -0.0630133 13.2124 -0.587109 20.1179 -0.931383 0.650514
0.3 0.45 15.3308 -0.822347 -0.0478043 14.7864 -0.781563 18.6939 -1.02665 0.373598
0.3 0.5 17.0915 -0.980318 -0.0012791 16.6792 -0.940828 16.0386 -0.941171 -0.744332
0.3 0.55 19.3019 -1.04138 0.0816025 18.9416 -1.00174 12.9703 -0.703471 -3.014
0.3 0.6 22.336 -0.955908 0.163596 22.0272 -0.934483 9.81783 -0.418048 -5.12226
0.3 0.65 25.5137 -0.657503 0.14534 25.3788 -0.672499 5.70843 -0.128324 -5.65288
0.3 0.7 27.5219 -0.270814 0.0325093 27.5174 -0.287735 2.04948 -0.00627793 -4.62475
0.3 0.75 28.0089 -1.10266e-10 -0.0146955 28.0269 1.55786e-09 0.666543 -3.32981e-08 -3.79983
0.3 0.8 27.5219 0.270814 0.0325093 27.5174 0.287735 2.04948 0.00627798 -4.62475
0.3 0.85 25.5137 0.657503 0.14534 25.3788 0.672499 5.70843 0.128324 -5.65288
0.3 0.9 22.336 0.955908 0.163596 22.0272 0.934483 9.81783 0.418048 -5.12226
0.3 0.95 19.3019 1.04138 0.0816025 18.9416 1.00174 12.9703 0.703471 -3.014
0.3 1 17.0915 0.980318 -0.00127908 16.6792 0.940828 15.6806 0.922555 -0.168465
0.35 0 17.1646 1.89489 0.0123662 16.776 1.82087 16.1745 1.8122 -0.21114
0.35 0.05 15.6728 1.63469 -0.0781968 15.117 1.55182 18.4821 1.96069 1.00895
0.35 0.1 14.31 1.26095 -0.13133 13.6425 1.18488 19.6368 1.76427 1.91497
0.35 0.15 13.2789 0.846433 -0.162717 12.5622 0.788783 20.2126 1.31317 2.36385
0.35 0.2 12.6563 0.422136 -0.177912 11.9214 0.391819 20.4805 0.697617 2.55031
0.35 0.25 12.4516 5.42435e-09 -0.181865 11.7129 4.35435e-09 20.5681 1.19966e-08 2.58909
0.35 0.3 12.6563 -0.422136 -0.177912 11.9214 -0.391819 20.4805 -0.697617 2.55031
0.35 0.35 13.2789 -0.846433 -0.162717 12.5622 -0.788783 20.2126 -1.31317 2.36385
0.35 0.4 14.31 -1.26095 -0.13133 13.6425 -1.18488 19.6368 -1.76427 1.91497
0.35 0.45 15.6728 -1.63469 -0.0781968 15.117 -1.55182 18.482 -1.96069 1.00896
0.35 0.5 17.1646 -1.89489 0.0123663 16.776 -1.82087 16.0685 -1.80154 -1.18321
0.35 0.55 18.986 -1.98614 0.166203 18.6165 -1.91064 13.442 -1.39376 -5.31953
0.35 0.6 21.5767 -1.8516 0.348597 21.1844 -1.78221 11.1351 -0.940034 -9.18413
0.35 0.65 24.3943 -1.40965 0.430375 24.1256 -1.38895 8.1737 -0.439455 -11.0115
0.35 0.7 26.4346 -0.717823 0.401355 26.3213 -0.727141 5.60905 -0.118256 -11.4931
0.35 0.75 27.1265 4.13834e-08 0.350492 27.0802 3.92804e-08 4.49346 3.00245e-08 -11.463
0.35 0.8 26.4346 0.717823 0.401355 26.3213 0.727141 5.60905 0.118256 -11.4931
0.35 0.85 24.3943 1.40965 0.430375 24.1256 1.38895 8.1737 0.439455 -11.0115
0.35 0.9 21.5767 1.8516 0.348597 21.1844 1.78221 11.1351 0.940034 -9.18413
0.35 0.95 18.986 1.98614 0.166203 18.6165 1.91064 13.442 1.39376 -5.31953
0.35 1 17.1646 1.89489 0.0123662 16.776 1.82087 15.9624 1.79088 -0.21114
0.4 0 17.2467 2.65419 0.00640549 16.8957 2.55854 16.0253 2.50346 -0.0742742
0.4 0.05 16.1837 2.37846 -0.120615 15.6338 2.25833 18.0629 2.69156 2.05152
0.4 0.1 15.1278 1.90155 -0.234947 14.4139 1.78082 18.9046 2.40947 3.94888
0.4 0.15 14.2896 1.30699 -0.330893 13.4665 1.2089 19.3187 1.78655 5.22535
0.4 0.2 13.7781 0.66223 -0.39164 12.8898 0.609042 19.4967 0.947817 5.9655
0.4 0.25 13.6076 -1.0768e-08 -0.413451 12.6976 -9.25112e-09 19.5388 4.33051e-08 6.21077
0.4 0.3 13.7781 -0.66223 -0.39164 12.8898 -0.609042 19.4967 -0.947818 5.9655
0.4 0.35 14.2896 -1.30699 -0.330893 13.4665 -1.2089 19.3187 -1.78655 5.22535
0.4 0.4 15.1278 -1.90155 -0.234947 14.4139 -1.78082 18.9046 -2.40947 3.94888
0.4 0.45 16.1837 -2.37846 -0.120615 15.6338 -2.25833 18.0629 -2.69156 2.05152
0.4 0.5 17.2467 -2.65419 0.00640547 16.8957 -2.55854 16.1422 -2.52161 -1.0798
0.4 0.55 18.523 -2.71344 0.199424 18.1421 -2.60964 14.2386 -2.06406 -6.22217
0.4 0.6 20.4474 -2.54445 0.47843 19.9318 -2.41478 12.9724 -1.59594 -11.1989
0.4 0.65 22.6031 -2.01603 0.717707 22.0733 -1.91793 11.4729 -0.995392 -14.0844
0.4 0.7 24.2991 -1.1239 0.877617 23.8137 -1.076 10.349 -0.45137 -15.7428
0.4 0.75 24.9446 6.24323e-08 0.935006 24.4943 5.43855e-08 9.9133 7.66576e-08 -16.3657
0.4 0.8 24.2991 1.1239 0.877617 23.8137 1.076 10.349 0.45137 -15.7428
0.4 0.85 22.6031 2.01603 0.717707 22.0733 1.91793 11.4729 0.995392 -14.0844
0.4 0.9 20.4474 2.54445 0.47843 19.9318 2.41478 12.9724 1.59594 -11.1989
0.4 0.95 18.523 2.71344 0.199424 18.1421 2.60964 14.2386 2.06406 -6.22217
0.4 1 17.2467 2.65419 0.00640549 16.8957 2.55854 16.2591 2.53976 -0.0742742
0.45 0 17.2995 3.15977 -0.0134606 16.9875 3.05333 16.1273 2.99126 0.0816706
0.45 0.05 16.7876 2.9489 -0.167736 16.2751 2.8087 17.3528 3.08005 3.3831
0.45 0.1 16.2638 2.46853 -0.361063 15.532 2.308 17.9 2.74138 6.46771
0.45 0.15 15.858 1.76509 -0.550966 14.9386 1.62182 18.2336 2.0379 8.66086
0.45 0.2 15.6203 0.914251 -0.687634 14.5762 0.83259 18.4305 1.08394 9.97981
0.45 0.25 15.544 -2.86496e-08 -0.735475 14.4561 -2.72571e-08 18.5095 6.64696e-08 10.4152
0.45 0.3 15.6203 -0.914251 -0.687634 14.5762 -0.83259 18.4305 -1.08394 9.97981
0.45 0.35 15.858 -1.76509 -0.550966 14.9386 -1.62182 18.2336 -2.0379 8.66086
0.45 0.4 16.2638 -2.46853 -0.361063 15.532 -2.308 17.9 -2.74138 6.46771
0.45 0.45 16.7876 -2.9489 -0.167736 16.2751 -2.8087 17.3528 -3.08005 3.3831
0.45 0.5 17.2995 -3.15977 -0.0134606 16.9875 -3.05333 16.2638 -3.01565 -0.565893
0.45 0.55 17.9771 -3.14287 0.186639 17.5778 -3.02135 15.2886 -2.65783 -5.81001
0.45 0.6 19.0826 -2.88461 0.496906 18.4499 -2.71119 14.898 -2.23645 -10.8551
0.45 0.65 20.3316 -2.26294 0.823457 19.5285 -2.10098 14.5389 -1.59721 -14.0642
0.45 0.7 21.3449 -1.25408 1.08709 20.4196 -1.15519 14.4214 -0.830718 -15.9488
0.45 0.75 21.7298 2.32113e-08 1.18544 20.7611 1.90912e-08 14.3995 1.57098e-07 -16.5993
0.45 0.8 21.3449 1.25408 1.08709 20.4196 1.15519 14.4214 0.830718 -15.9488
0.45 0.85 20.3316 2.26294 0.823457 19.5285 2.10098 14.5389 1.59721 -14.0642
0.45 0.9 19.0826 2.88461 0.496906 18.4499 2.71119 14.898 2.23645 -10.8551
0.45 0.95 17.9771 3.14287 0.186639 17.5778 3.02135 15.2886 2.65783 -5.81001
0.45 1 17.2995 3.15977 -0.0134606 16.9875 3.05333 16.4004 3.04005 0.0816706
0.5 0 17.3171 3.33366 -0.0302143 17.0227 3.22763 16.3272 3.18476 0.0271765
0.5 0.05 17.3938 3.22446 -0.210943 16.9453 3.08639 16.372 3.04848 4.74761
0.5 0.1 17.6303 2.84266 -0.482482 16.9265 2.65988 16.5155 2.66737 9.0025
0.5 0.15 17.9475 2.12898 -0.775086 17.0131 1.95628 16.6891 1.97845 11.9126
0.5 0.2 18.2266 1.14314 -0.997168 17.1252 1.03862 16.8661 1.05402 13.6115
0.5 0.25 18.3399 -1.84137e-08 -1.08135 17.1767 -1.77704e-08 16.9273 2.09126e-07 14.196
0.5 0.3 18.2266 -1.14314 -0.997168 17.1252 -1.03862 16.8661 -1.05402 13.6115
0.5 0.35 17.9475 -2.12898 -0.775086 17.0131 -1.95628 16.6891 -1.97845 11.9126
0.5 0.4 17.6303 -2.84266 -0.482482 16.9265 -2.65988 16.5155 -2.66737 9.0025
0.5 0.45 17.3938 -3.22446 -0.210943 16.9453 -3.08639 16.372 -3.04848 4.74761
0.5 0.5 17.3171 -3.33366 -0.0302143 17.0227 -3.22763 16.3272 -3.18356 0.0272341
0.5 0.55 17.3955 -3.22463 0.150295 16.9453 -3.08638 16.4235 -3.05004 -4.69302
0.5 0.6 17.6344 -2.84304 0.421115 16.9265 -2.65987 16.6039 -2.67196 -8.94779
0.5 0.65 17.9541 -2.12945 0.712756 17.0131 -1.95627 16.8032 -1.9838 -11.8577
0.5 0.7 18.2351 -1.14347 0.934 17.1252 -1.03861 16.9947 -1.05738 -13.5565
0.5 0.75 18.3491 -4.13708e-08 1.01785 17.1768 -3.42255e-08 17.0607 1.88784e-07 -14.141
0.5 0.8 18.2351 1.14347 0.934 17.1252 1.03861 16.9947 1.05738 -13.5565
0.5 0.85 17.9541 2.12945 0.712756 17.0131 1.95627 16.8032 1.9838 -11.8577
0.5 0.9 17.6344 2.84305 0.421115 16.9265 2.65987 16.6039 2.67196 -8.94779
0.5 0.95 17.3955 3.22463 0.150295 16.9453 3.08638 16.4235 3.05004 -4.69302
0.5 1 17.3171 3.33366 -0.0302143 17.0227 3.22763 16.3272 3.18237 0.0271765
0.55 0 17.2995 3.16039 -0.0468913 16.9875 3.05334 16.4018 3.03256 -0.0272475
0.55 0.05 17.9754 3.14333 -0.249332 17.5778 3.02135 15.2339 2.64491 5.86454
0.55 0.1 19.0782 2.88489 -0.563443 18.4499 2.7112 14.7997 2.22043 10.9098
0.55 0.15 20.3245 2.26303 -0.894394 19.5285 2.10099 14.4097 1.58295 14.119
0.55 0.2 21.3355 1.25408 -1.16159 20.4196 1.15521 14.2736 0.82251 16.004
0.55 0.25 21.7196 1.56993e-08 -1.2613 20.7611 1.103e-08 14.2451 1.69425e-07 16.6548
0.55 0.3 21.3355 -1.25408 -1.16159 20.4196 -1.15521 14.2736 -0.822511 16.004
0.55 0.35 20.3245 -2.26303 -0.894394 19.5285 -2.10099 14.4097 -1.58295 14.119
0.55 0.4 19.0782 -2.88489 -0.563443 18.4499 -2.7112 14.7997 -2.22043 10.9098
0.55 0.45 17.9754 -3.14333 -0.249332 17.5778 -3.02135 15.2339 -2.64491 5.86454
0.55 0.5 17.2995 -3.16039 -0.0468912 16.9875 -3.05334 16.2652 -3.0064 0.620378
0.55 0.55 16.7891 -2.94967 0.109209 16.2751 -2.80871 17.397 -3.07315 -3.32854
0.55 0.6 16.2672 -2.4694 0.304503 15.532 -2.308 17.9717 -2.73752 -6.41306
0.55 0.65 15.8631 -1.76585 0.496008 14.9386 -1.62182 18.3236 -2.03647 -8.60617
0.55 0.7 15.6266 -0.914691 0.633657 14.5762 -0.832591 18.5307 -1.08367 -9.92507
0.55 0.75 15.5507 -3.04845e-08 0.68182 14.4561 -2.7237e-08 18.6129 1.10538e-07 -10.3604
0.55 0.8 15.6266 0.914691 0.633657 14.5762 0.832591 18.5307 1.08367 -9.92507
0.55 0.85 15.8631 1.76585 0.496008 14.9386 1.62182 18.3236 2.03647 -8.60617
0.55 0.9 16.2672 2.4694 0.304503 15.532 2.308 17.9717 2.73752 -6.41306
0.55 0.95 16.7891 2.94967 0.109209 16.2751 2.80871 17.397 3.07315 -3.32854
0.55 1 17.2995 3.16039 -0.0468913 16.9875 3.05334 16.1287 2.98024 -0.0272475
0.6 0 17.2467 2.65532 -0.0665821 16.8957 2.55854 16.2611 2.52201 0.128619
0.6 0.05 18.5213 2.71447 -0.264091 18.1421 2.60964 14.1866 2.03868 6.27653
0.6 0.1 20.4434 2.54538 -0.549931 19.9318 2.41478 12.8753 1.56689 11.2531
0.6 0.15 22.5969 2.01683 -0.796979 22.0733 1.91794 11.3441 0.97046 14.1385
0.6 0.2 24.2913 1.1244 -0.963122 23.8138 1.07601 10.2014 0.437271 15.7971
0.6 0.25 24.9363 4.55224e-08 -1.02289 24.4944 4.33131e-08 9.75897 8.67513e-08 16.42
0.6 0.3 24.2913 -1.1244 -0.963122 23.8138 -1.07601 10.2014 -0.437271 15.7971
0.6 0.35 22.5969 -2.01683 -0.796979 22.0733 -1.91794 11.3441 -0.97046 14.1385
0.6 0.4 20.4434 -2.54538 -0.549931 19.9318 -2.41478 12.8753 -1.56689 11.2531
0.6 0.45 18.5213 -2.71447 -0.264091 18.1421 -2.60964 14.1866 -2.03868 6.27654
0.6 0.5 17.2467 -2.65532 -0.0665821 16.8957 -2.55854 16.1442 -2.50377 1.13419
0.6 0.55 16.185 -2.37965 0.0641996 15.6338 -2.25833 18.0972 -2.6784 -1.99703
0.6 0.6 15.1303 -1.90264 0.182341 14.4139 -1.78083 18.9562 -2.39977 -3.89433
0.6 0.65 14.293 -1.30781 0.281352 13.4665 -1.2089 19.3806 -1.7806 -5.17078
0.6 0.7 13.7819 -0.662666 0.343993 12.8898 -0.609043 19.5642 -0.945073 -5.91093
0.6 0.75 13.6116 -7.47317e-09 0.366436 12.6976 -7.38872e-09 19.6079 3.56367e-08 -6.15626
0.6 0.8 13.7819 0.662666 0.343993 12.8898 0.609043 19.5642 0.945073 -5.91093
0.6 0.85 14.293 1.30781 0.281352 13.4665 1.2089 19.3806 1.7806 -5.17078
0.6 0.9 15.1303 1.90264 0.182341 14.4139 1.78083 18.9562 2.39977 -3.89433
0.6 0.95 16.185 2.37965 0.0641996 15.6338 2.25833 18.0972 2.6784 -1.99703
0.6 1 17.2467 2.65532 -0.0665821 16.8957 2.55854 16.0273 2.48552 0.128619
0.65 0 17.1646 1.89638 -0.0722886 16.776 1.82087 15.9639 1.76362 0.265437
0.65 0.05 18.9846 1.98763 -0.232576 18.6165 1.91064 13.4001 1.35799 5.37371
0.65 0.1 21.5737 1.85303 -0.424198 21.1844 1.7822 11.0546 0.898152 9.23805
0.65 0.15 24.3901 1.41089 -0.516063 24.1256 1.38892 8.06715 0.402663 11.0648
0.65 0.2 26.4303 0.718669 -0.494444 26.3212 0.727113 5.49264 0.0978462 11.5454
0.65 0.25 27.1225 7.72719e-08 -0.44616 27.0801 7.18816e-08 4.37942 1.79851e-08 11.5146
0.65 0.3 26.4303 -0.718669 -0.494444 26.3212 -0.727113 5.49264 -0.0978462 11.5454
0.65 0.35 24.3901 -1.41089 -0.516063 24.1256 -1.38892 8.06715 -0.402663 11.0648
0.65 0.4 21.5737 -1.85303 -0.424198 21.1844 -1.7822 11.0546 -0.898152 9.23805
0.65 0.45 18.9846 -1.98763 -0.232576 18.6165 -1.91064 13.4001 -1.35799 5.37371
0.65 0.5 17.1646 -1.89638 -0.0722885 16.776 -1.82087 16.07 -1.77658 1.2375
0.65 0.55 15.6737 -1.63608 0.0235519 15.117 -1.55183 18.5049 -1.94282 -0.954594
0.65 0.6 14.3115 -1.26207 0.0815267 13.6425 -1.18488 19.6681 -1.75105 -1.86051
0.65 0.65 13.2808 -0.847215 0.116593 12.5622 -0.788782 20.2477 -1.30478 -2.30926
0.65 0.7 12.6583 -0.422535 0.134014 11.9214 -0.391817 20.517 -0.69368 -2.49562
0.65 0.75 12.4536 1.10173e-08 0.138703 11.713 9.92443e-09 20.6048 2.40105e-08 -2.53431
0.65 0.8 12.6583 0.422535 0.134014 11.9214 0.391817 20.517 0.69368 -2.49562
0.65 0.85 13.2808 0.847215 0.116593 12.5622 0.788782 20.2477 1.30478 -2.30926
0.65 0.9 14.3115 1.26207 0.0815267 13.6425 1.18488 19.6681 1.75105 -1.86051
0.65 0.95 15.6737 1.63608 0.0235519 15.117 1.55183 18.5049 1.94282 -0.954595
0.65 1 17.1646 1.89638 -0.0722886 16.776 1.82087 16.1761 1.78953 0.265437
0.7 0 17.0915 0.982007 -0.0584198 16.6792 0.940839 15.6814 0.888657 0.222789
0.7 0.05 19.3011 1.04316 -0.149161 18.9416 1.00175 12.9469 0.660606 3.06821
0.7 0.1 22.3344 0.957566 -0.241904 22.0272 0.934494 9.77132 0.36529 5.17647
0.7 0.15 25.5117 0.658744 -0.234809 25.3788 0.672484 5.64558 0.0793333 5.70722
0.7 0.2 27.5204 0.271392 -0.128952 27.5173 0.287734 1.99045 -0.0224622 4.67932
0.7 0.25 28.008 3.28785e-08 -0.0833418 28.0268 3.2875e-08 0.62222 -1.93942e-08 3.85461
0.7 0.3 27.5204 -0.271392 -0.128952 27.5173 -0.287733 1.99045 0.0224623 4.67932
0.7 0.35 25.5117 -0.658744 -0.234809 25.3788 -0.672484 5.64558 -0.0793333 5.70722
0.7 0.4 22.3344 -0.957565 -0.241904 22.0272 -0.934494 9.77132 -0.36529 5.17647
0.7 0.45 19.3011 -1.04316 -0.149161 18.9416 -1.00175 12.9469 -0.660606 3.06821
0.7 0.5 17.0915 -0.982007 -0.0584197 16.6792 -0.940839 16.0395 -0.911396 0.798623
0.7 0.55 15.3313 -0.823793 -0.00566712 14.7864 -0.781573 18.7052 -1.00577 -0.319293
0.7 0.6 13.8417 -0.624341 0.0147905 13.2124 -0.587118 20.1321 -0.916358 -0.596238
0.7 0.65 12.7481 -0.414178 0.0198163 12.09 -0.385492 20.886 -0.688088 -0.609918
0.7 0.7 12.1076 -0.204002 0.0173606 11.4421 -0.18922 21.2704 -0.364925 -0.519945
0.7 0.75 11.901 1.59601e-08 0.0155965 11.2322 1.4381e-08 21.3856 3.02011e-08 -0.470586
0.7 0.8 12.1076 0.204002 0.0173606 11.4421 0.18922 21.2704 0.364925 -0.519945
0.7 0.85 12.7481 0.414178 0.0198163 12.09 0.385492 20.886 0.688088 -0.609917
0.7 0.9 13.8417 0.624341 0.0147905 13.2124 0.587118 20.1321 0.916358 -0.596238
0.7 0.95 15.3313 0.823793 -0.00566713 14.7864 0.781573 18.7052 1.00577 -0.319293
0.7 1 17.0915 0.982007 -0.0584198 16.6792 0.940839 16.3976 0.934135 0.222789
0.75 0 17.0597 0.00087328 -0.0298022 16.6384 7.49829e-06 15.5598 -0.0181796 0.0271262
0.75 0.05 19.4192 0.000935363 -0.0339994 19.063 1.22148e-05 12.8043 -0.0228104 0.0271729
0.75 0.1 22.6005 0.000857723 -0.039627 22.3176 1.58356e-05 9.36702 -0.0286377 0.0271985
0.75 0.15 25.9044 0.000594435 -0.0453577 25.8035 5.40071e-05 4.83491 -0.0281602 0.027798
0.75 0.2 27.792 0.000253283 -0.0485151 27.7924 3.95406e-05 0.801081 -0.0165683 0.0289124
0.75 0.25 28.1604 -2.79107e-09 -0.0491182 28.1649 -3.03508e-09 -0.202682 3.62325e-08 0.0293468
0.75 0.3 27.792 -0.00025328 -0.0485151 27.7924 -3.95369e-05 0.801081 0.0165683 0.0289119
0.75 0.35 25.9044 -0.000594432 -0.0453577 25.8035 -5.40028e-05 4.83491 0.0281603 0.0277978
0.75 0.4 22.6005 -0.000857715 -0.039627 22.3176 -1.58332e-05 9.36702 0.0286377 0.0271986
0.75 0.45 19.4192 -0.000935374 -0.0339994 19.063 -1.22159e-05 12.8043 0.0228105 0.0271728
0.75 0.5 17.0597 -0.000873279 -0.0298022 16.6384 -7.49941e-06 16.042 0.0157017 0.027143
0.75 0.55 15.2134 -0.000728775 -0.0265336 14.6768 -9.62543e-06 18.7532 0.0110018 0.0271466
0.75 0.6 13.691 -0.00055528 -0.0238669 13.0742 -1.32011e-05 20.3041 0.00774729 0.0270624
0.75 0.65 12.591 -0.000380819 -0.0219516 11.9444 -1.88236e-05 21.1238 0.00478663 0.0269465
0.75 0.7 11.9584 -0.000193406 -0.0208588 11.2928 -1.39842e-05 21.5576 0.00221251 0.0268425
0.75 0.75 11.7599 2.03632e-09 -0.0205183 11.0844 4.71975e-11 21.7033 -1.28728e-08 0.0268429
0.75 0.8 11.9584 0.000193405 -0.0208588 11.2928 1.39812e-05 21.5576 -0.00221249 0.0268426
0.75 0.85 12.591 0.000380804 -0.0219516 11.9444 1.88144e-05 21.1238 -0.00478664 0.0269467
0.75 0.9 13.691 0.000555268 -0.0238669 13.0742 1.3197e-05 20.3041 -0.0077473 0.0270627
0.75 0.95 15.2134 0.000728786 -0.0265336 14.6768 9.62892e-06 18.7532 -0.0110017 0.0271464
0.75 1 17.0597 0.00087328 -0.0298022 16.6384 7.49829e-06 16.5241 -0.013224 0.0271262
0.8 0 17.0915 -0.980318 -0.00127906 16.6792 -0.940828 15.6806 -0.922555 -0.168465
0.8 0.05 19.3019 -1.04138 0.0816025 18.9416 -1.00174 12.9703 -0.703471 -3.014
0.8 0.1 22.336 -0.955908 0.163596 22.0272 -0.934483 9.81783 -0.418047 -5.12226
0.8 0.15 25.5137 -0.657503 0.14534 25.3788 -0.672499 5.70843 -0.128324 -5.65288
0.8 0.2 27.5219 -0.270815 0.0325093 27.5174 -0.287735 2.04948 -0.00627787 -4.62475
0.8 0.25 28.0089 -4.1608e-08 -0.0146954 28.0269 -4.05754e-08 0.666545 -2.53703e-08 -3.79983
0.8 0.3 27.5219 0.270814 0.0325093 27.5174 0.287735 2.04948 0.00627791 -4.62475
0.8 0.35 25.5137 0.657503 0.14534 25.3788 0.672499 5.70843 0.128324 -5.65288
0.8 0.4 22.336 0.955908 0.163596 22.0272 0.934483 9.81783 0.418047 -5.12226
0.8 0.45 19.3019 1.04138 0.0816025 18.9416 1.00174 12.9703 0.703471 -3.014
0.8 0.5 17.0915 0.980318 -0.00127909 16.6792 0.940828 16.0386 0.941171 -0.744332
0.8 0.55 15.3308 0.822347 -0.0478043 14.7864 0.781563 18.6939 1.02665 0.373598
0.8 0.6 13.841 0.623233 -0.0630133 13.2124 0.587109 20.1179 0.931382 0.650513
0.8 0.65 12.7474 0.413445 -0.0641952 12.09 0.385489 20.8708 0.697428 0.664169
0.8 0.7 12.1068 0.203639 -0.0594895 11.4421 0.189219 21.2549 0.369283 0.574232
0.8 0.75 11.9003 -1.51315e-08 -0.0570014 11.2322 -1.24213e-08 21.3701 1.23519e-09 0.524864
0.8 0.8 12.1068 -0.203639 -0.0594895 11.4421 -0.189219 21.2549 -0.369283 0.574232
0.8 0.85 12.7474 -0.413445 -0.0641952 12.09 -0.385489 20.8708 -0.697428 0.664169
0.8 0.9 13.841 -0.623233 -0.0630133 13.2124 -0.587109 20.1179 -0.931382 0.650513
0.8 0.95 15.3308 -0.822347 -0.0478043 14.7864 -0.781563 18.6939 -1.02665 0.373598
0.8 1 17.0915 -0.980318 -0.00127906 16.6792 -0.940828 16.3966 -0.959788 -0.168465
0.85 0 17.1646 -1.89489 0.0123662 16.776 -1.82087 15.9624 -1.79088 -0.211141
0.85 0.05 18.986 -1.98614 0.166203 18.6165 -1.91064 13.442 -1.39376 -5.31953
0.85 0.1 21.5767 -1.8516 0.348597 21.1844 -1.78221 11.1351 -0.940034 -9.18413
0.85 0.15 24.3943 -1.40965 0.430375 24.1256 -1.38895 8.1737 -0.439455 -11.0115
0.85 0.2 26.4346 -0.717823 0.401355 26.3213 -0.727141 5.60905 -0.118256 -11.4931
0.85 0.25 27.1265 -6.30611e-08 0.350492 27.0802 -6.41694e-08 4.49347 1.78445e-09 -11.463
0.85 0.3 26.4346 0.717823 0.401355 26.3213 0.727141 5.60905 0.118256 -11.4931
0.85 0.35 24.3943 1.40965 0.430375 24.1256 1.38895 8.1737 0.439455 -11.0115
0.85 0.4 21.5767 1.8516 0.348597 21.1844 1.78221 11.1351 0.940034 -9.18413
0.85 0.45 18.986 1.98614 0.166203 18.6165 1.91064 13.442 1.39376 -5.31953
0.85 0.5 17.1646 1.89489 0.0123662 16.776 1.82087 16.0685 1.80154 -1.18321
0.85 0.55 15.6728 1.63469 -0.0781968 15.117 1.55182 18.482 1.96069 1.00896
0.85 0.6 14.31 1.26095 -0.13133 13.6425 1.18488 19.6368 1.76427 1.91497
0.85 0.65 13.2789 0.846433 -0.162717 12.5622 0.788783 20.2126 1.31316 2.36385
0.85 0.7 12.6563 0.422136 -0.177912 11.9214 0.391819 20.4805 0.697617 2.55031
0.85 0.75 12.4516 -1.62402e-08 -0.181865 11.7129 -1.35198e-08 20.5681 -3.87293e-08 2.58909
0.85 0.8 12.6563 -0.422136 -0.177912 11.9214 -0.391819 20.4805 -0.697617 2.55031
0.85 0.85 13.2789 -0.846433 -0.162717 12.5622 -0.788783 20.2126 -1.31316 2.36385
0.85 0.9 14.31 -1.26095 -0.13133 13.6425 -1.18488 19.6368 -1.76427 1.91497
0.85 0.95 15.6728 -1.63469 -0.0781968 15.117 -1.55182 18.482 -1.96069 1.00895
0.85 1 17.1646 -1.89489 0.0123662 16.776 -1.82087 16.1745 -1.81221 -0.211141
0.9 0 17.2467 -2.65419 0.00640557 16.8957 -2.55854 16.2591 -2.53976 -0.0742733
0.9 0.05 18.523 -2.71344 0.199424 18.1421 -2.60964 14.2386 -2.06406 -6.22217
0.9 0.1 20.4474 -2.54445 0.478431 19.9318 -2.41478 12.9724 -1.59594 -11.1989
0.9 0.15 22.6031 -2.01603 0.717707 22.0733 -1.91793 11.4729 -0.995392 -14.0844
0.9 0.2 24.2991 -1.1239 0.877617 23.8137 -1.076 10.349 -0.45137 -15.7428
0.9 0.25 24.9446 -7.41319e-08 0.935005 24.4943 -6.19754e-08 9.91329 -1.32717e-07 -16.3657
0.9 0.3 24.2991 1.1239 0.877617 23.8137 1.076 10.349 0.45137 -15.7428
0.9 0.35 22.6031 2.01603 0.717707 22.0733 1.91793 11.4729 0.995392 -14.0844
0.9 0.4 20.4474 2.54445 0.478431 19.9318 2.41478 12.9724 1.59594 -11.1989
0.9 0.45 18.523 2.71344 0.199424 18.1421 2.60964 14.2386 2.06406 -6.22217
0.9 0.5 17.2467 2.65419 0.00640554 16.8957 2.55854 16.1422 2.52161 -1.0798
0.9 0.55 16.1837 2.37846 -0.120615 15.6338 2.25833 18.0629 2.69156 2.05152
0.9 0.6 15.1278 1.90155 -0.234947 14.4139 1.78082 18.9046 2.40947 3.94888
0.9 0.65 14.2896 1.30699 -0.330893 13.4665 1.2089 19.3187 1.78655 5.22535
0.9 0.7 13.7781 0.66223 -0.39164 12.8898 0.609042 19.4967 0.947817 5.9655
0.9 0.75 13.6076 8.78156e-09 -0.413451 12.6976 9.49633e-09 19.5388 -5.19158e-08 6.21077
0.9 0.8 13.7781 -0.66223 -0.39164 12.8898 -0.609042 19.4967 -0.947817 5.9655
0.9 0.85 14.2896 -1.30699 -0.330893 13.4665 -1.2089 19.3187 -1.78655 5.22535
0.9 0.9 15.1278 -1.90155 -0.234947 14.4139 -1.78082 18.9046 -2.40947 3.94888
0.9 0.95 16.1837 -2.37846 -0.120615 15.6338 -2.25833 18.0629 -2.69156 2.05152
0.9 1 17.2467 -2.65419 0.00640557 16.8957 -2.55854 16.0253 -2.50346 -0.0742733
0.95 0 17.2995 -3.15977 -0.0134607 16.9875 -3.05333 16.4004 -3.04005 0.0816706
0.95 0.05 17.9771 -3.14287 0.186639 17.5778 -3.02135 15.2886 -2.65784 -5.81001
0.95 0.1 19.0826 -2.88461 0.496906 18.4499 -2.71119 14.898 -2.23645 -10.8551
0.95 0.15 20.3316 -2.26294 0.823457 19.5285 -2.10098 14.5389 -1.59721 -14.0642
0.95 0.2 21.3449 -1.25408 1.08709 20.4196 -1.15519 14.4214 -0.830717 -15.9488
0.95 0.25 21.7298 -1.31098e-08 1.18544 20.7611 -9.85187e-09 14.3995 -3.36761e-07 -16.5993
0.95 0.3 21.3449 1.25408 1.08709 20.4196 1.15519 14.4214 0.830718 -15.9488
0.95 0.35 20.3316 2.26294 0.823457 19.5285 2.10098 14.5389 1.59721 -14.0642
0.95 0.4 19.0826 2.88461 0.496906 18.4499 2.71119 14.898 2.23645 -10.8551
0.95 0.45 17.9771 3.14287 0.186639 17.5778 3.02135 15.2886 2.65783 -5.81001
0.95 0.5 17.2995 3.15977 -0.0134607 16.9875 3.05333 16.2638 3.01565 -0.565894
0.95 0.55 16.7876 2.9489 -0.167736 16.2751 2.8087 17.3528 3.08005 3.3831
0.95 0.6 16.2638 2.46853 -0.361063 15.532 2.308 17.9 2.74138 6.46771
0.95 0.65 15.858 1.76509 -0.550966 14.9386 1.62182 18.2336 2.0379 8.66086
0.95 0.7 15.6203 0.914251 -0.687635 14.5762 0.83259 18.4305 1.08394 9.97981
0.95 0.75 15.544 3.88809e-08 -0.735475 14.4561 3.49719e-08 18.5095 -2.64168e-07 10.4152
0.95 0.8 15.6203 -0.914251 -0.687635 14.5762 -0.83259 18.4305 -1.08394 9.97981
0.95 0.85 15.858 -1.76509 -0.550966 14.9386 -1.62182 18.2336 -2.0379 8.66086
0.95 0.9 16.2638 -2.46853 -0.361063 15.532 -2.308 17.9 -2.74138 6.46771
0.95 0.95 16.7876 -2.9489 -0.167736 16.2751 -2.8087 17.3528 -3.08005 3.3831
0.95 1 17.2995 -3.15977 -0.0134607 16.9875 -3.05333 16.1273 -2.99127 0.0816706
1 0 17.3171 -3.33366 -0.0302143 17.0227 -3.22763 16.2854 -3.17434 -2.36755
1 0.05 17.3955 -3.22463 0.150295 16.9453 -3.08638 16.4785 -3.06031 -4.81677
1 0.1 17.6344 -2.84305 0.421115 16.9265 -2.65987 16.5034 -2.65568 -9.26153
1 0.15 17.9541 -2.12945 0.712756 17.0131 -1.95627 16.4671 -1.94392 -12.3803
1 0.2 18.2351 -1.14347 0.934 17.1252 -1.03861 16.4817 -1.02531 -14.176
1 0.25 18.3491 3.32998e-08 1.01785 17.1768 3.21484e-08 16.4894 -4.47166e-07 -14.8021
1 0.3 18.2351 1.14347 0.934 17.1252 1.03861 16.4817 1.02531 -14.176
1 0.35 17.9541 2.12945 0.712756 17.0131 1.95627 16.4671 1.94392 -12.3803
1 0.4 17.6344 2.84304 0.421115 16.9265 2.65987 16.5034 2.65568 -9.26153
1 0.45 17.3955 3.22463 0.150295 16.9453 3.08638 16.4785 3.06031 -4.81677
1 0.5 17.3171 3.33366 -0.0302143 17.0227 3.22763 16.326 3.18344 0.027226
1 0.55 17.3938 3.22446 -0.210943 16.9453 3.08639 16.316 3.0381 4.87139
1 0.6 17.6303 2.84266 -0.482482 16.9265 2.65988 16.617 2.68367 9.31626
1 0.65 17.9475 2.12898 -0.775086 17.0131 1.95628 17.0272 2.01834 12.4353
1 0.7 18.2266 1.14314 -0.997168 17.1252 1.03862 17.3816 1.08608 14.2311
1 0.75 18.3399 3.41695e-08 -1.08135 17.1767 2.76004e-08 17.5011 -4.87856e-07 14.857
1 0.8 18.2266 -1.14314 -0.997168 17.1252 -1.03862 17.3816 -1.08608 14.2311
1 0.85 17.9475 -2.12898 -0.775086 17.0131 -1.95628 17.0272 -2.01834 12.4353
1 0.9 17.6303 -2.84266 -0.482482 16.9265 -2.65988 16.617 -2.68367 9.31626
1 0.95 17.3938 -3.22446 -0.210943 16.9453 -3.08639 16.316 -3.0381 4.87139
1 1 17.3171 -3.33366 -0.0302143 17.0227 -3.22763 16.3665 -3.19254 2.47653
