0 0 23.7163 -0.611093 -0.20557 76.0417 -1.46846 0.243409
0 0.05 24.085 -0.421679 0.294578 76.2905 -1.02562 -0.178773
0 0.1 24.698 -0.248116 0.898761 76.6122 -0.562029 -1.11062
0 0.15 25.2319 -0.174329 1.33596 76.8742 -0.392326 -1.83776
0 0.2 25.5879 -0.0789278 1.64286 77.0333 -0.171238 -2.30955
0 0.25 25.7128 -1.21631e-09 1.73854 77.0929 1.1127e-07 -2.47378
0 0.3 25.5879 0.0789278 1.64286 77.0333 0.171237 -2.30955
0 0.35 25.2319 0.174329 1.33596 76.8742 0.392326 -1.83776
0 0.4 24.698 0.248116 0.898761 76.6122 0.562028 -1.11062
0 0.45 24.085 0.421679 0.294578 76.2905 1.02562 -0.178773
0 0.5 23.7163 0.611093 -0.20557 76.0417 1.46846 0.682719
0 0.55 23.6978 0.412591 -0.694538 75.7997 1.02505 1.53049
0 0.6 23.8633 0.23177 -1.25655 75.6265 0.556332 2.43387
0 0.65 24.0352 0.162454 -1.63859 75.5093 0.396818 3.12709
0 0.7 24.155 0.071331 -1.8981 75.4354 0.172765 3.56732
0 0.75 24.1867 1.73523e-08 -1.97451 75.4056 1.48152e-07 3.71916
0 0.8 24.155 -0.071331 -1.8981 75.4354 -0.172765 3.56732
0 0.85 24.0352 -0.162454 -1.63859 75.5093 -0.396818 3.12709
0 0.9 23.8634 -0.23177 -1.25655 75.6265 -0.556332 2.43387
0 0.95 23.6978 -0.412591 -0.694538 75.7997 -1.02505 1.53049
0 1 23.7163 -0.611093 -0.20557 76.0417 -1.46846 1.09804
0.05 0 23.7147 -0.435625 -0.207159 75.9929 -0.972619 0.665591
0.05 0.05 20.1087 -0.236205 0.252751 72.8849 -0.605087 -13.9139
0.05 0.1 16.9183 -0.0852152 0.584391 69.6347 -0.236354 -27.1032
0.05 0.15 14.6672 -0.0444372 0.733188 67.0002 -0.150268 -37.526
0.05 0.2 13.3166 -0.0121985 0.801528 65.243 -0.046467 -44.195
0.05 0.25 12.8616 -5.11439e-09 0.812416 64.6172 3.67603e-08 -46.4893
0.05 0.3 13.3166 0.0121985 0.801528 65.243 0.046467 -44.195
0.05 0.35 14.6672 0.0444371 0.733188 67.0002 0.150268 -37.526
0.05 0.4 16.9183 0.0852152 0.584391 69.6347 0.236354 -27.1032
0.05 0.45 20.1087 0.236205 0.252751 72.8849 0.605087 -13.9139
0.05 0.5 23.7147 0.435625 -0.207159 75.9929 0.972619 0.695211
0.05 0.55 28.0413 0.394161 -0.827367 79.0105 0.747774 15.3636
0.05 0.6 33.1232 0.32063 -1.66977 82.0157 0.482069 28.7102
0.05 0.65 37.6164 0.257878 -2.47041 84.352 0.345415 39.3358
0.05 0.7 40.7386 0.138735 -3.08754 85.8165 0.165757 46.1763
0.05 0.75 41.8747 2.55123e-08 -3.31084 86.3249 6.91032e-08 48.5374
0.05 0.8 40.7386 -0.138735 -3.08754 85.8165 -0.165757 46.1763
0.05 0.85 37.6164 -0.257878 -2.47041 84.352 -0.345415 39.3358
0.05 0.9 33.1232 -0.32063 -1.66977 82.0157 -0.482069 28.7102
0.05 0.95 28.0413 -0.394161 -0.827367 79.0105 -0.747774 15.3636
0.05 1 23.7147 -0.435625 -0.207159 75.9929 -0.972619 0.665591
0.1 0 23.7145 -0.256237 -0.201993 75.8889 -0.458553 0.655819
0.1 0.05 16.736 -0.106928 0.185231 69.5404 -0.281191 -26.2563
0.1 0.1 11.5304 -0.0305317 0.326436 63.2075 -0.150649 -50.4986
0.1 0.15 8.29203 -0.0179017 0.33725 58.0257 -0.156245 -69.6638
0.1 0.2 6.5788 -0.00523831 0.318501 54.616 -0.0796855 -81.9327
0.1 0.25 6.05097 -3.8017e-09 0.305185 53.4336 2.29159e-08 -86.1539
0.1 0.3 6.5788 0.00523831 0.318501 54.616 0.0796855 -81.9327
0.1 0.35 8.29203 0.0179017 0.33725 58.0257 0.156245 -69.6638
0.1 0.4 11.5304 0.0305317 0.326436 63.2075 0.150649 -50.4986
0.1 0.45 16.736 0.106928 0.185232 69.5404 0.281191 -26.2563
0.1 0.5 23.7145 0.256237 -0.201993 75.8889 0.458552 0.70546
0.1 0.55 32.6758 0.303213 -0.898384 82.018 0.331519 27.7665
0.1 0.6 43.3916 0.30825 -1.92041 87.7383 0.18482 52.2817
0.1 0.65 53.7011 0.28491 -3.08291 92.2363 0.116992 71.8002
0.1 0.7 61.2265 0.15933 -4.0367 95.0905 0.037853 84.3604
0.1 0.75 63.9655 1.96545e-08 -4.39473 96.06 1.42601e-07 88.6932
0.1 0.8 61.2265 -0.15933 -4.0367 95.0905 -0.0378533 84.3604
0.1 0.85 53.7012 -0.28491 -3.08291 92.2363 -0.116992 71.8002
0.1 0.9 43.3916 -0.30825 -1.92041 87.7383 -0.18482 52.2817
0.1 0.95 32.6758 -0.303213 -0.898384 82.018 -0.331518 27.7665
0.1 1 23.7145 -0.256237 -0.201993 75.8889 -0.458553 0.655819
0.15 0 23.7093 -0.078571 -0.192195 75.7677 0.0204675 0.640428
0.15 0.05 14.2423 -0.040772 0.0908633 66.6968 -0.113517 -35.9743
0.15 0.1 8.22979 -0.0285849 0.149443 58.0645 -0.254172 -68.947
0.15 0.15 4.94736 -0.0228636 0.130561 51.0128 -0.325661 -95.0387
0.15 0.2 3.42608 -0.0111214 0.10845 46.4353 -0.214764 -111.757
0.15 0.25 2.98956 -7.99538e-10 0.100138 44.8371 6.43814e-08 -117.511
0.15 0.3 3.42608 0.0111214 0.10845 46.4353 0.214764 -111.757
0.15 0.35 4.94736 0.0228636 0.130561 51.0128 0.325661 -95.0387
0.15 0.4 8.22979 0.0285849 0.149443 58.0645 0.254172 -68.947
0.15 0.45 14.2423 0.040772 0.0908633 66.6968 0.113517 -35.9743
0.15 0.5 23.7093 0.078571 -0.192195 75.7677 -0.0204676 0.695341
0.15 0.55 36.8928 0.106949 -0.8297 84.4998 -0.192253 37.4749
0.15 0.6 53.0159 0.13877 -1.84331 92.3109 -0.277623 70.7373
0.15 0.65 69.1546 0.1443 -3.03724 98.4371 -0.260968 97.1865
0.15 0.7 81.2464 0.10766 -4.05228 102.318 -0.143712 114.19
0.15 0.75 85.7976 -4.81227e-09 -4.47007 103.66 6.77393e-08 120.051
0.15 0.8 81.2464 -0.10766 -4.05228 102.318 0.143712 114.19
0.15 0.85 69.1547 -0.1443 -3.03724 98.4371 0.260968 97.1865
0.15 0.9 53.0159 -0.13877 -1.84331 92.3109 0.277623 70.7373
0.15 0.95 36.8928 -0.106949 -0.8297 84.4998 0.192253 37.4749
0.15 1 23.7093 -0.078571 -0.192195 75.7677 0.0204675 0.640428
0.2 0 23.7013 0.0821803 -0.180588 75.6737 0.448792 0.625305
0.2 0.05 12.7656 -0.000941811 -0.00214211 64.8302 0.000934097 -42.1207
0.2 0.1 6.51782 -0.0338897 0.0334918 54.7822 -0.380479 -80.6461
0.2 0.15 3.46025 -0.0304695 0.0289008 46.7508 -0.524922 -111.169
0.2 0.2 2.1677 -0.0161832 0.020732 41.6034 -0.375262 -130.745
0.2 0.25 1.82364 -1.5897e-10 0.0170216 39.86 -5.08259e-08 -137.483
0.2 0.3 2.1677 0.0161832 0.020732 41.6034 0.375262 -130.745
0.2 0.35 3.46025 0.0304695 0.0289008 46.7508 0.524922 -111.169
0.2 0.4 6.51782 0.0338897 0.0334918 54.7822 0.380479 -80.6461
0.2 0.45 12.7656 0.000941788 -0.00214208 64.8302 -0.000934055 -42.1207
0.2 0.5 23.7013 -0.0821802 -0.180588 75.6737 -0.448792 0.667652
0.2 0.55 39.9174 -0.198609 -0.630724 86.1633 -0.792863 43.5407
0.2 0.6 60.0302 -0.257602 -1.36086 95.3475 -0.89284 82.2727
0.2 0.65 80.1833 -0.177619 -2.18983 102.436 -0.693565 113.031
0.2 0.7 94.8504 -0.115014 -2.70173 106.785 -0.413862 132.755
0.2 0.75 99.9225 -3.64142e-08 -2.78923 108.17 1.60167e-07 139.525
0.2 0.8 94.8504 0.115014 -2.70173 106.785 0.413862 132.755
0.2 0.85 80.1833 0.177619 -2.18983 102.436 0.693565 113.031
0.2 0.9 60.0302 0.257602 -1.36086 95.3475 0.89284 82.2727
0.2 0.95 39.9174 0.198609 -0.630724 86.1633 0.792863 43.5407
0.2 1 23.7013 0.0821803 -0.180588 75.6737 0.448792 0.625305
0.25 0 23.6993 0.222779 -0.175999 75.6315 0.798804 0.624036
0.25 0.05 12.2679 0.0290612 -0.0974008 64.1587 0.113525 -44.089
0.25 0.1 6.01295 -0.0307779 -0.0538415 53.7251 -0.390741 -84.428
0.25 0.15 3.07343 -0.0293056 -0.0303592 45.5028 -0.56114 -116.443
0.25 0.2 1.88473 -0.0134584 -0.0188497 40.3561 -0.370719 -137.007
0.25 0.25 1.58249 2.57744e-10 -0.0160676 38.6745 -3.22071e-08 -144.091
0.25 0.3 1.88473 0.0134583 -0.0188497 40.3561 0.37072 -137.007
0.25 0.35 3.07343 0.0293055 -0.0303592 45.5028 0.56114 -116.443
0.25 0.4 6.01295 0.0307778 -0.0538415 53.7251 0.390741 -84.428
0.25 0.45 12.2679 -0.0290612 -0.0974007 64.1587 -0.113526 -44.089
0.25 0.5 23.6992 -0.222778 -0.175999 75.6315 -0.798804 0.635666
0.25 0.55 41.1452 -0.530634 -0.33113 86.8379 -1.34216 45.3836
0.25 0.6 62.9562 -0.816579 -0.586265 96.6289 -1.56376 85.7771
0.25 0.65 84.5635 -0.792875 -0.903489 104.101 -1.28734 117.851
0.25 0.7 99.6822 -0.435877 -1.09279 108.575 -0.689186 138.44
0.25 0.75 104.184 1.38098e-09 -1.11276 109.862 -3.50979e-08 145.52
0.25 0.8 99.6822 0.435877 -1.09279 108.575 0.689186 138.44
0.25 0.85 84.5635 0.792875 -0.903489 104.101 1.28734 117.851
0.25 0.9 62.9562 0.816579 -0.586265 96.6289 1.56376 85.7771
0.25 0.95 41.1452 0.530634 -0.33113 86.8379 1.34216 45.3836
0.25 1 23.6993 0.222779 -0.175999 75.6315 0.798804 0.624036
0.3 0 23.713 0.33398 -0.178384 75.6659 1.05293 0.633795
0.3 0.05 12.7361 0.0718525 -0.199544 64.783 0.298941 -41.6755
0.3 0.1 6.55248 -0.0201596 -0.149132 54.9243 -0.274751 -79.881
0.3 0.15 3.53083 -0.0255938 -0.0971661 47.1624 -0.454619 -110.253
0.3 0.2 2.24791 -0.0128275 -0.0669339 42.2428 -0.315065 -129.776
0.3 0.25 1.90187 -3.16713e-10 -0.0565142 40.57 5.03742e-08 -136.515
0.3 0.3 2.24791 0.0128275 -0.0669338 42.2428 0.315065 -129.776
0.3 0.35 3.53083 0.0255938 -0.0971661 47.1624 0.454619 -110.253
0.3 0.4 6.55248 0.0201596 -0.149132 54.9243 0.274751 -79.881
0.3 0.45 12.7361 -0.0718525 -0.199544 64.783 -0.298941 -41.6755
0.3 0.5 23.713 -0.33398 -0.178384 75.6659 -1.05293 0.610852
0.3 0.55 40.2965 -0.782675 -0.0139784 86.4411 -1.72438 42.8513
0.3 0.6 61.1364 -1.2263 0.254113 96.0399 -2.00194 80.9448
0.3 0.65 82.0075 -1.38953 0.497015 103.492 -1.82284 111.186
0.3 0.7 97.0384 -0.915627 0.481899 108.067 -1.05327 130.634
0.3 0.75 101.953 6.5518e-08 0.372561 109.477 -3.22269e-08 137.363
0.3 0.8 97.0384 0.915627 0.481899 108.067 1.05327 130.634
0.3 0.85 82.0075 1.38953 0.497015 103.492 1.82284 111.186
0.3 0.9 61.1364 1.2263 0.254113 96.0399 2.00194 80.9448
0.3 0.95 40.2965 0.782675 -0.0139784 86.4411 1.72438 42.8513
0.3 1 23.713 0.33398 -0.178384 75.6659 1.05293 0.633795
0.35 0 23.7291 0.430135 -0.184322 75.7552 1.25931 0.651886
0.35 0.05 14.1678 0.131737 -0.31651 66.5749 0.52742 -35.1031
0.35 0.1 8.2579 0.00374189 -0.288404 58.1956 -0.0490882 -67.4113
0.35 0.15 5.06983 -0.0213922 -0.22283 51.5783 -0.282062 -93.1243
0.35 0.2 3.59019 -0.0143455 -0.178084 47.378 -0.228455 -109.668
0.35 0.25 3.16554 4.99632e-11 -0.163281 45.9364 4.45876e-09 -115.376
0.35 0.3 3.59019 0.0143455 -0.178084 47.378 0.228455 -109.668
0.35 0.35 5.06983 0.0213922 -0.22283 51.5783 0.282062 -93.1243
0.35 0.4 8.25789 -0.0037419 -0.288404 58.1956 0.0490882 -67.4113
0.35 0.45 14.1678 -0.131737 -0.31651 66.5749 -0.52742 -35.1031
0.35 0.5 23.7291 -0.430135 -0.184322 75.7551 -1.25931 0.605546
0.35 0.55 37.5207 -0.850084 0.22721 84.9966 -1.80857 36.2215
0.35 0.6 54.7988 -1.25566 0.917311 93.5244 -2.02409 68.2951
0.35 0.65 72.3964 -1.34923 1.71267 100.379 -1.76949 93.726
0.35 0.7 85.644 -0.880053 2.34225 104.772 -1.01986 110.055
0.35 0.75 90.5717 1.93018e-08 2.56986 106.274 -1.1763e-07 115.688
0.35 0.8 85.644 0.880053 2.34225 104.772 1.01986 110.055
0.35 0.85 72.3964 1.34923 1.71267 100.379 1.76949 93.726
0.35 0.9 54.7988 1.25566 0.917311 93.5244 2.02409 68.2951
0.35 0.95 37.5208 0.850084 0.22721 84.9966 1.80857 36.2215
0.35 1 23.7291 0.430135 -0.184322 75.7552 1.25931 0.651886
0.4 0 23.7421 0.506802 -0.191932 75.8796 1.38524 0.669616
0.4 0.05 16.5786 0.214223 -0.453771 69.2965 0.761791 -25.0117
0.4 0.1 11.4555 0.0476564 -0.508327 63.1111 0.210329 -48.2127
0.4 0.15 8.34593 0.00415493 -0.472601 58.283 -0.00603696 -66.6921
0.4 0.2 6.72649 -0.00790995 -0.431608 55.229 -0.0763853 -78.5914
0.4 0.25 6.22681 -6.64342e-10 -0.412109 54.1831 -7.56315e-08 -82.6979
0.4 0.3 6.72649 0.00790994 -0.431608 55.229 0.0763855 -78.5914
0.4 0.35 8.34593 -0.00415494 -0.472601 58.283 0.00603674 -66.6921
0.4 0.4 11.4555 -0.0476564 -0.508327 63.1111 -0.210329 -48.2127
0.4 0.45 16.5786 -0.214223 -0.453771 69.2965 -0.761792 -25.0117
0.4 0.5 23.7421 -0.506802 -0.191932 75.8796 -1.38524 0.619751
0.4 0.55 33.3523 -0.754617 0.357158 82.6222 -1.63323 26.1515
0.4 0.6 45.2413 -0.947387 1.2157 89.1852 -1.64234 49.0899
0.4 0.65 57.0955 -0.939221 2.23007 94.5604 -1.36785 67.239
0.4 0.7 65.9843 -0.59355 3.08845 98.0765 -0.775767 78.8665
0.4 0.75 69.3072 -5.21395e-10 3.42644 99.3081 -1.42372e-07 82.8684
0.4 0.8 65.9843 0.59355 3.08845 98.0765 0.775767 78.8665
0.4 0.85 57.0955 0.939222 2.23007 94.5604 1.36785 67.239
0.4 0.9 45.2413 0.947387 1.2157 89.1852 1.64234 49.0899
0.4 0.95 33.3523 0.754617 0.357158 82.6222 1.63323 26.1515
0.4 1 23.7421 0.506802 -0.191932 75.8796 1.38524 0.669616
0.45 0 23.7349 0.555879 -0.20185 75.9872 1.43664 0.685043
0.45 0.05 19.8512 0.314963 -0.585756 72.5147 0.951939 -12.3957
0.45 0.1 16.5639 0.128742 -0.835784 69.1194 0.451759 -24.1655
0.45 0.15 14.3455 0.0634192 -0.932706 66.5358 0.250288 -33.5513
0.45 0.2 13.0497 0.0198176 -0.972144 64.8849 0.0849037 -39.6013
0.45 0.25 12.625 -4.77017e-10 -0.975893 64.3188 -2.23515e-09 -41.689
0.45 0.3 13.0497 -0.0198176 -0.972144 64.8849 -0.0849037 -39.6013
0.45 0.35 14.3455 -0.0634191 -0.932706 66.5358 -0.250288 -33.5513
0.45 0.4 16.5638 -0.128742 -0.835784 69.1194 -0.451759 -24.1655
0.45 0.45 19.8512 -0.314963 -0.585756 72.5147 -0.951939 -12.3957
0.45 0.5 23.7349 -0.555879 -0.20185 75.9872 -1.43664 0.649482
0.45 0.55 28.6049 -0.580271 0.362653 79.6014 -1.32443 13.6235
0.45 0.6 34.5418 -0.554884 1.15932 83.3591 -1.08533 25.2107
0.45 0.65 40.0498 -0.482024 1.97203 86.4398 -0.845888 34.3632
0.45 0.7 44.0198 -0.27296 2.62592 88.4534 -0.442452 40.2164
0.45 0.75 45.4674 -1.54709e-08 2.86354 89.151 -9.2683e-09 42.2291
0.45 0.8 44.0198 0.27296 2.62592 88.4534 0.442452 40.2164
0.45 0.85 40.0498 0.482024 1.97203 86.4398 0.845888 34.3632
0.45 0.9 34.5418 0.554885 1.15932 83.3591 1.08533 25.2107
0.45 0.95 28.6049 0.580271 0.362653 79.6014 1.32443 13.6235
0.45 1 23.7349 0.555879 -0.20185 75.9872 1.43664 0.685043
0.5 0 23.7163 0.611093 -0.20557 76.0417 1.46846 0.68245
0.5 0.05 23.6978 0.412591 -0.694538 75.7997 1.02505 1.50721
0.5 0.1 23.8634 0.23177 -1.25655 75.6265 0.556333 2.35311
0.5 0.15 24.0352 0.162454 -1.63859 75.5093 0.396818 3.00966
0.5 0.2 24.155 0.071331 -1.8981 75.4354 0.172765 3.42743
0.5 0.25 24.1867 1.5567e-09 -1.97451 75.4056 -4.13766e-08 3.5717
0.5 0.3 24.155 -0.0713309 -1.8981 75.4354 -0.172765 3.42743
0.5 0.35 24.0352 -0.162454 -1.63859 75.5093 -0.396818 3.00966
0.5 0.4 23.8633 -0.23177 -1.25655 75.6265 -0.556332 2.35311
0.5 0.45 23.6978 -0.412591 -0.694538 75.7997 -1.02505 1.50721
0.5 0.5 23.7162 -0.611093 -0.20557 76.0417 -1.46846 0.677533
0.5 0.55 24.085 -0.421679 0.294578 76.2905 -1.02562 -0.161981
0.5 0.6 24.698 -0.248116 0.898761 76.6122 -0.562028 -1.02844
0.5 0.65 25.2319 -0.174329 1.33596 76.8741 -0.392326 -1.70958
0.5 0.7 25.5879 -0.0789277 1.64286 77.0333 -0.171237 -2.14944
0.5 0.75 25.7128 -9.21002e-09 1.73853 77.0928 -2.7304e-08 -2.30195
0.5 0.8 25.5879 0.0789277 1.64286 77.0333 0.171237 -2.14944
0.5 0.85 25.2319 0.174329 1.33596 76.8742 0.392326 -1.70958
0.5 0.9 24.698 0.248116 0.898761 76.6122 0.562028 -1.02844
0.5 0.95 24.085 0.421679 0.294579 76.2905 1.02562 -0.161981
0.5 1 23.7163 0.611093 -0.20557 76.0417 1.46846 0.68245
0.55 0 23.7147 0.435625 -0.207159 75.9929 0.972619 0.665591
0.55 0.05 28.0413 0.394161 -0.827367 79.0105 0.747774 15.3636
0.55 0.1 33.1232 0.32063 -1.66977 82.0157 0.482069 28.7102
0.55 0.15 37.6164 0.257878 -2.47041 84.352 0.345415 39.3358
0.55 0.2 40.7386 0.138735 -3.08754 85.8165 0.165757 46.1763
0.55 0.25 41.8747 5.00608e-09 -3.31084 86.3249 1.82555e-07 48.5374
0.55 0.3 40.7386 -0.138735 -3.08754 85.8165 -0.165757 46.1763
0.55 0.35 37.6164 -0.257878 -2.47041 84.352 -0.345415 39.3358
0.55 0.4 33.1232 -0.32063 -1.66977 82.0157 -0.482069 28.7102
0.55 0.45 28.0413 -0.394161 -0.827367 79.0105 -0.747774 15.3636
0.55 0.5 23.7147 -0.435625 -0.207159 75.9929 -0.972619 0.695211
0.55 0.55 20.1087 -0.236205 0.252751 72.8849 -0.605087 -13.9139
0.55 0.6 16.9183 -0.0852152 0.584391 69.6347 -0.236354 -27.1032
0.55 0.65 14.6672 -0.0444371 0.733188 67.0002 -0.150268 -37.526
0.55 0.7 13.3166 -0.0121985 0.801528 65.243 -0.0464671 -44.195
0.55 0.75 12.8616 -8.23276e-09 0.812416 64.6171 1.11962e-07 -46.4893
0.55 0.8 13.3166 0.0121985 0.801528 65.243 0.0464669 -44.195
0.55 0.85 14.6672 0.0444371 0.733188 67.0002 0.150268 -37.526
0.55 0.9 16.9183 0.0852152 0.584391 69.6347 0.236354 -27.1032
0.55 0.95 20.1087 0.236205 0.252751 72.8849 0.605087 -13.9139
0.55 1 23.7147 0.435625 -0.207159 75.9929 0.972619 0.665591
0.6 0 23.7145 0.256237 -0.201993 75.8888 0.458552 0.655819
0.6 0.05 32.6758 0.303213 -0.898384 82.018 0.331519 27.7665
0.6 0.1 43.3916 0.30825 -1.92041 87.7383 0.18482 52.2817
0.6 0.15 53.7011 0.28491 -3.08291 92.2363 0.116992 71.8002
0.6 0.2 61.2265 0.15933 -4.0367 95.0905 0.037853 84.3604
0.6 0.25 63.9655 1.22908e-08 -4.39473 96.06 1.69865e-07 88.6932
0.6 0.3 61.2265 -0.15933 -4.0367 95.0905 -0.0378533 84.3604
0.6 0.35 53.7011 -0.28491 -3.08291 92.2363 -0.116992 71.8002
0.6 0.4 43.3916 -0.30825 -1.92041 87.7383 -0.18482 52.2817
0.6 0.45 32.6758 -0.303213 -0.898384 82.018 -0.331518 27.7665
0.6 0.5 23.7145 -0.256237 -0.201993 75.8888 -0.458552 0.70546
0.6 0.55 16.736 -0.106928 0.185231 69.5404 -0.28119 -26.2563
0.6 0.6 11.5304 -0.0305317 0.326436 63.2075 -0.150649 -50.4986
0.6 0.65 8.29203 -0.0179017 0.33725 58.0256 -0.156245 -69.6638
0.6 0.7 6.5788 -0.00523831 0.318501 54.616 -0.0796856 -81.9327
0.6 0.75 6.05097 -3.2023e-09 0.305185 53.4336 6.71946e-08 -86.1539
0.6 0.8 6.5788 0.00523831 0.318501 54.616 0.0796854 -81.9327
0.6 0.85 8.29203 0.0179017 0.33725 58.0256 0.156245 -69.6638
0.6 0.9 11.5304 0.0305317 0.326436 63.2075 0.150649 -50.4986
0.6 0.95 16.736 0.106928 0.185231 69.5404 0.281191 -26.2563
0.6 1 23.7145 0.256237 -0.201993 75.8888 0.458552 0.655819
0.65 0 23.7093 0.078571 -0.192195 75.7677 -0.0204676 0.640428
0.65 0.05 36.8928 0.106949 -0.8297 84.4998 -0.192253 37.4749
0.65 0.1 53.0159 0.13877 -1.84331 92.311 -0.277623 70.7373
0.65 0.15 69.1546 0.1443 -3.03724 98.4371 -0.260968 97.1865
0.65 0.2 81.2464 0.10766 -4.05228 102.318 -0.143712 114.19
0.65 0.25 85.7976 5.70842e-09 -4.47007 103.66 1.03791e-07 120.051
0.65 0.3 81.2464 -0.10766 -4.05228 102.318 0.143712 114.19
0.65 0.35 69.1546 -0.1443 -3.03724 98.4371 0.260968 97.1865
0.65 0.4 53.0159 -0.13877 -1.84331 92.3109 0.277623 70.7373
0.65 0.45 36.8928 -0.106949 -0.8297 84.4998 0.192253 37.4749
0.65 0.5 23.7093 -0.0785709 -0.192195 75.7677 0.0204675 0.695341
0.65 0.55 14.2423 -0.040772 0.0908632 66.6968 -0.113517 -35.9743
0.65 0.6 8.22978 -0.0285849 0.149443 58.0645 -0.254172 -68.947
0.65 0.65 4.94736 -0.0228636 0.130561 51.0128 -0.325661 -95.0387
0.65 0.7 3.42608 -0.0111214 0.10845 46.4353 -0.214764 -111.757
0.65 0.75 2.98956 -9.22052e-10 0.100138 44.8371 5.13387e-08 -117.511
0.65 0.8 3.42608 0.0111214 0.10845 46.4353 0.214763 -111.757
0.65 0.85 4.94736 0.0228636 0.130561 51.0128 0.325661 -95.0387
0.65 0.9 8.22979 0.0285849 0.149443 58.0645 0.254172 -68.947
0.65 0.95 14.2423 0.040772 0.0908633 66.6968 0.113517 -35.9743
0.65 1 23.7093 0.078571 -0.192195 75.7677 -0.0204676 0.640428
0.7 0 23.7013 -0.0821802 -0.180588 75.6737 -0.448792 0.625305
0.7 0.05 39.9174 -0.198609 -0.630724 86.1633 -0.792863 43.5407
0.7 0.1 60.0302 -0.257602 -1.36086 95.3475 -0.89284 82.2727
0.7 0.15 80.1833 -0.177619 -2.18983 102.436 -0.693565 113.031
0.7 0.2 94.8504 -0.115014 -2.70173 106.785 -0.413862 132.755
0.7 0.25 99.9225 9.5621e-09 -2.78923 108.17 6.13733e-08 139.525
0.7 0.3 94.8504 0.115014 -2.70173 106.785 0.413862 132.755
0.7 0.35 80.1833 0.177619 -2.18983 102.436 0.693565 113.031
0.7 0.4 60.0302 0.257602 -1.36086 95.3475 0.89284 82.2727
0.7 0.45 39.9174 0.198609 -0.630724 86.1633 0.792863 43.5407
0.7 0.5 23.7013 0.0821802 -0.180588 75.6737 0.448792 0.667652
0.7 0.55 12.7656 -0.000941821 -0.00214213 64.8302 0.00093409 -42.1207
0.7 0.6 6.51781 -0.0338897 0.0334918 54.7822 -0.380479 -80.6461
0.7 0.65 3.46024 -0.0304695 0.0289008 46.7508 -0.524922 -111.169
0.7 0.7 2.1677 -0.0161832 0.020732 41.6034 -0.375262 -130.745
0.7 0.75 1.82364 1.11702e-10 0.0170216 39.86 1.2076e-07 -137.483
0.7 0.8 2.1677 0.0161832 0.020732 41.6034 0.375262 -130.745
0.7 0.85 3.46024 0.0304695 0.0289008 46.7508 0.524922 -111.169
0.7 0.9 6.51782 0.0338897 0.0334918 54.7822 0.380479 -80.6461
0.7 0.95 12.7656 0.000941792 -0.00214212 64.8302 -0.000934015 -42.1207
0.7 1 23.7013 -0.0821802 -0.180588 75.6737 -0.448792 0.625305
0.75 0 23.6992 -0.222778 -0.175999 75.6315 -0.798804 0.624036
0.75 0.05 41.1452 -0.530634 -0.33113 86.8379 -1.34216 45.3836
0.75 0.1 62.9562 -0.816579 -0.586265 96.6289 -1.56376 85.7771
0.75 0.15 84.5635 -0.792875 -0.903489 104.101 -1.28734 117.851
0.75 0.2 99.6822 -0.435877 -1.09279 108.575 -0.689186 138.44
0.75 0.25 104.184 -8.58137e-10 -1.11276 109.862 -4.93909e-08 145.52
0.75 0.3 99.6822 0.435877 -1.09279 108.575 0.689186 138.44
0.75 0.35 84.5635 0.792875 -0.903489 104.101 1.28734 117.851
0.75 0.4 62.9562 0.816579 -0.586265 96.6289 1.56376 85.7771
0.75 0.45 41.1452 0.530634 -0.33113 86.8379 1.34216 45.3836
0.75 0.5 23.6992 0.222778 -0.175999 75.6315 0.798804 0.635666
0.75 0.55 12.2679 0.0290612 -0.0974009 64.1587 0.113525 -44.089
0.75 0.6 6.01295 -0.0307778 -0.0538415 53.7251 -0.390741 -84.428
0.75 0.65 3.07343 -0.0293055 -0.0303592 45.5028 -0.56114 -116.443
0.75 0.7 1.88473 -0.0134583 -0.0188497 40.3561 -0.370719 -137.007
0.75 0.75 1.58249 3.66598e-10 -0.0160676 38.6744 -4.01841e-09 -144.091
0.75 0.8 1.88473 0.0134583 -0.0188497 40.3561 0.370719 -137.007
0.75 0.85 3.07343 0.0293055 -0.0303592 45.5028 0.56114 -116.443
0.75 0.9 6.01295 0.0307778 -0.0538415 53.7251 0.390741 -84.428
0.75 0.95 12.2679 -0.0290612 -0.0974008 64.1587 -0.113526 -44.089
0.75 1 23.6992 -0.222778 -0.175999 75.6315 -0.798804 0.624036
0.8 0 23.713 -0.33398 -0.178384 75.6659 -1.05293 0.633795
0.8 0.05 40.2965 -0.782675 -0.0139785 86.4411 -1.72438 42.8513
0.8 0.1 61.1364 -1.2263 0.254113 96.0399 -2.00194 80.9448
0.8 0.15 82.0075 -1.38953 0.497015 103.492 -1.82284 111.186
0.8 0.2 97.0384 -0.915627 0.481899 108.067 -1.05327 130.634
0.8 0.25 101.953 -1.42223e-08 0.372561 109.477 -1.53849e-09 137.363
0.8 0.3 97.0384 0.915627 0.481899 108.067 1.05327 130.634
0.8 0.35 82.0075 1.38953 0.497015 103.492 1.82284 111.186
0.8 0.4 61.1364 1.2263 0.254113 96.0399 2.00194 80.9448
0.8 0.45 40.2965 0.782675 -0.0139785 86.4411 1.72438 42.8513
0.8 0.5 23.713 0.33398 -0.178384 75.6659 1.05293 0.610852
0.8 0.55 12.7361 0.0718525 -0.199544 64.783 0.298941 -41.6755
0.8 0.6 6.55248 -0.0201596 -0.149132 54.9243 -0.274751 -79.881
0.8 0.65 3.53083 -0.0255938 -0.0971661 47.1624 -0.454619 -110.253
0.8 0.7 2.24791 -0.0128275 -0.0669338 42.2427 -0.315065 -129.776
0.8 0.75 1.90187 -3.26757e-10 -0.0565142 40.57 -1.57856e-07 -136.515
0.8 0.8 2.24791 0.0128275 -0.0669338 42.2427 0.315065 -129.776
0.8 0.85 3.53083 0.0255938 -0.0971661 47.1624 0.454619 -110.253
0.8 0.9 6.55248 0.0201596 -0.149132 54.9243 0.274751 -79.881
0.8 0.95 12.7361 -0.0718525 -0.199544 64.783 -0.298941 -41.6755
0.8 1 23.713 -0.33398 -0.178384 75.6659 -1.05293 0.633795
0.85 0 23.7291 -0.430135 -0.184322 75.7551 -1.25931 0.651887
0.85 0.05 37.5208 -0.850084 0.22721 84.9966 -1.80857 36.2215
0.85 0.1 54.7988 -1.25566 0.917311 93.5244 -2.02409 68.2951
0.85 0.15 72.3964 -1.34923 1.71267 100.379 -1.76949 93.726
0.85 0.2 85.644 -0.880053 2.34225 104.772 -1.01986 110.055
0.85 0.25 90.5717 -6.3465e-09 2.56986 106.274 -1.48117e-07 115.688
0.85 0.3 85.644 0.880053 2.34225 104.772 1.01986 110.055
0.85 0.35 72.3964 1.34923 1.71267 100.379 1.76949 93.726
0.85 0.4 54.7988 1.25566 0.917311 93.5244 2.02409 68.2951
0.85 0.45 37.5208 0.850084 0.22721 84.9966 1.80857 36.2215
0.85 0.5 23.7291 0.430135 -0.184322 75.7552 1.25931 0.605547
0.85 0.55 14.1678 0.131737 -0.31651 66.5749 0.52742 -35.1031
0.85 0.6 8.25789 0.00374189 -0.288404 58.1956 -0.0490881 -67.4113
0.85 0.65 5.06983 -0.0213922 -0.22283 51.5783 -0.282062 -93.1243
0.85 0.7 3.59019 -0.0143455 -0.178084 47.378 -0.228455 -109.668
0.85 0.75 3.16554 1.25502e-09 -0.163281 45.9363 1.04152e-08 -115.376
0.85 0.8 3.59019 0.0143455 -0.178084 47.378 0.228455 -109.668
0.85 0.85 5.06983 0.0213922 -0.22283 51.5783 0.282062 -93.1243
0.85 0.9 8.2579 -0.00374189 -0.288404 58.1956 0.0490882 -67.4113
0.85 0.95 14.1678 -0.131737 -0.31651 66.5749 -0.52742 -35.1031
0.85 1 23.7291 -0.430135 -0.184322 75.7551 -1.25931 0.651887
0.9 0 23.7421 -0.506802 -0.191932 75.8796 -1.38524 0.669616
0.9 0.05 33.3523 -0.754617 0.357158 82.6222 -1.63323 26.1515
0.9 0.1 45.2413 -0.947387 1.2157 89.1852 -1.64234 49.0899
0.9 0.15 57.0955 -0.939222 2.23007 94.5604 -1.36785 67.239
0.9 0.2 65.9843 -0.59355 3.08845 98.0765 -0.775767 78.8665
0.9 0.25 69.3072 -4.05985e-09 3.42644 99.3081 -2.53441e-07 82.8684
0.9 0.3 65.9843 0.59355 3.08845 98.0765 0.775767 78.8665
0.9 0.35 57.0955 0.939222 2.23007 94.5604 1.36785 67.239
0.9 0.4 45.2413 0.947387 1.2157 89.1851 1.64234 49.0899
0.9 0.45 33.3523 0.754617 0.357158 82.6222 1.63323 26.1515
0.9 0.5 23.7421 0.506802 -0.191932 75.8796 1.38524 0.619751
0.9 0.55 16.5786 0.214223 -0.453771 69.2965 0.761791 -25.0117
0.9 0.6 11.4555 0.0476564 -0.508327 63.1111 0.210329 -48.2127
0.9 0.65 8.34593 0.00415493 -0.472601 58.283 -0.006037 -66.6921
0.9 0.7 6.72649 -0.00790995 -0.431609 55.229 -0.0763853 -78.5914
0.9 0.75 6.22681 4.07316e-10 -0.412109 54.1831 -1.40499e-07 -82.6979
0.9 0.8 6.72649 0.00790995 -0.431609 55.229 0.0763856 -78.5914
0.9 0.85 8.34593 -0.00415493 -0.472601 58.283 0.00603666 -66.6921
0.9 0.9 11.4555 -0.0476564 -0.508327 63.1111 -0.210329 -48.2127
0.9 0.95 16.5786 -0.214223 -0.453771 69.2965 -0.761792 -25.0117
0.9 1 23.7421 -0.506802 -0.191932 75.8796 -1.38524 0.669616
0.95 0 23.7349 -0.555879 -0.201851 75.9872 -1.43664 0.685043
0.95 0.05 28.6049 -0.580271 0.362653 79.6014 -1.32443 13.6235
0.95 0.1 34.5418 -0.554885 1.15932 83.3591 -1.08533 25.2107
0.95 0.15 40.0498 -0.482025 1.97203 86.4398 -0.845888 34.3632
0.95 0.2 44.0198 -0.27296 2.62592 88.4534 -0.442452 40.2164
0.95 0.25 45.4674 -3.42655e-09 2.86354 89.151 -1.73043e-07 42.2291
0.95 0.3 44.0198 0.27296 2.62592 88.4534 0.442452 40.2164
0.95 0.35 40.0498 0.482024 1.97203 86.4398 0.845888 34.3632
0.95 0.4 34.5418 0.554885 1.15932 83.3591 1.08533 25.2107
0.95 0.45 28.6049 0.580271 0.362653 79.6014 1.32443 13.6235
0.95 0.5 23.7349 0.555879 -0.20185 75.9872 1.43664 0.649482
0.95 0.55 19.8512 0.314963 -0.585756 72.5147 0.951938 -12.3957
0.95 0.6 16.5639 0.128742 -0.835784 69.1194 0.451759 -24.1655
0.95 0.65 14.3455 0.0634191 -0.932706 66.5358 0.250287 -33.5513
0.95 0.7 13.0497 0.0198176 -0.972144 64.8849 0.0849038 -39.6013
0.95 0.75 12.625 7.59587e-09 -0.975893 64.3188 -8.76983e-08 -41.689
0.95 0.8 13.0497 -0.0198176 -0.972144 64.8849 -0.0849036 -39.6013
0.95 0.85 14.3455 -0.0634191 -0.932706 66.5358 -0.250288 -33.5513
0.95 0.9 16.5639 -0.128742 -0.835784 69.1194 -0.451759 -24.1655
0.95 0.95 19.8512 -0.314963 -0.585756 72.5147 -0.951939 -12.3957
0.95 1 23.7349 -0.555879 -0.201851 75.9872 -1.43664 0.685043
1 0 23.7163 -0.611093 -0.20557 76.0417 -1.46846 0.253135
1 0.05 24.085 -0.421679 0.294578 76.2905 -1.02562 -0.178773
1 0.1 24.698 -0.248116 0.898761 76.6122 -0.562029 -1.11062
1 0.15 25.2319 -0.174329 1.33596 76.8742 -0.392326 -1.83776
1 0.2 25.5879 -0.0789278 1.64286 77.0333 -0.171238 -2.30955
1 0.25 25.7128 -1.21631e-09 1.73854 77.0929 1.1127e-07 -2.47378
1 0.3 25.5879 0.0789278 1.64286 77.0333 0.171237 -2.30955
1 0.35 25.2319 0.174329 1.33596 76.8742 0.392326 -1.83776
1 0.4 24.698 0.248116 0.898761 76.6122 0.562028 -1.11062
1 0.45 24.085 0.421679 0.294578 76.2905 1.02562 -0.178773
1 0.5 23.7163 0.611093 -0.20557 76.0417 1.46846 0.682719
1 0.55 23.6978 0.412591 -0.694538 75.7997 1.02505 1.53049
1 0.6 23.8633 0.23177 -1.25655 75.6265 0.556332 2.43387
1 0.65 24.0352 0.162454 -1.63859 75.5093 0.396818 3.12709
1 0.7 24.155 0.071331 -1.8981 75.4354 0.172765 3.56732
1 0.75 24.1867 1.73523e-08 -1.97451 75.4056 1.48152e-07 3.71916
1 0.8 24.155 -0.071331 -1.8981 75.4354 -0.172765 3.56732
1 0.85 24.0352 -0.162454 -1.63859 75.5093 -0.396818 3.12709
1 0.9 23.8634 -0.23177 -1.25655 75.6265 -0.556332 2.43387
1 0.95 23.6978 -0.412591 -0.694538 75.7997 -1.02505 1.53049
1 1 23.7163 -0.611093 -0.20557 76.0417 -1.46846 1.10777
