0 0 0 0.626296 387.621
0.0025 1.03875e-07 -4.63686e-08 1.14818 0.130676
0.005 3.4578e-08 2.22301e-09 1.00291 0.0913311
0.0075 -2.49405e-09 -1.21824e-08 0.58888 -0.0773735
0.01 1.1558e-07 -3.34562e-08 1.18766 1.7091
0.0125 -1.69843e-08 5.46886e-10 0.104595 -1.17296
0.015 8.06803e-08 -2.72629e-08 1.54907 0.564267
0.0175 3.8722e-06 -1.94302e-06 3.24488 1.50543
0.02 4.84859e-05 -2.88658e-05 5.84628 3.07627
0.0225 0.000346699 -0.000235903 9.04282 5.08899
0.025 0.00181867 -0.00138158 13.4495 7.93842
0.0275 0.00734372 -0.00603814 18.3851 11.3374
0.03 0.0235509 -0.0203682 24.1994 15.5539
0.0325 0.0622777 -0.0555022 29.9115 20.0149
0.035 0.140154 -0.127166 36.0386 25.3118
0.0375 0.276778 -0.252689 41.3116 30.479
0.04 0.494541 -0.45027 46.4329 35.5177
0.0425 0.809214 -0.736692 49.2963 42.2128
0.045 1.22368 -1.1107 53.5727 46.6648
0.0475 1.74138 -1.57154 56.5468 51.5118
0.05 2.36012 -2.11384 59.7679 55.101
0.0525 3.06989 -2.729 62.3639 58.6948
0.055 3.85704 -3.40454 65.1125 61.9841
0.0575 4.70113 -4.1232 67.5321 65.8655
0.06 5.57624 -4.85918 70.0094 69.4563
0.0625 6.47476 -5.58522 72.8156 71.4623
0.065 7.40045 -6.30171 74.8766 74.201
0.0675 8.33297 -6.99641 77.1284 76.3477
0.07 9.25639 -7.65889 79.1286 79.1181
0.0725 10.1586 -8.27711 81.258 81.6389
0.075 11.0302 -8.84118 83.1964 84.815
0.0775 11.8626 -9.34117 85.1916 87.6269
0.08 12.6492 -9.76626 86.9203 91.0109
0.0825 13.3979 -10.109 88.2596 93.3743
0.085 14.1183 -10.3813 90.0158 94.7922
0.0875 14.8062 -10.5882 91.6289 96.0625
0.09 15.4615 -10.7361 93.3384 96.5385
0.0925 16.0854 -10.8301 94.976 96.8311
0.095 16.6804 -10.8762 96.6884 96.2288
0.0975 17.2486 -10.8802 98.359 95.5646
0.1 17.7942 -10.8494 100.144 93.7856
0.1025 18.3149 -10.7899 102.038 92.4054
0.105 18.8128 -10.7027 103.852 90.1165
0.1075 19.2907 -10.5907 105.654 88.0451
0.11 19.7529 -10.4571 107.53 84.5519
0.1125 20.2011 -10.3054 109.353 81.767
0.115 20.6385 -10.1395 111.267 76.9595
0.1175 21.0662 -9.9634 113.031 73.743
0.12 21.4878 -9.78263 115.324 65.7711
0.1225 21.8977 -9.60173 121.115 58.118
0.125 22.2965 -9.41861 123.834 54.7828
0.1275 22.6848 -9.23316 126.852 51.0581
0.13 23.0644 -9.04577 129.298 48.1774
0.1325 23.4336 -8.85721 131.812 45.5767
0.135 23.7927 -8.66827 134.101 43.3262
0.1375 24.139 -8.47925 136.314 41.6048
0.14 24.4717 -8.28945 138.451 40.5054
0.1425 24.7921 -8.09802 139.576 40.1655
0.145 25.1006 -7.9081 141.256 38.2166
0.1475 25.3946 -7.72118 142.636 37.6612
0.15 25.6739 -7.53821 144.176 36.4173
0.1525 25.9368 -7.35943 145.408 36.2891
0.155 26.184 -7.18481 146.808 35.9848
0.1575 26.4144 -7.01388 147.915 36.294
0.16 26.6291 -6.84592 149.236 38.4205
0.1625 26.8277 -6.67993 147.552 42.8243
0.165 27.0118 -6.51452 147.705 42.114
0.1675 27.1819 -6.34805 147.283 44.1092
0.17 27.3403 -6.1787 147.375 43.3754
0.1725 27.4887 -6.00451 146.997 44.7894
0.175 27.6302 -5.82376 146.933 43.8377
0.1775 27.767 -5.63489 146.491 44.6159
0.18 27.9023 -5.4362 146.286 43.4472
0.1825 28.0429 -5.22726 145.217 42.9954
0.185 28.1916 -5.01353 144.64 39.1803
0.1875 28.3501 -4.80079 143.753 37.459
0.19 28.5213 -4.59574 143.062 32.6779
0.1925 28.707 -4.40587 142.137 30.3025
0.195 28.91 -4.23961 141.308 24.5036
0.1975 29.1319 -4.10631 140.292 21.8181
0.2 29.3781 -4.01828 139.016 13.4733
0.2025 29.6418 -3.98744 140.938 9.14987
0.205 29.9211 -4.01254 141.38 6.15203
0.2075 30.2171 -4.09356 141.886 5.28433
0.21 30.5321 -4.23022 142.338 2.65347
0.2125 30.8644 -4.42188 142.875 2.62932
0.215 31.215 -4.66671 143.606 0.459373
0.2175 31.5821 -4.96208 144.405 1.17496
0.22 31.9668 -5.30493 145.608 0.0485322
0.2225 32.3652 -5.69141 146.253 2.70809
0.225 32.7737 -6.11261 147.496 2.42455
0.2275 33.1886 -6.55909 148.674 5.57975
0.23 33.6092 -7.02076 150.235 6.59115
0.2325 34.0307 -7.48638 151.612 10.6305
0.235 34.4526 -7.94436 153.356 12.964
0.2375 34.8692 -8.38109 154.825 17.5099
0.24 35.2767 -8.77938 156.972 22.1666
0.2425 35.683 -9.12101 155.921 27.8951
0.245 36.1118 -9.41824 156.415 27.3751
0.2475 36.5584 -9.67794 156.424 30.055
0.25 37.0236 -9.90678 156.872 29.0295
0.2525 37.5068 -10.1105 156.92 30.7234
0.255 38.0099 -10.2959 157.236 29.146
0.2575 38.5328 -10.4701 157.24 30.1452
0.26 39.0799 -10.6433 157.324 27.4309
0.2625 39.643 -10.8252 158.442 27.4967
0.265 40.2164 -11.0128 159.104 26.801
0.2675 40.8001 -11.2065 159.599 27.8087
0.27 41.397 -11.407 160.162 27.1262
0.2725 42.0046 -11.6158 160.567 28.1663
0.275 42.6247 -11.8342 161.095 27.4883
0.2775 43.2545 -12.0633 161.459 28.5298
0.28 43.8963 -12.3047 161.963 27.8596
0.2825 44.5457 -12.5596 162.336 29.0155
0.285 45.2029 -12.8268 162.842 28.5614
0.2875 45.8651 -13.1054 163.19 29.7552
0.29 46.5341 -13.3945 163.678 29.3208
0.2925 47.2065 -13.693 164.014 30.526
0.295 47.8839 -14.0001 164.444 30.0467
0.2975 48.5626 -14.3144 164.689 31.2642
0.3 49.2438 -14.6346 164.844 29.3925
0.3025 49.9243 -14.9591 167.27 27.8944
0.305 50.6064 -15.2881 168.495 28.9368
0.3075 51.2853 -15.6211 169.522 29.8823
0.31 51.9619 -15.9576 170.431 32.1495
0.3125 52.6312 -16.2969 171.06 33.7218
0.315 53.2939 -16.6383 171.735 37.668
0.3175 53.9448 -16.9805 172.13 39.596
0.32 54.5848 -17.3222 172.469 49.3285
0.3225 55.2089 -17.6614 165.665 60.0712
0.325 55.8188 -17.9954 163.512 61.869
0.3275 56.4109 -18.3209 160.804 66.0073
0.33 56.9884 -18.6346 159.167 67.2355
0.3325 57.5495 -18.9321 157.267 69.5742
0.335 58.0993 -19.2096 155.966 69.9609
0.3375 58.6375 -19.4627 154.667 70.8649
0.34 59.1706 -19.688 153.808 69.6549
0.3425 59.6991 -19.8824 153.855 68.5028
0.345 60.2295 -20.0439 153.626 66.9817
0.3475 60.7618 -20.1716 153.591 65.612
0.35 61.3017 -20.2656 153.683 62.761
0.3525 61.848 -20.3265 153.949 60.7372
0.355 62.4054 -20.3561 154.305 56.1975
0.3575 62.9711 -20.3565 154.644 53.6398
0.36 63.5488 -20.3307 154.975 43.1596
0.3625 64.1343 -20.2812 161.377 34.451
0.365 64.7302 -20.2119 164.686 28.6426
0.3675 65.3308 -20.1264 167.669 26.5125
0.37 65.9371 -20.0283 170.61 21.5039
0.3725 66.5418 -19.9214 173.279 20.9146
0.375 67.1445 -19.8091 176.266 17.2393
0.3775 67.7372 -19.695 178.939 17.9876
0.38 68.3204 -19.5833 182.347 18.3845
0.3825 68.8776 -19.4778 181.655 25.1086
0.385 69.4044 -19.3704 183.069 24.0505
0.3875 69.8964 -19.2557 183.978 27.8654
0.39 70.3563 -19.1288 185.526 27.4901
0.3925 70.7799 -18.9856 186.565 30.7944
0.395 71.1712 -18.8228 188.082 30.8316
0.3975 71.5278 -18.6372 189.19 33.3714
0.4 71.8531 -18.4254 190.759 34.0032
0.4025 72.1575 -18.1857 191.286 34.7615
0.405 72.4455 -17.9311 192.497 33.1653
0.4075 72.7121 -17.6707 193.501 32.2287
0.41 72.9571 -17.4125 194.864 30.8403
0.4125 73.1769 -17.1629 196.127 29.1126
0.415 73.3717 -16.9273 197.724 28.4779
0.4175 73.5381 -16.7094 199.404 26.3802
0.42 73.6766 -16.5109 201.513 28.2482
0.4225 73.7872 -16.3324 202.049 27.6277
0.425 73.8709 -16.1737 203.815 28.5167
0.4275 73.9286 -16.0323 206.265 26.6169
0.43 73.9653 -15.9035 209.4 29.3702
0.4325 73.9878 -15.7824 214.249 28.9985
0.435 74.0045 -15.6628 221.34 34.942
0.4375 74.017 -15.5397 230.673 58.6775
0.44 74.0196 -15.405 205.803 125.862
0.4425 74.0037 -15.2533 178.731 111.955
0.445 73.9684 -15.0774 178.694 122.408
0.4475 73.9089 -14.8669 157.319 121.337
0.45 73.8247 -14.6104 156.533 123.943
0.4525 73.7185 -14.2948 135.48 125.14
0.455 73.5994 -13.9065 135.14 122.507
0.4575 73.4783 -13.4331 113.044 125.421
0.46 73.3695 -12.8645 112.034 119.89
0.4625 73.2865 -12.1954 86.7712 120.526
0.465 73.2354 -11.4256 90.8779 106.519
0.4675 73.2205 -10.5606 64.6987 110.354
0.47 73.2411 -9.60899 73.3425 90.7621
0.4725 73.2914 -8.58151 42.3237 100.269
0.475 73.3648 -7.48698 58.8309 68.6105
0.4775 73.4744 -6.33645 18.3923 92.0434
0.48 73.6461 -5.14195 45.0546 32.2701
0.4825 73.8977 -3.92199 -22.7695 98.5291
0.485 74.2312 -2.69523 49.5306 -57.1921
0.4875 74.6511 -1.47951 -58.4404 65.3334
0.49 75.1705 -0.292358 62.7921 -80.4356
0.4925 75.8018 0.847118 -95.1128 53.909
0.495 76.5631 1.914 96.1859 -162.306
0.4975 77.4554 2.87646 -133.316 13.9886
0.5 78.4651 3.69626 110.529 -446.126
0.5025 79.537 4.33764 355.329 -240.599
0.505 80.605 4.77799 304.232 -29.0377
0.5075 81.5892 5.00899 287.543 -65.2493
0.51 82.4317 5.0369 264.973 13.6429
0.5125 83.0918 4.8791 260.859 -18.9905
0.515 83.5663 4.56082 249.764 39.8649
0.5175 83.8674 4.11122 247.953 13.5329
0.52 84.0269 3.56118 246.713 68.4737
0.5225 84.0752 2.93885 236.677 37.6862
0.525 84.0482 2.26833 226.723 87.9845
0.5275 83.9726 1.57029 224.853 46.8019
0.53 83.876 0.864361 216.886 90.1329
0.5325 83.7705 0.162965 216.22 47.3218
0.535 83.6462 -0.51577 209.384 85.3459
0.5375 83.4962 -1.16019 209.653 42.2237
0.54 83.3177 -1.75785 203.782 75.6647
0.5425 83.1109 -2.29872 204.902 34.2435
0.545 82.8776 -2.77452 200.134 64.0016
0.5475 82.6226 -3.17908 201.661 25.3269
0.55 82.3554 -3.50998 197.75 51.2851
0.5525 82.0844 -3.76826 199.47 16.0468
0.555 81.8202 -3.95884 196.157 37.9883
0.5575 81.57 -4.08982 197.583 6.06265
0.56 81.3414 -4.17219 190.294 17.2128
0.5625 81.1377 -4.21854 199.275 -6.0033
0.565 80.9617 -4.24219 200.822 -2.50081
0.5675 80.8112 -4.25567 203.894 -13.1854
0.57 80.6839 -4.2705 205.427 -10.5772
0.5725 80.575 -4.29633 208.133 -16.9773
0.575 80.4802 -4.3407 209.961 -14.7036
0.5775 80.3938 -4.40879 212.514 -17.8509
0.58 80.3113 -4.50377 215.254 -14.1066
0.5825 80.2296 -4.62587 216.439 -14.1118
0.585 80.1449 -4.77249 218.166 -8.3893
0.5875 80.0524 -4.93845 219.831 -8.11694
0.59 79.9488 -5.11752 221.614 -0.876176
0.5925 79.8301 -5.30204 222.999 -0.131953
0.595 79.6927 -5.48272 224.755 9.07461
0.5975 79.5327 -5.64871 225.957 9.76668
0.6 79.3484 -5.78687 230.835 26.5948
0.6025 79.13 -5.88289 224.241 27.0343
0.605 78.8739 -5.92253 221.679 40.0037
0.6075 78.5782 -5.89711 220.292 32.2082
0.61 78.2432 -5.79777 217.575 44.5576
0.6125 77.8671 -5.61813 216.585 34.3504
0.615 77.4511 -5.35433 213.468 45.9024
0.6175 76.9941 -5.00538 212.647 33.9353
0.62 76.4981 -4.57315 207.932 41.7753
0.6225 75.9582 -4.06173 210.51 28.1282
0.625 75.3702 -3.47768 208.46 36.2226
0.6275 74.7288 -2.83156 208.209 25.05
0.63 74.03 -2.13423 205.666 33.3181
0.6325 73.2651 -1.39677 204.998 22.2199
0.635 72.4285 -0.631361 202.124 30.8046
0.6375 71.5091 0.150763 201.173 19.6456
0.64 70.4975 0.936995 198.733 30.4338
0.6425 69.3981 1.71565 195.398 20.4192
0.645 68.224 2.47242 190.966 30.9315
0.6475 66.9683 3.20694 189.394 18.7024
0.65 65.6328 3.91357 184.974 28.9554
0.6525 64.2184 4.58843 183.607 16.095
0.655 62.7314 5.22707 179.246 25.9662
0.6575 61.1757 5.82567 178.057 12.7737
0.66 59.563 6.38032 174.229 23.0431
0.6625 57.893 6.88674 172.07 9.93244
0.665 56.1739 7.34153 167.549 18.6307
0.6675 54.4143 7.73695 166.531 4.92301
0.67 52.6298 8.06595 162.357 12.4921
0.6725 50.828 8.32216 161.513 -0.403886
0.675 49.025 8.4973 157.541 5.69656
0.6775 47.2241 8.58664 156.639 -5.8395
0.68 45.428 8.58266 150.418 -5.69368
0.6825 43.6838 8.49068 154.879 -14.4748
0.685 42.0243 8.30808 153.802 -13.3532
0.6875 40.4379 8.059 153.752 -14.5868
0.69 38.9244 7.757 152.563 -13.9841
0.6925 37.4829 7.41714 152.042 -13.087
0.695 36.1148 7.05215 151.002 -13.022
0.6975 34.8176 6.6736 150.319 -10.8948
0.7 33.5941 6.2927 149.846 -10.7251
0.7025 32.4296 5.91649 148.468 -8.20222
0.705 31.3194 5.55297 147.626 -8.77447
0.7075 30.2615 5.20428 146.691 -6.67844
0.71 29.2558 4.87471 146.103 -7.01319
0.7125 28.2966 4.5676 145.205 -5.07084
0.715 27.3821 4.28735 144.897 -4.73891
0.7175 26.5083 4.03714 144.054 -3.17934
0.72 25.6778 3.82196 145.885 0.524622
0.7225 24.8706 3.64158 141.261 2.27604
0.725 24.0794 3.49788 139.626 3.69133
0.7275 23.306 3.38317 137.792 1.41625
0.73 22.5528 3.29338 136.208 3.09319
0.7325 21.8167 3.22358 134.679 0.0428536
0.735 21.099 3.16927 132.991 1.89363
0.7375 20.3969 3.12598 131.594 -1.53429
0.74 19.7106 3.08914 129.345 -0.276495
0.7425 19.04 3.05513 128.876 -3.85042
0.745 18.3873 3.0203 127.338 -2.27954
0.7475 17.7496 2.98285 126.226 -4.95366
0.75 17.1279 2.94035 124.599 -3.58249
0.7525 16.5207 2.89082 123.447 -5.92784
0.755 15.9296 2.83183 121.744 -4.91109
0.7575 15.3527 2.76162 120.576 -6.8404
0.76 14.7897 2.67736 117.957 -7.24109
0.7625 14.2474 2.57931 118.335 -8.23696
0.765 13.7309 2.46768 117.229 -7.94275
0.7675 13.2368 2.34738 116.422 -7.02952
0.77 12.7649 2.22116 115.373 -6.96079
0.7725 12.3141 2.09192 114.499 -5.66448
0.775 11.885 1.96218 113.598 -5.82287
0.7775 11.4762 1.83419 112.756 -4.38433
0.78 11.0887 1.71023 112.363 -4.32634
0.7825 10.7194 1.59168 111.04 -2.94647
0.785 10.3677 1.47966 110.279 -3.27431
0.7875 10.0328 1.37419 109.453 -2.43429
0.79 9.71504 1.27566 108.835 -2.69758
0.7925 9.41279 1.18433 108.116 -1.96505
0.795 9.12593 1.10059 107.624 -2.05333
0.7975 8.85305 1.02468 106.976 -1.43741
0.8 8.5944 0.957243 106.984 -0.912868
0.8025 8.34664 0.898107 105.714 -0.618426
0.805 8.10881 0.846834 105.109 -0.45315
0.8075 7.88023 0.801863 104.405 -0.862238
0.81 7.66108 0.762208 103.798 -0.567826
0.8125 7.45017 0.726844 103.159 -1.07626
0.815 7.24756 0.694819 102.513 -0.692945
0.8175 7.05215 0.665244 101.898 -1.23924
0.82 6.86378 0.637142 101.005 -1.02864
0.8225 6.68219 0.60989 100.729 -1.47268
0.825 6.50773 0.583104 100.133 -1.03007
0.8275 6.33936 0.556901 99.5994 -1.19234
0.83 6.17707 0.531213 99.0023 -0.783613
0.8325 6.02017 0.506024 98.4612 -0.937283
0.835 5.8688 0.481302 97.8799 -0.578244
0.8375 5.72238 0.457032 97.3526 -0.732324
0.84 5.58111 0.433193 96.7964 -0.411469
0.8425 5.4445 0.409773 96.2906 -0.561072
0.845 5.31278 0.386756 95.7638 -0.263914
0.8475 5.18551 0.364136 95.2836 -0.403285
0.85 5.06295 0.341909 94.7892 -0.115998
0.8525 4.94468 0.320083 94.337 -0.239226
0.855 4.83095 0.298688 93.8801 0.0532066
0.8575 4.72141 0.27776 93.4559 -0.0459699
0.86 4.61637 0.257399 93.1367 0.346177
0.8625 4.51532 0.237617 92.5836 0.231911
0.865 4.41848 0.218333 92.1312 0.498864
0.8675 4.32568 0.199334 91.7405 0.310197
0.87 4.23728 0.180472 91.2962 0.551766
0.8725 4.15312 0.161596 90.9427 0.432532
0.875 4.07358 0.142534 90.492 0.607476
0.8775 3.99855 0.123108 90.1693 0.567297
0.88 3.92834 0.10304 89.5049 0.456723
0.8825 3.8632 0.0821758 89.5209 0.585316
0.885 3.80354 0.060503 89.185 0.558692
0.8875 3.74923 0.0381174 88.9576 0.940662
0.89 3.70054 0.0149197 88.6685 0.695532
0.8925 3.65737 -0.0092878 88.4547 0.971717
0.895 3.61987 -0.0348591 88.2392 0.39748
0.8975 3.58769 -0.062189 88.0986 0.408219
0.9 3.56044 -0.0918675 88.0197 -0.574613
0.9025 3.53822 -0.123765 88.0581 0.234351
0.905 3.52017 -0.156771 88.2785 -0.00309267
0.9075 3.50511 -0.189452 88.6368 0.501231
0.91 3.49225 -0.220582 89.2619 0.122806
0.9125 3.48091 -0.248961 90.0033 0.610545
0.915 3.47071 -0.273464 91.036 0.516613
0.9175 3.46136 -0.293102 92.0856 1.28995
0.92 3.4529 -0.307032 93.6347 1.87993
0.9225 3.44518 -0.31476 94.5242 2.04076
0.925 3.43851 -0.31643 95.8386 1.9146
0.9275 3.43299 -0.3126 97.0414 2.06972
0.93 3.42853 -0.303851 98.3056 2.27345
0.9325 3.42479 -0.290675 99.4661 2.58555
0.935 3.42138 -0.273321 100.587 2.96921
0.9375 3.41776 -0.251753 101.608 3.32039
0.94 3.41336 -0.225575 102.392 3.60119
0.9425 3.4074 -0.194192 103.355 2.88962
0.945 3.39845 -0.157459 103.982 2.26389
0.9475 3.38487 -0.115763 104.452 1.49968
0.95 3.36439 -0.0696209 104.682 0.659866
0.9525 3.33398 -0.019819 104.706 -0.36742
0.955 3.29018 0.0323734 104.473 -1.53061
0.9575 3.22877 0.0852146 104.009 -2.88556
0.96 3.14507 0.135912 103.254 -4.37938
0.9625 3.03672 0.18103 102.251 -5.16194
0.965 2.90218 0.218304 100.965 -6.15062
0.9675 2.73917 0.247855 99.4093 -7.32087
0.97 2.54712 0.268808 97.5576 -8.59875
0.9725 2.32693 0.280271 95.364 -9.87483
0.975 2.08089 0.28136 92.7634 -11.1079
0.9775 1.81281 0.27152 89.6771 -12.2494
0.98 1.52824 0.250837 86.0291 -13.2888
0.9825 1.23495 0.220048 81.705 -14.1769
0.985 0.942955 0.181077 76.5921 -14.8693
0.9875 0.665307 0.136544 70.4942 -15.2702
0.99 0.416825 0.0910787 63.1703 -15.2269
0.9925 0.215146 0.0493187 54.1382 -14.5894
0.995 0.0752113 0.0180249 42.7416 -13.0786
0.9975 0.00562846 0.00044512 27.0119 -9.68155
1 0 0 18.0461 387.621
