0 21.4089 2.52648 19.3832 19.4715 -24.5299
0.0025 21.1505 2.48115 19.1387 19.5253 -24.2909
0.005 20.8964 2.43567 18.8991 19.5779 -24.0506
0.0075 20.6464 2.39011 18.6646 19.6281 -23.808
0.01 20.4007 2.34452 18.435 19.6759 -23.563
0.0125 20.1593 2.29895 18.2104 19.7216 -23.3157
0.015 19.9223 2.25343 17.9907 19.7654 -23.0663
0.0175 19.6895 2.20803 17.7759 19.8072 -22.8146
0.02 19.4611 2.16277 17.566 19.8472 -22.5609
0.0225 19.237 2.1177 17.3608 19.8857 -22.3051
0.025 19.0173 2.07285 17.1603 19.9226 -22.0473
0.0275 18.8019 2.02825 16.9646 19.9582 -21.7875
0.03 18.5908 1.98393 16.7735 19.9925 -21.5257
0.0325 18.384 1.93992 16.587 20.0256 -21.2619
0.035 18.1814 1.89624 16.4051 20.0578 -20.9961
0.0375 17.9832 1.85292 16.2276 20.0889 -20.7283
0.04 17.7892 1.80998 16.0546 20.1193 -20.4586
0.0425 17.5994 1.76744 15.8859 20.1489 -20.1869
0.045 17.4138 1.72531 15.7216 20.178 -19.9133
0.0475 17.2323 1.68361 15.5615 20.2064 -19.6376
0.05 17.055 1.64235 15.4057 20.2345 -19.3599
0.0525 16.8817 1.60155 15.2539 20.2622 -19.0801
0.055 16.7125 1.56122 15.1063 20.2896 -18.7983
0.0575 16.5473 1.52137 14.9627 20.3169 -18.5143
0.06 16.3861 1.482 14.8231 20.344 -18.2283
0.0625 16.2288 1.44313 14.6874 20.3712 -17.94
0.065 16.0754 1.40477 14.5555 20.3983 -17.6496
0.0675 15.9258 1.36691 14.4274 20.4256 -17.357
0.07 15.78 1.32956 14.303 20.453 -17.062
0.0725 15.6379 1.29273 14.1823 20.4807 -16.7649
0.075 15.4995 1.25643 14.0652 20.5087 -16.4654
0.0775 15.3648 1.22065 13.9517 20.537 -16.1635
0.08 15.2337 1.18539 13.8416 20.5657 -15.8593
0.0825 15.1061 1.15067 13.735 20.5949 -15.5528
0.085 14.982 1.11648 13.6317 20.6245 -15.2439
0.0875 14.8614 1.08282 13.5317 20.6547 -14.9326
0.09 14.7441 1.04969 13.435 20.6854 -14.619
0.0925 14.6302 1.0171 13.3415 20.7167 -14.303
0.095 14.5196 0.985048 13.251 20.7486 -13.9848
0.0975 14.4122 0.953531 13.1637 20.7812 -13.6644
0.1 14.308 0.92255 13.0794 20.8144 -13.3418
0.1025 14.207 0.892107 12.998 20.8482 -13.0173
0.105 14.109 0.8622 12.9194 20.8828 -12.6908
0.1075 14.0141 0.832831 12.8437 20.918 -12.3625
0.11 13.9221 0.803998 12.7708 20.9539 -12.0327
0.1125 13.8331 0.775702 12.7006 20.9905 -11.7016
0.115 13.7469 0.747943 12.633 21.0277 -11.3693
0.1175 13.6636 0.72072 12.5679 21.0656 -11.0362
0.12 13.583 0.694034 12.5054 21.1041 -10.7025
0.1225 13.5051 0.667882 12.4453 21.1432 -10.3687
0.125 13.4299 0.642266 12.3876 21.1829 -10.0352
0.1275 13.3574 0.617184 12.3322 21.2231 -9.7022
0.13 13.2874 0.592635 12.279 21.2638 -9.37032
0.1325 13.2199 0.568619 12.2281 21.305 -9.03999
0.135 13.1548 0.545135 12.1792 21.3466 -8.7117
0.1375 13.0922 0.522181 12.1324 21.3885 -8.38596
0.14 13.032 0.499757 12.0876 21.4307 -8.06329
0.1425 12.9741 0.477859 12.0447 21.4731 -7.7442
0.145 12.9184 0.456488 12.0036 21.5157 -7.42918
0.1475 12.865 0.43564 11.9643 21.5584 -7.11873
0.15 12.8137 0.415313 11.9268 21.6012 -6.8133
0.1525 12.7646 0.395506 11.8909 21.6439 -6.51331
0.155 12.7175 0.376215 11.8566 21.6864 -6.21913
0.1575 12.6725 0.357439 11.8239 21.7288 -5.93109
0.16 12.6295 0.339174 11.7926 21.7709 -5.64948
0.1625 12.5884 0.321417 11.7627 21.8127 -5.3745
0.165 12.5492 0.304165 11.7342 21.8541 -5.10633
0.1675 12.5119 0.287415 11.707 21.895 -4.84508
0.17 12.4763 0.271164 11.6811 21.9354 -4.5908
0.1725 12.4426 0.255409 11.6564 21.9751 -4.34351
0.175 12.4105 0.240147 11.6328 22.0141 -4.10315
0.1775 12.3802 0.225374 11.6104 22.0524 -3.86966
0.18 12.3514 0.211088 11.589 22.0899 -3.6429
0.1825 12.3243 0.197285 11.5686 22.1264 -3.42272
0.185 12.2987 0.183962 11.5493 22.1621 -3.20894
0.1875 12.2746 0.171118 11.5309 22.1967 -3.00135
0.19 12.252 0.158749 11.5134 22.2303 -2.79973
0.1925 12.2308 0.146852 11.4967 22.2627 -2.60384
0.195 12.211 0.135426 11.481 22.294 -2.41343
0.1975 12.1926 0.124466 11.466 22.3241 -2.22826
0.2 12.1754 0.113971 11.4518 22.3528 -2.04811
0.2025 12.1596 0.103937 11.4384 22.3803 -1.87277
0.205 12.1449 0.0943593 11.4257 22.4064 -1.70208
0.2075 12.1315 0.0852328 11.4138 22.4311 -1.53594
0.21 12.1192 0.0765511 11.4025 22.4543 -1.37433
0.2125 12.108 0.0683056 11.3918 22.476 -1.21732
0.215 12.0979 0.0604852 11.3818 22.4962 -1.06513
0.2175 12.0889 0.053076 11.3724 22.5148 -0.918138
0.22 12.0809 0.04606 11.3637 22.5318 -0.776926
0.2225 12.0739 0.0394148 11.3555 22.5472 -0.642292
0.225 12.0679 0.0331128 11.3479 22.561 -0.515289
0.2275 12.0627 0.0271204 11.3409 22.5731 -0.397227
0.23 12.0585 0.0213976 11.3344 22.5836 -0.289675
0.2325 12.055 0.0158977 11.3286 22.5925 -0.194414
0.235 12.0524 0.0105679 11.3234 22.5999 -0.113349
0.2375 12.0504 0.00534983 11.3189 22.6058 -0.0483418
0.24 12.0491 0.000183338 11.3151 22.6103 -0.000913363
0.2425 12.0483 -0.00499233 11.312 22.6134 0.028242
0.245 12.0479 -0.0102251 11.3098 22.6154 0.0399916
0.2475 12.0477 -0.015548 11.3084 22.6162 0.0376145
0.25 12.0477 -0.020933 11.3079 22.6161 0.0271842
0.2525 12.0477 -0.0263195 11.3084 22.615 0.0167572
0.255 12.0478 -0.0316455 11.3098 22.6129 0.0143858
0.2575 12.0482 -0.0368823 11.312 22.6098 0.026142
0.26 12.049 -0.0420619 11.3151 22.6055 0.0553007
0.2625 12.0503 -0.0472323 11.3189 22.6001 0.102731
0.265 12.0522 -0.0524542 11.3234 22.5933 0.167739
0.2675 12.0548 -0.0577883 11.3286 22.585 0.248804
0.27 12.0582 -0.0632932 11.3344 22.5753 0.344064
0.2725 12.0624 -0.0690222 11.3409 22.5639 0.451616
0.275 12.0675 -0.0750223 11.3479 22.551 0.569676
0.2775 12.0735 -0.0813339 11.3555 22.5364 0.69668
0.28 12.0804 -0.0879909 11.3637 22.5202 0.831312
0.2825 12.0884 -0.0950213 11.3724 22.5024 0.972524
0.285 12.0973 -0.102448 11.3818 22.4829 1.11951
0.2875 12.1073 -0.110288 11.3918 22.4618 1.2717
0.29 12.1184 -0.118558 11.4025 22.4392 1.42871
0.2925 12.1307 -0.127267 11.4138 22.4151 1.59033
0.295 12.144 -0.136424 11.4257 22.3894 1.75647
0.2975 12.1586 -0.146037 11.4384 22.3623 1.92716
0.3 12.1744 -0.156111 11.4518 22.3338 2.10249
0.3025 12.1915 -0.166649 11.466 22.304 2.28265
0.305 12.2098 -0.177656 11.481 22.2728 2.46781
0.3075 12.2295 -0.189135 11.4967 22.2404 2.65822
0.31 12.2506 -0.201089 11.5134 22.2067 2.85412
0.3125 12.2731 -0.213521 11.5309 22.1719 3.05574
0.315 12.2971 -0.226432 11.5493 22.136 3.26333
0.3175 12.3226 -0.239827 11.5686 22.099 3.4771
0.32 12.3497 -0.253707 11.589 22.061 3.69728
0.3225 12.3783 -0.268077 11.6104 22.0221 3.92403
0.325 12.4085 -0.282938 11.6328 21.9823 4.15753
0.3275 12.4405 -0.298295 11.6564 21.9417 4.39787
0.33 12.4741 -0.314151 11.6811 21.9004 4.64517
0.3325 12.5095 -0.330508 11.707 21.8584 4.89936
0.335 12.5467 -0.34737 11.7342 21.8158 5.16073
0.3375 12.5858 -0.364741 11.7627 21.7726 5.429
0.34 12.6268 -0.382623 11.7926 21.729 5.70387
0.3425 12.6697 -0.401021 11.8239 21.685 5.98551
0.345 12.7145 -0.419936 11.8566 21.6408 6.27352
0.3475 12.7615 -0.439372 11.8909 21.5962 6.5677
0.35 12.8104 -0.459333 11.9268 21.5515 6.86769
0.3525 12.8616 -0.47982 11.9643 21.5067 7.17312
0.355 12.9148 -0.500835 12.0036 21.462 7.48357
0.3575 12.9703 -0.522383 12.0447 21.4172 7.79859
0.36 13.0281 -0.544463 12.0876 21.3726 8.11768
0.3625 13.0882 -0.56708 12.1324 21.3282 8.44035
0.365 13.1506 -0.590233 12.1792 21.2841 8.76609
0.3675 13.2155 -0.613925 12.2281 21.2403 9.09438
0.37 13.2828 -0.638158 12.279 21.1969 9.42471
0.3725 13.3526 -0.662931 12.3322 21.1539 9.75659
0.375 13.425 -0.688248 12.3876 21.1114 10.0895
0.3775 13.5 -0.714107 12.4453 21.0694 10.4231
0.38 13.5777 -0.740511 12.5054 21.028 10.7569
0.3825 13.6581 -0.76746 12.5679 20.9872 11.0906
0.385 13.7412 -0.794955 12.6329 20.9471 11.4237
0.3875 13.8272 -0.822995 12.7006 20.9075 11.7559
0.39 13.9161 -0.851583 12.7708 20.8687 12.0871
0.3925 14.0078 -0.880717 12.8437 20.8305 12.4169
0.395 14.1026 -0.910399 12.9194 20.793 12.7452
0.3975 14.2003 -0.940628 12.998 20.7562 13.0716
0.4 14.3012 -0.971405 13.0794 20.7201 13.3962
0.4025 14.4051 -1.00273 13.1637 20.6847 13.7188
0.405 14.5123 -1.0346 13.251 20.6499 14.0392
0.4075 14.6227 -1.06702 13.3415 20.6158 14.3574
0.41 14.7363 -1.09999 13.435 20.5823 14.6734
0.4125 14.8533 -1.13351 13.5317 20.5494 14.987
0.415 14.9738 -1.16757 13.6317 20.5171 15.2983
0.4175 15.0976 -1.20217 13.735 20.4853 15.6072
0.42 15.2249 -1.23732 13.8416 20.454 15.9137
0.4225 15.3558 -1.27302 13.9517 20.4231 16.2179
0.425 15.4903 -1.30925 14.0652 20.3927 16.5197
0.4275 15.6284 -1.34602 14.1823 20.3626 16.8192
0.43 15.7702 -1.38332 14.303 20.3329 17.1164
0.4325 15.9157 -1.42116 14.4274 20.3034 17.4113
0.435 16.0651 -1.45952 14.5555 20.2741 17.704
0.4375 16.2182 -1.49841 14.6874 20.2449 17.9944
0.44 16.3753 -1.53781 14.8231 20.2157 18.2826
0.4425 16.5362 -1.57772 14.9627 20.1866 18.5687
0.445 16.7012 -1.61813 15.1063 20.1573 18.8526
0.4475 16.8701 -1.65903 15.2539 20.1279 19.1345
0.45 17.043 -1.70042 15.4057 20.0982 19.4142
0.4525 17.2201 -1.74228 15.5615 20.0682 19.692
0.455 17.4013 -1.7846 15.7216 20.0378 19.9676
0.4575 17.5866 -1.82736 15.8859 20.0068 20.2413
0.46 17.7761 -1.87055 16.0546 19.9752 20.513
0.4625 17.9698 -1.91416 16.2276 19.9429 20.7827
0.465 18.1677 -1.95815 16.4051 19.9098 21.0505
0.4675 18.3699 -2.00253 16.587 19.8758 21.3162
0.47 18.5764 -2.04725 16.7735 19.8408 21.58
0.4725 18.7872 -2.09229 16.9646 19.8046 21.8419
0.475 19.0023 -2.13763 17.1603 19.7672 22.1017
0.4775 19.2218 -2.18324 17.3608 19.7284 22.3595
0.48 19.4456 -2.22909 17.566 19.6881 22.6153
0.4825 19.6737 -2.27514 17.7759 19.6462 22.869
0.485 19.9061 -2.32135 17.9908 19.6025 23.1206
0.4875 20.1429 -2.36768 18.2104 19.557 23.3701
0.49 20.3839 -2.4141 18.435 19.5095 23.6174
0.4925 20.6293 -2.46054 18.6646 19.4598 23.8623
0.495 20.8789 -2.50698 18.8991 19.4078 24.105
0.4975 21.1328 -2.55334 19.1387 19.3535 24.3452
0.5 21.3909 -2.59959 19.3832 19.2965 24.583
0.5025 21.6532 -2.64565 19.6328 19.2369 24.8182
0.505 21.9195 -2.69146 19.8875 19.1744 25.0507
0.5075 22.19 -2.73696 20.1473 19.1089 25.2804
0.51 22.4644 -2.78207 20.4121 19.0403 25.5072
0.5125 22.7428 -2.82673 20.682 18.9683 25.7309
0.515 23.025 -2.87086 20.9569 18.8929 25.9515
0.5175 23.311 -2.91436 21.2369 18.8138 26.1688
0.52 23.6006 -2.95717 21.5219 18.731 26.3826
0.5225 23.8938 -2.99918 21.8118 18.6442 26.5927
0.525 24.1905 -3.04031 22.1067 18.5534 26.7991
0.5275 24.4905 -3.08046 22.4065 18.4583 27.0014
0.53 24.7936 -3.11953 22.7111 18.3588 27.1996
0.5325 25.0999 -3.15741 23.0205 18.2548 27.3933
0.535 25.409 -3.194 23.3345 18.1461 27.5824
0.5375 25.7208 -3.2292 23.6531 18.0325 27.7667
0.54 26.0353 -3.26288 23.9762 17.9139 27.9459
0.5425 26.3521 -3.29493 24.3036 17.7902 28.1198
0.545 26.6711 -3.32524 24.6352 17.6612 28.2881
0.5475 26.9921 -3.35368 24.9709 17.5268 28.4505
0.55 27.3149 -3.38013 25.3105 17.3869 28.6067
0.5525 27.6392 -3.40448 25.6539 17.2412 28.7566
0.555 27.9649 -3.42659 26.0008 17.0898 28.8997
0.5575 28.2917 -3.44635 26.351 16.9325 29.0357
0.56 28.6193 -3.46364 26.7044 16.7692 29.1644
0.5625 28.9475 -3.47832 27.0607 16.5998 29.2853
0.565 29.276 -3.49029 27.4196 16.4243 29.3982
0.5675 29.6045 -3.49941 27.7808 16.2425 29.5027
0.57 29.9329 -3.50559 28.1442 16.0544 29.5984
0.5725 30.2607 -3.5087 28.5093 15.86 29.685
0.575 30.5876 -3.50865 28.8759 15.6592 29.762
0.5775 30.9135 -3.50532 29.2436 15.452 29.8292
0.58 31.238 -3.49863 29.6121 15.2384 29.886
0.5825 31.5607 -3.48849 29.9811 15.0185 29.9321
0.585 31.8814 -3.47481 30.35 14.7922 29.9672
0.5875 32.1997 -3.45754 30.7186 14.5596 29.9906
0.59 32.5154 -3.4366 31.0864 14.3207 30.0022
0.5925 32.8282 -3.41195 31.453 14.0758 30.0014
0.595 33.1376 -3.38355 31.818 13.8248 29.9878
0.5975 33.4435 -3.35138 32.1809 13.5679 29.961
0.6 33.7455 -3.31542 32.5413 13.3052 29.9206
0.6025 34.0433 -3.27568 32.8986 13.037 29.8662
0.605 34.3367 -3.23218 33.2526 12.7634 29.7973
0.6075 34.6252 -3.18494 33.6025 12.4846 29.7136
0.61 34.9088 -3.13402 33.9481 12.2008 29.6147
0.6125 35.187 -3.07948 34.2888 11.9124 29.5001
0.615 35.4597 -3.02142 34.6242 11.6196 29.3695
0.6175 35.7265 -2.95991 34.9538 11.3228 29.2225
0.62 35.9873 -2.8951 35.2771 11.0221 29.0588
0.6225 36.2419 -2.8271 35.5936 10.718 28.8781
0.625 36.4899 -2.75608 35.9031 10.4109 28.6801
0.6275 36.7313 -2.6822 36.2049 10.1011 28.4644
0.63 36.9659 -2.60565 36.4988 9.78905 28.2308
0.6325 37.1935 -2.52663 36.7843 9.47511 27.979
0.635 37.4139 -2.44535 37.0611 9.15975 27.7089
0.6375 37.6271 -2.36206 37.3289 8.84339 27.4203
0.64 37.8329 -2.27698 37.5872 8.52651 27.113
0.6425 38.0313 -2.19038 37.836 8.20955 26.7869
0.645 38.2222 -2.10253 38.0749 7.893 26.4419
0.6475 38.4056 -2.0137 38.3037 7.57732 26.078
0.65 38.5813 -1.92417 38.5222 7.263 25.695
0.6525 38.7495 -1.83424 38.7304 6.95052 25.2931
0.655 38.9101 -1.74419 38.928 6.64036 24.8722
0.6575 39.0632 -1.65433 39.1151 6.333 24.4324
0.66 39.2089 -1.56494 39.2916 6.0289 23.9738
0.6625 39.3471 -1.47634 39.4576 5.72853 23.4963
0.665 39.4781 -1.3888 39.6131 5.43236 23.0002
0.6675 39.6018 -1.30262 39.7582 5.14082 22.4855
0.67 39.7185 -1.21807 39.893 4.85436 21.9524
0.6725 39.8284 -1.13543 40.0178 4.57338 21.4008
0.675 39.9314 -1.05496 40.1328 4.29829 20.8309
0.6775 40.028 -0.976905 40.2382 4.02947 20.2428
0.68 40.1181 -0.901496 40.3343 3.76731 19.6364
0.6825 40.2021 -0.82895 40.4214 3.51213 19.0117
0.685 40.2802 -0.759465 40.4999 3.26428 18.3687
0.6875 40.3526 -0.693219 40.5703 3.02406 17.7074
0.69 40.4194 -0.630367 40.6328 2.79177 17.0275
0.6925 40.481 -0.571042 40.688 2.56765 16.3288
0.695 40.5376 -0.515349 40.7363 2.35197 15.6112
0.6975 40.5894 -0.463366 40.7781 2.14494 14.8742
0.7 40.6367 -0.415141 40.8141 1.94677 14.1173
0.7025 40.6797 -0.370691 40.8446 1.75764 13.3397
0.705 40.7186 -0.330001 40.8702 1.57771 12.5404
0.7075 40.7536 -0.293021 40.8913 1.40712 11.7178
0.71 40.7849 -0.25967 40.9085 1.24599 10.8697
0.7125 40.8128 -0.229834 40.9223 1.09442 9.99272
0.715 40.8375 -0.203374 40.9332 0.952489 9.08257
0.7175 40.8591 -0.180124 40.9415 0.820237 8.13477
0.72 40.8779 -0.159895 40.9479 0.697685 7.1479
0.7225 40.894 -0.142484 40.9526 0.584837 6.12825
0.725 40.9077 -0.127673 40.9561 0.481696 5.09297
0.7275 40.9191 -0.115236 40.9587 0.388281 4.06757
0.73 40.9285 -0.10494 40.9607 0.304634 3.07831
0.7325 40.936 -0.0965499 40.9621 0.230815 2.14487
0.735 40.9419 -0.0898306 40.9632 0.166896 1.2784
0.7375 40.9463 -0.0845467 40.964 0.112953 0.4847
0.74 40.9494 -0.0804696 40.9646 0.0690678 -0.230297
0.7425 40.9514 -0.0773644 40.965 0.035315 -0.8527
0.745 40.9526 -0.0750049 40.9653 0.0118405 -1.34297
0.7475 40.953 -0.0731305 40.9654 -0.00115211 -1.51442
0.75 40.9531 -0.0715051 40.9654 0.000389208 0.0275441
0.7525 40.953 -0.0698817 40.9654 0.0134175 1.56886
0.755 40.9526 -0.0680192 40.9653 0.0306833 1.39713
0.7575 40.9515 -0.0656772 40.965 0.0576807 0.907111
0.76 40.9495 -0.062595 40.9646 0.0945608 0.284707
0.7625 40.9465 -0.058545 40.964 0.141533 -0.430228
0.765 40.9421 -0.0532919 40.9632 0.198563 -1.22392
0.7675 40.9363 -0.0466064 40.9621 0.265742 -2.09036
0.77 40.9289 -0.0382523 40.9607 0.343072 -3.02381
0.7725 40.9196 -0.0279946 40.9587 0.430625 -4.01308
0.775 40.9083 -0.0155966 40.9561 0.528418 -5.03852
0.7775 40.8948 -0.000825446 40.9526 0.636451 -6.07385
0.78 40.8788 0.0165469 40.9479 0.754635 -7.09353
0.7825 40.8602 0.0367387 40.9415 0.88285 -8.0804
0.785 40.8388 0.0599556 40.9332 1.02095 -9.02819
0.7875 40.8143 0.0863862 40.9223 1.16882 -9.93834
0.79 40.7866 0.116198 40.9085 1.32632 -10.8153
0.7925 40.7555 0.149533 40.8913 1.49334 -11.6634
0.795 40.7207 0.186506 40.8702 1.66976 -12.486
0.7975 40.6821 0.227201 40.8446 1.85544 -13.2853
0.8 40.6395 0.271668 40.8141 2.05022 -14.0629
0.8025 40.5925 0.319925 40.7781 2.25393 -14.8198
0.805 40.5411 0.371958 40.7363 2.46639 -15.5568
0.8075 40.4848 0.42772 40.688 2.68739 -16.2745
0.81 40.4236 0.487134 40.6328 2.9167 -16.9731
0.8125 40.3571 0.550097 40.5703 3.15406 -17.653
0.815 40.2852 0.616478 40.4999 3.39922 -18.3143
0.8175 40.2076 0.686124 40.4214 3.65187 -18.9573
0.82 40.1241 0.758859 40.3343 3.91171 -19.582
0.8225 40.0344 0.834485 40.2382 4.1784 -20.1884
0.825 39.9384 0.912789 40.1328 4.45159 -20.7765
0.8275 39.8358 0.993539 40.0178 4.73092 -21.3464
0.83 39.7265 1.07649 39.893 5.016 -21.898
0.8325 39.6103 1.16138 39.7582 5.30642 -22.4312
0.835 39.4871 1.24794 39.6131 5.60176 -22.9458
0.8375 39.3567 1.33589 39.4576 5.90158 -23.4419
0.84 39.219 1.42494 39.2916 6.20545 -23.9194
0.8425 39.074 1.51481 39.1151 6.5129 -24.378
0.845 38.9214 1.6052 38.928 6.82347 -24.8178
0.8475 38.7614 1.6958 38.7304 7.13669 -25.2387
0.85 38.5938 1.78633 38.5222 7.45208 -25.6407
0.8525 38.4186 1.87649 38.3037 7.76915 -26.0236
0.855 38.2358 1.96599 38.0749 8.08744 -26.3875
0.8575 38.0455 2.05454 37.836 8.40645 -26.7325
0.86 37.8477 2.14188 37.5872 8.72572 -27.0586
0.8625 37.6424 2.22773 37.3289 9.04477 -27.3659
0.865 37.4298 2.31184 37.0611 9.36314 -27.6545
0.8675 37.2099 2.39396 36.7843 9.68039 -27.9246
0.87 36.9828 2.47385 36.4988 9.99606 -28.1764
0.8725 36.7488 2.55131 36.2049 10.3097 -28.41
0.875 36.5079 2.62613 35.9031 10.621 -28.6257
0.8775 36.2603 2.69812 35.5936 10.9294 -28.8237
0.88 36.0062 2.76711 35.2771 11.2347 -29.0045
0.8825 35.7458 2.83295 34.9538 11.5364 -29.1681
0.885 35.4794 2.8955 34.6242 11.8342 -29.3151
0.8875 35.2071 2.95464 34.2888 12.1278 -29.4457
0.89 34.9293 3.01027 33.9481 12.4169 -29.5603
0.8925 34.6461 3.06231 33.6025 12.7012 -29.6592
0.895 34.3579 3.11068 33.2526 12.9804 -29.7429
0.8975 34.0649 3.15534 32.8986 13.2544 -29.8118
0.9 33.7674 3.19625 32.5413 13.5228 -29.8662
0.9025 33.4656 3.23339 32.1809 13.7856 -29.9066
0.905 33.16 3.26676 31.818 14.0425 -29.9334
0.9075 32.8507 3.29637 31.453 14.2934 -29.947
0.91 32.5382 3.32224 31.0864 14.5382 -29.9478
0.9125 32.2227 3.34441 30.7186 14.7768 -29.9362
0.915 31.9045 3.36292 30.35 15.009 -29.9128
0.9175 31.5839 3.37784 29.9811 15.2349 -29.8777
0.92 31.2613 3.38923 29.6122 15.4543 -29.8316
0.9225 30.9369 3.39718 29.2436 15.6673 -29.7748
0.925 30.6111 3.40175 28.8759 15.8739 -29.7076
0.9275 30.2842 3.40306 28.5093 16.0739 -29.6306
0.93 29.9564 3.4012 28.1442 16.2675 -29.544
0.9325 29.628 3.39628 27.7808 16.4548 -29.4483
0.935 29.2995 3.3884 27.4196 16.6356 -29.3438
0.9375 28.9709 3.37768 27.0607 16.8102 -29.2309
0.94 28.6427 3.36423 26.7044 16.9785 -29.11
0.9425 28.315 3.34818 26.351 17.1407 -28.9813
0.945 27.9881 3.32965 26.0008 17.2969 -28.8453
0.9475 27.6623 3.30875 25.6539 17.4471 -28.7022
0.95 27.3378 3.28561 25.3105 17.5915 -28.5524
0.9525 27.0149 3.26036 24.9709 17.7302 -28.3961
0.955 26.6937 3.2331 24.6352 17.8633 -28.2337
0.9575 26.3745 3.20397 24.3036 17.9909 -28.0654
0.96 26.0575 3.17309 23.9762 18.1132 -27.8915
0.9625 25.7429 3.14056 23.6531 18.2304 -27.7123
0.965 25.4308 3.10651 23.3345 18.3425 -27.528
0.9675 25.1215 3.07104 23.0205 18.4498 -27.3389
0.97 24.815 3.03427 22.7111 18.5523 -27.1452
0.9725 24.5116 2.9963 22.4065 18.6502 -26.947
0.975 24.2114 2.95723 22.1067 18.7437 -26.7447
0.9775 23.9145 2.91717 21.8118 18.833 -26.5383
0.98 23.621 2.87621 21.5219 18.9181 -26.3282
0.9825 23.3311 2.83445 21.2369 18.9993 -26.1144
0.985 23.0448 2.79196 20.9569 19.0767 -25.8971
0.9875 22.7623 2.74884 20.682 19.1504 -25.6765
0.99 22.4837 2.70518 20.4121 19.2207 -25.4528
0.9925 22.2089 2.66103 20.1473 19.2877 -25.226
0.995 21.9382 2.61649 19.8875 19.3515 -24.9963
0.9975 21.6715 2.57162 19.6328 19.4122 -24.7638
1 21.4089 2.52648 19.3832 19.4715 -24.5299
