0 17.5156 0.709748 16.7574 16.8083 -14.5179
0.0025 17.2184 0.685474 16.4767 16.7859 -14.2664
0.005 16.9312 0.662219 16.2053 16.7639 -14.0171
0.0075 16.6535 0.639928 15.9429 16.7425 -13.7719
0.01 16.3849 0.618552 15.6891 16.722 -13.5308
0.0125 16.1251 0.598042 15.4435 16.7021 -13.2936
0.015 15.8737 0.578355 15.2058 16.6828 -13.0601
0.0175 15.6303 0.559448 14.9757 16.6643 -12.8304
0.02 15.3947 0.541281 14.7529 16.6464 -12.6042
0.0225 15.1665 0.523818 14.5371 16.6291 -12.3814
0.025 14.9455 0.507024 14.3281 16.6124 -12.1619
0.0275 14.7313 0.490864 14.1256 16.5963 -11.9457
0.03 14.5238 0.475308 13.9293 16.5807 -11.7325
0.0325 14.3227 0.460327 13.739 16.5657 -11.5224
0.035 14.1277 0.445892 13.5546 16.5513 -11.3152
0.0375 13.9386 0.431977 13.3757 16.5374 -11.1108
0.04 13.7553 0.418557 13.2023 16.524 -10.9092
0.0425 13.5774 0.405609 13.034 16.5111 -10.7102
0.045 13.4049 0.393109 12.8708 16.4987 -10.5138
0.0475 13.2375 0.381038 12.7125 16.4868 -10.3198
0.05 13.075 0.369375 12.5588 16.4753 -10.1283
0.0525 12.9174 0.358101 12.4097 16.4644 -9.93902
0.055 12.7644 0.347198 12.2649 16.4538 -9.75202
0.0575 12.6158 0.336649 12.1244 16.4438 -9.56717
0.06 12.4716 0.326437 11.988 16.4342 -9.38442
0.0625 12.3316 0.316548 11.8556 16.425 -9.20369
0.065 12.1956 0.306967 11.7271 16.4162 -9.02491
0.0675 12.0636 0.29768 11.6022 16.4079 -8.84801
0.07 11.9354 0.288673 11.481 16.4 -8.67293
0.0725 11.8109 0.279934 11.3634 16.3925 -8.4996
0.075 11.69 0.271452 11.2491 16.3854 -8.32796
0.0775 11.5726 0.263214 11.1381 16.3787 -8.15795
0.08 11.4586 0.25521 11.0304 16.3725 -7.98952
0.0825 11.3479 0.247429 10.9258 16.3667 -7.82259
0.085 11.2403 0.239863 10.8243 16.3612 -7.65712
0.0875 11.1359 0.2325 10.7257 16.3562 -7.49305
0.09 11.0345 0.225333 10.63 16.3516 -7.33034
0.0925 10.936 0.218352 10.5371 16.3474 -7.16892
0.095 10.8404 0.21155 10.4469 16.3436 -7.00875
0.0975 10.7476 0.20492 10.3594 16.3402 -6.84979
0.1 10.6576 0.198452 10.2745 16.3373 -6.69199
0.1025 10.5702 0.192141 10.1921 16.3347 -6.53531
0.105 10.4853 0.185979 10.1122 16.3326 -6.3797
0.1075 10.4031 0.179961 10.0348 16.3309 -6.22514
0.11 10.3232 0.17408 9.95966 16.3296 -6.07158
0.1125 10.2458 0.16833 9.88685 16.3287 -5.919
0.115 10.1708 0.162705 9.8163 16.3283 -5.76736
0.1175 10.0981 0.157201 9.74796 16.3283 -5.61664
0.12 10.0276 0.151813 9.68178 16.3287 -5.46682
0.1225 9.95934 0.146534 9.61771 16.3296 -5.31788
0.125 9.89324 0.141362 9.55571 16.3309 -5.16981
0.1275 9.82926 0.136292 9.49574 16.3326 -5.0226
0.13 9.76737 0.13132 9.43776 16.3348 -4.87623
0.1325 9.7075 0.126441 9.38172 16.3375 -4.73072
0.135 9.64964 0.121653 9.3276 16.3406 -4.58606
0.1375 9.59374 0.116952 9.27535 16.3441 -4.44226
0.14 9.53976 0.112334 9.22495 16.3481 -4.29935
0.1425 9.48768 0.107798 9.17634 16.3526 -4.15732
0.145 9.43745 0.10334 9.12951 16.3575 -4.01622
0.1475 9.38904 0.0989577 9.08443 16.3628 -3.87607
0.15 9.34242 0.094649 9.04105 16.3687 -3.73691
0.1525 9.29757 0.0904118 8.99934 16.3749 -3.59879
0.155 9.25444 0.0862444 8.95929 16.3816 -3.46175
0.1575 9.21302 0.0821451 8.92086 16.3888 -3.32584
0.16 9.17327 0.0781126 8.88402 16.3964 -3.19114
0.1625 9.13517 0.0741458 8.84874 16.4044 -3.0577
0.165 9.09869 0.0702438 8.815 16.4129 -2.92559
0.1675 9.0638 0.0664058 8.78276 16.4217 -2.7949
0.17 9.03048 0.0626313 8.75201 16.431 -2.6657
0.1725 8.99869 0.0589203 8.72271 16.4406 -2.53809
0.175 8.96842 0.0552726 8.69483 16.4506 -2.41215
0.1775 8.93964 0.0516886 8.66835 16.461 -2.28799
0.18 8.91232 0.0481686 8.64324 16.4716 -2.16569
0.1825 8.88643 0.0447135 8.61947 16.4826 -2.04537
0.185 8.86196 0.0413241 8.59702 16.4939 -1.92712
0.1875 8.83887 0.0380018 8.57585 16.5054 -1.81106
0.19 8.81713 0.0347477 8.55594 16.5172 -1.6973
0.1925 8.79672 0.0315636 8.53726 16.5291 -1.58595
0.195 8.77762 0.0284515 8.51977 16.5412 -1.47712
0.1975 8.75978 0.0254134 8.50346 16.5534 -1.3709
0.2 8.74319 0.0224518 8.48828 16.5657 -1.26741
0.2025 8.72782 0.0195693 8.4742 16.5781 -1.16675
0.205 8.71362 0.0167688 8.4612 16.5904 -1.06906
0.2075 8.70057 0.0140533 8.44924 16.6026 -0.974413
0.21 8.68865 0.0114264 8.43828 16.6147 -0.882926
0.2125 8.6778 0.00889161 8.42829 16.6267 -0.794693
0.215 8.668 0.00645282 8.41923 16.6384 -0.70981
0.2175 8.65921 0.00411414 8.41107 16.6497 -0.628368
0.22 8.65139 0.00187999 8.40376 16.6608 -0.550453
0.2225 8.6445 -0.000245044 8.39728 16.6713 -0.476144
0.225 8.63849 -0.00225581 8.39156 16.6814 -0.405497
0.2275 8.63333 -0.00414668 8.38659 16.6908 -0.338508
0.23 8.62896 -0.00591012 8.3823 16.6996 -0.275062
0.2325 8.62534 -0.00753662 8.37865 16.7076 -0.214873
0.235 8.6224 -0.00901223 8.37559 16.7147 -0.15755
0.2375 8.62011 -0.0103224 8.37306 16.7208 -0.102946
0.24 8.61841 -0.0114555 8.37098 16.7258 -0.0520543
0.2425 8.61724 -0.0124247 8.36931 16.7296 -0.00828075
0.245 8.61655 -0.0132793 8.36801 16.732 0.0219821
0.2475 8.61627 -0.014129 8.36714 16.7333 0.0326877
0.25 8.61622 -0.0150342 8.36683 16.7335 0.0271834
0.2525 8.61627 -0.0159397 8.36714 16.7329 0.0216889
0.255 8.61654 -0.0167906 8.36801 16.7314 0.0324077
0.2575 8.61722 -0.0176472 8.3693 16.7287 0.0626716
0.26 8.61838 -0.0186192 8.37098 16.7247 0.106441
0.2625 8.62008 -0.0197566 8.37306 16.7194 0.15733
0.265 8.62236 -0.0210733 8.37559 16.713 0.211933
0.2675 8.62528 -0.0225577 8.37865 16.7055 0.269257
0.27 8.62889 -0.0241956 8.3823 16.6971 0.329445
0.2725 8.63325 -0.0259731 8.38659 16.6879 0.392892
0.275 8.6384 -0.0278808 8.39156 16.678 0.45988
0.2775 8.64439 -0.0299115 8.39728 16.6675 0.530527
0.28 8.65126 -0.0320596 8.40376 16.6564 0.604835
0.2825 8.65907 -0.03432 8.41107 16.6449 0.682749
0.285 8.66784 -0.0366885 8.41923 16.6329 0.764192
0.2875 8.67763 -0.0391605 8.42829 16.6207 0.849075
0.29 8.68845 -0.0417323 8.43828 16.6081 0.937308
0.2925 8.70036 -0.0444 8.44924 16.5954 1.02879
0.295 8.71339 -0.0471602 8.4612 16.5825 1.12344
0.2975 8.72756 -0.0500095 8.4742 16.5695 1.22113
0.3 8.74292 -0.0529449 8.48828 16.5565 1.32178
0.3025 8.75949 -0.0559637 8.50346 16.5435 1.42527
0.305 8.7773 -0.0590634 8.51977 16.5305 1.53149
0.3075 8.79638 -0.0622416 8.53726 16.5177 1.64034
0.31 8.81677 -0.0654962 8.55594 16.505 1.7517
0.3125 8.83848 -0.0688256 8.57585 16.4924 1.86546
0.315 8.86155 -0.072228 8.59702 16.4801 1.98152
0.3175 8.886 -0.0757023 8.61947 16.468 2.09976
0.32 8.91186 -0.0792471 8.64324 16.4562 2.22009
0.3225 8.93916 -0.0828618 8.66835 16.4447 2.34238
0.325 8.96792 -0.0865457 8.69483 16.4335 2.46655
0.3275 8.99816 -0.0902984 8.72271 16.4226 2.59249
0.33 9.02992 -0.0941198 8.75201 16.4121 2.7201
0.3325 9.06322 -0.0980099 8.78276 16.4019 2.84929
0.335 9.09808 -0.101969 8.815 16.3922 2.97999
0.3375 9.13453 -0.105998 8.84874 16.3828 3.11209
0.34 9.17261 -0.110097 8.88402 16.3738 3.24553
0.3425 9.21232 -0.114268 8.92086 16.3653 3.38024
0.345 9.25372 -0.118511 8.95929 16.3572 3.51614
0.3475 9.29681 -0.122828 8.99934 16.3495 3.65318
0.35 9.34164 -0.127221 9.04105 16.3423 3.79131
0.3525 9.38822 -0.131692 9.08443 16.3355 3.93046
0.355 9.4366 -0.136242 9.12951 16.3292 4.07061
0.3575 9.4868 -0.140875 9.17634 16.3233 4.21171
0.36 9.53885 -0.145592 9.22495 16.3179 4.35373
0.3625 9.5928 -0.150397 9.27535 16.3129 4.49665
0.365 9.64866 -0.155293 9.3276 16.3083 4.64045
0.3675 9.70649 -0.160282 9.38173 16.3042 4.78511
0.37 9.76632 -0.165369 9.43776 16.3006 4.93063
0.3725 9.82818 -0.170556 9.49574 16.2973 5.07699
0.375 9.89212 -0.175849 9.55571 16.2946 5.22421
0.3775 9.95818 -0.181251 9.61771 16.2922 5.37228
0.38 10.0264 -0.186766 9.68178 16.2903 5.52122
0.3825 10.0968 -0.1924 9.74796 16.2889 5.67104
0.385 10.1695 -0.198156 9.81631 16.2878 5.82175
0.3875 10.2445 -0.204042 9.88685 16.2872 5.97339
0.39 10.3219 -0.210061 9.95966 16.287 6.12598
0.3925 10.4017 -0.216219 10.0348 16.2872 6.27954
0.395 10.4839 -0.222524 10.1122 16.2879 6.4341
0.3975 10.5687 -0.22898 10.1921 16.2889 6.58971
0.4 10.656 -0.235595 10.2745 16.2904 6.74639
0.4025 10.7461 -0.242375 10.3594 16.2923 6.90419
0.405 10.8388 -0.249328 10.4469 16.2945 7.06316
0.4075 10.9344 -0.256462 10.5371 16.2972 7.22332
0.41 11.0328 -0.263785 10.63 16.3003 7.38474
0.4125 11.1341 -0.271304 10.7257 16.3038 7.54746
0.415 11.2385 -0.279029 10.8243 16.3076 7.71152
0.4175 11.346 -0.28697 10.9258 16.3119 7.877
0.42 11.4567 -0.295135 11.0304 16.3166 8.04392
0.4225 11.5706 -0.303535 11.1382 16.3217 8.21236
0.425 11.688 -0.31218 11.2491 16.3271 8.38237
0.4275 11.8088 -0.321083 11.3634 16.333 8.55401
0.43 11.9333 -0.330253 11.481 16.3393 8.72734
0.4325 12.0614 -0.339705 11.6022 16.346 8.90243
0.435 12.1933 -0.349451 11.7271 16.3531 9.07933
0.4375 12.3292 -0.359504 11.8556 16.3606 9.25811
0.44 12.4692 -0.369879 11.988 16.3685 9.43884
0.4425 12.6133 -0.38059 12.1244 16.3769 9.6216
0.445 12.7618 -0.391655 12.2649 16.3857 9.80644
0.4475 12.9147 -0.403089 12.4097 16.3949 9.99345
0.45 13.0723 -0.41491 12.5588 16.4045 10.1827
0.4525 13.2346 -0.427136 12.7125 16.4146 10.3743
0.455 13.4019 -0.439788 12.8708 16.4252 10.5682
0.4575 13.5744 -0.452886 13.034 16.4362 10.7647
0.46 13.7521 -0.466451 13.2023 16.4477 10.9636
0.4625 13.9354 -0.480506 13.3757 16.4597 11.1653
0.465 14.1244 -0.495077 13.5546 16.4722 11.3697
0.4675 14.3193 -0.510188 13.739 16.4852 11.5769
0.47 14.5203 -0.525866 13.9293 16.4987 11.787
0.4725 14.7277 -0.542141 14.1256 16.5128 12.0001
0.475 14.9417 -0.559042 14.3281 16.5274 12.2164
0.4775 15.1626 -0.576602 14.5371 16.5426 12.4358
0.48 15.3907 -0.594856 14.7529 16.5583 12.6586
0.4825 15.6262 -0.613838 14.9757 16.5747 12.8848
0.485 15.8694 -0.633588 15.2058 16.5916 13.1146
0.4875 16.1207 -0.654145 15.4435 16.6092 13.3481
0.49 16.3804 -0.675554 15.6891 16.6274 13.5853
0.4925 16.6488 -0.69786 15.9429 16.6463 13.8264
0.495 16.9264 -0.721112 16.2054 16.666 14.0716
0.4975 17.2134 -0.745361 16.4767 16.6863 14.3209
0.5 17.5104 -0.770663 16.7575 16.7073 14.5746
0.5025 17.8177 -0.797075 17.0479 16.7291 14.8327
0.505 18.1359 -0.824661 17.3486 16.7517 15.0954
0.5075 18.4654 -0.853486 17.6599 16.7751 15.3629
0.51 18.8066 -0.883622 17.9823 16.7994 15.6353
0.5125 19.1603 -0.915143 18.3163 16.8245 15.9128
0.515 19.5269 -0.948129 18.6624 16.8505 16.1955
0.5175 19.907 -0.982667 19.0214 16.8775 16.4837
0.52 20.3014 -1.01885 19.3936 16.9054 16.7774
0.5225 20.7106 -1.05676 19.7798 16.9342 17.077
0.525 21.1355 -1.09653 20.1807 16.9641 17.3825
0.5275 21.5767 -1.13824 20.5969 16.995 17.6943
0.53 22.0351 -1.18203 21.0292 17.027 18.0124
0.5325 22.5115 -1.22802 21.4785 17.0601 18.3372
0.535 23.007 -1.27634 21.9456 17.0944 18.6689
0.5375 23.5224 -1.32714 22.4314 17.1298 19.0076
0.54 24.0587 -1.38057 22.9368 17.1664 19.3536
0.5425 24.6171 -1.4368 23.4629 17.2043 19.7072
0.545 25.1988 -1.496 24.0108 17.2434 20.0686
0.5475 25.805 -1.55835 24.5817 17.2838 20.438
0.55 26.437 -1.62407 25.1767 17.3256 20.8158
0.5525 27.0962 -1.69335 25.7973 17.3687 21.2022
0.555 27.7841 -1.76644 26.4447 17.4131 21.5975
0.5575 28.5022 -1.84357 27.1205 17.459 22.0019
0.56 29.2524 -1.92501 27.8263 17.5063 22.4157
0.5625 30.0363 -2.01103 28.5637 17.5549 22.8393
0.565 30.8559 -2.10192 29.3346 17.6051 23.2729
0.5675 31.7133 -2.198 30.1408 17.6566 23.7169
0.57 32.6105 -2.2996 30.9845 17.7096 24.1715
0.5725 33.55 -2.40708 31.8677 17.764 24.637
0.575 34.534 -2.52081 32.7929 17.8197 25.1138
0.5775 35.5653 -2.64118 33.7624 17.8768 25.6021
0.58 36.6466 -2.76862 34.7789 17.9352 26.1022
0.5825 37.7809 -2.90358 35.8452 17.9949 26.6144
0.585 38.9712 -3.04651 36.9642 18.0557 27.1389
0.5875 40.2208 -3.1979 38.1392 18.1175 27.6761
0.59 41.5333 -3.35827 39.3734 18.1802 28.2262
0.5925 42.9124 -3.52814 40.6705 18.2437 28.7894
0.595 44.362 -3.70806 42.0342 18.3078 29.3659
0.5975 45.8861 -3.89861 43.4686 18.3723 29.9558
0.6 47.4892 -4.10036 44.9778 18.4369 30.5593
0.6025 49.1759 -4.31389 46.5664 18.5013 31.1765
0.605 50.9508 -4.53981 48.2391 18.5652 31.8073
0.6075 52.8191 -4.77871 50.0009 18.6282 32.4515
0.61 54.786 -5.03116 51.8571 18.69 33.109
0.6125 56.8568 -5.29772 53.813 18.75 33.7797
0.615 59.0373 -5.57893 55.8744 18.8075 34.4639
0.6175 61.333 -5.87516 58.0474 18.862 35.1611
0.62 63.75 -6.18693 60.3381 18.9126 35.8702
0.6225 66.2946 -6.51452 62.7527 18.9585 36.5903
0.625 68.9725 -6.85799 65.2977 18.9991 37.321
0.6275 71.7896 -7.2175 67.9799 19.0332 38.0614
0.63 74.7521 -7.5928 70.8059 19.0595 38.8099
0.6325 77.8656 -7.98356 73.7824 19.0769 39.5652
0.635 81.1356 -8.38914 76.9158 19.084 40.3255
0.6375 84.5673 -8.80863 80.2125 19.0794 41.0891
0.64 88.1652 -9.24072 83.6784 19.0614 41.8536
0.6425 91.933 -9.68373 87.3192 19.0283 42.6163
0.645 95.8737 -10.1355 91.1398 18.9782 43.3743
0.6475 99.9894 -10.5933 95.1441 18.9091 44.1243
0.65 104.28 -11.0539 99.3353 18.8189 44.8624
0.6525 108.746 -11.5135 103.715 18.7055 45.5843
0.655 113.383 -11.9674 108.283 18.5667 46.2854
0.6575 118.188 -12.4105 113.039 18.4 46.9606
0.66 123.153 -12.8368 117.978 18.2032 47.6039
0.6625 128.268 -13.2398 123.093 17.9741 48.2094
0.665 133.522 -13.6122 128.376 17.7103 48.77
0.6675 138.9 -13.9461 133.815 17.41 49.2788
0.67 144.383 -14.2334 139.395 17.0712 49.7277
0.6725 149.95 -14.4655 145.095 16.6924 50.1088
0.675 155.578 -14.6338 150.893 16.2724 50.4133
0.6775 161.238 -14.7299 156.762 15.8105 50.6323
0.68 166.901 -14.7458 162.673 15.3064 50.7567
0.6825 172.534 -14.6745 168.59 14.7605 50.7772
0.685 178.104 -14.5102 174.476 14.174 50.6844
0.6875 183.573 -14.2487 180.292 13.5486 50.4693
0.69 188.906 -13.8876 185.995 12.887 50.1231
0.6925 194.067 -13.4271 191.543 12.1926 49.6375
0.695 199.019 -12.8698 196.891 11.4695 49.0049
0.6975 203.73 -12.2212 201.998 10.7228 48.2186
0.7 208.169 -11.4897 206.824 9.95822 47.2732
0.7025 212.309 -10.6865 211.334 9.18191 46.1642
0.705 216.128 -9.82519 215.498 8.40062 44.8887
0.7075 219.611 -8.92174 219.29 7.62138 43.4453
0.71 222.746 -7.99373 222.694 6.85133 41.834
0.7125 225.53 -7.05978 225.701 6.09754 40.0563
0.715 227.965 -6.13884 228.311 5.36688 38.1154
0.7175 230.059 -5.24932 230.532 4.66579 36.0157
0.72 231.829 -4.40839 232.381 4.0002 33.7633
0.7225 233.294 -3.63118 233.881 3.37537 31.3651
0.725 234.48 -2.93018 235.064 2.79587 28.8295
0.7275 235.415 -2.3147 235.963 2.26551 26.1641
0.73 236.133 -1.79073 236.618 1.78733 23.3738
0.7325 236.665 -1.36072 237.07 1.36372 20.4591
0.735 237.046 -1.0238 237.361 0.99641 17.4128
0.7375 237.307 -0.77509 237.529 0.686409 14.1948
0.74 237.476 -0.605548 237.614 0.434016 10.7232
0.7425 237.577 -0.501272 237.649 0.239214 6.9984
0.745 237.63 -0.446131 237.661 0.101891 3.27759
0.7475 237.65 -0.422372 237.664 0.0218334 0.158714
0.75 237.653 -0.414812 237.665 0.00608503 0.0279451
0.7525 237.65 -0.407296 237.664 0.0474358 -0.103265
0.755 237.63 -0.383679 237.661 0.140198 -3.22231
0.7575 237.578 -0.328703 237.649 0.294881 -6.94344
0.76 237.478 -0.22458 237.614 0.511444 -10.6689
0.7625 237.31 -0.0550868 237.529 0.787098 -14.1404
0.765 237.051 0.193796 237.361 1.11996 -17.3584
0.7675 236.672 0.531246 237.07 1.50923 -20.4048
0.77 236.143 0.96228 236.618 1.95387 -23.3195
0.7725 235.429 1.48793 235.963 2.45213 -26.1098
0.775 234.498 2.10589 235.064 3.00162 -28.7752
0.7775 233.317 2.81031 233.881 3.59926 -31.3108
0.78 231.857 3.59201 232.381 4.24119 -33.709
0.7825 230.093 4.4386 230.532 4.92283 -35.9614
0.785 228.004 5.33507 228.311 5.63884 -38.0611
0.7875 225.576 6.2643 225.701 6.38327 -40.002
0.79 222.799 7.20791 222.694 7.14963 -41.7797
0.7925 219.67 8.14698 219.29 7.93104 -43.391
0.795 216.193 9.06287 215.498 8.7204 -44.8344
0.7975 212.38 9.93793 211.334 9.51058 -46.1099
0.8 208.245 10.7562 206.824 10.2946 -47.2189
0.8025 203.811 11.5038 201.998 11.0657 -48.1643
0.805 199.105 12.1696 196.891 11.8177 -48.9505
0.8075 194.157 12.7449 191.543 12.5449 -49.5831
0.81 189 13.2243 185.995 13.2425 -50.0688
0.8125 183.669 13.6049 180.292 13.9063 -50.415
0.815 178.202 13.8864 174.476 14.5328 -50.6301
0.8175 172.633 14.071 168.59 15.1197 -50.7228
0.82 167.001 14.1627 162.673 15.6651 -50.7024
0.8225 161.338 14.1673 156.762 16.1679 -50.578
0.825 155.677 14.0916 150.893 16.628 -50.359
0.8275 150.049 13.9436 145.095 17.0455 -50.0544
0.83 144.48 13.7314 139.395 17.4213 -49.6734
0.8325 138.995 13.4637 133.815 17.7566 -49.2244
0.835 133.615 13.1489 128.376 18.0531 -48.7157
0.8375 128.359 12.7952 123.093 18.3126 -48.155
0.84 123.241 12.4103 117.978 18.5372 -47.5496
0.8425 118.273 12.0015 113.039 18.7293 -46.9062
0.845 113.466 11.5753 108.284 18.891 -46.2311
0.8475 108.825 11.1376 103.715 19.0247 -45.5299
0.85 104.357 10.6937 99.3354 19.1329 -44.808
0.8525 100.063 10.248 95.1443 19.2177 -44.0699
0.855 95.9439 9.80454 91.14 19.2813 -43.3199
0.8575 92.0001 9.36647 87.3195 19.326 -42.5619
0.86 88.2293 8.93652 83.6787 19.3537 -41.7991
0.8625 84.6286 8.51687 80.2128 19.3663 -41.0346
0.865 81.1941 8.10925 76.9162 19.3655 -40.271
0.8675 77.9213 7.71495 73.7828 19.3529 -39.5105
0.87 74.8051 7.33495 70.8065 19.3302 -38.7551
0.8725 71.8401 6.96989 67.9805 19.2986 -38.0066
0.875 69.0205 6.62015 65.2983 19.2594 -37.2664
0.8775 66.3403 6.28591 62.7531 19.2137 -36.5357
0.88 63.7936 5.96716 60.3385 19.1626 -35.8156
0.8825 61.3743 5.66374 58.0479 19.107 -35.1068
0.885 59.0764 5.37537 55.8749 19.0477 -34.41
0.8875 56.8939 5.10168 53.8134 18.9854 -33.7259
0.89 54.8212 4.84223 51.8574 18.9208 -33.0547
0.8925 52.8525 4.59653 50.0012 18.8544 -32.3968
0.895 50.9825 4.36403 48.2393 18.7869 -31.7525
0.8975 49.206 4.14418 46.5666 18.7185 -31.1217
0.9 47.5178 3.93641 44.9779 18.6498 -30.5046
0.9025 45.9133 3.74015 43.4686 18.5809 -29.9011
0.905 44.3878 3.55482 42.0343 18.5123 -29.3112
0.9075 42.9369 3.37986 40.6705 18.4442 -28.7348
0.91 41.5566 3.21472 39.3734 18.3768 -28.1716
0.9125 40.243 3.05885 38.1392 18.3102 -27.6215
0.915 38.9923 2.91174 36.9642 18.2446 -27.0843
0.9175 37.8009 2.77289 35.8452 18.1801 -26.5597
0.92 36.6658 2.64182 34.7789 18.1169 -26.0475
0.9225 35.5835 2.51809 33.7624 18.055 -25.5475
0.925 34.5514 2.40125 32.7929 17.9945 -25.0592
0.9275 33.5665 2.2909 31.8677 17.9354 -24.5824
0.93 32.6264 2.18665 30.9845 17.8778 -24.1169
0.9325 31.7284 2.08813 30.1408 17.8217 -23.6623
0.935 30.8704 1.995 29.3345 17.767 -23.2184
0.9375 30.0501 1.90692 28.5637 17.7139 -22.7848
0.94 29.2656 1.8236 27.8262 17.6622 -22.3612
0.9425 28.5149 1.74475 27.1205 17.6121 -21.9473
0.945 27.7961 1.67008 26.4446 17.5634 -21.5429
0.9475 27.1077 1.59936 25.7972 17.5162 -21.1477
0.95 26.4481 1.53235 25.1767 17.4704 -20.7613
0.9525 25.8156 1.46881 24.5817 17.426 -20.3835
0.955 25.209 1.40854 24.0108 17.383 -20.0141
0.9575 24.6269 1.35135 23.4629 17.3414 -19.6527
0.96 24.0681 1.29705 22.9368 17.3011 -19.2991
0.9625 23.5314 1.24546 22.4313 17.262 -18.9531
0.965 23.0157 1.19644 21.9455 17.2242 -18.6144
0.9675 22.5199 1.14983 21.4785 17.1877 -18.2828
0.97 22.0431 1.10549 21.0292 17.1523 -17.958
0.9725 21.5844 1.06328 20.5968 17.1181 -17.6398
0.975 21.1429 1.02309 20.1806 17.085 -17.328
0.9775 20.7178 0.98479 19.7798 17.053 -17.0225
0.98 20.3083 0.948284 19.3936 17.0221 -16.7229
0.9825 19.9137 0.913466 19.0213 16.9921 -16.4291
0.985 19.5333 0.880242 18.6624 16.9632 -16.141
0.9875 19.1665 0.848522 18.3162 16.9352 -15.8583
0.99 18.8126 0.818224 17.9822 16.9082 -15.5808
0.9925 18.4711 0.789269 17.6598 16.882 -15.3084
0.995 18.1415 0.761583 17.3485 16.8568 -15.0409
0.9975 17.8231 0.735097 17.0479 16.8323 -14.7782
1 17.5156 0.709748 16.7574 16.8083 -14.5179
