0 0 25.4888 -3.46103 -0.153569 77.1708 -7.5667 -0.578055
0 0.05 26.4693 -3.2655 1.41385 77.9363 -7.27291 -1.82004
0 0.1 28.5485 -2.76182 3.48138 78.8561 -5.61561 -5.4868
0 0.15 30.8675 -1.99936 5.42525 79.812 -3.70357 -8.38493
0 0.2 32.6656 -1.05145 6.78802 80.5497 -1.88733 -10.2802
0 0.25 33.3347 -1.24277e-08 7.28109 80.8129 -2.96813e-08 -10.9595
0 0.3 32.6656 1.05145 6.78802 80.5497 1.88733 -10.2802
0 0.35 30.8675 1.99936 5.42525 79.812 3.70357 -8.38493
0 0.4 28.5484 2.76182 3.48138 78.8561 5.61561 -5.4868
0 0.45 26.4693 3.2655 1.41385 77.9363 7.27291 -1.82004
0 0.5 25.4888 3.46103 -0.153569 77.1708 7.5667 0.822488
0 0.55 25.3541 3.11271 -1.58254 76.3711 7.06139 3.07769
0 0.6 25.7536 2.38478 -3.26455 75.6838 5.37277 6.40505
0 0.65 26.5432 1.56458 -4.75558 75.267 3.26611 9.16011
0 0.7 27.2651 0.759813 -5.72007 75.1392 1.61608 10.8227
0 0.75 27.5451 3.32949e-08 -6.04937 75.1105 5.72766e-08 11.4604
0 0.8 27.2651 -0.759813 -5.72007 75.1392 -1.61608 10.8227
0 0.85 26.5432 -1.56458 -4.75558 75.267 -3.26611 9.16011
0 0.9 25.7536 -2.38478 -3.26455 75.6839 -5.37277 6.40505
0 0.95 25.3541 -3.11271 -1.58254 76.3711 -7.06139 3.07769
0 1 25.4888 -3.46103 -0.153569 77.1708 -7.5667 1.87081
0.05 0 25.3732 -3.02261 -0.252148 77.0827 -6.2866 0.663935
0.05 0.05 23.3323 -2.57033 1.14266 75.4266 -6.09943 -15.4543
0.05 0.1 21.4797 -1.81198 2.59553 73.3982 -4.69619 -30.8101
0.05 0.15 20.3257 -1.07254 3.74484 71.577 -2.87092 -43.0389
0.05 0.2 19.7334 -0.478916 4.42382 70.4183 -1.37834 -50.8584
0.05 0.25 19.5545 1.71384e-08 4.643 70.0286 1.09376e-08 -53.5717
0.05 0.3 19.7334 0.478916 4.42382 70.4183 1.37834 -50.8584
0.05 0.35 20.3257 1.07254 3.74484 71.577 2.87092 -43.0389
0.05 0.4 21.4797 1.81198 2.59553 73.3982 4.69619 -30.8101
0.05 0.45 23.3323 2.57033 1.14266 75.4266 6.09943 -15.4543
0.05 0.5 25.3732 3.02261 -0.252148 77.0827 6.2866 0.728689
0.05 0.55 28.0955 2.94098 -1.83152 78.3254 5.69322 17.0412
0.05 0.6 32.0416 2.55142 -3.92559 79.5103 4.15606 32.6466
0.05 0.65 35.8199 1.88146 -5.91459 80.5074 2.5665 45.0739
0.05 0.7 38.5163 0.989804 -7.31832 81.1394 1.27218 53.0438
0.05 0.75 39.4853 3.15044e-08 -7.81987 81.3413 1.66021e-08 55.829
0.05 0.8 38.5163 -0.989804 -7.31832 81.1394 -1.27218 53.0438
0.05 0.85 35.8199 -1.88146 -5.91459 80.5074 -2.5665 45.0739
0.05 0.9 32.0416 -2.55142 -3.92559 79.5104 -4.15606 32.6466
0.05 0.95 28.0955 -2.94098 -1.83152 78.3254 -5.69322 17.0412
0.05 1 25.3732 -3.02261 -0.252148 77.0827 -6.2866 0.663935
0.1 0 25.2799 -2.22938 -0.28056 76.9015 -4.30385 0.595353
0.1 0.05 20.399 -1.65665 0.909365 72.8743 -4.30178 -27.7165
0.1 0.1 15.6662 -0.961416 1.68904 67.8013 -3.45469 -53.5284
0.1 0.15 12.2237 -0.456643 2.02248 62.9635 -2.24032 -73.9677
0.1 0.2 10.2537 -0.161564 2.10101 59.552 -1.06047 -87.049
0.1 0.25 9.62272 2.2071e-08 2.09978 58.3307 3.24274e-08 -91.5588
0.1 0.3 10.2537 0.161564 2.10101 59.552 1.06047 -87.049
0.1 0.35 12.2237 0.456643 2.02248 62.9635 2.24032 -73.9677
0.1 0.4 15.6662 0.961416 1.68904 67.8013 3.45469 -53.5284
0.1 0.45 20.399 1.65665 0.909365 72.8743 4.30178 -27.7165
0.1 0.5 25.2799 2.22938 -0.28056 76.9015 4.30385 0.727886
0.1 0.55 31.0142 2.35515 -1.95686 80.0756 3.41179 29.4374
0.1 0.6 38.1001 2.15997 -4.11481 82.8771 2.10968 55.8251
0.1 0.65 44.6101 1.67451 -6.20435 84.9598 1.10433 76.8598
0.1 0.7 49.082 0.904281 -7.72461 86.153 0.466283 90.416
0.1 0.75 50.6535 -4.26147e-08 -8.27384 86.5269 -5.00824e-08 95.116
0.1 0.8 49.082 -0.904281 -7.72461 86.153 -0.466283 90.416
0.1 0.85 44.6101 -1.67451 -6.20435 84.9598 -1.10433 76.8598
0.1 0.9 38.1001 -2.15997 -4.11481 82.8771 -2.10968 55.8251
0.1 0.95 31.0142 -2.35515 -1.95686 80.0756 -3.41179 29.4374
0.1 1 25.2799 -2.22938 -0.28056 76.9015 -4.30385 0.595353
0.15 0 25.2373 -1.32919 -0.259326 76.6363 -2.05744 0.564639
0.15 0.05 17.8959 -0.896229 0.629856 70.468 -2.59952 -37.1413
0.15 0.1 11.6148 -0.454225 0.934481 63.012 -2.48745 -71.0882
0.15 0.15 7.37326 -0.21049 0.864706 55.7901 -2.05131 -97.8514
0.15 0.2 5.16524 -0.077451 0.730043 50.6336 -1.15436 -114.94
0.15 0.25 4.50284 1.22442e-08 0.670483 48.7776 5.6513e-08 -120.8
0.15 0.3 5.16524 0.077451 0.730043 50.6336 1.15436 -114.94
0.15 0.35 7.37326 0.21049 0.864705 55.7901 2.05131 -97.8514
0.15 0.4 11.6148 0.454225 0.934481 63.012 2.48745 -71.0882
0.15 0.45 17.8959 0.896229 0.629856 70.468 2.59952 -37.1413
0.15 0.5 25.2373 1.32919 -0.259326 76.6363 2.05744 0.686253
0.15 0.55 33.761 1.45335 -1.73409 81.6327 0.920547 38.7571
0.15 0.6 43.2729 1.31388 -3.60432 85.7266 -0.140366 73.3657
0.15 0.65 51.6352 0.972887 -5.36167 88.592 -0.625127 100.926
0.15 0.7 57.1236 0.503357 -6.56568 90.1395 -0.505184 118.625
0.15 0.75 59.0033 -1.35762e-07 -6.98853 90.6036 -8.77779e-08 124.718
0.15 0.8 57.1236 -0.503358 -6.56568 90.1395 0.505183 118.625
0.15 0.85 51.6352 -0.972887 -5.36167 88.592 0.625127 100.926
0.15 0.9 43.2729 -1.31388 -3.60432 85.7266 0.140366 73.3657
0.15 0.95 33.761 -1.45335 -1.73409 81.6327 -0.920547 38.7571
0.15 1 25.2373 -1.32919 -0.259326 76.6363 -2.05744 0.564639
0.2 0 25.2957 -0.328558 -0.156829 76.4678 0.315522 0.424541
0.2 0.05 16.2456 -0.270574 0.322773 68.7038 -0.877767 -42.8591
0.2 0.1 9.34673 -0.196111 0.368274 59.8901 -1.7439 -81.7738
0.2 0.15 5.18125 -0.145917 0.251515 51.6399 -2.10631 -112.482
0.2 0.2 3.23852 -0.0796731 0.155345 45.941 -1.47015 -132.061
0.2 0.25 2.72801 5.56277e-09 0.122568 44.0659 8.15948e-09 -138.751
0.2 0.3 3.23852 0.0796731 0.155345 45.941 1.47015 -132.061
0.2 0.35 5.18125 0.145917 0.251515 51.6399 2.10631 -112.482
0.2 0.4 9.34673 0.196111 0.368274 59.8901 1.7439 -81.7738
0.2 0.45 16.2456 0.270574 0.322772 68.7038 0.877767 -42.8591
0.2 0.5 25.2957 0.328558 -0.156829 76.4678 -0.315522 0.532786
0.2 0.55 35.8793 0.261926 -1.14116 82.863 -1.54736 44.1412
0.2 0.6 46.9453 0.148297 -2.4388 87.9183 -2.21356 83.659
0.2 0.65 56.2031 0.0472932 -3.60491 91.3905 -2.13149 115.037
0.2 0.7 61.774 -0.0310882 -4.25093 93.1964 -1.38554 134.942
0.2 0.75 63.449 -9.85731e-08 -4.39942 93.6914 -8.55184e-09 141.676
0.2 0.8 61.774 0.0310881 -4.25093 93.1964 1.38554 134.942
0.2 0.85 56.2031 -0.0472933 -3.60491 91.3905 2.13149 115.037
0.2 0.9 46.9453 -0.148297 -2.4388 87.9183 2.21356 83.659
0.2 0.95 35.8793 -0.261926 -1.14116 82.863 1.54736 44.1412
0.2 1 25.2957 -0.328558 -0.156829 76.4678 0.315522 0.424541
0.25 0 25.4251 0.707532 -0.0051773 76.4352 2.64206 0.270192
0.25 0.05 15.6578 0.281779 0.0155866 68.049 0.945083 -44.3466
0.25 0.1 8.66421 -0.00145602 -0.0544208 58.9804 -0.757455 -84.5533
0.25 0.15 4.67039 -0.0834019 -0.0790948 50.7929 -1.65708 -116.448
0.25 0.2 2.90775 -0.0474076 -0.0629222 45.3447 -1.22738 -136.973
0.25 0.25 2.48084 6.05114e-12 -0.0547051 43.6493 1.22706e-09 -144.063
0.25 0.3 2.90775 0.0474076 -0.0629222 45.3447 1.22738 -136.973
0.25 0.35 4.67039 0.0834019 -0.0790948 50.7929 1.65708 -116.448
0.25 0.4 8.66421 0.00145602 -0.0544208 58.9804 0.757455 -84.5533
0.25 0.45 15.6578 -0.281779 0.0155866 68.049 -0.945083 -44.3466
0.25 0.5 25.4251 -0.707532 -0.00517725 76.4352 -2.64206 0.341613
0.25 0.55 37.0068 -1.0692 -0.294629 83.5815 -3.78593 45.1727
0.25 0.6 48.7529 -1.16377 -0.857161 89.2709 -3.92871 85.7833
0.25 0.65 58.2232 -0.891351 -1.42031 93.2345 -3.18567 118.029
0.25 0.7 63.4826 -0.427796 -1.67157 95.3853 -1.88153 138.364
0.25 0.75 64.7616 2.64193e-08 -1.72771 96.0135 2.62284e-08 145.175
0.25 0.8 63.4826 0.427796 -1.67157 95.3853 1.88153 138.364
0.25 0.85 58.2232 0.891351 -1.42031 93.2345 3.18567 118.029
0.25 0.9 48.7529 1.16377 -0.857161 89.2709 3.92871 85.7833
0.25 0.95 37.0068 1.0692 -0.294629 83.5815 3.78593 45.1727
0.25 1 25.4251 0.707532 -0.0051773 76.4352 2.64206 0.270192
0.3 0 25.5802 1.68201 0.123954 76.5465 4.73926 0.189786
0.3 0.05 16.1665 0.840356 -0.302579 68.5717 2.8415 -41.4205
0.3 0.1 9.38223 0.224393 -0.461206 60.2248 0.594443 -79.0308
0.3 0.15 5.381 -0.0173305 -0.413901 52.8055 -0.841492 -108.968
0.3 0.2 3.51458 -0.0441017 -0.316658 47.8608 -0.969236 -128.286
0.3 0.25 2.99755 -4.17971e-09 -0.272463 46.2149 -2.85741e-08 -134.99
0.3 0.3 3.51458 0.0441017 -0.316658 47.8608 0.969236 -128.286
0.3 0.35 5.381 0.0173305 -0.413901 52.8055 0.841492 -108.968
0.3 0.4 9.38223 -0.224393 -0.461206 60.2247 -0.594443 -79.0308
0.3 0.45 16.1665 -0.840356 -0.302579 68.5717 -2.8415 -41.4205
0.3 0.5 25.5802 -1.68201 0.123954 76.5465 -4.73926 0.19915
0.3 0.55 36.9204 -2.32665 0.608594 83.684 -5.61104 41.8375
0.3 0.6 48.5763 -2.43023 0.865737 89.6349 -5.27093 79.5328
0.3 0.65 57.9819 -1.87675 0.861123 93.9272 -3.96434 109.56
0.3 0.7 63.2579 -0.920936 0.7883 96.4016 -2.1074 128.714
0.3 0.75 64.6035 1.42199e-07 0.768276 97.1821 1.21431e-07 135.231
0.3 0.8 63.2579 0.920937 0.7883 96.4016 2.1074 128.714
0.3 0.85 57.9819 1.87675 0.861122 93.9272 3.96434 109.56
0.3 0.9 48.5763 2.43023 0.865737 89.6349 5.27093 79.5328
0.3 0.95 36.9204 2.32665 0.608594 83.684 5.61104 41.8375
0.3 1 25.5802 1.68201 0.123954 76.5465 4.73926 0.189786
0.35 0 25.6859 2.49485 0.164331 76.751 6.39622 0.275612
0.35 0.05 17.6833 1.44395 -0.646448 70.0828 4.62255 -34.3512
0.35 0.1 11.5045 0.555219 -0.97448 63.2023 2.21106 -65.6089
0.35 0.15 7.58123 0.105791 -0.981764 57.1962 0.293705 -90.4374
0.35 0.2 5.6144 -0.0148862 -0.906774 53.2204 -0.35921 -106.393
0.35 0.25 5.03791 -1.24571e-08 -0.872525 51.8536 -4.49158e-08 -111.894
0.35 0.3 5.6144 0.0148862 -0.906774 53.2204 0.35921 -106.393
0.35 0.35 7.58123 -0.105791 -0.981764 57.1962 -0.293705 -90.4374
0.35 0.4 11.5045 -0.555219 -0.97448 63.2023 -2.21106 -65.6089
0.35 0.45 17.6833 -1.44395 -0.646448 70.0828 -4.62255 -34.3512
0.35 0.5 25.6859 -2.49485 0.164331 76.751 -6.39622 0.190422
0.35 0.55 35.5683 -3.24953 1.34909 83.1133 -6.86568 34.5617
0.35 0.6 46.3461 -3.38419 2.46829 88.8689 -6.13316 65.5606
0.35 0.65 55.4721 -2.72619 3.17547 93.2539 -4.51092 90.2824
0.35 0.7 61.0799 -1.45391 3.46625 95.8485 -2.32591 106.234
0.35 0.75 62.8315 2.48886e-07 3.52416 96.6797 1.80609e-07 111.75
0.35 0.8 61.0799 1.45391 3.46625 95.8485 2.32591 106.234
0.35 0.85 55.4721 2.72619 3.17547 93.2539 4.51092 90.2824
0.35 0.9 46.3461 3.38419 2.46829 88.8689 6.13316 65.5606
0.35 0.95 35.5683 3.24953 1.34909 83.1133 6.86568 34.5617
0.35 1 25.6859 2.49485 0.164331 76.751 6.39622 0.275612
0.4 0 25.7037 3.06524 0.0957511 76.9947 7.44672 0.518584
0.4 0.05 19.9827 2.08273 -1.0083 72.1808 6.0553 -23.7954
0.4 0.1 15.0646 1.06555 -1.64629 67.196 3.85029 -45.5241
0.4 0.15 11.7572 0.421421 -1.92131 63.0726 1.76675 -62.6777
0.4 0.2 10.0396 0.112977 -2.00663 60.5661 0.504555 -73.6959
0.4 0.25 9.52081 -2.85196e-08 -2.01474 59.7585 -9.23605e-08 -77.4874
0.4 0.3 10.0396 -0.112977 -2.00663 60.5661 -0.504556 -73.6959
0.4 0.35 11.7572 -0.421421 -1.92131 63.0726 -1.76675 -62.6777
0.4 0.4 15.0645 -1.06555 -1.64629 67.196 -3.85029 -45.5241
0.4 0.45 19.9827 -2.08273 -1.0083 72.1808 -6.0553 -23.7954
0.4 0.5 25.7037 -3.06524 0.0957511 76.9947 -7.44672 0.34361
0.4 0.55 33.0848 -3.66021 1.73739 81.8858 -7.46625 24.1327
0.4 0.6 42.0005 -3.75277 3.61191 86.83 -6.38884 45.3477
0.4 0.65 50.1061 -3.10831 5.17502 90.8749 -4.68525 62.1945
0.4 0.7 55.5636 -1.75668 6.15536 93.3836 -2.47003 73.0044
0.4 0.75 57.4606 2.09578e-07 6.48416 94.2133 1.92901e-07 76.7305
0.4 0.8 55.5636 1.75668 6.15536 93.3836 2.47003 73.0044
0.4 0.85 50.1061 3.10831 5.17502 90.8749 4.68525 62.1945
0.4 0.9 42.0005 3.75277 3.61191 86.8301 6.38884 45.3477
0.4 0.95 33.0848 3.66021 1.73739 81.8858 7.46625 24.1327
0.4 1 25.7037 3.06524 0.0957511 76.9947 7.44672 0.518584
0.45 0 25.6254 3.37718 -0.0366832 77.1708 7.83775 0.837263
0.45 0.05 22.672 2.70032 -1.32239 74.3266 6.96386 -10.904
0.45 0.1 19.9144 1.76346 -2.44067 71.4906 5.15737 -20.7926
0.45 0.15 18.1859 0.966094 -3.25665 69.352 2.95065 -28.4593
0.45 0.2 17.3342 0.399101 -3.71475 68.1742 1.31101 -33.4168
0.45 0.25 17.0896 -3.75296e-08 -3.85309 67.8277 -5.99035e-08 -35.0863
0.45 0.3 17.3342 -0.399101 -3.71475 68.1742 -1.31101 -33.4168
0.45 0.35 18.1859 -0.966094 -3.25665 69.352 -2.95065 -28.4593
0.45 0.4 19.9144 -1.76346 -2.44067 71.4906 -5.15737 -20.7926
0.45 0.45 22.672 -2.70032 -1.32239 74.3266 -6.96386 -10.904
0.45 0.5 25.6254 -3.37718 -0.0366832 77.1708 -7.83775 0.599829
0.45 0.55 29.8466 -3.60308 1.70902 80.1364 -7.56829 11.6288
0.45 0.6 35.7906 -3.48395 3.94909 83.4514 -6.14702 20.9659
0.45 0.65 41.5715 -2.82375 6.07117 86.4239 -4.38595 28.3489
0.45 0.7 45.705 -1.58875 7.58389 88.405 -2.30615 33.0163
0.45 0.75 47.1904 7.94798e-08 8.13236 89.0909 1.14382e-07 34.6029
0.45 0.8 45.705 1.58875 7.58389 88.405 2.30615 33.0163
0.45 0.85 41.5715 2.82375 6.07117 86.4239 4.38595 28.3489
0.45 0.9 35.7906 3.48395 3.94909 83.4514 6.14702 20.9659
0.45 0.95 29.8467 3.60308 1.70902 80.1364 7.56829 11.6288
0.45 1 25.6254 3.37718 -0.0366832 77.1708 7.83775 0.837263
0.5 0 25.4888 3.46103 -0.153569 77.1708 7.5667 0.883376
0.5 0.05 25.3541 3.11271 -1.58254 76.3711 7.06139 3.07314
0.5 0.1 25.7536 2.38478 -3.26455 75.6839 5.37277 6.16602
0.5 0.15 26.5432 1.56458 -4.75558 75.267 3.26611 8.73372
0.5 0.2 27.2651 0.759813 -5.72007 75.1392 1.61608 10.3181
0.5 0.25 27.5451 -7.33659e-09 -6.04937 75.1105 3.48192e-08 10.9159
0.5 0.3 27.2651 -0.759813 -5.72007 75.1392 -1.61608 10.3181
0.5 0.35 26.5432 -1.56458 -4.75558 75.267 -3.26611 8.73372
0.5 0.4 25.7536 -2.38478 -3.26455 75.6838 -5.37277 6.16602
0.5 0.45 25.3541 -3.11271 -1.58254 76.3711 -7.06139 3.07314
0.5 0.5 25.4888 -3.46102 -0.153569 77.1708 -7.5667 0.743374
0.5 0.55 26.4693 -3.2655 1.41385 77.9363 -7.2729 -1.8664
0.5 0.6 28.5484 -2.76182 3.48138 78.8561 -5.61561 -5.20444
0.5 0.65 30.8675 -1.99936 5.42525 79.812 -3.70357 -7.86496
0.5 0.7 32.6656 -1.05145 6.78802 80.5497 -1.88733 -9.6006
0.5 0.75 33.3347 -1.83508e-08 7.28109 80.8129 1.14209e-08 -10.222
0.5 0.8 32.6656 1.05145 6.78802 80.5497 1.88733 -9.6006
0.5 0.85 30.8675 1.99936 5.42525 79.812 3.70357 -7.86496
0.5 0.9 28.5485 2.76182 3.48138 78.8561 5.61561 -5.20444
0.5 0.95 26.4693 3.2655 1.41385 77.9363 7.27291 -1.8664
0.5 1 25.4888 3.46103 -0.153569 77.1708 7.5667 0.883376
0.55 0 25.3732 3.02261 -0.252148 77.0827 6.2866 0.663935
0.55 0.05 28.0955 2.94098 -1.83152 78.3254 5.69322 17.0412
0.55 0.1 32.0416 2.55142 -3.92559 79.5104 4.15606 32.6466
0.55 0.15 35.8199 1.88146 -5.91459 80.5074 2.5665 45.0739
0.55 0.2 38.5163 0.989804 -7.31832 81.1394 1.27218 53.0438
0.55 0.25 39.4853 5.41107e-08 -7.81987 81.3413 1.1613e-07 55.829
0.55 0.3 38.5163 -0.989804 -7.31832 81.1394 -1.27218 53.0438
0.55 0.35 35.8199 -1.88146 -5.91459 80.5074 -2.5665 45.0739
0.55 0.4 32.0416 -2.55142 -3.92559 79.5103 -4.15606 32.6466
0.55 0.45 28.0955 -2.94098 -1.83152 78.3254 -5.69322 17.0412
0.55 0.5 25.3732 -3.02261 -0.252148 77.0827 -6.2866 0.728689
0.55 0.55 23.3323 -2.57033 1.14266 75.4266 -6.09943 -15.4543
0.55 0.6 21.4797 -1.81198 2.59553 73.3982 -4.69619 -30.8101
0.55 0.65 20.3257 -1.07254 3.74484 71.577 -2.87092 -43.0389
0.55 0.7 19.7334 -0.478916 4.42382 70.4183 -1.37834 -50.8584
0.55 0.75 19.5545 -4.57609e-08 4.643 70.0286 -6.25474e-08 -53.5717
0.55 0.8 19.7334 0.478916 4.42382 70.4183 1.37834 -50.8584
0.55 0.85 20.3257 1.07254 3.74484 71.577 2.87092 -43.0389
0.55 0.9 21.4797 1.81198 2.59553 73.3982 4.69619 -30.8101
0.55 0.95 23.3323 2.57033 1.14266 75.4266 6.09943 -15.4543
0.55 1 25.3732 3.02261 -0.252148 77.0827 6.2866 0.663935
0.6 0 25.2799 2.22938 -0.28056 76.9015 4.30385 0.595353
0.6 0.05 31.0142 2.35515 -1.95686 80.0756 3.41179 29.4374
0.6 0.1 38.1001 2.15997 -4.11481 82.8771 2.10968 55.8251
0.6 0.15 44.6101 1.67451 -6.20435 84.9598 1.10433 76.8598
0.6 0.2 49.082 0.904281 -7.72461 86.153 0.466283 90.416
0.6 0.25 50.6535 1.00144e-07 -8.27384 86.5269 1.60934e-07 95.116
0.6 0.3 49.082 -0.904281 -7.72461 86.153 -0.466283 90.416
0.6 0.35 44.6101 -1.67451 -6.20435 84.9598 -1.10433 76.8598
0.6 0.4 38.1001 -2.15997 -4.11481 82.8771 -2.10968 55.8251
0.6 0.45 31.0142 -2.35515 -1.95686 80.0756 -3.41179 29.4374
0.6 0.5 25.2799 -2.22938 -0.28056 76.9015 -4.30385 0.727887
0.6 0.55 20.399 -1.65665 0.909365 72.8743 -4.30177 -27.7165
0.6 0.6 15.6662 -0.961416 1.68904 67.8013 -3.45469 -53.5284
0.6 0.65 12.2237 -0.456643 2.02248 62.9635 -2.24032 -73.9677
0.6 0.7 10.2537 -0.161564 2.10101 59.552 -1.06047 -87.049
0.6 0.75 9.62272 -3.35375e-08 2.09977 58.3307 -8.70693e-08 -91.5588
0.6 0.8 10.2537 0.161564 2.10101 59.552 1.06047 -87.049
0.6 0.85 12.2237 0.456643 2.02248 62.9635 2.24032 -73.9677
0.6 0.9 15.6662 0.961416 1.68904 67.8013 3.45469 -53.5284
0.6 0.95 20.399 1.65665 0.909365 72.8743 4.30178 -27.7165
0.6 1 25.2799 2.22938 -0.28056 76.9015 4.30385 0.595353
0.65 0 25.2373 1.32919 -0.259326 76.6363 2.05744 0.564639
0.65 0.05 33.761 1.45335 -1.73409 81.6327 0.920547 38.7571
0.65 0.1 43.2729 1.31388 -3.60432 85.7266 -0.140366 73.3657
0.65 0.15 51.6352 0.972887 -5.36167 88.592 -0.625127 100.926
0.65 0.2 57.1236 0.503358 -6.56568 90.1395 -0.505183 118.625
0.65 0.25 59.0033 9.65423e-08 -6.98853 90.6036 1.20364e-07 124.718
0.65 0.3 57.1236 -0.503357 -6.56568 90.1395 0.505183 118.625
0.65 0.35 51.6352 -0.972887 -5.36167 88.592 0.625128 100.926
0.65 0.4 43.2729 -1.31388 -3.60432 85.7266 0.140366 73.3657
0.65 0.45 33.761 -1.45335 -1.73409 81.6327 -0.920547 38.7571
0.65 0.5 25.2373 -1.32919 -0.259326 76.6363 -2.05744 0.686252
0.65 0.55 17.8959 -0.896229 0.629856 70.468 -2.59952 -37.1413
0.65 0.6 11.6148 -0.454225 0.934481 63.012 -2.48745 -71.0882
0.65 0.65 7.37326 -0.21049 0.864705 55.7901 -2.05131 -97.8514
0.65 0.7 5.16524 -0.077451 0.730043 50.6336 -1.15436 -114.94
0.65 0.75 4.50284 -1.44604e-08 0.670482 48.7776 -8.21083e-08 -120.8
0.65 0.8 5.16524 0.077451 0.730043 50.6336 1.15436 -114.94
0.65 0.85 7.37326 0.21049 0.864705 55.7901 2.05131 -97.8514
0.65 0.9 11.6148 0.454225 0.934481 63.012 2.48745 -71.0882
0.65 0.95 17.8959 0.896229 0.629856 70.468 2.59952 -37.1413
0.65 1 25.2373 1.32919 -0.259326 76.6363 2.05744 0.564639
0.7 0 25.2957 0.328558 -0.156829 76.4678 -0.315522 0.424541
0.7 0.05 35.8793 0.261926 -1.14116 82.863 -1.54736 44.1412
0.7 0.1 46.9453 0.148297 -2.4388 87.9183 -2.21356 83.659
0.7 0.15 56.2031 0.0472933 -3.60491 91.3905 -2.13149 115.037
0.7 0.2 61.774 -0.0310881 -4.25093 93.1964 -1.38554 134.942
0.7 0.25 63.449 4.93464e-08 -4.39942 93.6914 1.23861e-07 141.676
0.7 0.3 61.774 0.0310882 -4.25093 93.1964 1.38554 134.942
0.7 0.35 56.2031 -0.0472932 -3.60491 91.3905 2.13149 115.037
0.7 0.4 46.9453 -0.148297 -2.4388 87.9183 2.21356 83.659
0.7 0.45 35.8793 -0.261926 -1.14116 82.863 1.54736 44.1412
0.7 0.5 25.2957 -0.328558 -0.156829 76.4678 0.315522 0.532786
0.7 0.55 16.2456 -0.270574 0.322772 68.7038 -0.877767 -42.8591
0.7 0.6 9.34673 -0.196111 0.368274 59.8901 -1.7439 -81.7738
0.7 0.65 5.18125 -0.145917 0.251515 51.6399 -2.10631 -112.482
0.7 0.7 3.23852 -0.0796731 0.155345 45.941 -1.47015 -132.061
0.7 0.75 2.72801 -6.06132e-09 0.122568 44.0659 -1.43293e-07 -138.751
0.7 0.8 3.23852 0.0796731 0.155345 45.941 1.47015 -132.061
0.7 0.85 5.18125 0.145917 0.251515 51.6399 2.10631 -112.482
0.7 0.9 9.34673 0.196111 0.368274 59.8901 1.7439 -81.7738
0.7 0.95 16.2456 0.270574 0.322772 68.7038 0.877767 -42.8591
0.7 1 25.2957 0.328558 -0.156829 76.4678 -0.315522 0.424541
0.75 0 25.4251 -0.707532 -0.00517741 76.4352 -2.64206 0.270192
0.75 0.05 37.0068 -1.0692 -0.294629 83.5815 -3.78593 45.1727
0.75 0.1 48.7529 -1.16377 -0.857161 89.271 -3.92871 85.7833
0.75 0.15 58.2232 -0.891351 -1.42031 93.2345 -3.18567 118.029
0.75 0.2 63.4826 -0.427796 -1.67157 95.3853 -1.88153 138.364
0.75 0.25 64.7616 -1.16663e-08 -1.72771 96.0135 -3.10286e-08 145.175
0.75 0.3 63.4826 0.427796 -1.67157 95.3853 1.88153 138.364
0.75 0.35 58.2232 0.891351 -1.42031 93.2345 3.18567 118.029
0.75 0.4 48.7529 1.16377 -0.857161 89.2709 3.92871 85.7833
0.75 0.45 37.0068 1.0692 -0.294629 83.5815 3.78593 45.1727
0.75 0.5 25.4251 0.707532 -0.00517743 76.4352 2.64206 0.341613
0.75 0.55 15.6578 0.281779 0.0155865 68.049 0.945082 -44.3466
0.75 0.6 8.66421 -0.00145603 -0.0544208 58.9804 -0.757455 -84.5533
0.75 0.65 4.67039 -0.0834019 -0.0790948 50.7929 -1.65708 -116.448
0.75 0.7 2.90775 -0.0474076 -0.0629222 45.3447 -1.22738 -136.973
0.75 0.75 2.48084 4.75149e-10 -0.0547051 43.6493 1.38705e-08 -144.063
0.75 0.8 2.90775 0.0474076 -0.0629222 45.3447 1.22738 -136.973
0.75 0.85 4.67039 0.0834019 -0.0790949 50.7929 1.65708 -116.448
0.75 0.9 8.66421 0.00145602 -0.0544208 58.9804 0.757455 -84.5533
0.75 0.95 15.6578 -0.281779 0.0155865 68.049 -0.945083 -44.3466
0.75 1 25.4251 -0.707532 -0.00517741 76.4352 -2.64206 0.270192
0.8 0 25.5802 -1.68201 0.123954 76.5465 -4.73926 0.189786
0.8 0.05 36.9204 -2.32665 0.608594 83.684 -5.61104 41.8375
0.8 0.1 48.5763 -2.43023 0.865737 89.6349 -5.27093 79.5328
0.8 0.15 57.9819 -1.87675 0.861122 93.9272 -3.96434 109.56
0.8 0.2 63.2579 -0.920937 0.7883 96.4016 -2.1074 128.714
0.8 0.25 64.6035 -7.34197e-08 0.768276 97.1821 -1.17773e-07 135.231
0.8 0.3 63.2579 0.920937 0.7883 96.4016 2.1074 128.714
0.8 0.35 57.9819 1.87675 0.861122 93.9272 3.96434 109.56
0.8 0.4 48.5763 2.43023 0.865737 89.6349 5.27093 79.5328
0.8 0.45 36.9204 2.32665 0.608594 83.684 5.61104 41.8375
0.8 0.5 25.5802 1.68201 0.123954 76.5465 4.73926 0.19915
0.8 0.55 16.1665 0.840356 -0.302579 68.5717 2.8415 -41.4205
0.8 0.6 9.38223 0.224393 -0.461206 60.2247 0.594443 -79.0308
0.8 0.65 5.381 -0.0173305 -0.413901 52.8055 -0.841492 -108.968
0.8 0.7 3.51458 -0.0441017 -0.316658 47.8608 -0.969236 -128.286
0.8 0.75 2.99755 5.23141e-09 -0.272463 46.2149 1.41161e-07 -134.99
0.8 0.8 3.51458 0.0441017 -0.316658 47.8608 0.969236 -128.286
0.8 0.85 5.381 0.0173305 -0.413901 52.8055 0.841492 -108.968
0.8 0.9 9.38223 -0.224393 -0.461206 60.2247 -0.594443 -79.0308
0.8 0.95 16.1665 -0.840356 -0.302579 68.5717 -2.8415 -41.4205
0.8 1 25.5802 -1.68201 0.123954 76.5465 -4.73926 0.189786
0.85 0 25.6859 -2.49485 0.164331 76.751 -6.39622 0.275611
0.85 0.05 35.5683 -3.24953 1.34909 83.1133 -6.86568 34.5617
0.85 0.1 46.3461 -3.38419 2.46829 88.8689 -6.13316 65.5606
0.85 0.15 55.4721 -2.72619 3.17547 93.2539 -4.51092 90.2824
0.85 0.2 61.0799 -1.45391 3.46625 95.8485 -2.32591 106.234
0.85 0.25 62.8315 -1.37931e-07 3.52416 96.6797 -1.91158e-07 111.75
0.85 0.3 61.0799 1.45391 3.46625 95.8485 2.32591 106.234
0.85 0.35 55.4721 2.72619 3.17547 93.2539 4.51092 90.2824
0.85 0.4 46.3461 3.38419 2.46829 88.8689 6.13316 65.5606
0.85 0.45 35.5683 3.24953 1.34909 83.1133 6.86568 34.5617
0.85 0.5 25.6859 2.49485 0.164331 76.751 6.39622 0.190422
0.85 0.55 17.6833 1.44395 -0.646448 70.0828 4.62255 -34.3512
0.85 0.6 11.5045 0.555219 -0.97448 63.2023 2.21106 -65.6089
0.85 0.65 7.58123 0.105791 -0.981764 57.1962 0.293705 -90.4374
0.85 0.7 5.6144 -0.0148862 -0.906774 53.2204 -0.35921 -106.393
0.85 0.75 5.03791 1.30003e-08 -0.872525 51.8536 1.12755e-07 -111.894
0.85 0.8 5.6144 0.0148862 -0.906774 53.2204 0.35921 -106.393
0.85 0.85 7.58123 -0.105791 -0.981764 57.1962 -0.293705 -90.4374
0.85 0.9 11.5045 -0.555219 -0.974481 63.2023 -2.21106 -65.6089
0.85 0.95 17.6833 -1.44395 -0.646448 70.0828 -4.62255 -34.3512
0.85 1 25.6859 -2.49485 0.164331 76.751 -6.39622 0.275611
0.9 0 25.7037 -3.06524 0.095751 76.9947 -7.44672 0.518584
0.9 0.05 33.0848 -3.66021 1.73739 81.8858 -7.46625 24.1327
0.9 0.1 42.0005 -3.75277 3.61191 86.8301 -6.38884 45.3477
0.9 0.15 50.1061 -3.10831 5.17502 90.8749 -4.68525 62.1945
0.9 0.2 55.5636 -1.75668 6.15536 93.3836 -2.47003 73.0044
0.9 0.25 57.4606 -1.34012e-07 6.48416 94.2133 -1.66852e-07 76.7305
0.9 0.3 55.5636 1.75668 6.15536 93.3836 2.47003 73.0044
0.9 0.35 50.1061 3.10831 5.17502 90.8749 4.68525 62.1945
0.9 0.4 42.0005 3.75277 3.61191 86.83 6.38884 45.3477
0.9 0.45 33.0848 3.66021 1.73739 81.8858 7.46625 24.1327
0.9 0.5 25.7037 3.06524 0.095751 76.9947 7.44672 0.34361
0.9 0.55 19.9827 2.08273 -1.0083 72.1808 6.0553 -23.7954
0.9 0.6 15.0645 1.06555 -1.64629 67.196 3.85029 -45.5241
0.9 0.65 11.7572 0.421421 -1.92131 63.0726 1.76675 -62.6777
0.9 0.7 10.0396 0.112977 -2.00663 60.5661 0.504555 -73.6959
0.9 0.75 9.52081 1.809e-08 -2.01474 59.7585 5.29164e-08 -77.4874
0.9 0.8 10.0396 -0.112977 -2.00664 60.5661 -0.504555 -73.6959
0.9 0.85 11.7572 -0.421421 -1.92131 63.0726 -1.76675 -62.6777
0.9 0.9 15.0646 -1.06555 -1.64629 67.196 -3.85029 -45.5241
0.9 0.95 19.9827 -2.08273 -1.0083 72.1808 -6.0553 -23.7954
0.9 1 25.7037 -3.06524 0.095751 76.9947 -7.44672 0.518584
0.95 0 25.6254 -3.37718 -0.0366832 77.1708 -7.83775 0.837263
0.95 0.05 29.8467 -3.60308 1.70902 80.1364 -7.56829 11.6288
0.95 0.1 35.7906 -3.48395 3.94909 83.4514 -6.14702 20.9659
0.95 0.15 41.5715 -2.82375 6.07117 86.4239 -4.38595 28.3489
0.95 0.2 45.705 -1.58875 7.58389 88.405 -2.30615 33.0163
0.95 0.25 47.1904 -7.11e-08 8.13236 89.0909 -1.24817e-07 34.6029
0.95 0.3 45.705 1.58875 7.58389 88.405 2.30615 33.0163
0.95 0.35 41.5715 2.82375 6.07117 86.4239 4.38595 28.3489
0.95 0.4 35.7906 3.48395 3.94909 83.4514 6.14702 20.9659
0.95 0.45 29.8466 3.60308 1.70902 80.1364 7.56829 11.6288
0.95 0.5 25.6254 3.37718 -0.0366832 77.1708 7.83775 0.599829
0.95 0.55 22.672 2.70032 -1.32239 74.3266 6.96386 -10.904
0.95 0.6 19.9144 1.76346 -2.44067 71.4906 5.15737 -20.7926
0.95 0.65 18.1859 0.966094 -3.25665 69.352 2.95065 -28.4593
0.95 0.7 17.3342 0.399101 -3.71475 68.1742 1.31101 -33.4168
0.95 0.75 17.0896 1.96894e-08 -3.85309 67.8277 1.78054e-08 -35.0863
0.95 0.8 17.3342 -0.399101 -3.71475 68.1742 -1.31101 -33.4168
0.95 0.85 18.1859 -0.966094 -3.25665 69.352 -2.95065 -28.4593
0.95 0.9 19.9144 -1.76346 -2.44067 71.4906 -5.15737 -20.7926
0.95 0.95 22.672 -2.70032 -1.32239 74.3266 -6.96386 -10.904
0.95 1 25.6254 -3.37718 -0.0366832 77.1708 -7.83775 0.837263
1 0 25.4888 -3.46103 -0.153569 77.1708 -7.5667 -0.49139
1 0.05 26.4693 -3.2655 1.41385 77.9363 -7.27291 -1.82004
1 0.1 28.5485 -2.76182 3.48138 78.8561 -5.61561 -5.4868
1 0.15 30.8675 -1.99936 5.42525 79.812 -3.70357 -8.38493
1 0.2 32.6656 -1.05145 6.78802 80.5497 -1.88733 -10.2802
1 0.25 33.3347 -1.24277e-08 7.28109 80.8129 -2.96813e-08 -10.9595
1 0.3 32.6656 1.05145 6.78802 80.5497 1.88733 -10.2802
1 0.35 30.8675 1.99936 5.42525 79.812 3.70357 -8.38493
1 0.4 28.5484 2.76182 3.48138 78.8561 5.61561 -5.4868
1 0.45 26.4693 3.2655 1.41385 77.9363 7.27291 -1.82004
1 0.5 25.4888 3.46103 -0.153569 77.1708 7.5667 0.822488
1 0.55 25.3541 3.11271 -1.58254 76.3711 7.06139 3.07769
1 0.6 25.7536 2.38478 -3.26455 75.6838 5.37277 6.40505
1 0.65 26.5432 1.56458 -4.75558 75.267 3.26611 9.16011
1 0.7 27.2651 0.759813 -5.72007 75.1392 1.61608 10.8227
1 0.75 27.5451 3.32949e-08 -6.04937 75.1105 5.72766e-08 11.4604
1 0.8 27.2651 -0.759813 -5.72007 75.1392 -1.61608 10.8227
1 0.85 26.5432 -1.56458 -4.75558 75.267 -3.26611 9.16011
1 0.9 25.7536 -2.38478 -3.26455 75.6839 -5.37277 6.40505
1 0.95 25.3541 -3.11271 -1.58254 76.3711 -7.06139 3.07769
1 1 25.4888 -3.46103 -0.153569 77.1708 -7.5667 1.95748
