0 25.5895 1.71371 78.3179 -2.39923
0.0025 24.8099 1.66287 77.8415 -2.3839
0.005 24.0473 1.61262 77.237 -2.36818
0.0075 23.3017 1.563 76.6321 -2.35169
0.01 22.5731 1.51406 76.0269 -2.33444
0.0125 21.8613 1.46584 75.4216 -2.31646
0.015 21.1665 1.41837 74.8164 -2.29778
0.0175 20.4884 1.37168 74.2114 -2.2784
0.02 19.8271 1.32581 73.6068 -2.25836
0.0225 19.1823 1.28078 73.0028 -2.23769
0.025 18.554 1.23662 72.3995 -2.21639
0.0275 17.942 1.19335 71.7971 -2.19451
0.03 17.3462 1.15098 71.1957 -2.17205
0.0325 16.7664 1.10954 70.5956 -2.14905
0.035 16.2025 1.06904 69.9969 -2.12552
0.0375 15.6542 1.02949 69.3997 -2.1015
0.04 15.1213 0.990891 68.8043 -2.077
0.0425 14.6037 0.953263 68.2107 -2.05205
0.045 14.1012 0.916605 67.6192 -2.02667
0.0475 13.6134 0.88092 67.0299 -2.00088
0.05 13.1402 0.846209 66.443 -1.97471
0.0525 12.6813 0.812471 65.8586 -1.94818
0.055 12.2366 0.779703 65.2769 -1.92131
0.0575 11.8056 0.7479 64.6981 -1.89412
0.06 11.3883 0.717056 64.1223 -1.86664
0.0625 10.9842 0.687163 63.5496 -1.83888
0.065 10.5932 0.658212 62.9803 -1.81087
0.0675 10.215 0.630192 62.4145 -1.78263
0.07 9.84933 0.603092 61.8524 -1.75418
0.0725 9.49587 0.576899 61.294 -1.72554
0.075 9.15436 0.551599 60.7397 -1.69673
0.0775 8.82454 0.527177 60.1894 -1.66777
0.08 8.50612 0.503618 59.6434 -1.63867
0.0825 8.19883 0.480905 59.1018 -1.60947
0.085 7.90239 0.459022 58.5647 -1.58016
0.0875 7.61652 0.437949 58.0324 -1.55078
0.09 7.34095 0.41767 57.5049 -1.52133
0.0925 7.07539 0.398166 56.9824 -1.49184
0.095 6.81959 0.379416 56.4651 -1.46233
0.0975 6.57327 0.361403 55.9531 -1.4328
0.1 6.33615 0.344106 55.4464 -1.40327
0.1025 6.10799 0.327506 54.9454 -1.37375
0.105 5.8885 0.311582 54.45 -1.34427
0.1075 5.67745 0.296315 53.9605 -1.31483
0.11 5.47456 0.281684 53.4769 -1.28544
0.1125 5.2796 0.267669 52.9995 -1.25612
0.115 5.09231 0.254251 52.5283 -1.22688
0.1175 4.91246 0.24141 52.0634 -1.19773
0.12 4.7398 0.229125 51.605 -1.16868
0.1225 4.57411 0.217378 51.1533 -1.13974
0.125 4.41515 0.20615 50.7082 -1.11092
0.1275 4.2627 0.19542 50.27 -1.08222
0.13 4.11655 0.185171 49.8388 -1.05365
0.1325 3.97647 0.175384 49.4147 -1.02522
0.135 3.84228 0.16604 48.9978 -0.996943
0.1375 3.71376 0.157123 48.5882 -0.968814
0.14 3.59071 0.148615 48.186 -0.94084
0.1425 3.47295 0.140499 47.7913 -0.913027
0.145 3.36029 0.132758 47.4043 -0.885377
0.1475 3.25255 0.125375 47.0251 -0.857893
0.15 3.14955 0.118336 46.6537 -0.830576
0.1525 3.05113 0.111625 46.2903 -0.803428
0.155 2.95712 0.105226 45.935 -0.776449
0.1575 2.86737 0.0991256 45.5878 -0.74964
0.16 2.78172 0.0933088 45.2488 -0.722998
0.1625 2.70002 0.0877621 44.9183 -0.696522
0.165 2.62214 0.0824721 44.5962 -0.670209
0.1675 2.54793 0.0774257 44.2827 -0.644056
0.17 2.47727 0.0726103 43.9778 -0.618058
0.1725 2.41004 0.0680137 43.6816 -0.59221
0.175 2.3461 0.0636238 43.3944 -0.566507
0.1775 2.28535 0.0594292 43.116 -0.540941
0.18 2.22768 0.0554186 42.8467 -0.515503
0.1825 2.17298 0.051581 42.5866 -0.490186
0.185 2.12115 0.0479058 42.3357 -0.464979
0.1875 2.07211 0.0443827 42.0942 -0.439871
0.19 2.02576 0.0410017 41.8621 -0.414851
0.1925 1.98202 0.0377529 41.6396 -0.389905
0.195 1.94081 0.034627 41.4268 -0.365019
0.1975 1.90207 0.0316146 41.2238 -0.340179
0.2 1.86571 0.0287069 41.0307 -0.315369
0.2025 1.83169 0.0258953 40.8476 -0.290573
0.205 1.79993 0.0231715 40.6747 -0.265775
0.2075 1.7704 0.0205277 40.5121 -0.240958
0.21 1.74304 0.0179568 40.3599 -0.216108
0.2125 1.7178 0.0154519 40.2182 -0.19121
0.215 1.69465 0.0130072 40.0871 -0.166252
0.2175 1.67355 0.0106178 39.9667 -0.141227
0.22 1.65446 0.00828015 39.8572 -0.116128
0.2225 1.63734 0.00599172 39.7584 -0.0909657
0.225 1.62216 0.00375263 39.6704 -0.0657472
0.2275 1.60889 0.00156419 39.5932 -0.0404855
0.23 1.59746 -0.000567308 39.5266 -0.0151693
0.2325 1.58784 -0.00263398 39.4703 0.0101129
0.235 1.57996 -0.00462431 39.424 0.0350572
0.2375 1.57373 -0.00653261 39.3872 0.0594359
0.24 1.56905 -0.00833223 39.3598 0.0844993
0.2425 1.56578 -0.00995776 39.3404 0.112891
0.245 1.56376 -0.0113008 39.3259 0.142781
0.2475 1.56283 -0.0124471 39.3134 0.160153
0.25 1.56262 -0.0136246 39.3074 0.156295
0.2525 1.5628 -0.0148047 39.3127 0.15267
0.255 1.56369 -0.0159653 39.3242 0.170503
0.2575 1.56566 -0.0173374 39.3379 0.200991
0.26 1.56887 -0.0190136 39.3565 0.230261
0.2625 1.57348 -0.0208908 39.3831 0.256488
0.265 1.57964 -0.0229045 39.4191 0.282285
0.2675 1.58745 -0.0250294 39.4646 0.308901
0.27 1.59699 -0.027261 39.5201 0.336112
0.2725 1.60833 -0.029589 39.5858 0.363614
0.275 1.62153 -0.0320063 39.6622 0.391316
0.2775 1.63662 -0.0345075 39.7493 0.41923
0.28 1.65364 -0.0370917 39.8472 0.447343
0.2825 1.67264 -0.0397595 39.9559 0.475645
0.285 1.69365 -0.042514 40.0754 0.504126
0.2875 1.7167 -0.0453591 40.2056 0.532791
0.29 1.74184 -0.0483008 40.3464 0.561647
0.2925 1.76909 -0.0513452 40.4978 0.590706
0.295 1.79852 -0.0545001 40.6595 0.619979
0.2975 1.83016 -0.0577733 40.8315 0.649482
0.3 1.86407 -0.0611737 41.0136 0.679228
0.3025 1.9003 -0.0647104 41.2058 0.709234
0.305 1.93892 -0.0683932 41.4079 0.739514
0.3075 1.97999 -0.072232 41.6197 0.770082
0.31 2.02359 -0.0762373 41.8412 0.800952
0.3125 2.0698 -0.08042 42.0723 0.832135
0.315 2.11869 -0.0847912 42.3129 0.863644
0.3175 2.17036 -0.0893625 42.5627 0.895489
0.32 2.22489 -0.0941458 42.8218 0.927679
0.3225 2.28239 -0.0991534 43.0901 0.960222
0.325 2.34295 -0.104398 43.3674 0.993126
0.3275 2.40669 -0.109893 43.6536 1.0264
0.33 2.47373 -0.115651 43.9486 1.06004
0.3325 2.54417 -0.121688 44.2524 1.09406
0.335 2.61816 -0.128016 44.5648 1.12845
0.3375 2.6958 -0.134651 44.8858 1.16323
0.34 2.77725 -0.141609 45.2152 1.19839
0.3425 2.86264 -0.148904 45.553 1.23394
0.345 2.95212 -0.156555 45.899 1.26987
0.3475 3.04584 -0.164576 46.2531 1.30618
0.35 3.14395 -0.172986 46.6153 1.34287
0.3525 3.24663 -0.181803 46.9855 1.37994
0.355 3.35403 -0.191044 47.3635 1.41738
0.3575 3.46634 -0.200729 47.7492 1.45519
0.36 3.58373 -0.210877 48.1426 1.49337
0.3625 3.70638 -0.221507 48.5435 1.5319
0.365 3.83449 -0.23264 48.9518 1.57078
0.3675 3.96826 -0.244297 49.3674 1.61001
0.37 4.10787 -0.256499 49.7902 1.64958
0.3725 4.25355 -0.269268 50.2201 1.68947
0.375 4.4055 -0.282625 50.6569 1.72969
0.3775 4.56394 -0.296593 51.1006 1.77021
0.38 4.72908 -0.311195 51.551 1.81102
0.3825 4.90117 -0.326454 52.008 1.85212
0.385 5.08042 -0.342394 52.4714 1.8935
0.3875 5.26707 -0.359038 52.9412 1.93513
0.39 5.46138 -0.376411 53.4172 1.97701
0.3925 5.66357 -0.394535 53.8994 2.01913
0.395 5.87391 -0.413437 54.3874 2.06145
0.3975 6.09263 -0.43314 54.8813 2.10398
0.4 6.32001 -0.453669 55.3809 2.1467
0.4025 6.5563 -0.475048 55.8861 2.18958
0.405 6.80177 -0.497301 56.3966 2.23261
0.4075 7.05668 -0.520454 56.9125 2.27577
0.41 7.3213 -0.544529 57.4334 2.31905
0.4125 7.59591 -0.569551 57.9594 2.36242
0.415 7.88077 -0.595543 58.4902 2.40586
0.4175 8.17616 -0.622529 59.0258 2.44936
0.42 8.48236 -0.65053 59.5659 2.49288
0.4225 8.79964 -0.679569 60.1104 2.53642
0.425 9.12828 -0.709666 60.6591 2.57995
0.4275 9.46857 -0.740843 61.212 2.62344
0.43 9.82076 -0.773119 61.7688 2.66688
0.4325 10.1852 -0.806513 62.3295 2.71024
0.435 10.562 -0.841042 62.8937 2.75349
0.4375 10.9516 -0.876722 63.4615 2.79661
0.44 11.3542 -0.91357 64.0327 2.83958
0.4425 11.77 -0.951598 64.607 2.88237
0.445 12.1994 -0.990819 65.1843 2.92496
0.4475 12.6426 -1.03124 65.7645 2.96732
0.45 13.0998 -1.07288 66.3474 3.00943
0.4525 13.5713 -1.11574 66.9329 3.05125
0.455 14.0573 -1.15983 67.5207 3.09277
0.4575 14.5581 -1.20514 68.1108 3.13395
0.46 15.0738 -1.25168 68.7029 3.17477
0.4625 15.6048 -1.29946 69.297 3.21521
0.465 16.1511 -1.34846 69.8928 3.25523
0.4675 16.7131 -1.39868 70.4901 3.29481
0.47 17.2908 -1.45012 71.0888 3.33392
0.4725 17.8845 -1.50275 71.6888 3.37253
0.475 18.4944 -1.55658 72.2899 3.41062
0.4775 19.1205 -1.61158 72.8919 3.44815
0.48 19.763 -1.66773 73.4947 3.48511
0.4825 20.4221 -1.72502 74.098 3.52146
0.485 21.0978 -1.78341 74.7017 3.55718
0.4875 21.7903 -1.84287 75.3058 3.59224
0.49 22.4996 -1.90339 75.9099 3.62661
0.4925 23.2258 -1.96492 76.5139 3.66026
0.495 23.969 -2.02742 77.1177 3.69318
0.4975 24.729 -2.09085 77.7211 3.72532
0.5 25.5061 -2.15518 78.3239 3.75667
0.5025 26.3001 -2.22034 78.9261 3.7872
0.505 27.1111 -2.2863 79.5273 3.81689
0.5075 27.9389 -2.35299 80.1275 3.8457
0.51 28.7835 -2.42035 80.7264 3.87361
0.5125 29.6448 -2.48833 81.324 3.9006
0.515 30.5228 -2.55687 81.9201 3.92665
0.5175 31.4172 -2.62588 82.5145 3.95172
0.52 32.3279 -2.6953 83.107 3.9758
0.5225 33.2547 -2.76506 83.6975 3.99887
0.525 34.1974 -2.83507 84.2858 4.02089
0.5275 35.1559 -2.90526 84.8719 4.04185
0.53 36.1297 -2.97553 85.4554 4.06172
0.5325 37.1187 -3.04581 86.0363 4.08049
0.535 38.1226 -3.11601 86.6145 4.09813
0.5375 39.1409 -3.18602 87.1896 4.11462
0.54 40.1735 -3.25575 87.7617 4.12995
0.5425 41.2198 -3.3251 88.3306 4.14409
0.545 42.2796 -3.39398 88.896 4.15703
0.5475 43.3523 -3.46228 89.458 4.16875
0.55 44.4375 -3.52988 90.0162 4.17922
0.5525 45.5348 -3.5967 90.5706 4.18844
0.555 46.6436 -3.6626 91.121 4.19639
0.5575 47.7634 -3.7275 91.6673 4.20305
0.56 48.8937 -3.79126 92.2094 4.20841
0.5625 50.0339 -3.85377 92.747 4.21246
0.565 51.1833 -3.91493 93.2801 4.21518
0.5675 52.3414 -3.97462 93.8085 4.21655
0.57 53.5076 -4.03271 94.332 4.21658
0.5725 54.6811 -4.0891 94.8507 4.21524
0.575 55.8612 -4.14366 95.3642 4.21253
0.5775 57.0473 -4.19628 95.8725 4.20844
0.58 58.2386 -4.24684 96.3754 4.20295
0.5825 59.4344 -4.29522 96.8729 4.19607
0.585 60.6339 -4.34131 97.3647 4.18779
0.5875 61.8363 -4.385 97.8508 4.17809
0.59 63.0408 -4.42617 98.331 4.16698
0.5925 64.2465 -4.46471 98.8052 4.15444
0.595 65.4526 -4.50051 99.2734 4.14048
0.5975 66.6583 -4.53346 99.7352 4.1251
0.6 67.8627 -4.56347 100.191 4.10829
0.6025 69.0649 -4.59042 100.64 4.09004
0.605 70.2639 -4.61423 101.082 4.07037
0.6075 71.459 -4.63479 101.518 4.04927
0.61 72.649 -4.65201 101.947 4.02674
0.6125 73.8332 -4.66581 102.369 4.00279
0.615 75.0106 -4.6761 102.784 3.97741
0.6175 76.1802 -4.68281 103.191 3.95062
0.62 77.3411 -4.68586 103.592 3.92242
0.6225 78.4922 -4.68518 103.985 3.89281
0.625 79.6328 -4.68071 104.371 3.8618
0.6275 80.7617 -4.6724 104.749 3.8294
0.63 81.8781 -4.6602 105.119 3.79563
0.6325 82.9809 -4.64405 105.482 3.76048
0.635 84.0693 -4.62393 105.837 3.72397
0.6375 85.1422 -4.5998 106.183 3.68612
0.64 86.1988 -4.57165 106.522 3.64693
0.6425 87.2381 -4.53946 106.853 3.60643
0.645 88.2591 -4.50323 107.175 3.56462
0.6475 89.2611 -4.46295 107.49 3.52152
0.65 90.243 -4.41865 107.795 3.47715
0.6525 91.2041 -4.37034 108.093 3.43153
0.655 92.1435 -4.31805 108.382 3.38469
0.6575 93.0603 -4.26183 108.662 3.33663
0.66 93.9537 -4.20174 108.934 3.28739
0.6625 94.823 -4.13782 109.197 3.23699
0.665 95.6675 -4.07017 109.451 3.18545
0.6675 96.4864 -3.99886 109.697 3.1328
0.67 97.279 -3.92399 109.933 3.07908
0.6725 98.0448 -3.84567 110.161 3.0243
0.675 98.7831 -3.76404 110.38 2.96851
0.6775 99.4934 -3.67921 110.59 2.91173
0.68 100.175 -3.59135 110.791 2.854
0.6825 100.828 -3.50061 110.984 2.79536
0.685 101.452 -3.40718 111.167 2.73585
0.6875 102.045 -3.31124 111.342 2.6755
0.69 102.609 -3.21299 111.507 2.61436
0.6925 103.143 -3.11267 111.664 2.55246
0.695 103.647 -3.0105 111.812 2.48987
0.6975 104.12 -2.90674 111.952 2.42661
0.7 104.563 -2.80164 112.083 2.36276
0.7025 104.976 -2.6955 112.205 2.29836
0.705 105.359 -2.58859 112.319 2.2335
0.7075 105.712 -2.48121 112.424 2.16825
0.71 106.036 -2.37369 112.522 2.10269
0.7125 106.331 -2.26634 112.611 2.03691
0.715 106.598 -2.1595 112.693 1.97091
0.7175 106.837 -2.05354 112.767 1.90465
0.72 107.05 -1.94887 112.834 1.83789
0.7225 107.237 -1.84598 112.893 1.77021
0.725 107.399 -1.74546 112.945 1.70097
0.7275 107.538 -1.64803 112.991 1.62946
0.73 107.655 -1.5545 113.031 1.55512
0.7325 107.75 -1.46569 113.066 1.47811
0.735 107.826 -1.38224 113.098 1.40003
0.7375 107.883 -1.30426 113.128 1.3247
0.74 107.924 -1.23106 113.156 1.25846
0.7425 107.949 -1.16079 113.183 1.20939
0.745 107.963 -1.09087 113.207 1.18452
0.7475 107.968 -1.01893 113.225 1.18503
0.75 107.969 -0.945366 113.232 1.20236
0.7525 107.969 -0.871786 113.228 1.21978
0.755 107.966 -0.799579 113.213 1.22055
0.7575 107.955 -0.729343 113.192 1.19583
0.76 107.932 -0.658822 113.167 1.14654
0.7625 107.894 -0.585332 113.141 1.07958
0.765 107.84 -0.506908 113.114 1.00304
0.7675 107.768 -0.42271 113.085 0.923336
0.77 107.676 -0.332776 113.052 0.844347
0.7725 107.563 -0.237682 113.015 0.767734
0.775 107.428 -0.138218 112.972 0.693696
0.7775 107.27 -0.0351799 112.922 0.621702
0.78 107.087 0.0707248 112.866 0.551025
0.7825 106.879 0.178912 112.802 0.481029
0.785 106.644 0.288901 112.731 0.411283
0.7875 106.382 0.400286 112.652 0.341564
0.79 106.091 0.51271 112.565 0.2718
0.7925 105.772 0.625843 112.47 0.202017
0.795 105.424 0.739369 112.367 0.132285
0.7975 105.046 0.852982 112.256 0.0626898
0.8 104.638 0.966385 112.136 -0.00668653
0.8025 104.199 1.07929 112.008 -0.0757709
0.805 103.731 1.19142 111.871 -0.1445
0.8075 103.232 1.30251 111.726 -0.212818
0.81 102.703 1.41231 111.571 -0.280674
0.8125 102.143 1.52057 111.408 -0.348023
0.815 101.554 1.62708 111.236 -0.414818
0.8175 100.935 1.73162 111.055 -0.481018
0.82 100.287 1.83399 110.865 -0.546581
0.8225 99.609 1.93401 110.666 -0.611466
0.825 98.9029 2.03151 110.459 -0.675635
0.8275 98.1686 2.12632 110.242 -0.739052
0.83 97.4067 2.2183 110.016 -0.80168
0.8325 96.6179 2.30732 109.782 -0.863486
0.835 95.8026 2.39325 109.539 -0.924438
0.8375 94.9616 2.47598 109.287 -0.984504
0.84 94.0956 2.5554 109.026 -1.04366
0.8425 93.2054 2.63144 108.756 -1.10187
0.845 92.2916 2.70402 108.478 -1.15911
0.8475 91.3551 2.77306 108.191 -1.21535
0.85 90.3967 2.8385 107.895 -1.27058
0.8525 89.4173 2.90031 107.591 -1.32477
0.855 88.4177 2.95844 107.279 -1.37789
0.8575 87.3988 3.01286 106.958 -1.42993
0.86 86.3615 3.06356 106.629 -1.48087
0.8625 85.3068 3.11051 106.292 -1.53069
0.865 84.2355 3.15373 105.947 -1.57937
0.8675 83.1486 3.1932 105.594 -1.6269
0.87 82.0471 3.22895 105.233 -1.67326
0.8725 80.9319 3.26099 104.864 -1.71844
0.875 79.8039 3.28935 104.487 -1.76243
0.8775 78.6642 3.31406 104.103 -1.8052
0.88 77.5136 3.33516 103.711 -1.84676
0.8825 76.3533 3.35269 103.312 -1.88709
0.885 75.184 3.36671 102.906 -1.92618
0.8875 74.0068 3.37727 102.492 -1.96402
0.89 72.8226 3.38444 102.071 -2.00061
0.8925 71.6323 3.38828 101.643 -2.03594
0.895 70.437 3.38885 101.209 -2.07
0.8975 69.2375 3.38625 100.767 -2.10279
0.9 68.0347 3.38053 100.319 -2.13431
0.9025 66.8296 3.3718 99.8643 -2.16454
0.905 65.623 3.36012 99.4032 -2.1935
0.9075 64.4159 3.3456 98.9358 -2.22117
0.91 63.209 3.32832 98.4623 -2.24756
0.9125 62.0033 3.30837 97.9827 -2.27267
0.915 60.7995 3.28587 97.4972 -2.29649
0.9175 59.5986 3.26089 97.0058 -2.31904
0.92 58.4012 3.23355 96.5088 -2.3403
0.9225 57.2082 3.20394 96.0063 -2.36029
0.925 56.0203 3.17217 95.4983 -2.37901
0.9275 54.8382 3.13835 94.9851 -2.39647
0.93 53.6628 3.10257 94.4667 -2.41266
0.9325 52.4946 3.06494 93.9433 -2.4276
0.935 51.3343 3.02557 93.4151 -2.44129
0.9375 50.1826 2.98457 92.882 -2.45375
0.94 49.0402 2.94203 92.3444 -2.46497
0.9425 47.9076 2.89807 91.8024 -2.47497
0.945 46.7854 2.85278 91.256 -2.48376
0.9475 45.6741 2.80628 90.7054 -2.49135
0.95 44.5743 2.75866 90.1509 -2.49775
0.9525 43.4866 2.71003 89.5924 -2.50297
0.955 42.4113 2.66048 89.0302 -2.50703
0.9575 41.3489 2.61011 88.4644 -2.50993
0.96 40.2999 2.55903 87.8952 -2.5117
0.9625 39.2647 2.50731 87.3226 -2.51235
0.965 38.2436 2.45507 86.747 -2.51188
0.9675 37.2371 2.40238 86.1683 -2.51033
0.97 36.2453 2.34934 85.5868 -2.5077
0.9725 35.2687 2.29603 85.0027 -2.50401
0.975 34.3076 2.24253 84.416 -2.49928
0.9775 33.3621 2.18893 83.827 -2.49352
0.98 32.4326 2.13531 83.2357 -2.48676
0.9825 31.5192 2.08173 82.6424 -2.47901
0.985 30.6221 2.02827 82.0472 -2.4703
0.9875 29.7414 1.975 81.4503 -2.46063
0.99 28.8774 1.92198 80.8518 -2.45004
0.9925 28.0301 1.86929 80.2519 -2.43854
0.995 27.1997 1.81698 79.6508 -2.42616
0.9975 26.3861 1.7651 79.0486 -2.41291
1 25.5895 1.71371 78.573 -2.39923
