0 0 0 0.644603 -7.82099
0.0025 9.64809e-08 -4.31265e-08 1.17657 0.154515
0.005 3.59769e-08 6.13614e-10 0.950155 0.0777187
0.0075 -3.28765e-09 -1.06429e-08 0.638607 -0.0456065
0.01 8.44608e-08 -2.29572e-08 1.10149 1.62883
0.0125 -1.86047e-08 2.11017e-09 0.239242 -1.45221
0.015 6.57443e-08 -2.28875e-08 1.50622 0.505419
0.0175 3.84987e-06 -1.93367e-06 3.29975 1.54229
0.02 4.84187e-05 -2.88303e-05 5.78675 3.03897
0.0225 0.00034649 -0.000235807 9.10265 5.12642
0.025 0.00181686 -0.00138003 13.3845 7.89691
0.0275 0.00733101 -0.00602688 18.4357 11.372
0.03 0.0234916 -0.0203116 24.1216 15.5008
0.0325 0.062073 -0.0553038 29.9409 20.0403
0.035 0.139593 -0.126614 35.9371 25.2382
0.0375 0.275498 -0.251425 41.3176 30.4881
0.04 0.491967 -0.447745 46.245 35.3354
0.0425 0.804582 -0.732173 49.2584 42.1931
0.045 1.21608 -1.10334 53.4428 46.5302
0.0475 1.72981 -1.56038 56.4599 51.4667
0.05 2.34344 -2.09788 59.628 54.9396
0.0525 3.04698 -2.70721 62.2391 58.6261
0.055 3.82673 -3.37588 64.9603 61.8001
0.0575 4.66243 -4.08674 67.372 65.7737
0.06 5.5282 -4.81409 69.8545 69.2775
0.0625 6.41666 -5.53092 72.6287 71.3411
0.065 7.33119 -6.23755 74.6851 73.9833
0.0675 8.25195 -6.92191 76.9142 76.2084
0.07 9.16279 -7.57366 78.9163 78.8816
0.0725 10.0522 -8.18096 81.0161 81.4796
0.075 10.9102 -8.73403 82.9609 84.5589
0.0775 11.7293 -9.22317 84.9231 87.4419
0.08 12.5021 -9.63771 86.6523 90.711
0.0825 13.2373 -9.97048 87.9606 93.1667
0.085 13.9435 -10.2332 89.7362 94.4854
0.0875 14.6174 -10.4312 91.3041 95.8166
0.09 15.2582 -10.5705 93.0307 96.2229
0.0925 15.8678 -10.6566 94.6264 96.5434
0.095 16.448 -10.6952 96.3496 95.9148
0.0975 17.0017 -10.6924 97.9845 95.2312
0.1 17.5321 -10.655 99.7737 93.4941
0.1025 18.0381 -10.5893 101.641 92.0162
0.105 18.5205 -10.4964 103.439 89.8503
0.1075 18.9834 -10.379 105.231 87.6016
0.11 19.4298 -10.2403 107.077 84.3304
0.1125 19.8626 -10.0839 108.903 81.2639
0.115 20.2837 -9.91335 110.772 76.8023
0.1175 20.6954 -9.73289 112.548 73.1718
0.12 21.1 -9.54776 114.881 65.9324
0.1225 21.4932 -9.36246 120.637 57.266
0.125 21.8746 -9.17496 123.18 55.0288
0.1275 22.2458 -8.98527 126.322 50.1613
0.13 22.6076 -8.79374 128.593 48.4745
0.1325 22.9594 -8.60123 131.233 44.6442
0.135 23.3002 -8.40851 133.346 43.6579
0.1375 23.6288 -8.21598 135.687 40.6496
0.14 23.9432 -8.02297 137.616 40.8044
0.1425 24.2457 -7.82877 138.896 39.2535
0.145 24.5356 -7.63634 140.417 38.517
0.1475 24.8115 -7.44718 141.913 36.7543
0.15 25.072 -7.26216 143.292 36.7237
0.1525 25.3168 -7.08152 144.639 35.407
0.155 25.5454 -6.90519 145.875 36.2934
0.1575 25.7578 -6.7327 147.097 35.4497
0.16 25.9542 -6.56328 148.134 38.5573
0.1625 26.1352 -6.39593 146.662 42.1929
0.165 26.3015 -6.22923 146.713 42.2076
0.1675 26.4544 -6.06157 146.352 43.4957
0.17 26.5956 -5.8911 146.338 43.4569
0.1725 26.7272 -5.71593 146.013 44.1694
0.175 26.8519 -5.53432 145.848 43.8948
0.1775 26.9722 -5.34481 145.455 43.956
0.18 27.0908 -5.14582 145.128 43.4332
0.1825 27.2144 -4.93707 144.128 42.3138
0.185 27.345 -4.7235 143.48 39.1383
0.1875 27.4846 -4.51062 142.626 36.6952
0.19 27.6352 -4.30471 141.869 32.6579
0.1925 27.7993 -4.113 140.978 29.4612
0.195 27.9783 -3.94348 140.088 24.5599
0.1975 28.1746 -3.80507 139.098 20.9202
0.2 28.3915 -3.70916 137.971 13.9531
0.2025 28.6236 -3.6668 139.72 7.8399
0.205 28.8685 -3.67699 140.024 6.91263
0.2075 29.1279 -3.73974 140.588 3.96871
0.21 29.4023 -3.8546 140.904 3.5486
0.2125 29.6914 -4.02084 141.495 1.31823
0.215 29.9946 -4.23645 142.081 1.45911
0.2175 30.3114 -4.49878 142.931 -0.116796
0.22 30.6415 -4.80462 143.928 1.04914
0.2225 30.9825 -5.15013 144.673 1.50436
0.225 31.3301 -5.52684 145.747 3.38054
0.2275 31.6822 -5.92589 146.981 4.37828
0.23 32.0369 -6.33773 148.357 7.45243
0.2325 32.3915 -6.75188 149.797 9.41155
0.235 32.744 -7.15749 151.34 13.6708
0.2375 33.0913 -7.54212 152.879 16.2515
0.24 33.4288 -7.89016 154.58 22.419
0.2425 33.7648 -8.18559 153.835 26.9117
0.245 34.118 -8.43873 154.193 27.3287
0.2475 34.4864 -8.65588 154.24 29.0162
0.25 34.8688 -8.84295 154.545 28.849
0.2525 35.2664 -9.00534 154.618 29.6493
0.255 35.6793 -9.14913 154.794 28.8637
0.2575 36.1086 -9.28105 154.808 29.0441
0.26 36.5562 -9.40992 154.864 27.2237
0.2625 37.0165 -9.54454 155.882 26.1973
0.265 37.4832 -9.68259 156.356 26.6026
0.2675 37.9577 -9.82453 156.87 26.4891
0.27 38.4405 -9.97108 157.248 26.8751
0.2725 38.931 -10.1236 157.666 26.8183
0.275 39.4287 -10.2832 158.006 27.1829
0.2775 39.9331 -10.451 158.378 27.1468
0.28 40.4436 -10.6283 158.692 27.4936
0.2825 40.9587 -10.8161 159.065 27.5801
0.285 41.4763 -11.0134 159.372 28.1141
0.2875 41.9961 -11.2194 159.722 28.2533
0.29 42.5172 -11.4332 160.008 28.7659
0.2925 43.0389 -11.6541 160.346 28.9371
0.295 43.5602 -11.8811 160.575 29.3528
0.2975 44.0802 -12.1132 160.823 29.5891
0.3 44.5974 -12.3494 160.993 28.8703
0.3025 45.1113 -12.5881 163.224 25.7879
0.305 45.6211 -12.8296 164.115 28.344
0.3075 46.1253 -13.0735 165.227 27.7344
0.31 46.6218 -13.3192 165.82 31.2998
0.3125 47.1088 -13.5662 166.54 31.5433
0.315 47.5842 -13.8137 166.903 36.5512
0.3175 48.0459 -14.0604 167.381 37.3607
0.32 48.4922 -14.305 166.892 46.9487
0.3225 48.9214 -14.5456 160.661 58.467
0.325 49.3323 -14.7796 158.746 58.9868
0.3275 49.7248 -15.0039 155.8 64.2856
0.33 50.0991 -15.2151 154.368 64.124
0.3325 50.4565 -15.4097 152.192 67.7254
0.335 50.7988 -15.5836 151.113 66.6819
0.3375 51.1288 -15.7334 149.515 68.8675
0.34 51.4491 -15.8559 148.937 66.4468
0.3425 51.7632 -15.9484 148.644 66.2383
0.345 52.0736 -16.0096 148.55 63.8599
0.3475 52.383 -16.0385 148.289 63.2372
0.35 52.6934 -16.0354 148.501 59.8392
0.3525 53.0064 -16.0012 148.581 58.3384
0.355 53.3229 -15.9373 149.03 53.6699
0.3575 53.6437 -15.8458 149.23 51.4324
0.36 53.9687 -15.7292 150.123 42.4867
0.3625 54.2975 -15.59 155.945 31.3788
0.365 54.6292 -15.4313 158.793 29.3719
0.3675 54.9624 -15.2564 161.926 24.2658
0.37 55.2949 -15.0681 164.474 23.3258
0.3725 55.6244 -14.8696 167.273 19.8274
0.375 55.9475 -14.6635 169.837 20.4788
0.3775 56.2615 -14.4522 172.591 18.4937
0.38 56.5636 -14.2382 175.165 22.8005
0.3825 56.846 -14.0231 174.887 28.3067
0.385 57.1056 -13.8016 175.932 30.3145
0.3875 57.3426 -13.5693 176.743 33.5857
0.39 57.5573 -13.3221 177.758 36.3002
0.3925 57.7506 -13.0561 178.548 39.5182
0.395 57.9244 -12.7678 179.367 42.5135
0.3975 58.081 -12.4536 180.009 45.4141
0.4 58.2231 -12.11 180.589 48.5851
0.4025 58.3618 -11.7348 180.439 50.3152
0.405 58.4965 -11.3329 180.507 50.5343
0.4075 58.6284 -10.9081 180.363 50.8199
0.41 58.7584 -10.4639 180.205 50.3993
0.4125 58.888 -10.0033 179.845 49.7873
0.415 59.0182 -9.52983 179.454 48.8195
0.4175 59.1501 -9.04665 178.912 47.3231
0.42 59.2847 -8.55712 178.286 46.6615
0.4225 59.4264 -8.06527 176.153 46.0651
0.425 59.5736 -7.57734 174.809 41.8283
0.4275 59.7269 -7.10015 173.251 38.9078
0.43 59.8866 -6.64107 171.945 33.9036
0.4325 60.0526 -6.20794 170.482 30.2401
0.435 60.2243 -5.80866 169.183 24.7336
0.4375 60.4005 -5.45089 167.768 20.8824
0.44 60.5812 -5.14328 166.495 14.4311
0.4425 60.754 -4.89258 166.647 11.0801
0.445 60.9212 -4.69482 166.211 9.94749
0.4475 61.0836 -4.54649 165.86 8.7197
0.45 61.2413 -4.444 165.471 8.07039
0.4525 61.3939 -4.38365 165.207 7.3654
0.455 61.5416 -4.36108 164.985 6.93774
0.4575 61.6844 -4.37157 164.884 6.46208
0.46 61.822 -4.40949 164.821 5.78817
0.4625 61.9556 -4.46884 165.305 3.99446
0.465 62.0867 -4.546 165.725 3.26007
0.4675 62.2155 -4.63687 166.283 1.9177
0.47 62.3424 -4.73705 166.891 1.15626
0.4725 62.4682 -4.84202 167.634 -0.119795
0.475 62.5934 -4.94744 168.405 -0.982057
0.4775 62.7185 -5.04898 169.271 -2.25414
0.48 62.8436 -5.14207 169.98 -3.96996
0.4825 62.9708 -5.22259 171.891 -7.96411
0.485 63.1024 -5.29075 173.608 -8.7573
0.4875 63.2386 -5.34703 175.394 -11.393
0.49 63.3791 -5.39228 177.215 -11.867
0.4925 63.5235 -5.42769 179.094 -14.0202
0.495 63.6706 -5.45487 181.037 -14.0023
0.4975 63.8193 -5.47565 182.992 -15.6002
0.5 63.9678 -5.49204 184.946 -15.1401
0.5025 64.1138 -5.5059 187.261 -16.6057
0.505 64.2549 -5.51805 189.604 -14.416
0.5075 64.3892 -5.52916 191.845 -14.648
0.51 64.5148 -5.53968 194.191 -11.2121
0.5125 64.63 -5.54976 196.33 -10.543
0.515 64.7333 -5.55914 198.693 -5.5524
0.5175 64.8239 -5.56719 200.797 -4.14852
0.52 64.9011 -5.57272 203.651 5.12181
0.5225 64.9656 -5.57444 201.517 14.9516
0.525 65.0182 -5.57183 200.851 16.3707
0.5275 65.0598 -5.56379 199.715 20.8743
0.53 65.092 -5.5488 198.981 21.5664
0.5325 65.1168 -5.52528 197.869 24.4995
0.535 65.1366 -5.49182 196.991 24.2281
0.5375 65.1534 -5.44742 195.873 25.8032
0.54 65.1689 -5.39167 194.951 24.4586
0.5425 65.1843 -5.32461 193.946 25.0663
0.545 65.2008 -5.24646 193.101 23.0856
0.5475 65.2192 -5.15794 192.198 22.6654
0.55 65.2404 -5.06035 191.434 19.5324
0.5525 65.2653 -4.95572 190.69 18.1467
0.555 65.2946 -4.84686 189.928 13.6675
0.5575 65.3292 -4.7375 189.147 11.5046
0.56 65.3694 -4.63222 187.689 2.83979
0.5625 65.4151 -4.53617 191.3 -7.61852
0.565 65.4655 -4.45466 193.292 -8.97279
0.5675 65.5193 -4.39281 195.457 -13.8733
0.57 65.574 -4.355 197.401 -14.1543
0.5725 65.6268 -4.34437 199.505 -17.4733
0.575 65.6745 -4.36256 201.643 -16.3099
0.5775 65.7142 -4.40952 203.843 -18.0796
0.58 65.7439 -4.48384 206.257 -14.7052
0.5825 65.7623 -4.5825 207.855 -12.7579
0.585 65.7689 -4.70098 209.712 -8.01281
0.5875 65.7648 -4.83452 211.413 -5.45598
0.59 65.752 -4.97878 213.166 0.896182
0.5925 65.7329 -5.12997 214.636 4.33193
0.595 65.7098 -5.28483 216.213 12.1819
0.5975 65.684 -5.44067 217.453 15.9562
0.6 65.6493 -5.59069 219.124 27.7018
0.6025 65.5958 -5.72404 215.165 38.6875
0.605 65.5193 -5.82713 213.604 39.7552
0.6075 65.415 -5.88746 211.28 44.4301
0.61 65.2799 -5.89261 209.731 43.8632
0.6125 65.112 -5.83201 207.613 46.4626
0.615 64.9106 -5.69739 205.952 44.3834
0.6175 64.6758 -5.4836 203.846 45.5572
0.62 64.4085 -5.18857 202.054 40.8928
0.6225 64.1076 -4.81333 202.339 36.9698
0.625 63.7697 -4.36197 201.387 35.2681
0.6275 63.392 -3.8425 200.364 33.2646
0.63 62.9701 -3.26389 199.037 31.74
0.6325 62.4976 -2.63605 197.581 29.9348
0.635 61.9677 -1.9699 195.979 28.7268
0.6375 61.3717 -1.27617 194.215 27.0032
0.64 60.6988 -0.566616 192.356 27.0392
0.6425 59.95 0.147225 188.679 28.6913
0.645 59.1319 0.852954 186.104 26.9154
0.6475 58.2395 1.54814 183.151 26.834
0.65 57.2709 2.22684 180.618 24.7378
0.6525 56.2273 2.88413 177.789 24.0721
0.655 55.1108 3.51511 175.321 21.6909
0.6575 53.9259 4.11508 172.643 20.5252
0.66 52.679 4.67971 170.298 18.3697
0.6625 51.3725 5.20402 166.909 18.0135
0.665 50.0102 5.6839 164.457 13.9921
0.6675 48.6021 6.11131 161.756 12.6027
0.67 47.1586 6.47904 159.523 8.23032
0.6725 45.6894 6.78016 157.109 6.72718
0.675 44.2058 7.00641 154.925 1.98069
0.6775 42.7144 7.15237 152.555 0.691606
0.68 41.2152 7.21043 149.942 -6.52232
0.6825 39.7511 7.18417 151.51 -12.5727
0.685 38.3492 7.07171 150.95 -12.0728
0.6875 37.0033 6.89433 150.57 -13.4593
0.69 35.7119 6.66438 149.742 -12.1805
0.6925 34.4777 6.39556 149.069 -12.7001
0.695 33.3002 6.09969 148.269 -10.9238
0.6975 32.1805 5.78759 147.567 -11.0701
0.7 31.1194 5.46983 146.96 -8.72947
0.7025 30.1069 5.15328 145.926 -8.3749
0.705 29.1374 4.84544 145.14 -6.95306
0.7075 28.2116 4.54862 144.367 -7.03238
0.71 27.3276 4.26699 143.75 -5.33127
0.7125 26.4829 4.00396 143.082 -5.43841
0.715 25.6741 3.76389 142.655 -3.27753
0.7175 24.8996 3.5501 142.122 -3.4428
0.72 24.1604 3.36758 142.23 0.502053
0.7225 23.4404 3.21655 139.37 4.01826
0.725 22.7318 3.09882 137.852 2.67856
0.7275 22.0377 3.0074 136.04 3.403
0.73 21.3589 2.93863 134.655 1.87239
0.7325 20.6944 2.88798 133.041 2.1986
0.735 20.0439 2.85128 131.627 0.55415
0.7375 19.4065 2.82433 130.047 0.705893
0.74 18.7811 2.80284 128.498 -1.34481
0.7425 18.1691 2.78336 127.47 -2.12933
0.745 17.571 2.76248 126.211 -3.11
0.7475 16.9859 2.73842 124.913 -3.32575
0.75 16.4134 2.70891 123.574 -4.31371
0.7525 15.8535 2.672 122.224 -4.45117
0.755 15.3064 2.62535 120.823 -5.50479
0.7575 14.7719 2.56724 119.429 -5.54218
0.76 14.2485 2.49494 117.806 -7.13539
0.7625 13.7437 2.40862 117.334 -8.12245
0.765 13.2616 2.30858 116.383 -7.29377
0.7675 12.7998 2.1995 115.515 -7.12281
0.77 12.3575 2.08406 114.557 -6.1873
0.7725 11.9348 1.9651 113.677 -5.93333
0.775 11.5311 1.84506 112.818 -4.9869
0.7775 11.1464 1.72619 112.023 -4.76938
0.78 10.7808 1.61073 111.365 -3.65935
0.7825 10.4321 1.50007 110.373 -3.0793
0.785 10.0993 1.39533 109.598 -2.76086
0.7875 9.78236 1.29656 108.85 -2.57634
0.79 9.4808 1.20419 108.205 -2.23904
0.7925 9.19398 1.11848 107.573 -2.08399
0.795 8.92109 1.03987 107.034 -1.66608
0.7975 8.6615 0.968623 106.494 -1.51208
0.8 8.41484 0.905392 106.112 -0.824247
0.8025 8.17859 0.850056 105.256 -0.26942
0.805 7.95124 0.802205 104.634 -0.586714
0.8075 7.73277 0.76034 103.973 -0.458395
0.81 7.5228 0.723517 103.381 -0.76064
0.8125 7.32077 0.690747 102.755 -0.637793
0.815 7.12623 0.661116 102.147 -0.920507
0.8175 6.93865 0.633756 101.514 -0.788093
0.82 6.7574 0.607719 100.844 -1.16278
0.8225 6.58271 0.582396 100.383 -1.21452
0.825 6.41449 0.557423 99.8312 -1.09348
0.8275 6.25219 0.532918 99.286 -0.950995
0.83 6.09539 0.50882 98.7254 -0.84287
0.8325 5.94384 0.485121 98.1749 -0.714907
0.835 5.79729 0.461796 97.6283 -0.633979
0.8375 5.65558 0.438833 97.0919 -0.527412
0.84 5.51855 0.416221 96.5678 -0.464379
0.8425 5.3861 0.393949 96.0538 -0.371788
0.845 5.25811 0.372011 95.5564 -0.314744
0.8475 5.13451 0.350401 95.0687 -0.227888
0.85 5.01521 0.329121 94.6013 -0.165357
0.8525 4.90017 0.308183 94.1419 -0.0762992
0.855 4.78931 0.287619 93.7089 0.00511412
0.8575 4.68261 0.26747 93.2818 0.104853
0.86 4.58007 0.24784 92.9003 0.251949
0.8625 4.48152 0.228744 92.4184 0.451602
0.865 4.38687 0.210106 92.0014 0.382847
0.8675 4.29626 0.191718 91.5827 0.508476
0.87 4.20978 0.173438 91.1864 0.455661
0.8725 4.12753 0.155116 90.7935 0.598088
0.875 4.04966 0.136587 90.4015 0.54481
0.8775 3.97629 0.117673 90.0202 0.689008
0.88 3.90753 0.0980969 89.5948 0.532622
0.8825 3.84382 0.0777077 89.3907 0.491501
0.885 3.7854 0.0564898 89.102 0.739673
0.8875 3.73231 0.0345401 88.8469 0.796586
0.89 3.68466 0.0117548 88.5824 0.913119
0.8925 3.64251 -0.0120605 88.3557 0.784014
0.895 3.60587 -0.0372663 88.1518 0.637489
0.8975 3.57453 -0.0642538 88.0096 0.184445
0.9 3.54798 -0.093614 87.9368 -0.324104
0.9025 3.52641 -0.125207 87.9816 -0.0252114
0.905 3.50886 -0.157933 88.1876 0.241374
0.9075 3.49426 -0.190359 88.5745 0.237618
0.91 3.48175 -0.221267 89.17 0.347382
0.9125 3.47074 -0.249451 89.9543 0.367686
0.915 3.46078 -0.273788 90.9398 0.712096
0.9175 3.45166 -0.293289 92.0575 1.09111
0.92 3.44338 -0.307115 93.3585 1.95032
0.9225 3.43584 -0.314767 94.4922 2.03515
0.925 3.42932 -0.316383 95.757 1.9009
0.9275 3.42395 -0.312519 96.9964 2.1048
0.93 3.41962 -0.30376 98.2366 2.24081
0.9325 3.41602 -0.290597 99.4158 2.64912
0.935 3.41274 -0.273279 100.528 2.92899
0.9375 3.40928 -0.251772 101.548 3.40106
0.94 3.40503 -0.225676 102.425 3.59654
0.9425 3.39926 -0.194402 103.296 2.9183
0.945 3.39052 -0.15779 103.932 2.28031
0.9475 3.37719 -0.116223 104.399 1.53089
0.95 3.35698 -0.0702041 104.634 0.67816
0.9525 3.32691 -0.0205152 104.656 -0.33805
0.955 3.28347 0.0315884 104.428 -1.51278
0.9575 3.2225 0.0843632 103.961 -2.86016
0.96 3.13927 0.135028 103.219 -4.36031
0.9625 3.03145 0.180142 102.209 -5.14548
0.965 2.89743 0.217447 100.929 -6.13222
0.9675 2.735 0.247051 99.3744 -7.3082
0.97 2.54349 0.268076 97.5259 -8.58241
0.9725 2.32389 0.279624 95.3359 -9.86463
0.975 2.07837 0.280808 92.7363 -11.0939
0.9775 1.81082 0.271065 89.6558 -12.241
0.98 1.52671 0.250478 86.0065 -13.2776
0.9825 1.23385 0.21978 81.6901 -14.1699
0.985 0.942196 0.180891 76.5738 -14.8614
0.9875 0.664843 0.136424 70.4857 -15.2647
0.99 0.416563 0.0910165 63.1563 -15.2216
0.9925 0.215036 0.0492947 54.1308 -14.5864
0.995 0.0751692 0.0180312 42.7258 -13.0818
0.9975 0.00557853 0.000444332 27.0203 -9.67149
1 0 0 18.0632 -7.82099
