0 32.8618 7.40102 81.1511 -11.2351
0.0025 32.1169 7.2709 80.7843 -11.1891
0.005 31.3764 7.13842 80.3153 -11.1413
0.0075 30.6409 7.00377 79.8419 -11.0898
0.01 29.9107 6.86719 79.3641 -11.0348
0.0125 29.1863 6.72887 78.8821 -10.9761
0.015 28.4682 6.58904 78.396 -10.914
0.0175 27.7568 6.4479 77.906 -10.8484
0.02 27.0524 6.30567 77.412 -10.7795
0.0225 26.3554 6.16254 76.9143 -10.7072
0.025 25.6662 6.01874 76.4129 -10.6317
0.0275 24.9852 5.87445 75.9081 -10.553
0.03 24.3127 5.72988 75.3999 -10.4712
0.0325 23.649 5.58522 74.8885 -10.3864
0.035 22.9945 5.44066 74.374 -10.2986
0.0375 22.3494 5.29639 73.8567 -10.2079
0.04 21.7141 5.1526 73.3366 -10.1144
0.0425 21.0888 5.00944 72.8139 -10.0182
0.045 20.4737 4.8671 72.2888 -9.91928
0.0475 19.8692 4.72574 71.7615 -9.81781
0.05 19.2753 4.58552 71.2321 -9.71385
0.0525 18.6924 4.44658 70.7009 -9.60747
0.055 18.1205 4.30907 70.168 -9.49877
0.0575 17.5599 4.17313 69.6336 -9.38782
0.06 17.0106 4.03888 69.0979 -9.27471
0.0625 16.4729 3.90646 68.5611 -9.15953
0.065 15.9468 3.77596 68.0235 -9.04237
0.0675 15.4324 3.64751 67.4852 -8.92331
0.07 14.9298 3.5212 66.9465 -8.80244
0.0725 14.4391 3.39712 66.4076 -8.67984
0.075 13.9602 3.27535 65.8687 -8.55562
0.0775 13.4932 3.15598 65.3301 -8.42985
0.08 13.0382 3.03906 64.792 -8.30262
0.0825 12.595 2.92467 64.2546 -8.17402
0.085 12.1638 2.81285 63.7182 -8.04414
0.0875 11.7443 2.70365 63.183 -7.91307
0.09 11.3367 2.5971 62.6494 -7.78089
0.0925 10.9407 2.49325 62.1175 -7.64769
0.095 10.5564 2.39211 61.5876 -7.51355
0.0975 10.1836 2.29369 61.06 -7.37855
0.1 9.8222 2.19802 60.535 -7.24279
0.1025 9.47213 2.10509 60.0129 -7.10633
0.105 9.13322 2.01491 59.4938 -6.96926
0.1075 8.80533 1.92746 58.9782 -6.83166
0.11 8.48833 1.84273 58.4663 -6.6936
0.1125 8.18203 1.7607 57.9583 -6.55515
0.115 7.88628 1.68135 57.4547 -6.41639
0.1175 7.6009 1.60465 56.9556 -6.27738
0.12 7.3257 1.53057 56.4614 -6.13819
0.1225 7.0605 1.45906 55.9724 -5.99889
0.125 6.8051 1.3901 55.4889 -5.85953
0.1275 6.5593 1.32362 55.0112 -5.72017
0.13 6.3229 1.25959 54.5395 -5.58088
0.1325 6.0957 1.19795 54.0744 -5.44169
0.135 5.87747 1.13865 53.6159 -5.30265
0.1375 5.66802 1.08164 53.1645 -5.16383
0.14 5.46713 1.02685 52.7205 -5.02524
0.1425 5.27459 0.974221 52.2842 -4.88694
0.145 5.09018 0.923698 51.8559 -4.74896
0.1475 4.9137 0.875217 51.4359 -4.61132
0.15 4.74492 0.828713 51.0245 -4.47407
0.1525 4.58365 0.784122 50.6221 -4.33721
0.155 4.42967 0.74138 50.229 -4.20078
0.1575 4.28278 0.700422 49.8455 -4.0648
0.16 4.14277 0.661183 49.4719 -3.92927
0.1625 4.00945 0.623598 49.1084 -3.79422
0.165 3.88262 0.587605 48.7554 -3.65965
0.1675 3.76209 0.55314 48.4132 -3.52558
0.17 3.64766 0.520142 48.0821 -3.392
0.1725 3.53917 0.488549 47.7622 -3.25893
0.175 3.43642 0.458302 47.4538 -3.12637
0.1775 3.33924 0.429344 47.1572 -2.99433
0.18 3.24746 0.401619 46.8725 -2.86281
0.1825 3.16091 0.375073 46.6 -2.7318
0.185 3.07944 0.349655 46.3398 -2.60133
0.1875 3.00288 0.325316 46.092 -2.4714
0.19 2.93108 0.302008 45.8566 -2.34201
0.1925 2.86389 0.279687 45.6338 -2.21317
0.195 2.80117 0.258313 45.4236 -2.08491
0.1975 2.74278 0.237847 45.226 -1.95724
0.2 2.68856 0.218254 45.0408 -1.83018
0.2025 2.6384 0.199501 44.8679 -1.70375
0.205 2.59215 0.18156 44.7074 -1.57797
0.2075 2.54968 0.164405 44.5588 -1.45281
0.21 2.51086 0.148017 44.422 -1.32823
0.2125 2.47555 0.132377 44.2968 -1.20409
0.215 2.44362 0.117476 44.1827 -1.08016
0.2175 2.41493 0.103308 44.0795 -0.95605
0.22 2.38936 0.0898768 43.9865 -0.831208
0.2225 2.36675 0.077191 43.9032 -0.704941
0.225 2.34698 0.0652673 43.8287 -0.576539
0.2275 2.3299 0.0541254 43.762 -0.445544
0.23 2.31539 0.0437827 43.7017 -0.312227
0.2325 2.3033 0.0342418 43.6461 -0.178284
0.235 2.29353 0.0254778 43.5935 -0.0477123
0.2375 2.28595 0.0174131 43.5423 0.0723601
0.24 2.28042 0.00990667 43.4916 0.171319
0.2425 2.27676 0.00272626 43.4423 0.236001
0.245 2.27471 -0.00440377 43.3978 0.25426
0.2475 2.27388 -0.0117888 43.3649 0.222923
0.25 2.27369 -0.0194537 43.3513 0.157622
0.2525 2.27371 -0.0271396 43.3607 0.0921088
0.255 2.27431 -0.0345663 43.3896 0.0602551
0.2575 2.27607 -0.0417417 43.4302 0.078027
0.26 2.27941 -0.0489591 43.4758 0.142604
0.2625 2.28459 -0.0565045 43.5228 0.242011
0.265 2.29179 -0.0646212 43.5704 0.363079
0.2675 2.30115 -0.073461 43.6193 0.495124
0.27 2.31279 -0.0831106 43.6711 0.630932
0.2725 2.32684 -0.0936014 43.7276 0.766438
0.275 2.34341 -0.104935 43.7905 0.899894
0.2775 2.36265 -0.117098 43.861 1.031
0.28 2.38468 -0.130072 43.9403 1.1602
0.2825 2.40966 -0.143843 44.0293 1.28821
0.285 2.4377 -0.158402 44.1285 1.41571
0.2875 2.46896 -0.173749 44.2384 1.54326
0.29 2.50357 -0.189888 44.3595 1.67125
0.2925 2.54165 -0.206834 44.4921 1.79993
0.295 2.58334 -0.224603 44.6364 1.92941
0.2975 2.62878 -0.243219 44.7927 2.05977
0.3 2.67809 -0.262708 44.9612 2.19101
0.3025 2.7314 -0.2831 45.142 2.32311
0.305 2.78886 -0.304429 45.3352 2.45606
0.3075 2.8506 -0.326733 45.5409 2.58984
0.31 2.91675 -0.350051 45.7591 2.72442
0.3125 2.98747 -0.374427 45.9899 2.85979
0.315 3.06291 -0.399907 46.233 2.99594
0.3175 3.1432 -0.426539 46.4885 3.13285
0.32 3.22851 -0.454375 46.7563 3.27052
0.3225 3.31899 -0.483468 47.036 3.40893
0.325 3.41482 -0.513875 47.3277 3.54809
0.3275 3.51615 -0.545653 47.6311 3.68799
0.33 3.62316 -0.578863 47.946 3.82861
0.3325 3.73603 -0.613565 48.272 3.96997
0.335 3.85493 -0.649825 48.6091 4.11203
0.3375 3.98006 -0.687705 48.9568 4.25481
0.34 4.1116 -0.727272 49.315 4.39828
0.3425 4.24975 -0.768592 49.6832 4.54244
0.345 4.39469 -0.811732 50.0614 4.68726
0.3475 4.54664 -0.85676 50.449 4.83274
0.35 4.70579 -0.903744 50.8458 4.97885
0.3525 4.87234 -0.952752 51.2516 5.12556
0.355 5.04652 -1.00385 51.6659 5.27285
0.3575 5.22851 -1.05711 52.0886 5.42068
0.36 5.41854 -1.11259 52.5191 5.56904
0.3625 5.61681 -1.17035 52.9574 5.71786
0.365 5.82353 -1.23047 53.4029 5.86713
0.3675 6.03892 -1.29301 53.8555 6.01679
0.37 6.26318 -1.35801 54.3147 6.16679
0.3725 6.49651 -1.42555 54.7803 6.31709
0.375 6.73913 -1.49567 55.2521 6.46763
0.3775 6.99124 -1.56843 55.7295 6.61835
0.38 7.25302 -1.64388 56.2125 6.76919
0.3825 7.52468 -1.72205 56.7006 6.92009
0.385 7.8064 -1.803 57.1936 7.07099
0.3875 8.09837 -1.88675 57.6911 7.22181
0.39 8.40076 -1.97335 58.1929 7.37248
0.3925 8.71374 -2.06281 58.6987 7.52293
0.395 9.03747 -2.15517 59.2081 7.67308
0.3975 9.3721 -2.25043 59.721 7.82286
0.4 9.71777 -2.34861 60.237 7.97219
0.4025 10.0746 -2.44972 60.7559 8.12098
0.405 10.4428 -2.55375 61.2773 8.26914
0.4075 10.8223 -2.66069 61.801 8.41661
0.41 11.2134 -2.77054 62.3268 8.56327
0.4125 11.6161 -2.88327 62.8544 8.70906
0.415 12.0304 -2.99885 63.3835 8.85388
0.4175 12.4564 -3.11725 63.9139 8.99765
0.42 12.8943 -3.23842 64.4453 9.14026
0.4225 13.3439 -3.36232 64.9774 9.28164
0.425 13.8053 -3.48888 65.5102 9.42169
0.4275 14.2786 -3.61803 66.0432 9.56032
0.43 14.7636 -3.74972 66.5763 9.69743
0.4325 15.2604 -3.88384 67.1093 9.83294
0.435 15.7689 -4.02032 67.6419 9.96676
0.4375 16.2891 -4.15905 68.1739 10.0988
0.44 16.8208 -4.29992 68.7051 10.2289
0.4425 17.364 -4.44283 69.2353 10.3571
0.445 17.9185 -4.58766 69.7644 10.4832
0.4475 18.4842 -4.73426 70.292 10.6072
0.45 19.0609 -4.88251 70.818 10.729
0.4525 19.6486 -5.03226 71.3423 10.8484
0.455 20.2469 -5.18336 71.8646 10.9654
0.4575 20.8557 -5.33566 72.3848 11.0799
0.46 21.4747 -5.48898 72.9026 11.1919
0.4625 22.1038 -5.64315 73.418 11.3012
0.465 22.7426 -5.798 73.9308 11.4077
0.4675 23.3909 -5.95335 74.4408 11.5114
0.47 24.0483 -6.10901 74.9479 11.6123
0.4725 24.7147 -6.26478 75.4518 11.7101
0.475 25.3896 -6.42046 75.9526 11.8049
0.4775 26.0728 -6.57586 76.45 11.8966
0.48 26.7638 -6.73077 76.9439 11.9851
0.4825 27.4623 -6.88497 77.4341 12.0703
0.485 28.168 -7.03826 77.9207 12.1521
0.4875 28.8804 -7.19042 78.4034 12.2306
0.49 29.5992 -7.34124 78.8821 12.3056
0.4925 30.3239 -7.49049 79.3567 12.3771
0.495 31.0541 -7.63796 79.8272 12.445
0.4975 31.7894 -7.78343 80.2933 12.5093
0.5 32.5293 -7.92668 80.7551 12.5698
0.5025 33.2734 -8.06749 81.2125 12.6266
0.505 34.0213 -8.20565 81.6653 12.6796
0.5075 34.7724 -8.34093 82.1134 12.7288
0.51 35.5263 -8.47313 82.5569 12.774
0.5125 36.2825 -8.60202 82.9955 12.8153
0.515 37.0406 -8.72742 83.4293 12.8526
0.5175 37.8 -8.8491 83.8582 12.8859
0.52 38.5604 -8.96687 84.2821 12.9151
0.5225 39.3211 -9.08053 84.701 12.9402
0.525 40.0817 -9.1899 85.1148 12.9612
0.5275 40.8418 -9.29478 85.5234 12.978
0.53 41.6007 -9.39501 85.9268 12.9906
0.5325 42.3582 -9.49039 86.325 12.999
0.535 43.1136 -9.58077 86.7179 13.0031
0.5375 43.8664 -9.66599 87.1055 13.0029
0.54 44.6163 -9.7459 87.4877 12.9985
0.5425 45.3627 -9.82035 87.8645 12.9898
0.545 46.1052 -9.8892 88.2359 12.9767
0.5475 46.8433 -9.95233 88.6019 12.9594
0.55 47.5766 -10.0096 88.9624 12.9376
0.5525 48.3046 -10.061 89.3174 12.9116
0.555 49.0269 -10.1062 89.6669 12.8811
0.5575 49.743 -10.1454 90.0109 12.8463
0.56 50.4525 -10.1783 90.3493 12.8072
0.5625 51.1551 -10.2049 90.6822 12.7637
0.565 51.8503 -10.2252 91.0095 12.7158
0.5675 52.5377 -10.239 91.3313 12.6637
0.57 53.2169 -10.2464 91.6475 12.6071
0.5725 53.8877 -10.2473 91.9581 12.5463
0.575 54.5496 -10.2417 92.2631 12.4811
0.5775 55.2023 -10.2296 92.5626 12.4117
0.58 55.8455 -10.2109 92.8566 12.3379
0.5825 56.4788 -10.1858 93.1449 12.26
0.585 57.102 -10.1541 93.4278 12.1777
0.5875 57.7148 -10.116 93.705 12.0913
0.59 58.3169 -10.0715 93.9768 12.0008
0.5925 58.908 -10.0206 94.2431 11.906
0.595 59.488 -9.96337 94.5038 11.8072
0.5975 60.0565 -9.89992 94.7591 11.7043
0.6 60.6134 -9.8303 95.0089 11.5973
0.6025 61.1585 -9.75461 95.2533 11.4864
0.605 61.6916 -9.67294 95.4923 11.3715
0.6075 62.2125 -9.5854 95.7258 11.2527
0.61 62.7212 -9.4921 95.954 11.13
0.6125 63.2174 -9.39317 96.1769 11.0035
0.615 63.701 -9.28874 96.3945 10.8732
0.6175 64.1721 -9.17895 96.6067 10.7391
0.62 64.6303 -9.06395 96.8137 10.6014
0.6225 65.0758 -8.94389 97.0155 10.4601
0.625 65.5084 -8.81893 97.2121 10.3151
0.6275 65.9282 -8.68925 97.4036 10.1666
0.63 66.3351 -8.55502 97.5899 10.0146
0.6325 66.729 -8.41642 97.7711 9.85911
0.635 67.1101 -8.27364 97.9473 9.70019
0.6375 67.4782 -8.12688 98.1185 9.53787
0.64 67.8336 -7.97633 98.2847 9.37218
0.6425 68.1762 -7.82221 98.446 9.20314
0.645 68.5061 -7.66472 98.6025 9.03077
0.6475 68.8234 -7.50409 98.7541 8.85508
0.65 69.1281 -7.34053 98.9009 8.6761
0.6525 69.4205 -7.17426 99.0431 8.49382
0.655 69.7006 -7.00553 99.1806 8.30825
0.6575 69.9685 -6.83456 99.3136 8.11938
0.66 70.2244 -6.66159 99.4421 7.92723
0.6625 70.4685 -6.48687 99.5661 7.73178
0.665 70.701 -6.31063 99.6859 7.53305
0.6675 70.9219 -6.13314 99.8014 7.33105
0.67 71.1315 -5.95462 99.9129 7.12581
0.6725 71.33 -5.77534 100.02 6.91736
0.675 71.5176 -5.59555 100.124 6.70578
0.6775 71.6945 -5.41549 100.224 6.49116
0.68 71.8609 -5.2354 100.32 6.27363
0.6825 72.0171 -5.05553 100.413 6.05336
0.685 72.1632 -4.87611 100.503 5.83058
0.6875 72.2994 -4.69737 100.59 5.60557
0.69 72.4261 -4.51952 100.673 5.37867
0.6925 72.5435 -4.34276 100.754 5.15032
0.695 72.6518 -4.16728 100.833 4.92103
0.6975 72.7513 -3.99324 100.909 4.69137
0.7 72.8421 -3.82079 100.983 4.46205
0.7025 72.9247 -3.65004 101.055 4.23382
0.705 72.9993 -3.48107 101.125 4.00754
0.7075 73.0661 -3.31396 101.193 3.78416
0.71 73.1256 -3.14871 101.259 3.56469
0.7125 73.178 -2.98531 101.324 3.35018
0.715 73.2236 -2.82373 101.387 3.14173
0.7175 73.2629 -2.66386 101.448 2.94042
0.72 73.2963 -2.50559 101.507 2.7473
0.7225 73.3242 -2.34877 101.564 2.56335
0.725 73.3471 -2.1932 101.618 2.38941
0.7275 73.3654 -2.0387 101.67 2.22615
0.73 73.3797 -1.88504 101.719 2.07402
0.7325 73.3906 -1.732 101.764 1.93316
0.735 73.3985 -1.57938 101.805 1.80341
0.7375 73.4041 -1.42697 101.841 1.6842
0.74 73.408 -1.27463 101.873 1.5746
0.7425 73.4106 -1.12225 101.899 1.47327
0.745 73.4125 -0.969782 101.919 1.37851
0.7475 73.4139 -0.817231 101.933 1.28833
0.75 73.4153 -0.664652 101.941 1.20048
0.7525 73.4166 -0.512072 101.943 1.11262
0.755 73.4179 -0.359501 101.938 1.02241
0.7575 73.4188 -0.206983 101.928 0.927593
0.76 73.4192 -0.0545402 101.911 0.826139
0.7625 73.4186 0.0978625 101.889 0.716317
0.765 73.4163 0.250321 101.862 0.59675
0.7675 73.412 0.402983 101.831 0.466455
0.77 73.4049 0.556038 101.795 0.324842
0.7725 73.3947 0.7097 101.756 0.171695
0.775 73.3806 0.864197 101.713 0.00713422
0.7775 73.3622 1.01976 101.668 -0.16843
0.78 73.3389 1.1766 101.62 -0.354349
0.7825 73.3104 1.33493 101.57 -0.549793
0.785 73.2761 1.49491 101.518 -0.7538
0.7875 73.2356 1.65668 101.464 -0.965323
0.79 73.1886 1.82036 101.408 -1.18328
0.7925 73.1347 1.98601 101.35 -1.40657
0.795 73.0736 2.15366 101.291 -1.63414
0.7975 73.0048 2.32331 101.229 -1.86496
0.8 72.9282 2.49492 101.166 -2.0981
0.8025 72.8434 2.66841 101.101 -2.33267
0.805 72.7502 2.8437 101.033 -2.5679
0.8075 72.6482 3.02064 100.963 -2.8031
0.81 72.5373 3.19909 100.89 -3.03765
0.8125 72.4171 3.37887 100.815 -3.27105
0.815 72.2874 3.55978 100.737 -3.50285
0.8175 72.148 3.74163 100.655 -3.7327
0.82 71.9987 3.9242 100.57 -3.96031
0.8225 71.8392 4.10725 100.482 -4.18544
0.825 71.6692 4.29055 100.39 -4.40791
0.8275 71.4886 4.47387 100.295 -4.62758
0.83 71.2971 4.65695 100.195 -4.84436
0.8325 71.0946 4.83955 100.091 -5.05818
0.835 70.8807 5.02143 99.9837 -5.26897
0.8375 70.6555 5.20233 99.8716 -5.47673
0.84 70.4185 5.38202 99.7551 -5.68143
0.8425 70.1698 5.56025 99.6341 -5.88305
0.845 69.909 5.73678 99.5085 -6.0816
0.8475 69.6361 5.91137 99.3783 -6.27706
0.85 69.3508 6.08378 99.2433 -6.46945
0.8525 69.0532 6.25379 99.1035 -6.65874
0.855 68.743 6.42116 98.9588 -6.84494
0.8575 68.4201 6.58568 98.8092 -7.02803
0.86 68.0844 6.74713 98.6546 -7.208
0.8625 67.736 6.9053 98.4949 -7.38481
0.865 67.3746 7.05997 98.3302 -7.55844
0.8675 67.0003 7.21095 98.1603 -7.72887
0.87 66.6129 7.35803 97.9853 -7.89605
0.8725 66.2126 7.50103 97.805 -8.05995
0.875 65.7992 7.63975 97.6195 -8.22053
0.8775 65.3729 7.77403 97.4287 -8.37773
0.88 64.9335 7.90368 97.2325 -8.53152
0.8825 64.4812 8.02854 97.031 -8.68184
0.885 64.0161 8.14846 96.8241 -8.82864
0.8875 63.5381 8.26327 96.6117 -8.97189
0.89 63.0474 8.37283 96.3939 -9.11151
0.8925 62.5441 8.477 96.1706 -9.24747
0.895 62.0283 8.57566 95.9418 -9.37972
0.8975 61.5001 8.66868 95.7074 -9.50821
0.9 60.9598 8.75595 95.4674 -9.6329
0.9025 60.4074 8.83737 95.2218 -9.75373
0.905 59.8432 8.91284 94.9707 -9.87067
0.9075 59.2673 8.98227 94.7138 -9.98367
0.91 58.6801 9.04559 94.4514 -10.0927
0.9125 58.0816 9.10272 94.1832 -10.1977
0.915 57.4722 9.15362 93.9093 -10.2987
0.9175 56.8522 9.19823 93.6298 -10.3956
0.92 56.2217 9.23651 93.3445 -10.4884
0.9225 55.5812 9.26844 93.0535 -10.577
0.925 54.9309 9.29399 92.7568 -10.6615
0.9275 54.2711 9.31316 92.4543 -10.7418
0.93 53.6022 9.32595 92.146 -10.8179
0.9325 52.9245 9.33237 91.8321 -10.8898
0.935 52.2384 9.33245 91.5123 -10.9574
0.9375 51.5443 9.32621 91.1869 -11.0208
0.94 50.8425 9.3137 90.8557 -11.0799
0.9425 50.1335 9.29496 90.5188 -11.1348
0.945 49.4176 9.27007 90.1761 -11.1854
0.9475 48.6953 9.23909 89.8278 -11.2317
0.95 47.967 9.20211 89.4737 -11.2737
0.9525 47.2332 9.15921 89.114 -11.3114
0.955 46.4942 9.1105 88.7486 -11.3448
0.9575 45.7506 9.05608 88.3777 -11.374
0.96 45.0028 8.99607 88.0011 -11.3989
0.9625 44.2513 8.93061 87.6189 -11.4196
0.965 43.4966 8.85981 87.2312 -11.436
0.9675 42.739 8.78383 86.838 -11.4482
0.97 41.9792 8.70281 86.4394 -11.4562
0.9725 41.2176 8.61691 86.0353 -11.4599
0.975 40.4547 8.5263 85.6259 -11.4596
0.9775 39.691 8.43115 85.2111 -11.455
0.98 38.9269 8.33163 84.7911 -11.4464
0.9825 38.163 8.22792 84.3659 -11.4337
0.985 37.3998 8.12021 83.9355 -11.4169
0.9875 36.6378 8.0087 83.5 -11.3961
0.99 35.8773 7.89357 83.0595 -11.3713
0.9925 35.1191 7.77504 82.614 -11.3426
0.995 34.3634 7.65329 82.1637 -11.31
0.9975 33.6108 7.52855 81.7086 -11.2735
1 32.8618 7.40102 81.3464 -11.2351
