0 21.3467 8.08635 62.0165 -33.6106
0.0025 21.2853 8.08314 62.0425 -33.4874
0.005 21.2218 8.07746 62.0787 -33.3607
0.0075 21.1561 8.0693 62.1189 -33.2271
0.01 21.0883 8.05865 62.1631 -33.0867
0.0125 21.0183 8.04547 62.2112 -32.9396
0.015 20.9461 8.02977 62.2633 -32.7857
0.0175 20.8717 8.01153 62.3193 -32.6252
0.02 20.7951 7.99074 62.3791 -32.4581
0.0225 20.7163 7.96738 62.4428 -32.2845
0.025 20.6352 7.94145 62.5104 -32.1044
0.0275 20.552 7.91295 62.5817 -31.9179
0.03 20.4665 7.88185 62.6568 -31.725
0.0325 20.3788 7.84816 62.7356 -31.5258
0.035 20.2888 7.81188 62.818 -31.3203
0.0375 20.1966 7.773 62.904 -31.1085
0.04 20.1023 7.73152 62.9935 -30.8906
0.0425 20.0057 7.68744 63.0865 -30.6664
0.045 19.907 7.64077 63.1829 -30.4362
0.0475 19.8062 7.59152 63.2826 -30.1998
0.05 19.7032 7.53969 63.3856 -29.9574
0.0525 19.5981 7.48529 63.4918 -29.709
0.055 19.4909 7.42834 63.6011 -29.4547
0.0575 19.3817 7.36885 63.7134 -29.1944
0.06 19.2705 7.30684 63.8286 -28.9282
0.0625 19.1574 7.24232 63.9467 -28.6561
0.065 19.0423 7.17533 64.0676 -28.3783
0.0675 18.9254 7.10588 64.1911 -28.0947
0.07 18.8067 7.03401 64.3172 -27.8053
0.0725 18.6862 6.95975 64.4457 -27.5103
0.075 18.5641 6.88313 64.5767 -27.2096
0.0775 18.4403 6.80419 64.7099 -26.9033
0.08 18.315 6.72296 64.8453 -26.5914
0.0825 18.1882 6.6395 64.9828 -26.274
0.085 18.06 6.55385 65.1223 -25.9511
0.0875 17.9305 6.46606 65.2636 -25.6228
0.09 17.7998 6.37618 65.4067 -25.289
0.0925 17.668 6.28427 65.5514 -24.9499
0.095 17.5351 6.19038 65.6977 -24.6055
0.0975 17.4012 6.09459 65.8454 -24.2558
0.1 17.2666 5.99695 65.9944 -23.9009
0.1025 17.1312 5.89754 66.1446 -23.5408
0.105 16.9952 5.79642 66.296 -23.1755
0.1075 16.8587 5.69368 66.4482 -22.8051
0.11 16.7218 5.58939 66.6014 -22.4296
0.1125 16.5846 5.48362 66.7552 -22.0491
0.115 16.4473 5.37648 66.9097 -21.6636
0.1175 16.31 5.26803 67.0646 -21.2731
0.12 16.1728 5.15838 67.22 -20.8777
0.1225 16.0358 5.04761 67.3755 -20.4774
0.125 15.8993 4.93582 67.5311 -20.0722
0.1275 15.7632 4.8231 67.6867 -19.6622
0.13 15.6279 4.70956 67.8421 -19.2474
0.1325 15.4933 4.5953 67.9972 -18.8278
0.135 15.3596 4.48042 68.1518 -18.4034
0.1375 15.2271 4.36502 68.3057 -17.9743
0.14 15.0958 4.24921 68.4589 -17.5404
0.1425 14.9658 4.1331 68.6111 -17.1019
0.145 14.8374 4.01679 68.7622 -16.6586
0.1475 14.7107 3.9004 68.912 -16.2107
0.15 14.5857 3.78404 69.0603 -15.7581
0.1525 14.4627 3.66781 69.2069 -15.3009
0.155 14.3418 3.55182 69.3516 -14.839
0.1575 14.2231 3.43619 69.4941 -14.3726
0.16 14.1067 3.32102 69.6344 -13.9016
0.1625 13.9929 3.20641 69.7721 -13.426
0.165 13.8817 3.09247 69.9069 -12.946
0.1675 13.7733 2.97931 70.0386 -12.4617
0.17 13.6677 2.86701 70.167 -11.973
0.1725 13.5652 2.75569 70.2917 -11.4803
0.175 13.4657 2.64542 70.4124 -10.9835
0.1775 13.3696 2.53629 70.5288 -10.4831
0.18 13.2767 2.42838 70.6406 -9.97928
0.1825 13.1874 2.32178 70.7473 -9.4724
0.185 13.1016 2.21654 70.8487 -8.96295
0.1875 13.0194 2.11272 70.9443 -8.45148
0.19 12.941 2.01039 71.0338 -7.9387
0.1925 12.8664 1.90956 71.1168 -7.42543
0.195 12.7957 1.81029 71.1928 -6.91265
0.1975 12.7289 1.71259 71.2615 -6.40151
0.2 12.6661 1.61646 71.3224 -5.89338
0.2025 12.6074 1.5219 71.3754 -5.3898
0.205 12.5528 1.42889 71.4199 -4.89256
0.2075 12.5023 1.33739 71.4558 -4.40367
0.21 12.4559 1.24736 71.4828 -3.92538
0.2125 12.4136 1.15874 71.5007 -3.46019
0.215 12.3754 1.07143 71.5097 -3.0108
0.2175 12.3412 0.985343 71.5096 -2.58016
0.22 12.3109 0.900366 71.5008 -2.17135
0.2225 12.2845 0.816371 71.4836 -1.78758
0.225 12.2618 0.733215 71.4587 -1.4321
0.2275 12.2427 0.650742 71.4268 -1.10807
0.23 12.2269 0.568791 71.389 -0.818413
0.2325 12.2143 0.487189 71.3467 -0.565603
0.235 12.2045 0.405767 71.3014 -0.351401
0.2375 12.1972 0.324358 71.2551 -0.176497
0.24 12.1921 0.242809 71.2099 -0.0400863
0.2425 12.1888 0.160991 71.168 0.0605951
0.245 12.1868 0.078822 71.1316 0.130679
0.2475 12.1856 -0.0037285 71.1028 0.177835
0.25 12.1848 -0.0865345 71.0829 0.211996
0.2525 12.1841 -0.169417 71.0724 0.244535
0.255 12.1835 -0.252146 71.0712 0.287025
0.2575 12.1835 -0.334551 71.0779 0.349932
0.26 12.1844 -0.41658 71.0908 0.441645
0.2625 12.1869 -0.498285 71.1078 0.568041
0.265 12.1912 -0.579778 71.1266 0.732544
0.2675 12.1978 -0.661201 71.145 0.936484
0.27 12.2071 -0.74272 71.161 1.17956
0.2725 12.2193 -0.824507 71.1731 1.46028
0.275 12.2347 -0.906738 71.1797 1.77634
0.2775 12.2534 -0.989585 71.1797 2.12492
0.28 12.2758 -1.07321 71.1723 2.5029
0.2825 12.302 -1.15777 71.1568 2.90705
0.285 12.3319 -1.2434 71.1327 3.33414
0.2875 12.3658 -1.33022 71.1 3.78102
0.29 12.4037 -1.41834 71.0583 4.24472
0.2925 12.4457 -1.50786 71.0078 4.72244
0.295 12.4917 -1.59884 70.9487 5.21164
0.2975 12.5417 -1.69136 70.881 5.70998
0.3 12.5958 -1.78545 70.805 6.21538
0.3025 12.654 -1.88114 70.7212 6.72599
0.305 12.7161 -1.97844 70.6298 7.24019
0.3075 12.7821 -2.07736 70.5313 7.75657
0.31 12.8521 -2.17788 70.426 8.27392
0.3125 12.9258 -2.27997 70.3143 8.7912
0.315 13.0033 -2.38361 70.1967 9.30754
0.3175 13.0844 -2.48874 70.0735 9.82222
0.32 13.1691 -2.59532 69.9452 10.3346
0.3225 13.2572 -2.70327 69.8121 10.8443
0.325 13.3487 -2.81253 69.6745 11.3508
0.3275 13.4435 -2.92301 69.533 11.8538
0.33 13.5415 -3.03464 69.3877 12.353
0.3325 13.6424 -3.14733 69.239 12.8483
0.335 13.7463 -3.26098 69.0872 13.3396
0.3375 13.8531 -3.3755 68.9326 13.8266
0.34 13.9624 -3.49077 68.7754 14.3093
0.3425 14.0744 -3.60671 68.616 14.7877
0.345 14.1887 -3.72321 68.4545 15.2617
0.3475 14.3054 -3.84015 68.2913 15.7312
0.35 14.4242 -3.95743 68.1265 16.1962
0.3525 14.545 -4.07494 67.9603 16.6567
0.355 14.6678 -4.19257 67.793 17.1127
0.3575 14.7922 -4.31021 67.6247 17.5641
0.36 14.9183 -4.42775 67.4556 18.011
0.3625 15.0458 -4.54507 67.2859 18.4533
0.365 15.1747 -4.66208 67.1158 18.891
0.3675 15.3047 -4.77866 66.9453 19.3241
0.37 15.4358 -4.89471 66.7748 19.7525
0.3725 15.5678 -5.01011 66.6043 20.1763
0.375 15.7006 -5.12478 66.434 20.5954
0.3775 15.834 -5.2386 66.264 21.0098
0.38 15.9679 -5.35149 66.0944 21.4194
0.3825 16.1022 -5.46333 65.9255 21.8243
0.385 16.2367 -5.57404 65.7572 22.2243
0.3875 16.3713 -5.68352 65.5899 22.6195
0.39 16.5059 -5.7917 65.4234 23.0098
0.3925 16.6404 -5.89847 65.2581 23.3952
0.395 16.7746 -6.00375 65.094 23.7757
0.3975 16.9084 -6.10747 64.9312 24.1511
0.4 17.0418 -6.20955 64.7699 24.5215
0.4025 17.1745 -6.30991 64.6102 24.8868
0.405 17.3066 -6.40848 64.4521 25.2469
0.4075 17.4378 -6.5052 64.2958 25.6019
0.41 17.5682 -6.59999 64.1414 25.9517
0.4125 17.6975 -6.6928 63.989 26.2963
0.415 17.8257 -6.78356 63.8388 26.6355
0.4175 17.9528 -6.87222 63.6907 26.9694
0.42 18.0785 -6.95873 63.545 27.2979
0.4225 18.203 -7.04305 63.4017 27.621
0.425 18.326 -7.12511 63.2609 27.9386
0.4275 18.4475 -7.20488 63.1228 28.2508
0.43 18.5675 -7.28232 62.9873 28.5573
0.4325 18.6858 -7.3574 62.8547 28.8583
0.435 18.8024 -7.43007 62.725 29.1536
0.4375 18.9173 -7.50031 62.5983 29.4433
0.44 19.0304 -7.56809 62.4747 29.7273
0.4425 19.1417 -7.63338 62.3543 30.0054
0.445 19.2511 -7.69617 62.2371 30.2778
0.4475 19.3585 -7.75642 62.1233 30.5444
0.45 19.464 -7.81413 62.0129 30.8051
0.4525 19.5675 -7.86928 61.906 31.0599
0.455 19.669 -7.92185 61.8027 31.3087
0.4575 19.7684 -7.97184 61.703 31.5516
0.46 19.8658 -8.01924 61.6071 31.7884
0.4625 19.961 -8.06403 61.5149 32.0191
0.465 20.0541 -8.10623 61.4266 32.2438
0.4675 20.1451 -8.14582 61.3421 32.4623
0.47 20.234 -8.18281 61.2616 32.6746
0.4725 20.3207 -8.2172 61.1851 32.8806
0.475 20.4053 -8.24899 61.1127 33.0804
0.4775 20.4877 -8.27819 61.0443 33.2739
0.48 20.568 -8.3048 60.9801 33.461
0.4825 20.6461 -8.32884 60.92 33.6416
0.485 20.7221 -8.3503 60.8641 33.8158
0.4875 20.7959 -8.36921 60.8124 33.9835
0.49 20.8676 -8.38557 60.7649 34.1446
0.4925 20.9372 -8.3994 60.7217 34.299
0.495 21.0047 -8.41071 60.6827 34.4467
0.4975 21.0701 -8.41952 60.648 34.5877
0.5 21.1334 -8.42584 60.6176 34.7218
0.5025 21.1947 -8.42969 60.5914 34.849
0.505 21.2539 -8.43108 60.5695 34.9692
0.5075 21.3112 -8.43004 60.5518 35.0824
0.51 21.3664 -8.42658 60.5383 35.1884
0.5125 21.4197 -8.42072 60.5291 35.2872
0.515 21.471 -8.41249 60.524 35.3786
0.5175 21.5205 -8.40189 60.5231 35.4626
0.52 21.568 -8.38896 60.5264 35.5391
0.5225 21.6137 -8.3737 60.5337 35.608
0.525 21.6576 -8.35615 60.5451 35.6692
0.5275 21.6997 -8.33632 60.5604 35.7225
0.53 21.7401 -8.31424 60.5798 35.7679
0.5325 21.7787 -8.28992 60.603 35.8052
0.535 21.8156 -8.26339 60.6301 35.8344
0.5375 21.8509 -8.23467 60.6609 35.8552
0.54 21.8846 -8.20378 60.6955 35.8677
0.5425 21.9167 -8.17073 60.7338 35.8716
0.545 21.9473 -8.13557 60.7756 35.8669
0.5475 21.9763 -8.09829 60.821 35.8534
0.55 22.0039 -8.05894 60.8698 35.831
0.5525 22.0301 -8.01752 60.922 35.7995
0.555 22.0549 -7.97406 60.9775 35.7589
0.5575 22.0783 -7.92858 61.0361 35.7089
0.56 22.1004 -7.8811 61.0979 35.6496
0.5625 22.1213 -7.83164 61.1626 35.5806
0.565 22.1409 -7.78023 61.2303 35.502
0.5675 22.1593 -7.72688 61.3009 35.4136
0.57 22.1766 -7.67161 61.3741 35.3152
0.5725 22.1927 -7.61445 61.45 35.2068
0.575 22.2078 -7.55542 61.5285 35.0882
0.5775 22.2219 -7.49454 61.6093 34.9592
0.58 22.235 -7.43182 61.6925 34.8199
0.5825 22.2471 -7.36729 61.7779 34.6699
0.585 22.2583 -7.30098 61.8654 34.5093
0.5875 22.2686 -7.23289 61.9548 34.3379
0.59 22.2781 -7.16305 62.0462 34.1555
0.5925 22.2868 -7.09149 62.1394 33.9622
0.595 22.2948 -7.01821 62.2342 33.7577
0.5975 22.302 -6.94325 62.3305 33.5419
0.6 22.3086 -6.86663 62.4283 33.3148
0.6025 22.3145 -6.78835 62.5274 33.0764
0.605 22.3198 -6.70846 62.6278 32.8263
0.6075 22.3245 -6.62696 62.7292 32.5648
0.61 22.3287 -6.54388 62.8316 32.2915
0.6125 22.3324 -6.45924 62.935 32.0066
0.615 22.3356 -6.37306 63.0391 31.7099
0.6175 22.3384 -6.28536 63.1438 31.4015
0.62 22.3409 -6.19616 63.2492 31.0812
0.6225 22.3429 -6.1055 63.3549 30.7491
0.625 22.3446 -6.01337 63.4611 30.4053
0.6275 22.3461 -5.91982 63.5675 30.0496
0.63 22.3473 -5.82486 63.674 29.6822
0.6325 22.3483 -5.7285 63.7805 29.303
0.635 22.3491 -5.63079 63.887 28.9122
0.6375 22.3498 -5.53176 63.9933 28.5097
0.64 22.3505 -5.43145 64.0993 28.0957
0.6425 22.3511 -5.3299 64.205 27.6703
0.645 22.3517 -5.22715 64.3101 27.2335
0.6475 22.3522 -5.12324 64.4147 26.7855
0.65 22.3527 -5.01821 64.5186 26.3264
0.6525 22.3531 -4.91209 64.6217 25.8562
0.655 22.3534 -4.80492 64.724 25.3752
0.6575 22.3537 -4.69674 64.8252 24.8836
0.66 22.354 -4.58758 64.9254 24.3814
0.6625 22.3543 -4.47747 65.0244 23.8688
0.665 22.3545 -4.36644 65.1222 23.3461
0.6675 22.3547 -4.25453 65.2186 22.8133
0.67 22.3549 -4.14177 65.3135 22.2708
0.6725 22.3551 -4.02819 65.4069 21.7187
0.675 22.3553 -3.91381 65.4987 21.1571
0.6775 22.3555 -3.79868 65.5888 20.5865
0.68 22.3557 -3.68282 65.677 20.0069
0.6825 22.3559 -3.56627 65.7634 19.4186
0.685 22.3561 -3.44905 65.8478 18.8219
0.6875 22.3563 -3.3312 65.9301 18.2169
0.69 22.3566 -3.21275 66.0103 17.604
0.6925 22.3568 -3.09372 66.0883 16.9835
0.695 22.3571 -2.97414 66.1641 16.3555
0.6975 22.3574 -2.85403 66.2374 15.7203
0.7 22.3577 -2.73343 66.3084 15.0783
0.7025 22.3581 -2.61236 66.3768 14.4297
0.705 22.3585 -2.49085 66.4427 13.7747
0.7075 22.359 -2.36892 66.506 13.1138
0.71 22.3595 -2.24661 66.5666 12.4471
0.7125 22.36 -2.12393 66.6245 11.775
0.715 22.3606 -2.00092 66.6796 11.0978
0.7175 22.3612 -1.87759 66.7318 10.4158
0.72 22.3618 -1.75398 66.7812 9.72927
0.7225 22.3625 -1.6301 66.8276 9.03856
0.725 22.3632 -1.50598 66.8711 8.34398
0.7275 22.364 -1.38165 66.9116 7.64585
0.73 22.3648 -1.25713 66.949 6.94449
0.7325 22.3656 -1.13244 66.9833 6.24023
0.735 22.3665 -1.0076 67.0146 5.53339
0.7375 22.3674 -0.882631 67.0427 4.82429
0.74 22.3684 -0.757563 67.0677 4.11329
0.7425 22.3694 -0.632413 67.0895 3.4007
0.745 22.3704 -0.507202 67.1082 2.68685
0.7475 22.3715 -0.381951 67.1236 1.97209
0.75 22.3725 -0.256676 67.1358 1.25676
0.7525 22.3736 -0.131394 67.1449 0.541174
0.755 22.3747 -0.00611384 67.1507 -0.174316
0.7575 22.3758 0.119154 67.1534 -0.889378
0.76 22.377 0.244394 67.1528 -1.60367
0.7625 22.3781 0.369587 67.1491 -2.31687
0.765 22.3793 0.494713 67.1421 -3.02864
0.7675 22.3806 0.619752 67.132 -3.73863
0.77 22.3818 0.744681 67.1188 -4.44653
0.7725 22.3831 0.869478 67.1025 -5.152
0.775 22.3844 0.994122 67.083 -5.85472
0.7775 22.3858 1.11859 67.0605 -6.55435
0.78 22.3872 1.24286 67.035 -7.25058
0.7825 22.3886 1.3669 67.0065 -7.94309
0.785 22.3901 1.4907 66.975 -8.63155
0.7875 22.3916 1.61422 66.9406 -9.31566
0.79 22.3932 1.73745 66.9033 -9.9951
0.7925 22.3948 1.86035 66.8632 -10.6696
0.795 22.3964 1.98291 66.8204 -11.3387
0.7975 22.398 2.10509 66.7748 -12.0024
0.8 22.3997 2.22688 66.7265 -12.6601
0.8025 22.4014 2.34823 66.6757 -13.3116
0.805 22.4032 2.46913 66.6223 -13.9567
0.8075 22.4049 2.58955 66.5665 -14.5951
0.81 22.4067 2.70946 66.5082 -15.2264
0.8125 22.4085 2.82883 66.4476 -15.8505
0.815 22.4103 2.94764 66.3847 -16.467
0.8175 22.4121 3.06585 66.3197 -17.0757
0.82 22.4139 3.18344 66.2525 -17.6763
0.8225 22.4158 3.30038 66.1833 -18.2686
0.825 22.4176 3.41664 66.1121 -18.8523
0.8275 22.4194 3.53219 66.0391 -19.4272
0.83 22.4212 3.64699 65.9642 -19.9931
0.8325 22.4229 3.761 65.8877 -20.5497
0.835 22.4247 3.87421 65.8096 -21.0969
0.8375 22.4264 3.98657 65.7299 -21.6344
0.84 22.4281 4.09806 65.6488 -22.162
0.8425 22.4298 4.20864 65.5663 -22.6795
0.845 22.4315 4.31828 65.4826 -23.1868
0.8475 22.433 4.42695 65.3977 -23.6837
0.85 22.4346 4.53461 65.3118 -24.17
0.8525 22.436 4.64124 65.2249 -24.6456
0.855 22.4374 4.74678 65.1371 -25.1103
0.8575 22.4387 4.85121 65.0485 -25.564
0.86 22.44 4.95449 64.9593 -26.0065
0.8625 22.4412 5.05657 64.8695 -26.4378
0.865 22.4423 5.15742 64.7792 -26.8578
0.8675 22.4433 5.257 64.6885 -27.2663
0.87 22.4442 5.35526 64.5975 -27.6634
0.8725 22.445 5.45217 64.5064 -28.0488
0.875 22.4455 5.54769 64.4152 -28.4227
0.8775 22.4458 5.6418 64.324 -28.7848
0.88 22.4457 5.73448 64.2329 -29.1353
0.8825 22.4454 5.82571 64.1421 -29.4741
0.885 22.4447 5.91547 64.0516 -29.8012
0.8875 22.4435 6.00373 63.9615 -30.1165
0.89 22.4419 6.09047 63.872 -30.4202
0.8925 22.4399 6.17567 63.7832 -30.7122
0.895 22.4373 6.25932 63.6951 -30.9926
0.8975 22.4341 6.34138 63.6078 -31.2615
0.9 22.4304 6.42184 63.5216 -31.5189
0.9025 22.4261 6.50067 63.4364 -31.7648
0.905 22.421 6.57786 63.3524 -31.9994
0.9075 22.4153 6.65338 63.2698 -32.2227
0.91 22.4089 6.72722 63.1885 -32.4349
0.9125 22.4016 6.79934 63.1088 -32.636
0.915 22.3936 6.86974 63.0307 -32.8261
0.9175 22.3847 6.93839 62.9543 -33.0054
0.92 22.3749 7.00527 62.8798 -33.1739
0.9225 22.3641 7.07036 62.8072 -33.3318
0.925 22.3524 7.13363 62.7367 -33.4791
0.9275 22.3396 7.19508 62.6684 -33.6161
0.93 22.3258 7.25467 62.6023 -33.7427
0.9325 22.3109 7.31239 62.5386 -33.8592
0.935 22.2949 7.36822 62.4774 -33.9656
0.9375 22.2776 7.42213 62.4187 -34.0621
0.94 22.2592 7.47411 62.3627 -34.1488
0.9425 22.2394 7.52413 62.3094 -34.2259
0.945 22.2184 7.57217 62.259 -34.2933
0.9475 22.196 7.61822 62.2115 -34.3514
0.95 22.1723 7.66225 62.167 -34.4001
0.9525 22.1471 7.70424 62.1256 -34.4397
0.955 22.1204 7.74417 62.0874 -34.4702
0.9575 22.0922 7.78201 62.0524 -34.4918
0.96 22.0625 7.81776 62.0207 -34.5046
0.9625 22.0312 7.85137 61.9924 -34.5087
0.965 21.9983 7.88285 61.9676 -34.5043
0.9675 21.9637 7.91215 61.9463 -34.4914
0.97 21.9274 7.93927 61.9285 -34.4702
0.9725 21.8893 7.96418 61.9144 -34.4409
0.975 21.8495 7.98685 61.904 -34.4034
0.9775 21.8079 8.00728 61.8972 -34.358
0.98 21.7644 8.02543 61.8943 -34.3047
0.9825 21.7191 8.04128 61.8951 -34.2436
0.985 21.6719 8.05482 61.8998 -34.1749
0.9875 21.6227 8.06603 61.9084 -34.0986
0.99 21.5715 8.07488 61.9209 -34.0149
0.9925 21.5184 8.08136 61.9373 -33.9238
0.995 21.4632 8.08544 61.9577 -33.8254
0.9975 21.406 8.08711 61.982 -33.7198
1 21.3467 8.08635 62.004 -33.6106
