0 0 16.166 -1.4847 -0.0282125 15.9663 -1.45676 15.4569 -1.44384 -1.89545
0 0.05 16.2288 -1.32622 0.0757369 15.9318 -1.29193 15.4918 -1.28248 -3.82343
0 0.1 16.4515 -0.971951 0.263574 16.0023 -0.932541 15.9475 -0.955989 -8.00305
0 0.15 16.6967 -0.599584 0.426301 16.1254 -0.570675 16.3703 -0.593982 -10.5724
0 0.2 16.8822 -0.281803 0.53839 16.2103 -0.265158 17.0493 -0.285407 -11.4316
0 0.25 16.9606 -5.99934e-08 0.580706 16.2359 -4.43747e-08 17.6067 -4.8663e-08 -11.4334
0 0.3 16.8822 0.281803 0.53839 16.2103 0.265159 17.0493 0.285407 -11.4316
0 0.35 16.6967 0.599584 0.426301 16.1254 0.570675 16.3703 0.593981 -10.5724
0 0.4 16.4515 0.971951 0.263573 16.0023 0.932541 15.9475 0.955989 -8.00305
0 0.45 16.2288 1.32622 0.0757368 15.9318 1.29193 15.4918 1.28248 -3.82342
0 0.5 16.166 1.4847 -0.0282123 15.9663 1.45676 15.4558 1.44388 0.0271923
0 0.55 16.2279 1.32616 -0.132365 15.9318 1.29194 15.384 1.27495 3.87784
0 0.6 16.4493 0.97183 -0.320938 16.0023 0.932546 15.3467 0.921459 8.05761
0 0.65 16.6933 0.599478 -0.484475 16.1254 0.570695 15.1954 0.552275 10.6274
0 0.7 16.878 0.281738 -0.59714 16.2104 0.265181 15.4472 0.258983 11.4886
0 0.75 16.956 -1.33239e-07 -0.639661 16.2359 -9.68653e-08 15.856 -7.68939e-08 11.492
0 0.8 16.878 -0.281737 -0.59714 16.2104 -0.265181 15.4472 -0.258983 11.4886
0 0.85 16.6933 -0.599478 -0.484475 16.1254 -0.570696 15.1954 -0.552275 10.6274
0 0.9 16.4493 -0.97183 -0.320938 16.0023 -0.932546 15.3467 -0.921459 8.05761
0 0.95 16.2279 -1.32616 -0.132365 15.9318 -1.29194 15.384 -1.27495 3.87784
0 1 16.166 -1.4847 -0.0282125 15.9663 -1.45676 15.4546 -1.44394 1.95519
0.05 0 16.1525 -1.37041 -0.039729 15.9181 -1.34114 15.3879 -1.32102 0.0325366
0.05 0.05 15.1171 -1.08911 0.0555144 14.8103 -1.05797 15.8601 -1.16013 -2.93694
0.05 0.1 14.1133 -0.699909 0.167044 13.7288 -0.673875 15.845 -0.796103 -5.88094
0.05 0.15 13.4323 -0.383018 0.249306 12.9915 -0.365504 15.8813 -0.457077 -7.85486
0.05 0.2 13.0384 -0.162008 0.295158 12.5793 -0.155147 15.5426 -0.194764 -9.00265
0.05 0.25 12.903 8.522e-08 0.306581 12.4494 6.99775e-08 15.1019 5.20832e-08 -9.45824
0.05 0.3 13.0384 0.162008 0.295158 12.5793 0.155147 15.5426 0.194764 -9.00265
0.05 0.35 13.4323 0.383018 0.249306 12.9915 0.365504 15.8813 0.457077 -7.85486
0.05 0.4 14.1133 0.699909 0.167044 13.7288 0.673875 15.845 0.796103 -5.88094
0.05 0.45 15.1171 1.08911 0.0555144 14.8103 1.05797 15.8601 1.16013 -2.93694
0.05 0.5 16.1525 1.37041 -0.0397291 15.9181 1.34114 15.3729 1.31933 0.733066
0.05 0.55 17.5448 1.41195 -0.20041 17.2077 1.37286 15.0982 1.21054 5.80413
0.05 0.6 19.7344 1.31719 -0.489709 19.1842 1.25997 15.417 1.03391 11.0999
0.05 0.65 22.0592 1.06488 -0.816278 21.2904 1.0101 15.71 0.759531 14.9275
0.05 0.7 23.8148 0.59659 -1.08338 22.9005 0.563609 15.4153 0.385459 17.4127
0.05 0.75 24.4412 4.19383e-08 -1.17181 23.507 3.63966e-08 14.8702 -4.15635e-08 18.3027
0.05 0.8 23.8148 -0.59659 -1.08338 22.9005 -0.563609 15.4153 -0.385459 17.4127
0.05 0.85 22.0592 -1.06488 -0.816278 21.2904 -1.0101 15.71 -0.759531 14.9275
0.05 0.9 19.7344 -1.31719 -0.489709 19.1842 -1.25997 15.417 -1.03391 11.0999
0.05 0.95 17.5448 -1.41195 -0.200409 17.2077 -1.37286 15.0982 -1.21054 5.80413
0.05 1 16.1525 -1.37041 -0.039729 15.9181 -1.34114 15.358 -1.31764 0.0325366
0.1 0 16.1081 -1.18307 -0.0597052 15.8131 -1.15207 15.5001 -1.14508 0.420676
0.1 0.05 14.1219 -0.809718 0.0406786 13.8021 -0.784262 15.9455 -0.928664 -2.03874
0.1 0.1 12.5112 -0.473193 0.105629 12.1642 -0.456026 16.0267 -0.611943 -4.01964
0.1 0.15 11.4448 -0.255043 0.141783 11.0853 -0.244523 15.9723 -0.358326 -5.1377
0.1 0.2 10.8605 -0.107711 0.163882 10.4795 -0.102594 16.2989 -0.161387 -5.5518
0.1 0.25 10.6778 -2.00355e-08 0.17091 10.2809 -9.59351e-09 16.677 -2.30355e-09 -5.61696
0.1 0.3 10.8605 0.107711 0.163882 10.4795 0.102594 16.2989 0.161387 -5.5518
0.1 0.35 11.4448 0.255043 0.141783 11.0853 0.244523 15.9723 0.358326 -5.1377
0.1 0.4 12.5112 0.473193 0.105629 12.1642 0.456026 16.0267 0.611943 -4.01964
0.1 0.45 14.1219 0.809719 0.0406785 13.8021 0.784263 15.9455 0.928665 -2.03874
0.1 0.5 16.1081 1.18307 -0.0597053 15.8131 1.15207 15.3065 1.1291 1.47865
0.1 0.55 19.0708 1.52337 -0.26946 18.6577 1.47363 14.8832 1.17458 7.11199
0.1 0.6 24.0351 1.96957 -0.700725 23.358 1.88062 15.2691 1.23888 13.4593
0.1 0.65 30.8789 2.2787 -1.41314 29.7964 2.1526 15.8095 1.16784 19.0717
0.1 0.7 37.8518 1.68137 -2.24206 36.2068 1.56766 16.7332 0.754656 22.9964
0.1 0.75 41.0184 -2.54464e-08 -2.65711 39.021 -2.1111e-08 17.523 -3.56315e-08 24.3284
0.1 0.8 37.8518 -1.68137 -2.24206 36.2068 -1.56766 16.7332 -0.754656 22.9964
0.1 0.85 30.8789 -2.2787 -1.41314 29.7964 -2.1526 15.8095 -1.16784 19.0717
0.1 0.9 24.0351 -1.96957 -0.700725 23.358 -1.88062 15.2691 -1.23888 13.4593
0.1 0.95 19.0708 -1.52337 -0.26946 18.6577 -1.47363 14.8832 -1.17458 7.11198
0.1 1 16.1081 -1.18307 -0.0597052 15.8131 -1.15207 15.113 -1.11311 0.420676
0.15 0 16.0261 -0.966754 -0.0709965 15.6873 -0.93772 15.6977 -0.950054 0.647096
0.15 0.05 13.3295 -0.568605 0.0178987 13.0061 -0.549691 15.9119 -0.686024 -1.14353
0.15 0.1 11.4679 -0.313744 0.0561174 11.1504 -0.302552 16.0804 -0.443652 -2.44059
0.15 0.15 10.2829 -0.169323 0.0700275 9.97608 -0.162764 16.1017 -0.26804 -2.97946
0.15 0.2 9.63639 -0.0762862 0.0744039 9.34586 -0.0735871 15.7665 -0.126527 -3.25812
0.15 0.25 9.4288 2.95334e-08 0.0753499 9.15154 2.62443e-08 15.3539 4.9003e-08 -3.39635
0.15 0.3 9.63639 0.0762862 0.0744039 9.34586 0.0735872 15.7665 0.126527 -3.25812
0.15 0.35 10.2829 0.169323 0.0700275 9.97608 0.162764 16.1017 0.26804 -2.97946
0.15 0.4 11.4679 0.313744 0.0561173 11.1504 0.302553 16.0804 0.443652 -2.44059
0.15 0.45 13.3295 0.568605 0.0178986 13.0061 0.549691 15.9119 0.686024 -1.14353
0.15 0.5 16.0261 0.966753 -0.0709964 15.6873 0.93772 15.2406 0.919363 1.77022
0.15 0.55 20.473 1.58465 -0.281553 20.0104 1.53062 14.6931 1.11799 6.93023
0.15 0.6 28.598 2.82341 -0.801424 27.8586 2.70399 14.662 1.42205 13.731
0.15 0.65 43.3156 4.6959 -2.06269 42.0297 4.44763 15.2552 1.64221 21.6042
0.15 0.7 64.9093 4.65428 -4.27545 62.9793 4.38844 15.3943 1.1006 28.6877
0.15 0.75 77.3523 8.509e-08 -5.52108 75.2866 8.80912e-08 14.7363 2.70236e-08 31.5538
0.15 0.8 64.9093 -4.65428 -4.27545 62.9793 -4.38844 15.3943 -1.1006 28.6877
0.15 0.85 43.3156 -4.6959 -2.06269 42.0297 -4.44763 15.2552 -1.64221 21.6042
0.15 0.9 28.598 -2.82341 -0.801424 27.8586 -2.70398 14.662 -1.42204 13.731
0.15 0.95 20.473 -1.58465 -0.281553 20.0104 -1.53062 14.6931 -1.11799 6.93023
0.15 1 16.0261 -0.966754 -0.0709965 15.6873 -0.93772 14.7835 -0.888672 0.647096
0.2 0 15.9215 -0.594377 -0.058136 15.568 -0.574076 15.7971 -0.595057 0.448604
0.2 0.05 12.8298 -0.314261 -0.00551509 12.5132 -0.304546 15.8021 -0.384777 -0.413366
0.2 0.1 10.8824 -0.166028 0.0156899 10.5849 -0.159589 16.1419 -0.248977 -1.10405
0.2 0.15 9.69817 -0.0943369 0.0179557 9.41921 -0.0910671 16.2657 -0.158617 -1.19432
0.2 0.2 9.07518 -0.0433253 0.0137829 8.79889 -0.0413103 16.672 -0.0814907 -1.08957
0.2 0.25 8.89278 2.23129e-08 0.00909081 8.61065 2.19815e-08 17.0759 3.9269e-08 -0.946938
0.2 0.3 9.07518 0.0433254 0.0137829 8.79889 0.0413104 16.672 0.0814908 -1.08957
0.2 0.35 9.69817 0.094337 0.0179557 9.41921 0.0910672 16.2657 0.158617 -1.19432
0.2 0.4 10.8824 0.166028 0.0156899 10.5849 0.159589 16.1419 0.248977 -1.10405
0.2 0.45 12.8298 0.314261 -0.005515 12.5132 0.304546 15.8021 0.384777 -0.413366
0.2 0.5 15.9215 0.594377 -0.058136 15.568 0.574076 15.1524 0.56685 1.27429
0.2 0.55 21.2936 1.21203 -0.201711 20.8453 1.17773 14.2529 0.783209 4.61332
0.2 0.6 31.671 2.57259 -0.512567 31.0246 2.4793 13.4676 1.06975 9.34342
0.2 0.65 54.2436 5.48258 -1.60466 53.2045 5.30498 13.2894 1.22365 15.7585
0.2 0.7 93.5924 5.30816 -2.49687 92.7462 5.26715 9.77877 0.378316 21.0627
0.2 0.75 112.764 1.26079e-07 -2.1427 112.451 1.18235e-07 5.11724 -3.95691e-09 22.3922
0.2 0.8 93.5924 -5.30816 -2.49687 92.7462 -5.26715 9.77877 -0.378316 21.0627
0.2 0.85 54.2436 -5.48258 -1.60466 53.2045 -5.30498 13.2894 -1.22365 15.7585
0.2 0.9 31.671 -2.57259 -0.512567 31.0246 -2.4793 13.4676 -1.06975 9.34342
0.2 0.95 21.2936 -1.21203 -0.201711 20.8453 -1.17773 14.2529 -0.783209 4.61332
0.2 1 15.9215 -0.594377 -0.058136 15.568 -0.574076 14.5078 -0.538644 0.448604
0.25 0 15.8717 -0.000131294 -0.027708 15.5219 6.78122e-06 15.7812 0.00990045 0.0272086
0.25 0.05 12.655 -7.321e-05 -0.022084 12.3417 -2.90903e-07 15.789 0.00875758 0.0271499
0.25 0.1 10.6988 -3.60125e-05 -0.0186656 10.4102 2.71588e-07 16.1299 0.00554131 0.0271686
0.25 0.15 9.52453 -2.62159e-05 -0.0166165 9.25346 -3.76414e-06 16.3373 0.00308898 0.0270178
0.25 0.2 8.92753 -1.18398e-05 -0.0155774 8.67476 -2.96202e-06 16.1805 0.00134454 0.0265481
0.25 0.25 8.76435 4.10697e-09 -0.0152945 8.52032 3.84138e-09 15.9063 1.02668e-08 0.0260604
0.25 0.3 8.92753 1.18582e-05 -0.0155774 8.67476 2.98054e-06 16.1805 -0.00134451 0.0265483
0.25 0.35 9.52453 2.61522e-05 -0.0166165 9.25346 3.70332e-06 16.3373 -0.00308908 0.0270177
0.25 0.4 10.6988 3.60307e-05 -0.0186656 10.4102 -2.56785e-07 16.1299 -0.00554129 0.0271684
0.25 0.45 12.655 7.31478e-05 -0.022084 12.3417 2.336e-07 15.789 -0.00875766 0.0271499
0.25 0.5 15.8717 0.000131281 -0.0277081 15.5219 -6.7979e-06 15.0958 -0.0136668 0.0271644
0.25 0.55 21.4974 0.000301743 -0.0375584 21.0811 -6.90096e-06 14.0037 -0.0204323 0.0270917
0.25 0.6 32.5818 0.000645506 -0.0569552 32.022 -1.9003e-05 12.737 -0.0301503 0.0271042
0.25 0.65 58.2099 0.00164298 -0.101948 57.4245 0.000113472 12.0942 -0.0399277 0.0272493
0.25 0.7 104.803 0.00170654 -0.183322 104.608 0.000335296 4.70726 -0.0358521 0.0293666
0.25 0.75 123.597 -3.71463e-08 -0.215777 123.883 -2.74205e-08 -2.73311 -9.46723e-10 0.0316262
0.25 0.8 104.803 -0.00170652 -0.183322 104.608 -0.000335288 4.70726 0.0358521 0.0293666
0.25 0.85 58.2099 -0.00164328 -0.101948 57.4245 -0.000113747 12.0942 0.0399277 0.0272494
0.25 0.9 32.5818 -0.000645383 -0.0569552 32.022 1.91011e-05 12.737 0.0301504 0.0271042
0.25 0.95 21.4974 -0.000301821 -0.0375585 21.0811 6.84557e-06 14.0037 0.0204322 0.0270921
0.25 1 15.8717 -0.000131294 -0.027708 15.5219 6.78122e-06 14.4103 0.0174332 0.0272086
0.3 0 15.9215 0.59415 0.00254809 15.568 0.574069 15.7992 0.614811 -0.394232
0.3 0.05 12.8295 0.314142 -0.0392597 12.5132 0.304549 15.7949 0.402115 0.46778
0.3 0.1 10.8822 0.165959 -0.0536605 10.5849 0.15959 16.1316 0.260055 1.15849
0.3 0.15 9.69789 0.0943094 -0.0517897 9.41921 0.0910751 16.2557 0.165174 1.24899
0.3 0.2 9.07492 0.0433155 -0.0454384 8.79888 0.0413194 16.6634 0.0843368 1.14509
0.3 0.25 8.89253 9.6576e-09 -0.0401061 8.61064 8.82334e-09 17.0692 1.5269e-08 1.00325
0.3 0.3 9.07492 -0.0433156 -0.0454384 8.79888 -0.0413195 16.6634 -0.0843368 1.14509
0.3 0.35 9.69789 -0.0943093 -0.0517897 9.41921 -0.091075 16.2557 -0.165173 1.24899
0.3 0.4 10.8822 -0.165959 -0.0536606 10.5849 -0.15959 16.1316 -0.260055 1.15849
0.3 0.45 12.8295 -0.314142 -0.0392596 12.5132 -0.304549 15.7949 -0.402115 0.46778
0.3 0.5 15.9215 -0.59415 0.0025481 15.568 -0.574069 15.1545 -0.593647 -1.21993
0.3 0.55 21.2944 -1.21168 0.127323 20.8453 -1.17773 14.2754 -0.823356 -4.55903
0.3 0.6 31.6734 -2.57188 0.401802 31.0246 -2.47927 13.515 -1.1266 -9.28942
0.3 0.65 54.2521 -5.48162 1.41477 53.2042 -5.30513 13.3929 -1.29461 -15.7053
0.3 0.7 93.6106 -5.30743 2.16877 92.7468 -5.26775 9.95377 -0.434642 -21.0118
0.3 0.75 112.782 -1.85503e-08 1.74712 112.452 -3.05469e-08 5.29946 1.23022e-09 -22.3433
0.3 0.8 93.6106 5.30743 2.16877 92.7468 5.26775 9.95377 0.434642 -21.0118
0.3 0.85 54.2521 5.48162 1.41477 53.2042 5.30513 13.3929 1.29461 -15.7053
0.3 0.9 31.6734 2.57188 0.401802 31.0246 2.47927 13.515 1.1266 -9.28942
0.3 0.95 21.2944 1.21168 0.127323 20.8453 1.17773 14.2754 0.823356 -4.55903
0.3 1 15.9215 0.59415 0.00254809 15.568 0.574069 14.5098 0.572482 -0.394232
0.35 0 16.0262 0.966633 0.0150531 15.6873 0.937717 15.7008 0.968953 -0.592718
0.35 0.05 13.329 0.568499 -0.0644158 13.0061 0.549688 15.8967 0.701831 1.19794
0.35 0.1 11.4673 0.313686 -0.0961265 11.1504 0.302557 16.0588 0.454401 2.49494
0.35 0.15 10.2822 0.169291 -0.105895 9.97608 0.162765 16.0778 0.274605 3.03365
0.35 0.2 9.63572 0.076273 -0.108014 9.34586 0.0735841 15.7405 0.129707 3.31146
0.35 0.25 9.42816 -1.83929e-08 -0.108241 9.15154 -1.76366e-08 15.3258 -2.47969e-08 3.44893
0.35 0.3 9.63572 -0.0762729 -0.108014 9.34586 -0.0735841 15.7405 -0.129707 3.31146
0.35 0.35 10.2822 -0.169291 -0.105895 9.97608 -0.162765 16.0778 -0.274605 3.03365
0.35 0.4 11.4673 -0.313686 -0.0961265 11.1504 -0.302557 16.0588 -0.454401 2.49494
0.35 0.45 13.329 -0.568499 -0.0644158 13.0061 -0.549688 15.8967 -0.701831 1.19794
0.35 0.5 16.0262 -0.966633 0.0150531 15.6873 -0.937717 15.2436 -0.943759 -1.71581
0.35 0.55 20.4743 -1.58459 0.210071 20.0104 -1.5306 14.7297 -1.15386 -6.87574
0.35 0.6 28.6024 -2.82364 0.701547 27.8585 -2.70394 14.7423 -1.46847 -13.6764
0.35 0.65 43.3281 -4.69691 1.91157 42.0297 -4.44752 15.3981 -1.69325 -21.5489
0.35 0.7 64.9371 -4.65524 4.04906 62.9791 -4.38811 15.6125 -1.13416 -28.6311
0.35 0.75 77.3879 -4.24895e-08 5.2509 75.2858 -2.91628e-08 14.9863 -6.13884e-09 -31.4965
0.35 0.8 64.9371 4.65524 4.04906 62.9791 4.38811 15.6125 1.13416 -28.6311
0.35 0.85 43.3281 4.69691 1.91157 42.0297 4.44752 15.3981 1.69325 -21.5489
0.35 0.9 28.6024 2.82364 0.701547 27.8585 2.70394 14.7423 1.46847 -13.6764
0.35 0.95 20.4743 1.58459 0.210071 20.0104 1.5306 14.7297 1.15386 -6.87574
0.35 1 16.0262 0.966633 0.0150531 15.6873 0.937717 14.7864 0.918566 -0.592718
0.4 0 16.1082 1.18299 0.00348628 15.8131 1.15207 15.5019 1.16021 -0.366255
0.4 0.05 14.1212 0.80961 -0.0899631 13.8021 0.784267 15.9229 0.940917 2.09316
0.4 0.1 12.5102 0.473112 -0.149276 12.1642 0.456027 15.9924 0.62079 4.0741
0.4 0.15 11.4435 0.255004 -0.181692 11.0853 0.244528 15.9313 0.363865 5.19229
0.4 0.2 10.8591 0.107698 -0.201731 10.4795 0.102601 16.2569 0.164001 5.60713
0.4 0.25 10.6764 2.09964e-08 -0.208104 10.2809 1.73989e-08 16.6362 2.49418e-08 5.67294
0.4 0.3 10.8591 -0.107698 -0.201731 10.4795 -0.102601 16.2569 -0.164001 5.60713
0.4 0.35 11.4435 -0.255004 -0.181692 11.0853 -0.244528 15.9313 -0.363865 5.19229
0.4 0.4 12.5102 -0.473112 -0.149276 12.1642 -0.456027 15.9924 -0.62079 4.0741
0.4 0.45 14.1212 -0.80961 -0.0899631 13.8021 -0.784267 15.9229 -0.940917 2.09316
0.4 0.5 16.1082 -1.18299 0.00348629 15.8131 -1.15207 15.3084 -1.14741 -1.42422
0.4 0.55 19.0723 -1.52343 0.202905 18.6577 -1.47364 14.9271 -1.20071 -7.05754
0.4 0.6 24.0395 -1.96996 0.616908 23.358 -1.88063 15.3582 -1.26851 -13.4047
0.4 0.65 30.8886 -2.27952 1.30566 29.7965 -2.1526 15.9443 -1.19402 -19.0165
0.4 0.7 37.8689 -1.68234 2.11086 36.2072 -1.56771 16.9034 -0.770049 -22.9404
0.4 0.75 41.0402 4.5949e-08 2.51546 39.0219 3.44702e-08 17.7064 1.05506e-08 -24.2717
0.4 0.8 37.8689 1.68234 2.11086 36.2072 1.56771 16.9034 0.770049 -22.9404
0.4 0.85 30.8886 2.27952 1.30566 29.7965 2.1526 15.9444 1.19402 -19.0165
0.4 0.9 24.0395 1.96996 0.616908 23.358 1.88063 15.3582 1.26851 -13.4047
0.4 0.95 19.0723 1.52343 0.202905 18.6577 1.47364 14.9271 1.20071 -7.05754
0.4 1 16.1082 1.18299 0.00348628 15.8131 1.15207 15.1148 1.13461 -0.366255
0.45 0 16.1526 1.37033 -0.0166477 15.9181 1.34114 15.3878 1.32925 0.0218586
0.45 0.05 15.1164 1.08899 -0.108278 14.8103 1.05797 15.8323 1.16661 2.99129
0.45 0.1 14.1118 0.699805 -0.216273 13.7288 0.673882 15.7962 0.800867 5.93527
0.45 0.15 13.4303 0.382952 -0.296133 12.9915 0.365507 15.8205 0.459854 7.90907
0.45 0.2 13.0361 0.161979 -0.340613 12.5793 0.155144 15.4742 0.196049 9.05616
0.45 0.25 12.9007 -2.8347e-08 -0.351585 12.4494 -2.09309e-08 15.0294 -2.59868e-08 9.51115
0.45 0.3 13.0361 -0.161979 -0.340613 12.5793 -0.155144 15.4742 -0.196049 9.05616
0.45 0.35 13.4303 -0.382952 -0.296133 12.9915 -0.365507 15.8205 -0.459854 7.90907
0.45 0.4 14.1118 -0.699805 -0.216273 13.7288 -0.673882 15.7962 -0.800867 5.93527
0.45 0.45 15.1164 -1.08899 -0.108278 14.8103 -1.05797 15.8323 -1.16661 2.99129
0.45 0.5 16.1526 -1.37033 -0.0166477 15.9181 -1.34114 15.3729 -1.32836 -0.67866
0.45 0.55 17.546 -1.41198 0.139201 17.2077 -1.37287 15.1394 -1.22377 -5.74965
0.45 0.6 19.7377 -1.31739 0.420902 19.1843 -1.25997 15.4979 -1.04772 -11.0454
0.45 0.65 22.0649 -1.0652 0.73946 21.2904 -1.01011 15.8187 -0.770342 -14.8732
0.45 0.7 23.8224 -0.596785 1.00047 22.9005 -0.563607 15.5427 -0.3911 -17.359
0.45 0.75 24.4492 -4.4716e-08 1.08664 23.5069 -3.77673e-08 15.0042 -9.82585e-09 -18.2495
0.45 0.8 23.8224 0.596785 1.00047 22.9005 0.563607 15.5427 0.3911 -17.359
0.45 0.85 22.0649 1.0652 0.73946 21.2904 1.01011 15.8187 0.770342 -14.8732
0.45 0.9 19.7377 1.31739 0.420902 19.1843 1.25997 15.4979 1.04772 -11.0454
0.45 0.95 17.546 1.41198 0.139201 17.2077 1.37287 15.1394 1.22377 -5.74965
0.45 1 16.1526 1.37033 -0.0166477 15.9181 1.34114 15.3579 1.32747 0.0218586
0.5 0 16.166 1.4847 -0.0282125 15.9663 1.45676 15.4554 1.44403 0.0271868
0.5 0.05 16.2279 1.32616 -0.132365 15.9318 1.29194 15.4216 1.27804 4.13777
0.5 0.1 16.4493 0.97183 -0.320938 16.0023 0.932546 15.6163 0.937552 8.28759
0.5 0.15 16.6933 0.599478 -0.484475 16.1254 0.570696 15.7437 0.572099 11.0228
0.5 0.2 16.878 0.281737 -0.59714 16.2104 0.265181 16.206 0.271638 12.3615
0.5 0.25 16.956 4.08518e-08 -0.639661 16.2359 3.15562e-08 16.689 5.53795e-08 12.6995
0.5 0.3 16.878 -0.281738 -0.59714 16.2104 -0.265181 16.206 -0.271638 12.3615
0.5 0.35 16.6933 -0.599478 -0.484475 16.1254 -0.570696 15.7437 -0.572099 11.0228
0.5 0.4 16.4493 -0.97183 -0.320938 16.0023 -0.932546 15.6163 -0.937552 8.28759
0.5 0.45 16.2279 -1.32616 -0.132365 15.9318 -1.29194 15.4216 -1.27804 4.13777
0.5 0.5 16.166 -1.4847 -0.0282125 15.9663 -1.45676 15.4554 -1.44387 0.0271966
0.5 0.55 16.2288 -1.32622 0.0757368 15.9318 -1.29193 15.4551 -1.27941 -4.08336
0.5 0.6 16.4515 -0.971951 0.263574 16.0023 -0.932541 15.6812 -0.939941 -8.23312
0.5 0.65 16.6967 -0.599584 0.426301 16.1254 -0.570675 15.827 -0.574169 -10.9682
0.5 0.7 16.8822 -0.281803 0.53839 16.2103 -0.265159 16.2966 -0.272748 -12.3062
0.5 0.75 16.9606 3.67861e-08 0.580706 16.2359 3.14283e-08 16.7805 4.96813e-08 -12.6436
0.5 0.8 16.8822 0.281803 0.53839 16.2103 0.265158 16.2966 0.272747 -12.3062
0.5 0.85 16.6967 0.599584 0.426301 16.1254 0.570675 15.827 0.574169 -10.9682
0.5 0.9 16.4515 0.971951 0.263574 16.0023 0.932541 15.6812 0.939941 -8.23312
0.5 0.95 16.2288 1.32622 0.0757368 15.9318 1.29193 15.4551 1.27941 -4.08336
0.5 1 16.166 1.4847 -0.0282125 15.9663 1.45676 15.4554 1.44371 0.0271868
0.55 0 16.1525 1.37041 -0.039729 15.9181 1.34114 15.358 1.31764 0.0325364
0.55 0.05 17.5448 1.41195 -0.200409 17.2077 1.37286 15.0982 1.21054 5.80413
0.55 0.1 19.7344 1.31719 -0.489709 19.1842 1.25997 15.417 1.03391 11.0999
0.55 0.15 22.0592 1.06488 -0.816278 21.2904 1.0101 15.71 0.759531 14.9275
0.55 0.2 23.8148 0.59659 -1.08338 22.9005 0.563609 15.4153 0.385459 17.4127
0.55 0.25 24.4412 -4.54639e-08 -1.17181 23.507 -3.20353e-08 14.8702 -8.42004e-09 18.3027
0.55 0.3 23.8148 -0.59659 -1.08338 22.9005 -0.563609 15.4153 -0.385459 17.4127
0.55 0.35 22.0592 -1.06488 -0.816278 21.2904 -1.0101 15.71 -0.759531 14.9275
0.55 0.4 19.7344 -1.31719 -0.489709 19.1842 -1.25997 15.417 -1.03391 11.0999
0.55 0.45 17.5448 -1.41195 -0.200409 17.2077 -1.37286 15.0982 -1.21054 5.80413
0.55 0.5 16.1525 -1.37041 -0.039729 15.9181 -1.34114 15.3729 -1.31933 0.733067
0.55 0.55 15.1171 -1.08911 0.0555144 14.8103 -1.05797 15.8601 -1.16013 -2.93694
0.55 0.6 14.1133 -0.699909 0.167044 13.7288 -0.673875 15.845 -0.796103 -5.88094
0.55 0.65 13.4323 -0.383018 0.249306 12.9915 -0.365504 15.8813 -0.457077 -7.85486
0.55 0.7 13.0384 -0.162008 0.295158 12.5793 -0.155147 15.5426 -0.194764 -9.00265
0.55 0.75 12.903 -3.16097e-08 0.306581 12.4494 -2.92009e-08 15.1019 -8.77005e-09 -9.45824
0.55 0.8 13.0384 0.162008 0.295158 12.5793 0.155147 15.5426 0.194764 -9.00265
0.55 0.85 13.4323 0.383018 0.249306 12.9915 0.365504 15.8813 0.457077 -7.85486
0.55 0.9 14.1133 0.699909 0.167044 13.7288 0.673875 15.845 0.796103 -5.88094
0.55 0.95 15.1171 1.08911 0.0555144 14.8103 1.05797 15.8601 1.16013 -2.93694
0.55 1 16.1525 1.37041 -0.039729 15.9181 1.34114 15.3879 1.32102 0.0325364
0.6 0 16.1081 1.18307 -0.0597052 15.8131 1.15207 15.113 1.11311 0.420677
0.6 0.05 19.0708 1.52337 -0.26946 18.6577 1.47363 14.8832 1.17458 7.11198
0.6 0.1 24.0351 1.96957 -0.700725 23.358 1.88062 15.2691 1.23888 13.4593
0.6 0.15 30.8789 2.2787 -1.41314 29.7964 2.1526 15.8095 1.16784 19.0717
0.6 0.2 37.8518 1.68137 -2.24206 36.2068 1.56766 16.7332 0.754656 22.9964
0.6 0.25 41.0184 5.09952e-08 -2.65711 39.021 3.29208e-08 17.523 9.16477e-09 24.3284
0.6 0.3 37.8518 -1.68137 -2.24206 36.2068 -1.56766 16.7332 -0.754656 22.9964
0.6 0.35 30.8789 -2.2787 -1.41314 29.7964 -2.1526 15.8095 -1.16784 19.0717
0.6 0.4 24.0351 -1.96957 -0.700725 23.358 -1.88062 15.2691 -1.23888 13.4593
0.6 0.45 19.0708 -1.52337 -0.26946 18.6577 -1.47363 14.8832 -1.17458 7.11198
0.6 0.5 16.1081 -1.18307 -0.0597052 15.8131 -1.15207 15.3065 -1.1291 1.47865
0.6 0.55 14.1219 -0.809718 0.0406785 13.8021 -0.784262 15.9455 -0.928664 -2.03874
0.6 0.6 12.5112 -0.473193 0.105629 12.1642 -0.456026 16.0267 -0.611943 -4.01964
0.6 0.65 11.4448 -0.255043 0.141783 11.0853 -0.244523 15.9723 -0.358326 -5.1377
0.6 0.7 10.8605 -0.107711 0.163882 10.4795 -0.102594 16.2989 -0.161387 -5.5518
0.6 0.75 10.6778 2.3345e-08 0.17091 10.2809 2.25603e-08 16.677 1.3653e-08 -5.61696
0.6 0.8 10.8605 0.107711 0.163882 10.4795 0.102594 16.2989 0.161387 -5.5518
0.6 0.85 11.4448 0.255043 0.141783 11.0853 0.244523 15.9723 0.358326 -5.1377
0.6 0.9 12.5112 0.473193 0.105629 12.1642 0.456026 16.0267 0.611943 -4.01964
0.6 0.95 14.1219 0.809718 0.0406785 13.8021 0.784262 15.9455 0.928664 -2.03874
0.6 1 16.1081 1.18307 -0.0597052 15.8131 1.15207 15.5001 1.14508 0.420677
0.65 0 16.0261 0.966754 -0.0709965 15.6873 0.93772 14.7835 0.888672 0.647095
0.65 0.05 20.473 1.58465 -0.281553 20.0104 1.53062 14.6931 1.11799 6.93023
0.65 0.1 28.598 2.82341 -0.801424 27.8586 2.70398 14.662 1.42204 13.731
0.65 0.15 43.3156 4.6959 -2.06269 42.0297 4.44763 15.2552 1.64221 21.6042
0.65 0.2 64.9093 4.65428 -4.27545 62.9793 4.38844 15.3943 1.1006 28.6877
0.65 0.25 77.3523 -4.39666e-08 -5.52108 75.2866 -2.40974e-08 14.7363 -2.96134e-09 31.5538
0.65 0.3 64.9093 -4.65428 -4.27545 62.9793 -4.38844 15.3943 -1.1006 28.6877
0.65 0.35 43.3156 -4.6959 -2.06269 42.0297 -4.44763 15.2552 -1.64221 21.6042
0.65 0.4 28.598 -2.82341 -0.801424 27.8586 -2.70398 14.662 -1.42204 13.731
0.65 0.45 20.473 -1.58465 -0.281553 20.0104 -1.53062 14.6931 -1.11799 6.93023
0.65 0.5 16.0261 -0.966754 -0.0709965 15.6873 -0.93772 15.2406 -0.919363 1.77022
0.65 0.55 13.3295 -0.568605 0.0178987 13.0061 -0.549691 15.9119 -0.686024 -1.14353
0.65 0.6 11.4679 -0.313744 0.0561174 11.1504 -0.302552 16.0804 -0.443652 -2.44059
0.65 0.65 10.2829 -0.169323 0.0700275 9.97608 -0.162764 16.1017 -0.26804 -2.97946
0.65 0.7 9.63639 -0.0762861 0.0744039 9.34586 -0.0735871 15.7665 -0.126527 -3.25812
0.65 0.75 9.4288 -1.61107e-08 0.0753499 9.15154 -1.56623e-08 15.3539 -1.45372e-08 -3.39635
0.65 0.8 9.63639 0.0762862 0.0744039 9.34586 0.0735871 15.7664 0.126527 -3.25812
0.65 0.85 10.2829 0.169323 0.0700275 9.97608 0.162764 16.1017 0.26804 -2.97946
0.65 0.9 11.4679 0.313744 0.0561174 11.1504 0.302552 16.0804 0.443652 -2.44059
0.65 0.95 13.3295 0.568605 0.0178987 13.0061 0.549691 15.9119 0.686024 -1.14353
0.65 1 16.0261 0.966754 -0.0709965 15.6873 0.93772 15.6977 0.950054 0.647095
0.7 0 15.9215 0.594377 -0.058136 15.568 0.574076 14.5078 0.538644 0.448604
0.7 0.05 21.2936 1.21203 -0.201711 20.8453 1.17773 14.2529 0.783209 4.61332
0.7 0.1 31.671 2.57259 -0.512567 31.0246 2.4793 13.4676 1.06975 9.34342
0.7 0.15 54.2436 5.48258 -1.60466 53.2045 5.30498 13.2894 1.22365 15.7585
0.7 0.2 93.5924 5.30816 -2.49687 92.7462 5.26715 9.77877 0.378316 21.0627
0.7 0.25 112.764 -2.58703e-08 -2.1427 112.451 -4.35951e-08 5.11724 -3.69201e-09 22.3922
0.7 0.3 93.5924 -5.30816 -2.49687 92.7462 -5.26715 9.77877 -0.378316 21.0627
0.7 0.35 54.2436 -5.48257 -1.60466 53.2045 -5.30498 13.2894 -1.22365 15.7585
0.7 0.4 31.671 -2.57259 -0.512567 31.0246 -2.4793 13.4676 -1.06975 9.34342
0.7 0.45 21.2936 -1.21203 -0.201711 20.8453 -1.17773 14.2529 -0.783209 4.61332
0.7 0.5 15.9215 -0.594377 -0.058136 15.568 -0.574076 15.1524 -0.56685 1.27429
0.7 0.55 12.8298 -0.314261 -0.00551506 12.5132 -0.304545 15.8021 -0.384777 -0.413367
0.7 0.6 10.8824 -0.166028 0.01569 10.5849 -0.159589 16.1419 -0.248977 -1.10405
0.7 0.65 9.69817 -0.0943369 0.0179557 9.41921 -0.0910671 16.2657 -0.158617 -1.19432
0.7 0.7 9.07518 -0.0433253 0.0137829 8.79889 -0.0413103 16.672 -0.0814907 -1.08957
0.7 0.75 8.89278 1.09239e-08 0.0090908 8.61065 1.10753e-08 17.0759 7.14406e-09 -0.946938
0.7 0.8 9.07518 0.0433253 0.0137829 8.79889 0.0413103 16.672 0.0814907 -1.08957
0.7 0.85 9.69817 0.0943369 0.0179557 9.41921 0.0910671 16.2657 0.158617 -1.19432
0.7 0.9 10.8824 0.166028 0.0156899 10.5849 0.159589 16.1419 0.248977 -1.10405
0.7 0.95 12.8298 0.314261 -0.00551504 12.5132 0.304546 15.8021 0.384777 -0.413367
0.7 1 15.9215 0.594377 -0.058136 15.568 0.574076 15.7971 0.595057 0.448604
0.75 0 15.8717 0.000131319 -0.0277081 15.5219 -6.74637e-06 14.4103 -0.0174333 0.0272087
0.75 0.05 21.4974 0.00030186 -0.0375584 21.0811 -6.8168e-06 14.0037 -0.0204321 0.0270922
0.75 0.1 32.5818 0.000645417 -0.0569552 32.022 -1.90613e-05 12.737 -0.0301505 0.0271041
0.75 0.15 58.2099 0.00164325 -0.101948 57.4245 0.000113716 12.0942 -0.0399276 0.0272496
0.75 0.2 104.803 0.00170662 -0.183322 104.608 0.000335376 4.70726 -0.0358521 0.0293664
0.75 0.25 123.597 -1.07351e-07 -0.215777 123.883 -9.23239e-08 -2.73311 9.56531e-09 0.0316262
0.75 0.3 104.803 -0.00170671 -0.183322 104.608 -0.000335489 4.70726 0.0358521 0.0293664
0.75 0.35 58.2099 -0.0016434 -0.101948 57.4245 -0.000113852 12.0942 0.0399276 0.0272496
0.75 0.4 32.5818 -0.000645372 -0.0569552 32.022 1.90989e-05 12.737 0.0301505 0.0271048
0.75 0.45 21.4974 -0.000302009 -0.0375584 21.0811 6.68471e-06 14.0037 0.020432 0.0270933
0.75 0.5 15.8717 -0.000131238 -0.0277081 15.5219 6.81822e-06 15.0958 0.013667 0.0271659
0.75 0.55 12.655 -7.33275e-05 -0.022084 12.3417 -3.93215e-07 15.789 0.0087574 0.02715
0.75 0.6 10.6988 -3.59542e-05 -0.0186656 10.4102 3.19858e-07 16.1299 0.00554141 0.0271681
0.75 0.65 9.52453 -2.62353e-05 -0.0166165 9.25346 -3.77834e-06 16.3373 0.00308894 0.0270174
0.75 0.7 8.92753 -1.18439e-05 -0.0155774 8.67476 -2.96634e-06 16.1805 0.00134453 0.0265481
0.75 0.75 8.76435 3.31313e-09 -0.0152945 8.52032 3.32824e-09 15.9063 1.80635e-08 0.0260601
0.75 0.8 8.92753 1.18606e-05 -0.0155774 8.67476 2.98253e-06 16.1805 -0.00134452 0.0265484
0.75 0.85 9.52453 2.61793e-05 -0.0166165 9.25346 3.72648e-06 16.3373 -0.00308901 0.0270174
0.75 0.9 10.6988 3.60171e-05 -0.0186656 10.4102 -2.6308e-07 16.1299 -0.00554134 0.0271683
0.75 0.95 12.655 7.32002e-05 -0.022084 12.3417 2.74606e-07 15.789 -0.00875754 0.0271497
0.75 1 15.8717 0.000131319 -0.0277081 15.5219 -6.74637e-06 15.7812 -0.00990048 0.0272087
0.8 0 15.9215 -0.59415 0.00254808 15.568 -0.574069 14.5098 -0.572482 -0.394232
0.8 0.05 21.2944 -1.21168 0.127323 20.8453 -1.17773 14.2754 -0.823356 -4.55903
0.8 0.1 31.6734 -2.57188 0.401802 31.0246 -2.47927 13.515 -1.1266 -9.28941
0.8 0.15 54.2521 -5.48162 1.41477 53.2042 -5.30513 13.3929 -1.29461 -15.7053
0.8 0.2 93.6106 -5.30743 2.16877 92.7468 -5.26775 9.95377 -0.434642 -21.0118
0.8 0.25 112.782 9.50319e-08 1.74712 112.452 8.12326e-08 5.29946 -1.13602e-08 -22.3433
0.8 0.3 93.6106 5.30743 2.16877 92.7468 5.26775 9.95377 0.434642 -21.0118
0.8 0.35 54.2521 5.48162 1.41477 53.2042 5.30513 13.3929 1.29461 -15.7053
0.8 0.4 31.6734 2.57188 0.401802 31.0246 2.47927 13.515 1.1266 -9.28942
0.8 0.45 21.2944 1.21168 0.127323 20.8453 1.17773 14.2754 0.823356 -4.55904
0.8 0.5 15.9215 0.59415 0.00254811 15.568 0.574069 15.1545 0.593646 -1.21993
0.8 0.55 12.8295 0.314142 -0.0392597 12.5132 0.304549 15.7949 0.402115 0.46778
0.8 0.6 10.8822 0.165959 -0.0536605 10.5849 0.15959 16.1316 0.260055 1.15849
0.8 0.65 9.69789 0.0943094 -0.0517897 9.41921 0.0910751 16.2557 0.165174 1.24899
0.8 0.7 9.07492 0.0433156 -0.0454383 8.79888 0.0413195 16.6634 0.0843369 1.14509
0.8 0.75 8.89253 7.75769e-09 -0.0401061 8.61064 6.53199e-09 17.0692 7.38535e-09 1.00325
0.8 0.8 9.07492 -0.0433155 -0.0454384 8.79888 -0.0413194 16.6634 -0.0843368 1.14509
0.8 0.85 9.69789 -0.0943094 -0.0517897 9.41921 -0.0910751 16.2557 -0.165174 1.24899
0.8 0.9 10.8822 -0.165959 -0.0536606 10.5849 -0.15959 16.1316 -0.260055 1.15849
0.8 0.95 12.8295 -0.314142 -0.0392596 12.5132 -0.304549 15.7949 -0.402115 0.46778
0.8 1 15.9215 -0.59415 0.00254808 15.568 -0.574069 15.7992 -0.614811 -0.394232
0.85 0 16.0262 -0.966633 0.0150531 15.6873 -0.937717 14.7864 -0.918566 -0.592718
0.85 0.05 20.4743 -1.58459 0.210071 20.0104 -1.5306 14.7297 -1.15386 -6.87574
0.85 0.1 28.6024 -2.82364 0.701547 27.8585 -2.70394 14.7423 -1.46847 -13.6764
0.85 0.15 43.3281 -4.69691 1.91157 42.0297 -4.44752 15.3981 -1.69325 -21.5489
0.85 0.2 64.9371 -4.65524 4.04906 62.9791 -4.38811 15.6125 -1.13416 -28.6311
0.85 0.25 77.3879 1.08102e-07 5.2509 75.2858 1.15709e-07 14.9863 3.77708e-08 -31.4965
0.85 0.3 64.9371 4.65524 4.04906 62.9791 4.38811 15.6125 1.13416 -28.6311
0.85 0.35 43.3281 4.69691 1.91157 42.0297 4.44752 15.3981 1.69325 -21.5489
0.85 0.4 28.6024 2.82364 0.701547 27.8585 2.70394 14.7423 1.46847 -13.6764
0.85 0.45 20.4743 1.58459 0.210071 20.0104 1.5306 14.7297 1.15386 -6.87574
0.85 0.5 16.0262 0.966633 0.0150531 15.6873 0.937717 15.2436 0.94376 -1.71581
0.85 0.55 13.329 0.568498 -0.0644158 13.0061 0.549688 15.8967 0.701831 1.19794
0.85 0.6 11.4673 0.313686 -0.0961264 11.1504 0.302557 16.0588 0.454401 2.49494
0.85 0.65 10.2822 0.169291 -0.105895 9.97608 0.162765 16.0778 0.274606 3.03365
0.85 0.7 9.63572 0.076273 -0.108014 9.34586 0.0735841 15.7405 0.129707 3.31146
0.85 0.75 9.42816 2.04384e-08 -0.108241 9.15154 2.1314e-08 15.3258 4.05564e-08 3.44893
0.85 0.8 9.63572 -0.076273 -0.108014 9.34586 -0.0735841 15.7405 -0.129707 3.31146
0.85 0.85 10.2822 -0.169291 -0.105895 9.97608 -0.162765 16.0778 -0.274605 3.03365
0.85 0.9 11.4673 -0.313686 -0.0961264 11.1504 -0.302557 16.0588 -0.454401 2.49494
0.85 0.95 13.329 -0.568499 -0.0644159 13.0061 -0.549688 15.8967 -0.701831 1.19794
0.85 1 16.0262 -0.966633 0.0150531 15.6873 -0.937717 15.7008 -0.968953 -0.592718
0.9 0 16.1082 -1.18299 0.0034862 15.8131 -1.15207 15.1148 -1.13461 -0.366254
0.9 0.05 19.0723 -1.52343 0.202905 18.6577 -1.47364 14.9271 -1.20071 -7.05754
0.9 0.1 24.0395 -1.96996 0.616908 23.358 -1.88063 15.3582 -1.26851 -13.4047
0.9 0.15 30.8886 -2.27952 1.30566 29.7965 -2.1526 15.9443 -1.19402 -19.0165
0.9 0.2 37.8689 -1.68234 2.11086 36.2072 -1.56771 16.9034 -0.770049 -22.9404
0.9 0.25 41.0402 1.30979e-08 2.51546 39.0219 7.9744e-09 17.7064 1.2131e-08 -24.2717
0.9 0.3 37.8689 1.68234 2.11086 36.2072 1.56771 16.9034 0.770049 -22.9404
0.9 0.35 30.8886 2.27952 1.30566 29.7965 2.1526 15.9444 1.19402 -19.0165
0.9 0.4 24.0395 1.96996 0.616908 23.358 1.88064 15.3582 1.26851 -13.4047
0.9 0.45 19.0723 1.52343 0.202905 18.6577 1.47364 14.9271 1.20071 -7.05754
0.9 0.5 16.1082 1.18299 0.00348623 15.8131 1.15207 15.3084 1.14741 -1.42422
0.9 0.55 14.1212 0.809611 -0.089963 13.8021 0.784268 15.9229 0.940918 2.09316
0.9 0.6 12.5102 0.473112 -0.149276 12.1642 0.456027 15.9924 0.62079 4.0741
0.9 0.65 11.4435 0.255004 -0.181692 11.0853 0.244528 15.9313 0.363865 5.19229
0.9 0.7 10.8591 0.107698 -0.201731 10.4795 0.102601 16.2569 0.164001 5.60713
0.9 0.75 10.6764 -2.17323e-08 -0.208104 10.2809 -2.46666e-08 16.6362 -1.67985e-09 5.67294
0.9 0.8 10.8591 -0.107698 -0.201731 10.4795 -0.102601 16.2569 -0.164001 5.60713
0.9 0.85 11.4435 -0.255004 -0.181692 11.0853 -0.244528 15.9313 -0.363865 5.19229
0.9 0.9 12.5102 -0.473112 -0.149276 12.1642 -0.456027 15.9924 -0.62079 4.0741
0.9 0.95 14.1212 -0.80961 -0.089963 13.8021 -0.784267 15.9229 -0.940917 2.09316
0.9 1 16.1082 -1.18299 0.0034862 15.8131 -1.15207 15.5019 -1.16021 -0.366254
0.95 0 16.1526 -1.37033 -0.0166477 15.9181 -1.34114 15.3579 -1.32747 0.0218582
0.95 0.05 17.546 -1.41198 0.139201 17.2077 -1.37287 15.1394 -1.22377 -5.74964
0.95 0.1 19.7377 -1.31739 0.420902 19.1843 -1.25997 15.4979 -1.04772 -11.0454
0.95 0.15 22.0649 -1.0652 0.73946 21.2904 -1.01011 15.8187 -0.770342 -14.8732
0.95 0.2 23.8224 -0.596785 1.00047 22.9005 -0.563607 15.5427 -0.3911 -17.359
0.95 0.25 24.4492 9.22127e-08 1.08664 23.5069 9.14272e-08 15.0042 3.49679e-08 -18.2495
0.95 0.3 23.8224 0.596785 1.00047 22.9005 0.563607 15.5427 0.3911 -17.359
0.95 0.35 22.0649 1.0652 0.73946 21.2904 1.01011 15.8187 0.770342 -14.8732
0.95 0.4 19.7377 1.31739 0.420902 19.1843 1.25997 15.4979 1.04772 -11.0454
0.95 0.45 17.546 1.41198 0.139202 17.2077 1.37287 15.1394 1.22377 -5.74965
0.95 0.5 16.1526 1.37033 -0.0166476 15.9181 1.34114 15.3729 1.32837 -0.678663
0.95 0.55 15.1164 1.08899 -0.108278 14.8103 1.05797 15.8323 1.16661 2.99129
0.95 0.6 14.1118 0.699804 -0.216273 13.7288 0.673881 15.7962 0.800866 5.93527
0.95 0.65 13.4303 0.382952 -0.296133 12.9915 0.365507 15.8205 0.459854 7.90907
0.95 0.7 13.0361 0.161979 -0.340613 12.5793 0.155144 15.4742 0.196049 9.05616
0.95 0.75 12.9007 4.01056e-08 -0.351585 12.4494 4.18924e-08 15.0294 3.32402e-08 9.51115
0.95 0.8 13.0361 -0.161979 -0.340613 12.5793 -0.155144 15.4742 -0.196049 9.05616
0.95 0.85 13.4303 -0.382952 -0.296133 12.9915 -0.365507 15.8205 -0.459854 7.90907
0.95 0.9 14.1118 -0.699805 -0.216273 13.7288 -0.673882 15.7962 -0.800867 5.93527
0.95 0.95 15.1164 -1.08899 -0.108278 14.8103 -1.05797 15.8323 -1.16661 2.99129
0.95 1 16.1526 -1.37033 -0.0166477 15.9181 -1.34114 15.3878 -1.32925 0.0218582
1 0 16.166 -1.4847 -0.0282125 15.9663 -1.45676 15.4538 -1.44359 -1.90078
1 0.05 16.2288 -1.32622 0.0757369 15.9318 -1.29193 15.4184 -1.27635 -3.82343
1 0.1 16.4515 -0.971951 0.263574 16.0023 -0.932541 15.4149 -0.923893 -8.00305
1 0.15 16.6967 -0.599584 0.426301 16.1254 -0.570675 15.2836 -0.554356 -10.5724
1 0.2 16.8822 -0.281803 0.53839 16.2103 -0.265158 15.544 -0.260088 -11.4316
1 0.25 16.9606 -5.99934e-08 0.580706 16.2359 -4.43744e-08 15.9543 -4.41496e-08 -11.4334
1 0.3 16.8822 0.281803 0.53839 16.2103 0.265159 15.544 0.260088 -11.4316
1 0.35 16.6967 0.599584 0.426301 16.1254 0.570675 15.2836 0.554356 -10.5724
1 0.4 16.4515 0.971951 0.263573 16.0023 0.932541 15.4149 0.923893 -8.00305
1 0.45 16.2288 1.32622 0.0757368 15.9318 1.29193 15.4184 1.27635 -3.82342
1 0.5 16.166 1.4847 -0.0282123 15.9663 1.45676 15.455 1.44385 0.0271923
1 0.55 16.2279 1.32616 -0.132365 15.9318 1.29194 15.4592 1.28113 3.87784
1 0.6 16.4493 0.97183 -0.320938 16.0023 0.932546 15.8858 0.953646 8.05761
1 0.65 16.6933 0.599478 -0.484475 16.1254 0.570695 16.292 0.591923 10.6274
1 0.7 16.878 0.281738 -0.59714 16.2104 0.265181 16.9647 0.284294 11.4886
1 0.75 16.956 -1.33239e-07 -0.639661 16.2359 -9.69225e-08 17.522 -7.20091e-08 11.492
1 0.8 16.878 -0.281737 -0.59714 16.2104 -0.265181 16.9647 -0.284294 11.4886
1 0.85 16.6933 -0.599478 -0.484475 16.1254 -0.570696 16.292 -0.591923 10.6274
1 0.9 16.4493 -0.97183 -0.320938 16.0023 -0.932546 15.8858 -0.953646 8.05761
1 0.95 16.2279 -1.32616 -0.132365 15.9318 -1.29194 15.4592 -1.28113 3.87784
1 1 16.166 -1.4847 -0.0282125 15.9663 -1.45676 15.4561 -1.44412 1.94985
