0 16.3006 0.132157 15.978 16.0388 -12.3356
0.01 16.3032 0.135992 15.9394 16.9946 -12.4201
0.02 16.3062 0.138929 15.8995 17.9431 -12.4701
0.03 16.3095 0.140911 15.8583 18.8773 -12.4516
0.04 16.313 0.141891 15.816 19.7932 -12.3676
0.05 16.3168 0.141838 15.773 20.6875 -12.2212
0.06 16.3207 0.140734 15.7294 21.5567 -12.0156
0.07 16.3247 0.138576 15.6856 22.3976 -11.7541
0.08 16.3287 0.135372 15.6419 23.2073 -11.4396
0.09 16.3327 0.131146 15.5986 23.9831 -11.0749
0.1 16.3366 0.125931 15.556 24.7223 -10.6628
0.11 16.3402 0.119773 15.5144 25.4228 -10.2053
0.12 16.3437 0.112726 15.4741 26.0824 -9.70454
0.13 16.3469 0.104853 15.4355 26.6992 -9.16218
0.14 16.3498 0.096223 15.3988 27.2717 -8.57967
0.15 16.3523 0.0869116 15.3643 27.7984 -7.95822
0.16 16.3545 0.076995 15.3323 28.278 -7.29893
0.17 16.3563 0.0665489 15.303 28.7093 -6.60286
0.18 16.3578 0.0556472 15.2766 29.0915 -5.87116
0.19 16.359 0.0443593 15.2534 29.4237 -5.10534
0.2 16.3599 0.0327507 15.2335 29.7053 -4.30742
0.21 16.3605 0.0208814 15.217 29.9357 -3.48024
0.22 16.3609 0.00880735 15.2041 30.1147 -2.62767
0.23 16.3611 -0.00342058 15.1948 30.2419 -1.7547
0.24 16.3612 -0.0157468 15.1892 30.3172 -0.867399
0.25 16.3612 -0.0281228 15.1873 30.3404 0.0273006
0.26 16.3611 -0.0404991 15.1892 30.3115 0.922
0.27 16.361 -0.0528305 15.1948 30.2306 1.8093
0.28 16.3608 -0.0650663 15.2041 30.0978 2.68227
0.29 16.3604 -0.0771512 15.217 29.9132 3.53483
0.3 16.3597 -0.0890344 15.2335 29.6771 4.36201
0.31 16.3588 -0.10066 15.2534 29.3899 5.15992
0.32 16.3576 -0.111968 15.2766 29.0521 5.92574
0.33 16.3561 -0.122894 15.303 28.6645 6.65743
0.34 16.3543 -0.133368 15.3323 28.2278 7.3535
0.35 16.3521 -0.143316 15.3643 27.7429 8.01278
0.36 16.3495 -0.152663 15.3988 27.2111 8.63422
0.37 16.3466 -0.161333 15.4355 26.6336 9.21673
0.38 16.3434 -0.16925 15.4741 26.012 9.75908
0.39 16.34 -0.176344 15.5144 25.3478 10.2598
0.4 16.3363 -0.182554 15.556 24.6429 10.7173
0.41 16.3324 -0.187822 15.5986 23.8996 11.1294
0.42 16.3284 -0.192105 15.6419 23.12 11.4941
0.43 16.3244 -0.195367 15.6856 22.3067 11.8085
0.44 16.3204 -0.197585 15.7294 21.4625 12.0701
0.45 16.3165 -0.198749 15.773 20.5904 12.2756
0.46 16.3127 -0.198861 15.816 19.6935 12.422
0.47 16.3091 -0.19794 15.8582 18.7752 12.506
0.48 16.3058 -0.196016 15.8995 17.8391 12.5245
0.49 16.3028 -0.193133 15.9394 16.8889 12.4744
0.5 16.3002 -0.189349 15.978 15.9286 12.3535
0.51 16.2979 -0.184735 16.0148 14.962 12.1598
0.52 16.296 -0.179371 16.05 13.9933 11.8923
0.53 16.2945 -0.173349 16.0832 13.0267 11.5506
0.54 16.2934 -0.166769 16.1145 12.0666 11.1348
0.55 16.2926 -0.15974 16.1438 11.1172 10.6449
0.56 16.2922 -0.152368 16.1711 10.183 10.0811
0.57 16.292 -0.144774 16.1962 9.26833 9.44367
0.58 16.2919 -0.137047 16.2194 8.37727 8.73326
0.59 16.2919 -0.129274 16.2405 7.51376 7.95217
0.6 16.2921 -0.121496 16.2596 6.68146 7.10533
0.61 16.2924 -0.113787 16.2769 5.88382 6.20155
0.62 16.2929 -0.106228 16.2925 5.12414 5.25398
0.63 16.2936 -0.0988794 16.3063 4.40574 4.27973
0.64 16.2944 -0.0917839 16.3187 3.7319 3.29831
0.65 16.2954 -0.0849628 16.3295 3.10587 2.32973
0.66 16.2963 -0.0784196 16.3391 2.53078 1.39247
0.67 16.2973 -0.072144 16.3473 2.00961 0.501921
0.68 16.2981 -0.0661166 16.3543 1.54509 -0.330744
0.69 16.2988 -0.0603138 16.3601 1.13953 -1.0983
0.7 16.2994 -0.0547092 16.3648 0.794774 -1.79537
0.71 16.2999 -0.0492754 16.3684 0.512306 -2.41342
0.72 16.3002 -0.0439828 16.371 0.293199 -2.9306
0.73 16.3004 -0.0388023 16.3727 0.137749 -3.28405
0.74 16.3005 -0.0336968 16.3737 0.0433454 -3.23331
0.75 16.3005 -0.0286307 16.3739 0.0271815 0.0314916
0.76 16.3005 -0.023565 16.3737 0.0771272 3.29299
0.77 16.3005 -0.0184633 16.3727 0.182159 3.33965
0.78 16.3003 -0.0132883 16.371 0.345709 2.98488
0.79 16.3 -0.00800316 16.3684 0.571686 2.46693
0.8 16.2996 -0.00257819 16.3648 0.86015 1.84851
0.81 16.299 0.00301609 16.3601 1.21017 1.15124
0.82 16.2983 0.00880718 16.3543 1.62042 0.383617
0.83 16.2975 0.0148216 16.3473 2.08912 -0.449037
0.84 16.2966 0.0210829 16.3391 2.61406 -1.33951
0.85 16.2956 0.027611 16.3296 3.1926 -2.27668
0.86 16.2947 0.0344166 16.3187 3.82181 -3.24517
0.87 16.2939 0.041497 16.3063 4.49859 -4.22649
0.88 16.2932 0.0488318 16.2925 5.21973 -5.20064
0.89 16.2927 0.0563805 16.2769 5.98194 -6.14811
0.9 16.2924 0.064083 16.2596 6.78191 -7.0518
0.91 16.2923 0.0718593 16.2405 7.61629 -7.89853
0.92 16.2923 0.079636 16.2194 8.48161 -8.67952
0.93 16.2924 0.0873674 16.1962 9.3742 -9.38984
0.94 16.2926 0.0949738 16.1711 10.2901 -10.0272
0.95 16.293 0.102364 16.1438 11.2251 -10.5909
0.96 16.2938 0.109418 16.1146 12.175 -11.0807
0.97 16.2949 0.116029 16.0833 13.1353 -11.4965
0.98 16.2964 0.122089 16.05 14.1017 -11.8381
0.99 16.2983 0.127495 16.0149 15.0698 -12.1056
1 16.3006 0.132157 15.978 16.0388 -12.3356
