0 0 15.9753 -0.0406717 -0.0279142 15.7594 -0.0606499 15.3562 0.433348 -2.80109
0 0.05 15.9751 -0.0399674 -0.00874519 15.7545 -0.05716 15.1927 0.348302 -5.78256
0 0.1 15.9745 -0.0363751 0.00931656 15.7423 -0.04772 14.8982 0.237749 -10.2098
0 0.15 15.9738 -0.0281521 0.0244365 15.7279 -0.0340244 14.6618 0.154145 -13.2556
0 0.2 15.9733 -0.0154566 0.0345619 15.7164 -0.017636 14.5235 0.0753401 -15.0885
0 0.25 15.9731 4.61955e-10 0.0381353 15.712 8.81193e-10 14.4776 4.13475e-08 -15.7018
0 0.3 15.9733 0.0154566 0.0345619 15.7164 0.017636 14.5235 -0.0753402 -15.0885
0 0.35 15.9738 0.0281521 0.0244365 15.7279 0.0340244 14.6618 -0.154145 -13.2556
0 0.4 15.9745 0.0363751 0.00931656 15.7423 0.04772 14.8982 -0.237749 -10.2098
0 0.45 15.9751 0.0399674 -0.00874519 15.7545 0.05716 15.1927 -0.348301 -5.78256
0 0.5 15.9753 0.0406717 -0.0279142 15.7594 0.0606499 15.3504 -0.432454 0.0271789
0 0.55 15.975 0.0399737 -0.0470917 15.7544 0.0571601 15.217 -0.346476 5.8369
0 0.6 15.9744 0.0363928 -0.0651744 15.7423 0.0477203 15.1063 -0.237746 10.2642
0 0.65 15.9736 0.0281727 -0.0803152 15.7279 0.0340247 15.0577 -0.155388 13.3101
0 0.7 15.9731 0.0154691 -0.0904558 15.7164 0.0176363 15.0402 -0.0763464 15.1432
0 0.75 15.9729 1.54597e-10 -0.094034 15.712 7.78493e-10 15.0354 3.9487e-09 15.7566
0 0.8 15.9731 -0.0154691 -0.0904558 15.7164 -0.0176363 15.0402 0.0763464 15.1432
0 0.85 15.9736 -0.0281727 -0.0803152 15.7279 -0.0340247 15.0577 0.155388 13.3101
0 0.9 15.9744 -0.0363928 -0.0651744 15.7423 -0.0477203 15.1063 0.237746 10.2642
0 0.95 15.975 -0.0399737 -0.0470917 15.7544 -0.0571601 15.217 0.346476 5.8369
0 1 15.9753 -0.0406717 -0.0279142 15.7594 -0.0606499 15.3446 0.43156 3.00864
0.05 0 15.9756 -0.0391402 -0.0235834 15.759 -0.0568519 15.2203 0.400991 0.180384
0.05 0.05 15.9755 -0.0387244 -0.00486975 15.7126 -0.0567463 16.519 0.308553 -5.077
0.05 0.1 15.9754 -0.0353896 0.013518 15.6577 -0.0501707 17.6275 0.236879 -9.36074
0.05 0.15 15.9752 -0.0275251 0.0291194 15.6054 -0.037534 18.5122 0.163704 -12.5751
0.05 0.2 15.9751 -0.0151257 0.0395449 15.5676 -0.0200953 19.0823 0.0847469 -14.6045
0.05 0.25 15.9751 -4.98497e-11 0.0432088 15.5539 4.0992e-10 19.2793 6.3845e-08 -15.3021
0.05 0.3 15.9751 0.0151257 0.0395449 15.5676 0.0200953 19.0823 -0.084747 -14.6045
0.05 0.35 15.9752 0.0275251 0.0291194 15.6054 0.037534 18.5122 -0.163704 -12.5751
0.05 0.4 15.9754 0.0353896 0.013518 15.6577 0.0501707 17.6275 -0.23688 -9.36074
0.05 0.45 15.9755 0.0387244 -0.00486975 15.7126 0.0567463 16.519 -0.308553 -5.077
0.05 0.5 15.9756 0.0391402 -0.0235834 15.759 0.0568519 15.2783 -0.401541 0.177969
0.05 0.55 15.9756 0.0374797 -0.0411751 15.792 0.0507005 13.8236 -0.373656 5.42811
0.05 0.6 15.9751 0.0329308 -0.0566625 15.8136 0.0400149 12.3315 -0.235842 9.24055
0.05 0.65 15.9745 0.0248502 -0.0691484 15.827 0.0272039 11.1406 -0.139205 11.4399
0.05 0.7 15.9741 0.0134558 -0.0773481 15.834 0.0136479 10.3981 -0.060927 12.5645
0.05 0.75 15.974 7.91197e-10 -0.0802288 15.8361 8.35364e-10 10.1468 -5.65364e-08 12.9057
0.05 0.8 15.9741 -0.0134558 -0.0773481 15.834 -0.0136479 10.3981 0.0609271 12.5645
0.05 0.85 15.9745 -0.0248502 -0.0691484 15.827 -0.0272039 11.1406 0.139205 11.4399
0.05 0.9 15.9751 -0.0329308 -0.0566625 15.8136 -0.0400149 12.3315 0.235842 9.24055
0.05 0.95 15.9756 -0.0374797 -0.0411751 15.792 -0.0507005 13.8236 0.373656 5.42811
0.05 1 15.9756 -0.0391402 -0.0235834 15.759 -0.0568519 15.3363 0.402092 0.180384
0.1 0 15.9771 -0.0330325 -0.0207575 15.7579 -0.0465373 14.9434 0.318628 0.339247
0.1 0.05 15.9771 -0.033048 -0.00472748 15.671 -0.0493086 17.6604 0.260872 -4.15235
0.1 0.1 15.9775 -0.0299146 0.0113355 15.5702 -0.0461697 19.9247 0.215319 -8.03955
0.1 0.15 15.9779 -0.0229059 0.024969 15.475 -0.0361871 21.6896 0.153324 -11.1465
0.1 0.2 15.9782 -0.0124267 0.0339987 15.4068 -0.0199927 22.8053 0.0807214 -13.18
0.1 0.25 15.9783 -2.69833e-10 0.0371392 15.382 -8.05929e-11 23.1861 3.06559e-08 -13.8915
0.1 0.3 15.9782 0.0124267 0.0339987 15.4068 0.0199927 22.8053 -0.0807215 -13.18
0.1 0.35 15.9779 0.0229059 0.024969 15.475 0.0361871 21.6896 -0.153324 -11.1465
0.1 0.4 15.9775 0.0299146 0.0113355 15.5702 0.0461697 19.9247 -0.215319 -8.03955
0.1 0.45 15.9771 0.033048 -0.00472748 15.671 0.0493086 17.6604 -0.260872 -4.15235
0.1 0.5 15.9771 0.0330325 -0.0207575 15.7579 0.0465373 15.1133 -0.320675 0.317628
0.1 0.55 15.9773 0.0305693 -0.0350101 15.8222 0.0392586 12.4817 -0.34499 4.74436
0.1 0.6 15.9774 0.0257644 -0.0466752 15.8667 0.0293728 9.9107 -0.236144 7.82666
0.1 0.65 15.9776 0.0187084 -0.0553591 15.8964 0.0190011 7.80716 -0.121891 9.15979
0.1 0.7 15.9777 0.00985888 -0.0607347 15.9133 0.00922367 6.47368 -0.0493542 9.52129
0.1 0.75 15.9778 9.43257e-10 -0.0625572 15.9189 3.882e-10 6.01891 -2.65899e-08 9.57295
0.1 0.8 15.9777 -0.00985888 -0.0607347 15.9133 -0.00922366 6.47368 0.0493542 9.52129
0.1 0.85 15.9776 -0.0187084 -0.0553591 15.8964 -0.0190011 7.80716 0.121891 9.15979
0.1 0.9 15.9774 -0.0257644 -0.0466752 15.8667 -0.0293728 9.9107 0.236144 7.82666
0.1 0.95 15.9773 -0.0305693 -0.0350101 15.8222 -0.0392586 12.4817 0.34499 4.74436
0.1 1 15.9771 -0.0330325 -0.0207575 15.7579 -0.0465373 15.2832 0.322722 0.339247
0.15 0 15.9792 -0.0231545 -0.0204588 15.7562 -0.0321707 14.6525 0.219799 0.427705
0.15 0.05 15.9792 -0.0233199 -0.00897177 15.6351 -0.0361363 18.5562 0.19947 -2.87366
0.15 0.1 15.9797 -0.0207678 0.00256566 15.4933 -0.0356371 21.7131 0.169425 -5.8765
0.15 0.15 15.9805 -0.0154404 0.0123019 15.3584 -0.0290821 24.1376 0.121863 -8.37106
0.15 0.2 15.9808 -0.00816113 0.0187396 15.2615 -0.0164704 25.6523 0.0632369 -10.036
0.15 0.25 15.9809 -2.4062e-10 0.0209837 15.2264 -1.83533e-10 26.1662 1.08058e-08 -10.6222
0.15 0.3 15.9808 0.00816113 0.0187396 15.2615 0.0164704 25.6523 -0.0632369 -10.036
0.15 0.35 15.9805 0.0154404 0.0123019 15.3584 0.0290821 24.1376 -0.121863 -8.37106
0.15 0.4 15.9797 0.0207678 0.00256566 15.4933 0.0356371 21.7131 -0.169425 -5.8765
0.15 0.45 15.9792 0.0233199 -0.00897177 15.6351 0.0361363 18.5562 -0.19947 -2.87366
0.15 0.5 15.9792 0.0231545 -0.0204588 15.7562 0.0321707 14.9553 -0.22212 0.381136
0.15 0.55 15.9796 0.0207599 -0.0303472 15.8437 0.0257325 11.308 -0.251593 3.54279
0.15 0.6 15.9805 0.0166781 -0.0378671 15.9013 0.0183812 7.93948 -0.215201 5.70116
0.15 0.65 15.9816 0.0115303 -0.0429143 15.9378 0.0113679 5.1614 -0.121743 6.23383
0.15 0.7 15.9825 0.00585438 -0.0457262 15.9579 0.00529801 3.34884 -0.0513869 5.80832
0.15 0.75 15.9829 6.53276e-10 -0.0466144 15.9643 9.91934e-11 2.71131 -3.13015e-09 5.51459
0.15 0.8 15.9825 -0.00585438 -0.0457262 15.9579 -0.00529801 3.34884 0.0513869 5.80832
0.15 0.85 15.9816 -0.0115303 -0.0429143 15.9378 -0.0113679 5.1614 0.121742 6.23383
0.15 0.9 15.9805 -0.0166781 -0.0378671 15.9013 -0.0183812 7.93948 0.215201 5.70116
0.15 0.95 15.9796 -0.0207599 -0.0303472 15.8437 -0.0257325 11.308 0.251593 3.54279
0.15 1 15.9792 -0.0231545 -0.0204588 15.7562 -0.0321707 15.2582 0.224441 0.427705
0.2 0 15.9809 -0.0115964 -0.0230703 15.7543 -0.0162162 14.4531 0.119269 0.327394
0.2 0.05 15.9808 -0.0117104 -0.0171422 15.6106 -0.0190576 19.1285 0.114907 -1.43451
0.2 0.1 15.9812 -0.0100935 -0.0112019 15.4405 -0.0195279 22.8422 0.0985293 -3.08714
0.2 0.15 15.9817 -0.00706772 -0.00623526 15.2776 -0.01637 25.668 0.0701462 -4.48938
0.2 0.2 15.9819 -0.00344771 -0.00295512 15.1604 -0.00941336 27.4196 0.0357882 -5.43263
0.2 0.25 15.9819 -1.11297e-10 -0.00179946 15.1178 8.05105e-11 28.0113 1.01415e-10 -5.76522
0.2 0.3 15.9819 0.00344771 -0.00295512 15.1604 0.00941336 27.4196 -0.0357882 -5.43263
0.2 0.35 15.9817 0.00706772 -0.00623526 15.2776 0.01637 25.668 -0.0701463 -4.48938
0.2 0.4 15.9812 0.0100935 -0.0112019 15.4405 0.0195279 22.8422 -0.0985293 -3.08714
0.2 0.45 15.9808 0.0117104 -0.0171422 15.6106 0.0190576 19.1285 -0.114907 -1.43451
0.2 0.5 15.9809 0.0115964 -0.0230703 15.7543 0.0162162 14.8548 -0.1199 0.282394
0.2 0.55 15.9817 0.0100048 -0.0280791 15.8561 0.0124165 10.5212 -0.129581 1.9093
0.2 0.6 15.9831 0.00754846 -0.031693 15.9201 0.00864431 6.6495 -0.143329 3.04018
0.2 0.65 15.9847 0.00487257 -0.0339072 15.9577 0.00527256 3.52572 -0.132107 3.07032
0.2 0.7 15.9861 0.00234821 -0.0350046 15.9767 0.00234362 1.45465 -0.0773489 2.11286
0.2 0.75 15.9866 3.02812e-10 -0.0353238 15.9819 5.09304e-11 0.790032 -2.61314e-09 1.48507
0.2 0.8 15.9861 -0.00234821 -0.0350046 15.9767 -0.00234362 1.45465 0.0773489 2.11286
0.2 0.85 15.9847 -0.00487257 -0.0339072 15.9577 -0.00527256 3.52572 0.132107 3.07032
0.2 0.9 15.9831 -0.00754845 -0.031693 15.9201 -0.00864431 6.6495 0.143329 3.04018
0.2 0.95 15.9817 -0.0100048 -0.0280791 15.8561 -0.0124165 10.5212 0.129581 1.9093
0.2 1 15.9809 -0.0115964 -0.0230703 15.7543 -0.0162162 15.2566 0.120532 0.327394
0.25 0 15.9817 -8.13543e-05 -0.0278562 15.7535 -1.04629e-06 14.3861 0.0161931 0.0272008
0.25 0.05 15.9814 -8.20012e-05 -0.0278146 15.6019 -8.9562e-07 19.3227 0.0121409 0.0272517
0.25 0.1 15.9816 -6.93069e-05 -0.0277731 15.4217 -4.73551e-07 23.2235 0.0096051 0.0273094
0.25 0.15 15.9819 -4.59486e-05 -0.0277388 15.2488 -6.23633e-08 26.1814 0.00657846 0.0273793
0.25 0.2 15.982 -2.08161e-05 -0.0277158 15.1242 1.01403e-07 28.0105 0.00332573 0.0274344
0.25 0.25 15.9819 -2.85505e-11 -0.02771 15.0789 3.8494e-10 28.6275 -4.01355e-09 0.0274555
0.25 0.3 15.982 2.08161e-05 -0.0277158 15.1242 -1.00693e-07 28.0105 -0.00332574 0.0274345
0.25 0.35 15.9819 4.59486e-05 -0.0277388 15.2488 6.291e-08 26.1814 -0.00657847 0.0273795
0.25 0.4 15.9816 6.93069e-05 -0.0277731 15.4217 4.73727e-07 23.2235 -0.00960511 0.0273098
0.25 0.45 15.9814 8.20013e-05 -0.0278146 15.6019 8.95474e-07 19.3227 -0.0121409 0.027252
0.25 0.5 15.9817 8.13544e-05 -0.0278562 15.7535 1.04649e-06 14.8225 -0.0138427 0.027224
0.25 0.55 15.9826 6.89366e-05 -0.0278925 15.8602 9.89007e-07 10.2517 -0.0144481 0.0272433
0.25 0.6 15.9841 5.05248e-05 -0.0279197 15.9259 9.29501e-07 6.22859 -0.0138518 0.027345
0.25 0.65 15.9858 3.17816e-05 -0.0279376 15.9633 1.19804e-06 3.08811 -0.011775 0.0276532
0.25 0.7 15.9873 1.50261e-05 -0.0279475 15.981 9.1254e-07 1.05329 -0.00695418 0.0279872
0.25 0.75 15.9878 6.30646e-11 -0.0279507 15.9852 2.54964e-11 0.563938 3.34492e-09 0.0280897
0.25 0.8 15.9873 -1.5026e-05 -0.0279475 15.981 -9.12461e-07 1.05329 0.00695417 0.0279873
0.25 0.85 15.9858 -3.17814e-05 -0.0279376 15.9633 -1.19801e-06 3.08811 0.011775 0.0276531
0.25 0.9 15.9841 -5.05246e-05 -0.0279197 15.9259 -9.29341e-07 6.22859 0.0138518 0.0273448
0.25 0.95 15.9826 -6.89364e-05 -0.0278925 15.8602 -9.88517e-07 10.2517 0.0144481 0.0272434
0.25 1 15.9817 -8.13543e-05 -0.0278562 15.7535 -1.04629e-06 15.259 0.0114924 0.0272008
0.3 0 15.9809 0.0114296 -0.0326578 15.7543 0.0162145 14.4502 -0.0882544 -0.272962
0.3 0.05 15.9808 0.0115421 -0.0385044 15.6106 0.0190561 19.1175 -0.0914852 1.48903
0.3 0.1 15.9812 0.00994215 -0.044365 15.4405 0.019527 22.8259 -0.0798733 3.14177
0.3 0.15 15.9817 0.00695186 -0.0492648 15.2776 0.01637 25.6485 -0.0573038 4.54412
0.3 0.2 15.9818 0.00338238 -0.0524997 15.1604 0.00941357 27.3982 -0.0292746 5.48747
0.3 0.25 15.9818 4.53346e-11 -0.0536368 15.1178 5.44344e-10 27.9893 -8.8362e-09 5.82009
0.3 0.3 15.9818 -0.00338238 -0.0524997 15.1604 -0.00941357 27.3982 0.0292746 5.48747
0.3 0.35 15.9817 -0.00695186 -0.0492648 15.2776 -0.01637 25.6485 0.0573038 4.54412
0.3 0.4 15.9812 -0.00994215 -0.044365 15.4405 -0.019527 22.8259 0.0798733 3.14177
0.3 0.45 15.9808 -0.0115421 -0.0385044 15.6106 -0.0190561 19.1175 0.0914852 1.48903
0.3 0.5 15.9809 -0.0114296 -0.0326578 15.7543 -0.0162145 14.8519 0.0933916 -0.227943
0.3 0.55 15.9817 -0.00985445 -0.0277206 15.8561 -0.0124152 10.5302 0.102283 -1.85488
0.3 0.6 15.9831 -0.0074257 -0.024163 15.9201 -0.00864351 6.67228 0.11823 -2.98577
0.3 0.65 15.9848 -0.00478576 -0.0219879 15.9577 -0.00527273 3.55867 0.112531 -3.01603
0.3 0.7 15.9862 -0.00230284 -0.0209127 15.9767 -0.00234419 1.49215 0.0661965 -2.05891
0.3 0.75 15.9867 -1.55369e-10 -0.0206006 15.9819 -1.65802e-11 0.827987 -1.34211e-10 -1.43136
0.3 0.8 15.9862 0.00230284 -0.0209127 15.9767 0.00234419 1.49215 -0.0661965 -2.05891
0.3 0.85 15.9848 0.00478576 -0.0219879 15.9577 0.00527273 3.55867 -0.112531 -3.01603
0.3 0.9 15.9831 0.0074257 -0.024163 15.9201 0.00864351 6.67228 -0.11823 -2.98577
0.3 0.95 15.9817 0.00985445 -0.0277206 15.8561 0.0124152 10.5302 -0.102283 -1.85488
0.3 1 15.9809 0.0114296 -0.0326578 15.7543 0.0162145 15.2536 -0.0985289 -0.272962
0.35 0 15.9792 0.0229973 -0.0353021 15.7562 0.03217 14.6482 -0.192898 -0.373231
0.35 0.05 15.9791 0.0231626 -0.0467166 15.6351 0.0361354 18.5355 -0.178626 2.9282
0.35 0.1 15.9797 0.0206208 -0.0581819 15.4933 0.0356365 21.6816 -0.152508 5.93112
0.35 0.15 15.9803 0.0153222 -0.0678563 15.3584 0.029082 24.0993 -0.110044 8.42575
0.35 0.2 15.9807 0.00809456 -0.0742533 15.2615 0.0164706 25.6102 -0.057186 10.0907
0.35 0.25 15.9807 1.18369e-10 -0.0764841 15.2264 4.87038e-10 26.1229 -1.0833e-08 10.6769
0.35 0.3 15.9807 -0.00809456 -0.0742533 15.2615 -0.0164706 25.6102 0.057186 10.0907
0.35 0.35 15.9803 -0.0153222 -0.0678563 15.3584 -0.029082 24.0993 0.110044 8.42575
0.35 0.4 15.9797 -0.0206208 -0.0581819 15.4933 -0.0356365 21.6816 0.152508 5.93112
0.35 0.45 15.9791 -0.0231626 -0.0467166 15.6351 -0.0361354 18.5355 0.178627 2.9282
0.35 0.5 15.9792 -0.0229973 -0.0353021 15.7562 -0.03217 14.951 0.199107 -0.326679
0.35 0.55 15.9797 -0.0206088 -0.0254814 15.8437 -0.0257322 11.3269 0.229106 -3.48845
0.35 0.6 15.9806 -0.0165447 -0.018022 15.9013 -0.0183817 7.98094 0.196808 -5.6471
0.35 0.65 15.9817 -0.0114292 -0.0130249 15.9378 -0.0113688 5.21684 0.10933 -6.18035
0.35 0.7 15.9826 -0.00579997 -0.010247 15.9579 -0.00529862 3.41055 0.045309 -5.7555
0.35 0.75 15.983 -3.82569e-10 -0.00937105 15.9643 -9.66532e-11 2.77447 -6.77395e-09 -5.46205
0.35 0.8 15.9826 0.00579997 -0.010247 15.9579 0.00529862 3.41055 -0.045309 -5.7555
0.35 0.85 15.9817 0.0114292 -0.0130249 15.9378 0.0113688 5.21684 -0.10933 -6.18035
0.35 0.9 15.9806 0.0165447 -0.018022 15.9013 0.0183817 7.98094 -0.196808 -5.6471
0.35 0.95 15.9797 0.0206088 -0.0254814 15.8437 0.0257322 11.3269 -0.229106 -3.48845
0.35 1 15.9792 0.0229973 -0.0353021 15.7562 0.03217 15.2538 -0.205316 -0.373231
0.4 0 15.9771 0.032914 -0.0350365 15.7579 0.0465371 14.9395 -0.298437 -0.284776
0.4 0.05 15.977 0.0329348 -0.0510136 15.671 0.0493084 17.632 -0.244306 4.20684
0.4 0.1 15.9774 0.029807 -0.0670276 15.5702 0.0461697 19.8802 -0.201406 8.09412
0.4 0.15 15.9778 0.0228162 -0.0806199 15.4749 0.0361873 21.6346 -0.143373 11.2012
0.4 0.2 15.978 0.0123745 -0.0896206 15.4068 0.0199929 22.7444 -0.0755483 13.2347
0.4 0.25 15.9781 2.8888e-11 -0.0927501 15.382 1.46478e-10 23.1233 -4.85663e-09 13.9462
0.4 0.3 15.978 -0.0123745 -0.0896206 15.4068 -0.0199929 22.7444 0.0755482 13.2347
0.4 0.35 15.9778 -0.0228162 -0.0806199 15.4749 -0.0361873 21.6346 0.143373 11.2012
0.4 0.4 15.9774 -0.029807 -0.0670276 15.5702 -0.0461697 19.8802 0.201406 8.09412
0.4 0.45 15.977 -0.0329348 -0.0510136 15.671 -0.0493084 17.632 0.244306 4.20684
0.4 0.5 15.9771 -0.032914 -0.0350365 15.7579 -0.0465371 15.1094 0.303405 -0.263188
0.4 0.55 15.9773 -0.0304463 -0.0208403 15.8222 -0.0392589 12.5097 0.330205 -4.69004
0.4 0.6 15.9775 -0.0256444 -0.00923392 15.8667 -0.0293735 9.96482 0.226108 -7.7726
0.4 0.65 15.9777 -0.0186102 -0.000605834 15.8964 -0.0190018 7.8765 0.116046 -9.10596
0.4 0.7 15.9779 -0.00980307 0.00472823 15.9134 -0.00922406 6.55066 0.0467029 -9.46751
0.4 0.75 15.978 -5.37094e-10 0.00653542 15.9189 -2.85621e-10 6.09827 -7.51883e-09 -9.51915
0.4 0.8 15.9779 0.00980307 0.00472824 15.9134 0.00922406 6.55066 -0.0467029 -9.46751
0.4 0.85 15.9777 0.0186102 -0.000605834 15.8964 0.0190018 7.8765 -0.116046 -9.10596
0.4 0.9 15.9775 0.0256444 -0.00923392 15.8667 0.0293735 9.96482 -0.226108 -7.7726
0.4 0.95 15.9773 0.0304463 -0.0208403 15.8222 0.0392589 12.5097 -0.330205 -4.69004
0.4 1 15.9771 0.032914 -0.0350365 15.7579 0.0465371 15.2793 -0.308374 -0.284776
0.45 0 15.9756 0.0390885 -0.0322361 15.759 0.056852 15.2181 -0.389699 -0.125951
0.45 0.05 15.9754 0.0386768 -0.0509267 15.7126 0.0567464 16.4855 -0.297895 5.13142
0.45 0.1 15.9753 0.0353423 -0.0692993 15.6577 0.0501711 17.5731 -0.227221 9.41522
0.45 0.15 15.9751 0.0274858 -0.0848883 15.6054 0.0375345 18.4443 -0.156494 12.6297
0.45 0.2 15.9749 0.0151028 -0.0953045 15.5676 0.0200957 19.0068 -0.0809093 14.6592
0.45 0.25 15.9749 -2.48645e-10 -0.0989648 15.5539 -3.0095e-10 19.2013 1.14233e-08 15.3567
0.45 0.3 15.9749 -0.0151028 -0.0953045 15.5676 -0.0200957 19.0068 0.0809093 14.6592
0.45 0.35 15.9751 -0.0274858 -0.0848883 15.6054 -0.0375345 18.4443 0.156494 12.6297
0.45 0.4 15.9753 -0.0353423 -0.0692993 15.6577 -0.050171 17.5731 0.227221 9.41522
0.45 0.45 15.9754 -0.0386768 -0.0509266 15.7126 -0.0567464 16.4855 0.297895 5.13142
0.45 0.5 15.9756 -0.0390885 -0.0322361 15.759 -0.056852 15.2761 0.392161 -0.123569
0.45 0.55 15.9756 -0.0374106 -0.0146809 15.792 -0.0507007 13.8576 0.368056 -5.37379
0.45 0.6 15.9752 -0.0328519 0.000760692 15.8136 -0.0400151 12.3916 0.233545 -9.18634
0.45 0.65 15.9747 -0.0247798 0.0131993 15.827 -0.0272041 11.2164 0.138577 -11.3857
0.45 0.7 15.9743 -0.0134136 0.0213646 15.834 -0.013648 10.4823 0.0608805 -12.5103
0.45 0.75 15.9742 -4.66556e-10 0.0242321 15.8361 -4.50675e-10 10.2337 -8.30518e-09 -12.8515
0.45 0.8 15.9743 0.0134136 0.0213646 15.834 0.013648 10.4823 -0.0608805 -12.5103
0.45 0.85 15.9747 0.0247798 0.0131993 15.827 0.0272041 11.2164 -0.138577 -11.3857
0.45 0.9 15.9752 0.0328519 0.000760692 15.8136 0.0400151 12.3916 -0.233545 -9.18634
0.45 0.95 15.9756 0.0374106 -0.0146809 15.792 0.0507007 13.8576 -0.368056 -5.37379
0.45 1 15.9756 0.0390885 -0.0322361 15.759 0.056852 15.3341 -0.394624 -0.125951
0.5 0 15.9753 0.0406717 -0.0279142 15.7594 0.0606499 15.3503 -0.431723 0.0272041
0.5 0.05 15.975 0.0399737 -0.0470917 15.7544 0.0571601 15.1866 -0.34579 5.55833
0.5 0.1 15.9744 0.0363928 -0.0651744 15.7423 0.0477203 14.9715 -0.235636 9.79603
0.5 0.15 15.9736 0.0281727 -0.0803152 15.7279 0.0340247 14.8212 -0.15296 12.6725
0.5 0.2 15.9731 0.0154691 -0.0904558 15.7164 0.0176363 14.7389 -0.074824 14.3775
0.5 0.25 15.9729 -5.72743e-10 -0.094034 15.712 -5.6372e-10 14.7121 1.44716e-08 14.9439
0.5 0.3 15.9731 -0.0154691 -0.0904558 15.7164 -0.0176363 14.7389 0.074824 14.3775
0.5 0.35 15.9736 -0.0281727 -0.0803152 15.7279 -0.0340247 14.8212 0.15296 12.6725
0.5 0.4 15.9744 -0.0363928 -0.0651744 15.7423 -0.0477203 14.9715 0.235636 9.79603
0.5 0.45 15.975 -0.0399737 -0.0470917 15.7544 -0.0571601 15.1866 0.34579 5.55833
0.5 0.5 15.9753 -0.0406717 -0.0279142 15.7594 -0.0606499 15.3503 0.432453 0.0271899
0.5 0.55 15.9751 -0.0399674 -0.00874519 15.7545 -0.05716 15.2223 0.348986 -5.50398
0.5 0.6 15.9745 -0.0363751 0.00931656 15.7423 -0.04772 15.0314 0.239886 -9.74168
0.5 0.65 15.9738 -0.0281521 0.0244365 15.7279 -0.0340244 14.8963 0.156622 -12.618
0.5 0.7 15.9733 -0.0154566 0.0345618 15.7164 -0.017636 14.8227 0.0768997 -14.323
0.5 0.75 15.9731 -1.72959e-10 0.0381353 15.712 -3.99533e-10 14.7987 -5.99869e-09 -14.8893
0.5 0.8 15.9733 0.0154566 0.0345618 15.7164 0.017636 14.8227 -0.0768997 -14.323
0.5 0.85 15.9738 0.0281521 0.0244365 15.7279 0.0340244 14.8963 -0.156622 -12.618
0.5 0.9 15.9745 0.0363751 0.00931656 15.7423 0.04772 15.0314 -0.239886 -9.74168
0.5 0.95 15.9751 0.0399674 -0.00874519 15.7545 0.05716 15.2223 -0.348986 -5.50398
0.5 1 15.9753 0.0406717 -0.0279142 15.7594 0.0606499 15.3503 -0.433183 0.0272041
0.55 0 15.9756 0.0391402 -0.0235834 15.759 0.0568519 15.3363 -0.402091 0.180384
0.55 0.05 15.9756 0.0374797 -0.0411751 15.792 0.0507005 13.8236 -0.373656 5.42811
0.55 0.1 15.9751 0.0329308 -0.0566625 15.8136 0.0400149 12.3315 -0.235842 9.24055
0.55 0.15 15.9745 0.0248502 -0.0691484 15.827 0.0272039 11.1406 -0.139205 11.4399
0.55 0.2 15.9741 0.0134558 -0.0773481 15.834 0.0136479 10.3981 -0.0609271 12.5645
0.55 0.25 15.974 -7.32036e-10 -0.0802288 15.8361 -5.5965e-10 10.1468 7.13655e-09 12.9057
0.55 0.3 15.9741 -0.0134558 -0.0773481 15.834 -0.0136479 10.3981 0.0609271 12.5645
0.55 0.35 15.9745 -0.0248502 -0.0691484 15.827 -0.0272039 11.1406 0.139205 11.4399
0.55 0.4 15.9751 -0.0329308 -0.0566625 15.8136 -0.0400149 12.3315 0.235842 9.24055
0.55 0.45 15.9756 -0.0374797 -0.0411751 15.792 -0.0507005 13.8236 0.373656 5.42811
0.55 0.5 15.9756 -0.0391402 -0.0235834 15.759 -0.0568519 15.2783 0.401541 0.17797
0.55 0.55 15.9755 -0.0387244 -0.00486975 15.7126 -0.0567463 16.519 0.308553 -5.077
0.55 0.6 15.9754 -0.0353896 0.013518 15.6577 -0.0501707 17.6275 0.23688 -9.36074
0.55 0.65 15.9752 -0.0275251 0.0291194 15.6054 -0.037534 18.5122 0.163704 -12.5751
0.55 0.7 15.9751 -0.0151257 0.0395448 15.5676 -0.0200953 19.0823 0.084747 -14.6045
0.55 0.75 15.9751 1.40262e-10 0.0432088 15.5539 -9.09855e-11 19.2793 -7.44314e-09 -15.3021
0.55 0.8 15.9751 0.0151257 0.0395448 15.5676 0.0200953 19.0823 -0.084747 -14.6045
0.55 0.85 15.9752 0.0275251 0.0291194 15.6054 0.037534 18.5122 -0.163704 -12.5751
0.55 0.9 15.9754 0.0353896 0.013518 15.6577 0.0501707 17.6275 -0.23688 -9.36074
0.55 0.95 15.9755 0.0387244 -0.00486975 15.7126 0.0567463 16.519 -0.308553 -5.077
0.55 1 15.9756 0.0391402 -0.0235834 15.759 0.0568519 15.2203 -0.400991 0.180384
0.6 0 15.9771 0.0330325 -0.0207575 15.7579 0.0465373 15.2832 -0.322722 0.339247
0.6 0.05 15.9773 0.0305693 -0.0350101 15.8222 0.0392586 12.4817 -0.34499 4.74436
0.6 0.1 15.9774 0.0257644 -0.0466752 15.8667 0.0293728 9.9107 -0.236144 7.82666
0.6 0.15 15.9776 0.0187084 -0.0553591 15.8964 0.0190011 7.80716 -0.121891 9.15979
0.6 0.2 15.9777 0.00985888 -0.0607347 15.9133 0.00922366 6.47368 -0.0493542 9.52129
0.6 0.25 15.9778 -6.46112e-10 -0.0625572 15.9189 -3.57453e-10 6.01891 2.60247e-09 9.57295
0.6 0.3 15.9777 -0.00985888 -0.0607347 15.9133 -0.00922367 6.47368 0.0493542 9.52129
0.6 0.35 15.9776 -0.0187084 -0.0553591 15.8964 -0.0190011 7.80716 0.121891 9.15979
0.6 0.4 15.9774 -0.0257644 -0.0466752 15.8667 -0.0293728 9.9107 0.236144 7.82666
0.6 0.45 15.9773 -0.0305693 -0.0350101 15.8222 -0.0392586 12.4817 0.34499 4.74436
0.6 0.5 15.9771 -0.0330325 -0.0207575 15.7579 -0.0465373 15.1133 0.320675 0.317628
0.6 0.55 15.9771 -0.033048 -0.00472748 15.671 -0.0493086 17.6604 0.260872 -4.15235
0.6 0.6 15.9775 -0.0299146 0.0113355 15.5702 -0.0461697 19.9247 0.215319 -8.03955
0.6 0.65 15.9779 -0.0229059 0.024969 15.475 -0.0361871 21.6896 0.153324 -11.1465
0.6 0.7 15.9782 -0.0124267 0.0339987 15.4068 -0.0199927 22.8053 0.0807215 -13.18
0.6 0.75 15.9783 2.69623e-10 0.0371391 15.382 3.33955e-10 23.1861 -1.14473e-08 -13.8915
0.6 0.8 15.9782 0.0124267 0.0339987 15.4068 0.0199927 22.8053 -0.0807215 -13.18
0.6 0.85 15.9779 0.0229059 0.024969 15.475 0.0361871 21.6896 -0.153324 -11.1465
0.6 0.9 15.9775 0.0299146 0.0113355 15.5702 0.0461697 19.9247 -0.215319 -8.03955
0.6 0.95 15.9771 0.033048 -0.00472748 15.671 0.0493086 17.6604 -0.260872 -4.15235
0.6 1 15.9771 0.0330325 -0.0207575 15.7579 0.0465373 14.9434 -0.318628 0.339247
0.65 0 15.9792 0.0231545 -0.0204588 15.7562 0.0321707 15.2582 -0.224441 0.427704
0.65 0.05 15.9796 0.0207599 -0.0303472 15.8437 0.0257325 11.308 -0.251593 3.54279
0.65 0.1 15.9805 0.0166781 -0.0378671 15.9013 0.0183812 7.93948 -0.215202 5.70116
0.65 0.15 15.9816 0.0115303 -0.0429143 15.9378 0.0113679 5.1614 -0.121742 6.23383
0.65 0.2 15.9825 0.00585438 -0.0457262 15.9579 0.00529801 3.34884 -0.0513869 5.80832
0.65 0.25 15.9829 -4.20793e-10 -0.0466144 15.9643 -9.17015e-11 2.71131 -2.36157e-09 5.51459
0.65 0.3 15.9825 -0.00585438 -0.0457262 15.9579 -0.00529801 3.34884 0.0513869 5.80832
0.65 0.35 15.9816 -0.0115303 -0.0429143 15.9378 -0.0113679 5.1614 0.121743 6.23383
0.65 0.4 15.9805 -0.0166781 -0.0378671 15.9013 -0.0183812 7.93948 0.215202 5.70116
0.65 0.45 15.9796 -0.0207599 -0.0303472 15.8437 -0.0257325 11.308 0.251593 3.54279
0.65 0.5 15.9792 -0.0231545 -0.0204588 15.7562 -0.0321707 14.9553 0.22212 0.381135
0.65 0.55 15.9792 -0.0233199 -0.00897177 15.6351 -0.0361363 18.5562 0.19947 -2.87366
0.65 0.6 15.9797 -0.0207678 0.00256566 15.4933 -0.0356371 21.7131 0.169425 -5.8765
0.65 0.65 15.9805 -0.0154404 0.0123018 15.3584 -0.0290821 24.1376 0.121863 -8.37106
0.65 0.7 15.9808 -0.00816113 0.0187396 15.2615 -0.0164704 25.6523 0.0632369 -10.036
0.65 0.75 15.9809 1.91736e-10 0.0209837 15.2264 6.29544e-10 26.1662 -9.71167e-09 -10.6222
0.65 0.8 15.9808 0.00816113 0.0187396 15.2615 0.0164704 25.6523 -0.0632369 -10.036
0.65 0.85 15.9805 0.0154404 0.0123018 15.3584 0.0290821 24.1376 -0.121863 -8.37106
0.65 0.9 15.9797 0.0207678 0.00256566 15.4933 0.0356371 21.7131 -0.169425 -5.8765
0.65 0.95 15.9792 0.0233199 -0.00897177 15.6351 0.0361363 18.5562 -0.19947 -2.87366
0.65 1 15.9792 0.0231545 -0.0204588 15.7562 0.0321707 14.6525 -0.219799 0.427704
0.7 0 15.9809 0.0115964 -0.0230703 15.7543 0.0162162 15.2566 -0.120532 0.327393
0.7 0.05 15.9817 0.0100048 -0.0280791 15.8561 0.0124165 10.5212 -0.129581 1.90929
0.7 0.1 15.9831 0.00754845 -0.031693 15.9201 0.00864431 6.6495 -0.143329 3.04018
0.7 0.15 15.9847 0.00487257 -0.0339072 15.9577 0.00527256 3.52572 -0.132107 3.07032
0.7 0.2 15.9861 0.00234821 -0.0350046 15.9767 0.00234362 1.45465 -0.0773489 2.11286
0.7 0.25 15.9866 -1.89074e-10 -0.0353238 15.9819 4.98436e-11 0.790032 -4.46426e-09 1.48507
0.7 0.3 15.9861 -0.00234821 -0.0350046 15.9767 -0.00234362 1.45465 0.0773489 2.11286
0.7 0.35 15.9847 -0.00487257 -0.0339072 15.9577 -0.00527256 3.52572 0.132107 3.07032
0.7 0.4 15.9831 -0.00754845 -0.031693 15.9201 -0.00864431 6.6495 0.143329 3.04018
0.7 0.45 15.9817 -0.0100048 -0.0280791 15.8561 -0.0124165 10.5212 0.129581 1.9093
0.7 0.5 15.9809 -0.0115964 -0.0230703 15.7543 -0.0162162 14.8548 0.1199 0.282394
0.7 0.55 15.9808 -0.0117104 -0.0171422 15.6106 -0.0190576 19.1285 0.114907 -1.43451
0.7 0.6 15.9812 -0.0100935 -0.0112019 15.4405 -0.0195279 22.8422 0.0985293 -3.08714
0.7 0.65 15.9817 -0.00706772 -0.00623526 15.2777 -0.01637 25.668 0.0701463 -4.48938
0.7 0.7 15.9819 -0.00344771 -0.00295512 15.1604 -0.00941336 27.4196 0.0357882 -5.43264
0.7 0.75 15.9819 -6.03515e-13 -0.00179946 15.1178 5.66409e-10 28.0113 -6.37178e-09 -5.76522
0.7 0.8 15.9819 0.00344771 -0.00295512 15.1604 0.00941336 27.4196 -0.0357882 -5.43264
0.7 0.85 15.9817 0.00706772 -0.00623526 15.2777 0.01637 25.668 -0.0701463 -4.48938
0.7 0.9 15.9812 0.0100935 -0.0112019 15.4405 0.0195279 22.8422 -0.0985293 -3.08714
0.7 0.95 15.9808 0.0117104 -0.0171422 15.6106 0.0190576 19.1285 -0.114907 -1.43451
0.7 1 15.9809 0.0115964 -0.0230703 15.7543 0.0162162 14.4531 -0.119268 0.327393
0.75 0 15.9817 8.13545e-05 -0.0278562 15.7535 1.04688e-06 15.259 -0.0114924 0.0271998
0.75 0.05 15.9826 6.89367e-05 -0.0278925 15.8602 9.89577e-07 10.2517 -0.0144482 0.0272431
0.75 0.1 15.9841 5.05248e-05 -0.0279197 15.9259 9.29542e-07 6.22859 -0.0138518 0.0273453
0.75 0.15 15.9858 3.17816e-05 -0.0279376 15.9633 1.19801e-06 3.08811 -0.011775 0.0276533
0.75 0.2 15.9873 1.50261e-05 -0.0279475 15.981 9.12574e-07 1.05329 -0.0069542 0.0279871
0.75 0.25 15.9878 3.66436e-11 -0.0279507 15.9852 5.35745e-12 0.563938 5.57933e-09 0.0280896
0.75 0.3 15.9873 -1.50261e-05 -0.0279475 15.981 -9.1254e-07 1.05329 0.00695418 0.0279872
0.75 0.35 15.9858 -3.17815e-05 -0.0279376 15.9633 -1.19802e-06 3.08811 0.011775 0.0276532
0.75 0.4 15.9841 -5.05247e-05 -0.0279197 15.9259 -9.29485e-07 6.22859 0.0138518 0.0273451
0.75 0.45 15.9826 -6.89365e-05 -0.0278925 15.8602 -9.89167e-07 10.2517 0.0144481 0.0272432
0.75 0.5 15.9817 -8.13544e-05 -0.0278562 15.7535 -1.04656e-06 14.8225 0.0138427 0.0272239
0.75 0.55 15.9814 -8.20014e-05 -0.0278146 15.6019 -8.95188e-07 19.3227 0.0121409 0.027252
0.75 0.6 15.9816 -6.9307e-05 -0.0277731 15.4217 -4.73273e-07 23.2235 0.00960511 0.0273099
0.75 0.65 15.9819 -4.59487e-05 -0.0277388 15.2488 -6.24083e-08 26.1814 0.00657847 0.0273797
0.75 0.7 15.982 -2.08162e-05 -0.0277158 15.1242 1.01227e-07 28.0105 0.00332574 0.0274348
0.75 0.75 15.9819 -1.21701e-10 -0.02771 15.0789 1.39687e-10 28.6275 -2.72308e-09 0.0274559
0.75 0.8 15.982 2.0816e-05 -0.0277158 15.1242 -1.01008e-07 28.0105 -0.00332574 0.0274349
0.75 0.85 15.9819 4.59485e-05 -0.0277388 15.2488 6.24052e-08 26.1814 -0.00657848 0.0273799
0.75 0.9 15.9816 6.93069e-05 -0.0277731 15.4217 4.72921e-07 23.2235 -0.00960511 0.0273101
0.75 0.95 15.9814 8.20014e-05 -0.0278146 15.6019 8.94939e-07 19.3227 -0.0121408 0.0272521
0.75 1 15.9817 8.13545e-05 -0.0278562 15.7535 1.04688e-06 14.3861 -0.016193 0.0271998
0.8 0 15.9809 -0.0114296 -0.0326578 15.7543 -0.0162145 15.2536 0.0985288 -0.272963
0.8 0.05 15.9817 -0.00985445 -0.0277206 15.8561 -0.0124152 10.5302 0.102283 -1.85488
0.8 0.1 15.9831 -0.0074257 -0.024163 15.9201 -0.00864351 6.67228 0.11823 -2.98577
0.8 0.15 15.9848 -0.00478576 -0.0219879 15.9577 -0.00527273 3.55867 0.112531 -3.01603
0.8 0.2 15.9862 -0.00230284 -0.0209127 15.9767 -0.00234419 1.49215 0.0661965 -2.05891
0.8 0.25 15.9867 2.84768e-10 -0.0206006 15.9819 -4.58721e-11 0.827987 1.49152e-09 -1.43136
0.8 0.3 15.9862 0.00230284 -0.0209127 15.9767 0.00234419 1.49215 -0.0661965 -2.05891
0.8 0.35 15.9848 0.00478576 -0.0219879 15.9577 0.00527273 3.55867 -0.112531 -3.01603
0.8 0.4 15.9831 0.0074257 -0.024163 15.9201 0.00864351 6.67228 -0.11823 -2.98577
0.8 0.45 15.9817 0.00985445 -0.0277206 15.8561 0.0124152 10.5302 -0.102283 -1.85488
0.8 0.5 15.9809 0.0114296 -0.0326578 15.7543 0.0162145 14.8519 -0.0933916 -0.227943
0.8 0.55 15.9808 0.0115421 -0.0385044 15.6106 0.0190561 19.1175 -0.0914852 1.48903
0.8 0.6 15.9812 0.00994215 -0.044365 15.4405 0.019527 22.8259 -0.0798733 3.14177
0.8 0.65 15.9817 0.00695186 -0.0492648 15.2776 0.01637 25.6484 -0.0573039 4.54412
0.8 0.7 15.9818 0.00338238 -0.0524997 15.1604 0.00941357 27.3982 -0.0292746 5.48747
0.8 0.75 15.9818 -2.52001e-10 -0.0536368 15.1178 -3.47226e-10 27.9893 3.65231e-10 5.8201
0.8 0.8 15.9818 -0.00338238 -0.0524997 15.1604 -0.00941357 27.3982 0.0292746 5.48747
0.8 0.85 15.9817 -0.00695186 -0.0492648 15.2776 -0.01637 25.6484 0.0573038 4.54412
0.8 0.9 15.9812 -0.00994215 -0.044365 15.4405 -0.019527 22.8259 0.0798732 3.14177
0.8 0.95 15.9808 -0.0115421 -0.0385044 15.6106 -0.0190561 19.1175 0.0914852 1.48903
0.8 1 15.9809 -0.0114296 -0.0326578 15.7543 -0.0162145 14.4502 0.0882544 -0.272963
0.85 0 15.9792 -0.0229973 -0.0353021 15.7562 -0.03217 15.2538 0.205316 -0.373232
0.85 0.05 15.9797 -0.0206088 -0.0254814 15.8437 -0.0257322 11.3269 0.229106 -3.48845
0.85 0.1 15.9806 -0.0165447 -0.018022 15.9013 -0.0183817 7.98094 0.196808 -5.6471
0.85 0.15 15.9817 -0.0114292 -0.0130249 15.9378 -0.0113688 5.21684 0.10933 -6.18035
0.85 0.2 15.9826 -0.00579997 -0.010247 15.9579 -0.00529862 3.41055 0.045309 -5.7555
0.85 0.25 15.983 6.32074e-10 -0.00937105 15.9643 1.01042e-10 2.77447 -2.34774e-08 -5.46205
0.85 0.3 15.9826 0.00579997 -0.010247 15.9579 0.00529862 3.41055 -0.0453089 -5.7555
0.85 0.35 15.9817 0.0114292 -0.0130249 15.9378 0.0113688 5.21684 -0.10933 -6.18035
0.85 0.4 15.9806 0.0165447 -0.018022 15.9013 0.0183817 7.98094 -0.196808 -5.6471
0.85 0.45 15.9797 0.0206088 -0.0254814 15.8437 0.0257322 11.3269 -0.229106 -3.48845
0.85 0.5 15.9792 0.0229973 -0.0353021 15.7562 0.03217 14.951 -0.199107 -0.326679
0.85 0.55 15.9791 0.0231626 -0.0467166 15.6351 0.0361354 18.5355 -0.178626 2.9282
0.85 0.6 15.9797 0.0206208 -0.0581819 15.4933 0.0356365 21.6816 -0.152508 5.93112
0.85 0.65 15.9803 0.0153222 -0.0678563 15.3584 0.029082 24.0993 -0.110044 8.42575
0.85 0.7 15.9807 0.00809456 -0.0742533 15.2615 0.0164706 25.6102 -0.057186 10.0907
0.85 0.75 15.9807 -4.89727e-10 -0.0764841 15.2264 -5.25132e-10 26.1229 8.71354e-09 10.6769
0.85 0.8 15.9807 -0.00809456 -0.0742533 15.2615 -0.0164706 25.6102 0.057186 10.0907
0.85 0.85 15.9803 -0.0153222 -0.0678563 15.3584 -0.029082 24.0993 0.110044 8.42575
0.85 0.9 15.9797 -0.0206208 -0.0581819 15.4933 -0.0356365 21.6816 0.152507 5.93112
0.85 0.95 15.9791 -0.0231626 -0.0467166 15.6351 -0.0361354 18.5355 0.178626 2.9282
0.85 1 15.9792 -0.0229973 -0.0353021 15.7562 -0.03217 14.6482 0.192898 -0.373232
0.9 0 15.9771 -0.032914 -0.0350365 15.7579 -0.0465372 15.2793 0.308374 -0.284779
0.9 0.05 15.9773 -0.0304463 -0.0208403 15.8222 -0.0392589 12.5097 0.330205 -4.69004
0.9 0.1 15.9775 -0.0256444 -0.00923392 15.8667 -0.0293735 9.96482 0.226109 -7.7726
0.9 0.15 15.9777 -0.0186102 -0.000605832 15.8964 -0.0190018 7.8765 0.116045 -9.10596
0.9 0.2 15.9779 -0.00980307 0.00472824 15.9134 -0.00922406 6.55066 0.0467029 -9.46751
0.9 0.25 15.978 9.58489e-10 0.00653542 15.9189 5.00966e-10 6.09827 -6.70636e-08 -9.51915
0.9 0.3 15.9779 0.00980308 0.00472824 15.9134 0.00922406 6.55066 -0.0467028 -9.46751
0.9 0.35 15.9777 0.0186102 -0.000605833 15.8964 0.0190018 7.8765 -0.116046 -9.10596
0.9 0.4 15.9775 0.0256444 -0.00923392 15.8667 0.0293735 9.96482 -0.226108 -7.7726
0.9 0.45 15.9773 0.0304463 -0.0208403 15.8222 0.0392589 12.5097 -0.330205 -4.69004
0.9 0.5 15.9771 0.032914 -0.0350365 15.7579 0.0465371 15.1094 -0.303405 -0.263188
0.9 0.55 15.977 0.0329348 -0.0510136 15.671 0.0493084 17.632 -0.244306 4.20684
0.9 0.6 15.9774 0.029807 -0.0670276 15.5702 0.0461697 19.8802 -0.201406 8.09412
0.9 0.65 15.9778 0.0228162 -0.0806199 15.4749 0.0361873 21.6346 -0.143373 11.2012
0.9 0.7 15.978 0.0123745 -0.0896206 15.4068 0.0199929 22.7444 -0.0755483 13.2347
0.9 0.75 15.9781 -6.36892e-10 -0.0927501 15.382 -3.55587e-10 23.1233 4.19992e-08 13.9462
0.9 0.8 15.978 -0.0123745 -0.0896206 15.4068 -0.0199929 22.7444 0.0755482 13.2347
0.9 0.85 15.9778 -0.0228162 -0.0806199 15.4749 -0.0361873 21.6346 0.143373 11.2012
0.9 0.9 15.9774 -0.029807 -0.0670276 15.5702 -0.0461697 19.8802 0.201406 8.09412
0.9 0.95 15.977 -0.0329348 -0.0510136 15.671 -0.0493084 17.632 0.244306 4.20684
0.9 1 15.9771 -0.032914 -0.0350365 15.7579 -0.0465372 14.9396 0.298437 -0.284779
0.95 0 15.9756 -0.0390885 -0.0322361 15.759 -0.056852 15.3341 0.394624 -0.125954
0.95 0.05 15.9756 -0.0374106 -0.0146809 15.792 -0.0507007 13.8576 0.368056 -5.37379
0.95 0.1 15.9752 -0.0328519 0.000760696 15.8136 -0.0400151 12.3916 0.233545 -9.18634
0.95 0.15 15.9747 -0.0247798 0.0131993 15.827 -0.0272041 11.2164 0.138577 -11.3857
0.95 0.2 15.9743 -0.0134136 0.0213646 15.834 -0.013648 10.4823 0.0608806 -12.5103
0.95 0.25 15.9742 9.34407e-10 0.0242321 15.8361 9.2015e-10 10.2337 -5.1072e-08 -12.8515
0.95 0.3 15.9743 0.0134136 0.0213646 15.834 0.013648 10.4823 -0.0608805 -12.5103
0.95 0.35 15.9747 0.0247799 0.0131993 15.827 0.0272041 11.2164 -0.138577 -11.3857
0.95 0.4 15.9752 0.0328519 0.000760694 15.8136 0.0400151 12.3916 -0.233545 -9.18634
0.95 0.45 15.9756 0.0374106 -0.0146809 15.792 0.0507007 13.8576 -0.368056 -5.37379
0.95 0.5 15.9756 0.0390885 -0.0322361 15.759 0.056852 15.2761 -0.392161 -0.123569
0.95 0.55 15.9754 0.0386768 -0.0509266 15.7126 0.0567464 16.4855 -0.297894 5.13142
0.95 0.6 15.9753 0.0353423 -0.0692993 15.6577 0.050171 17.5731 -0.227221 9.41522
0.95 0.65 15.9751 0.0274858 -0.0848883 15.6054 0.0375345 18.4443 -0.156494 12.6297
0.95 0.7 15.9749 0.0151028 -0.0953044 15.5676 0.0200957 19.0068 -0.0809093 14.6592
0.95 0.75 15.9749 -4.47808e-10 -0.0989648 15.5539 1.6048e-10 19.2013 6.83234e-08 15.3567
0.95 0.8 15.9749 -0.0151028 -0.0953044 15.5676 -0.0200957 19.0068 0.0809093 14.6592
0.95 0.85 15.9751 -0.0274858 -0.0848883 15.6054 -0.0375345 18.4443 0.156495 12.6297
0.95 0.9 15.9753 -0.0353423 -0.0692993 15.6577 -0.0501711 17.5731 0.227221 9.41522
0.95 0.95 15.9754 -0.0386768 -0.0509266 15.7126 -0.0567464 16.4855 0.297895 5.13142
0.95 1 15.9756 -0.0390885 -0.0322361 15.759 -0.056852 15.2182 0.3897 -0.125954
1 0 15.9753 -0.0406717 -0.0279142 15.7594 -0.0606499 15.3444 0.433018 -2.95426
1 0.05 15.9751 -0.0399674 -0.00874519 15.7545 -0.05716 15.2519 0.349671 -5.78256
1 0.1 15.9745 -0.0363751 0.00931656 15.7423 -0.04772 15.1646 0.242024 -10.2098
1 0.15 15.9738 -0.0281521 0.0244365 15.7279 -0.0340244 15.1308 0.1591 -13.2556
1 0.2 15.9733 -0.0154566 0.0345619 15.7164 -0.017636 15.1218 0.0784592 -15.0885
1 0.25 15.9731 4.61955e-10 0.0381353 15.712 8.81193e-10 15.1198 4.3189e-08 -15.7018
1 0.3 15.9733 0.0154566 0.0345619 15.7164 0.017636 15.1218 -0.0784593 -15.0885
1 0.35 15.9738 0.0281521 0.0244365 15.7279 0.0340244 15.1308 -0.1591 -13.2556
1 0.4 15.9745 0.0363751 0.00931656 15.7423 0.04772 15.1646 -0.242024 -10.2098
1 0.45 15.9751 0.0399674 -0.00874519 15.7545 0.05716 15.2519 -0.349671 -5.78256
1 0.5 15.9753 0.0406717 -0.0279142 15.7594 0.0606499 15.3502 -0.432452 0.0271789
1 0.55 15.975 0.0399737 -0.0470917 15.7544 0.0571601 15.1562 -0.345104 5.8369
1 0.6 15.9744 0.0363928 -0.0651744 15.7423 0.0477203 14.8367 -0.233526 10.2642
1 0.65 15.9736 0.0281727 -0.0803152 15.7279 0.0340247 14.5847 -0.150531 13.3101
1 0.7 15.9731 0.0154691 -0.0904558 15.7164 0.0176363 14.4376 -0.0733016 15.1432
1 0.75 15.9729 1.54597e-10 -0.094034 15.712 7.78493e-10 14.3889 3.77971e-09 15.7566
1 0.8 15.9731 -0.0154691 -0.0904558 15.7164 -0.0176363 14.4376 0.0733016 15.1432
1 0.85 15.9736 -0.0281727 -0.0803152 15.7279 -0.0340247 14.5847 0.150531 13.3101
1 0.9 15.9744 -0.0363928 -0.0651744 15.7423 -0.0477203 14.8367 0.233526 10.2642
1 0.95 15.975 -0.0399737 -0.0470917 15.7544 -0.0571601 15.1562 0.345104 5.8369
1 1 15.9753 -0.0406717 -0.0279142 15.7594 -0.0606499 15.3561 0.431886 2.85547
