0 0 -0.173585 200.119 -6.46092e-13 -0.0121872
0 0.025 -0.196446 200.112 0.0703235 -0.0121916
0 0.05 -0.265376 200.091 0.141644 -0.0121938
0 0.075 -0.381359 200.055 0.21477 -0.012161
0 0.1 -0.545824 200.002 0.290133 -0.0120407
0 0.125 -0.760348 199.932 0.367612 -0.011763
0 0.15 -1.02623 199.841 0.446377 -0.0112452
0 0.175 -1.34398 199.728 0.524761 -0.0103988
0 0.2 -1.71274 199.592 0.600193 -0.00913729
0 0.225 -2.12966 199.433 0.669212 -0.00738762
0 0.25 -2.58936 199.251 0.72758 -0.0051021
0 0.275 -3.08343 199.048 0.770526 -0.00227134
0 0.3 -3.60017 198.829 0.793122 0.00106436
0 0.325 -4.12466 198.601 0.790771 0.00480696
0 0.35 -4.63908 198.371 0.759782 0.00879864
0 0.375 -5.12357 198.15 0.697954 0.0128275
0 0.4 -5.55732 197.949 0.605075 0.0166424
0 0.425 -5.92008 197.778 0.483267 0.0199761
0 0.45 -6.19378 197.647 0.33706 0.0225741
0 0.475 -6.36415 197.566 0.173175 0.0242262
0 0.5 -6.42199 197.538 4.50929e-13 0.0247931
0 0.525 -6.36415 197.566 -0.173175 0.0242262
0 0.55 -6.19378 197.647 -0.33706 0.0225741
0 0.575 -5.92008 197.778 -0.483267 0.0199761
0 0.6 -5.55732 197.949 -0.605075 0.0166424
0 0.625 -5.12357 198.15 -0.697954 0.0128275
0 0.65 -4.63908 198.371 -0.759782 0.00879864
0 0.675 -4.12466 198.601 -0.790771 0.00480696
0 0.7 -3.60017 198.829 -0.793122 0.00106436
0 0.725 -3.08343 199.048 -0.770526 -0.00227134
0 0.75 -2.58936 199.251 -0.72758 -0.0051021
0 0.775 -2.12966 199.433 -0.669212 -0.00738762
0 0.8 -1.71274 199.592 -0.600193 -0.00913729
0 0.825 -1.34398 199.728 -0.524761 -0.0103988
0 0.85 -1.02623 199.841 -0.446377 -0.0112452
0 0.875 -0.760348 199.932 -0.367612 -0.011763
0 0.9 -0.545824 200.002 -0.290133 -0.0120407
0 0.925 -0.381359 200.055 -0.21477 -0.012161
0 0.95 -0.265376 200.091 -0.141644 -0.0121938
0 0.975 -0.196446 200.112 -0.0703235 -0.0121916
0 1 -0.173585 200.119 -6.46092e-13 -0.0121872
0.025 0 -0.284134 200.078 -1.21408e-12 -0.0115884
0.025 0.025 -0.306851 200.071 0.0697363 -0.0115668
0.025 0.05 -0.375221 200.049 0.140079 -0.0114923
0.025 0.075 -0.489843 200.011 0.211466 -0.0113366
0.025 0.1 -0.651535 199.956 0.284005 -0.0110543
0.025 0.125 -0.861063 199.883 0.357327 -0.0105864
0.025 0.15 -1.11878 199.791 0.430456 -0.00986425
0.025 0.175 -1.42421 199.679 0.501727 -0.0088164
0.025 0.2 -1.77553 199.545 0.568747 -0.00737627
0.025 0.225 -2.16914 199.39 0.628437 -0.00549166
0.025 0.25 -2.59918 199.215 0.67716 -0.00313499
0.025 0.275 -3.05726 199.023 0.710944 -0.000313437
0.025 0.3 -3.53228 198.819 0.725811 0.00292262
0.025 0.325 -4.01056 198.608 0.718179 0.00647451
0.025 0.35 -4.47623 198.398 0.685313 0.0101952
0.025 0.375 -4.91193 198.197 0.625769 0.0138958
0.025 0.4 -5.2998 198.016 0.539756 0.0173585
0.025 0.425 -5.6227 197.863 0.429363 0.0203565
0.025 0.45 -5.86546 197.747 0.298589 0.0226771
0.025 0.475 -6.0162 197.674 0.153137 0.0241459
0.025 0.5 -6.06732 197.649 -1.24664e-13 0.0246488
0.025 0.525 -6.0162 197.674 -0.153137 0.0241459
0.025 0.55 -5.86546 197.747 -0.298589 0.0226771
0.025 0.575 -5.6227 197.863 -0.429363 0.0203565
0.025 0.6 -5.2998 198.016 -0.539756 0.0173585
0.025 0.625 -4.91193 198.197 -0.625769 0.0138958
0.025 0.65 -4.47623 198.398 -0.685313 0.0101952
0.025 0.675 -4.01056 198.608 -0.718179 0.00647451
0.025 0.7 -3.53228 198.819 -0.725811 0.00292262
0.025 0.725 -3.05726 199.023 -0.710944 -0.000313437
0.025 0.75 -2.59918 199.215 -0.67716 -0.00313499
0.025 0.775 -2.16914 199.39 -0.628437 -0.00549166
0.025 0.8 -1.77553 199.545 -0.568747 -0.00737627
0.025 0.825 -1.42421 199.679 -0.501727 -0.0088164
0.025 0.85 -1.11878 199.791 -0.430456 -0.00986425
0.025 0.875 -0.861063 199.883 -0.357327 -0.0105864
0.025 0.9 -0.651535 199.956 -0.284005 -0.0110543
0.025 0.925 -0.489843 200.011 -0.211466 -0.0113366
0.025 0.95 -0.375221 200.049 -0.140079 -0.0114923
0.025 0.975 -0.306851 200.071 -0.0697363 -0.0115668
0.025 1 -0.284134 200.078 -1.21408e-12 -0.0115884
0.05 0 -0.389259 200.037 -1.49343e-12 -0.0107851
0.05 0.025 -0.411523 200.029 0.0682103 -0.0107392
0.05 0.05 -0.478421 200.006 0.136689 -0.010593
0.05 0.075 -0.590224 199.967 0.205559 -0.0103222
0.05 0.1 -0.747224 199.911 0.274662 -0.00988806
0.05 0.125 -0.949507 199.837 0.343435 -0.00924069
0.05 0.15 -1.19665 199.744 0.410812 -0.00832356
0.05 0.175 -1.48736 199.633 0.475172 -0.00707939
0.05 0.2 -1.81911 199.501 0.534324 -0.00545742
0.05 0.225 -2.18775 199.351 0.585566 -0.0034217
0.05 0.25 -2.58717 199.184 0.625814 -0.000959765
0.05 0.275 -3.00917 199.002 0.651808 0.00190917
0.05 0.3 -3.44334 198.81 0.660386 0.00512775
0.05 0.325 -3.87725 198.614 0.648816 0.00859711
0.05 0.35 -4.29683 198.42 0.61514 0.0121779
0.05 0.375 -4.68701 198.236 0.558507 0.0156967
0.05 0.4 -5.03251 198.071 0.479427 0.0189578
0.05 0.425 -5.31888 197.933 0.379909 0.0217602
0.05 0.45 -5.53346 197.828 0.263458 0.0239176
0.05 0.475 -5.6664 197.762 0.134889 0.0252783
0.05 0.5 -5.71143 197.74 3.10995e-13 0.0257434
0.05 0.525 -5.6664 197.762 -0.134889 0.0252783
0.05 0.55 -5.53346 197.828 -0.263458 0.0239176
0.05 0.575 -5.31888 197.933 -0.379909 0.0217602
0.05 0.6 -5.03251 198.071 -0.479427 0.0189578
0.05 0.625 -4.68701 198.236 -0.558507 0.0156967
0.05 0.65 -4.29683 198.42 -0.61514 0.0121779
0.05 0.675 -3.87725 198.614 -0.648816 0.00859711
0.05 0.7 -3.44334 198.81 -0.660386 0.00512775
0.05 0.725 -3.00917 199.002 -0.651808 0.00190917
0.05 0.75 -2.58717 199.184 -0.625814 -0.000959765
0.05 0.775 -2.18775 199.351 -0.585566 -0.0034217
0.05 0.8 -1.81911 199.501 -0.534324 -0.00545742
0.05 0.825 -1.48736 199.633 -0.475172 -0.00707939
0.05 0.85 -1.19665 199.744 -0.410812 -0.00832356
0.05 0.875 -0.949507 199.837 -0.343435 -0.00924069
0.05 0.9 -0.747224 199.911 -0.274662 -0.00988806
0.05 0.925 -0.590224 199.967 -0.205559 -0.0103222
0.05 0.95 -0.478421 200.006 -0.136689 -0.010593
0.05 0.975 -0.411523 200.029 -0.0682103 -0.0107392
0.05 1 -0.389259 200.037 -1.49343e-12 -0.0107851
0.075 0 -0.487312 199.995 -1.55999e-12 -0.00978339
0.075 0.025 -0.508833 199.987 0.0657998 -0.00971429
0.075 0.05 -0.573403 199.963 0.131576 -0.00949976
0.075 0.075 -0.681009 199.923 0.197185 -0.00911868
0.075 0.1 -0.831496 199.866 0.262244 -0.00853787
0.075 0.125 -1.02437 199.792 0.326043 -0.00771504
0.075 0.15 -1.25858 199.7 0.387465 -0.00660314
0.075 0.175 -1.53217 199.59 0.444959 -0.00515587
0.075 0.2 -1.84207 199.461 0.496546 -0.00333428
0.075 0.225 -2.18374 199.315 0.539891 -0.00111417
0.075 0.25 -2.55103 199.155 0.572424 0.00150631
0.075 0.275 -2.93601 198.982 0.591528 0.00449961
0.075 0.3 -3.32903 198.8 0.594768 0.00780344
0.075 0.325 -3.71893 198.616 0.580156 0.0113181
0.075 0.35 -4.09336 198.435 0.546406 0.0149077
0.075 0.375 -4.43937 198.265 0.493169 0.0184061
0.075 0.4 -4.7441 198.112 0.421195 0.0216278
0.075 0.425 -4.99552 197.985 0.332398 0.0243836
0.075 0.45 -5.18325 197.888 0.229815 0.0264981
0.075 0.475 -5.29927 197.828 0.117447 0.027829
0.075 0.5 -5.33852 197.808 2.69452e-13 0.0282834
0.075 0.525 -5.29927 197.828 -0.117447 0.027829
0.075 0.55 -5.18325 197.888 -0.229815 0.0264981
0.075 0.575 -4.99552 197.985 -0.332398 0.0243836
0.075 0.6 -4.7441 198.112 -0.421195 0.0216278
0.075 0.625 -4.43937 198.265 -0.493169 0.0184061
0.075 0.65 -4.09336 198.435 -0.546406 0.0149077
0.075 0.675 -3.71893 198.616 -0.580156 0.0113181
0.075 0.7 -3.32903 198.8 -0.594768 0.00780344
0.075 0.725 -2.93601 198.982 -0.591528 0.00449961
0.075 0.75 -2.55103 199.155 -0.572424 0.00150631
0.075 0.775 -2.18374 199.315 -0.539891 -0.00111417
0.075 0.8 -1.84207 199.461 -0.496546 -0.00333428
0.075 0.825 -1.53217 199.59 -0.444959 -0.00515587
0.075 0.85 -1.25858 199.7 -0.387465 -0.00660314
0.075 0.875 -1.02437 199.792 -0.326043 -0.00771504
0.075 0.9 -0.831496 199.866 -0.262244 -0.00853787
0.075 0.925 -0.681009 199.923 -0.197185 -0.00911868
0.075 0.95 -0.573403 199.963 -0.131576 -0.00949976
0.075 0.975 -0.508833 199.987 -0.0657998 -0.00971429
0.075 1 -0.487312 199.995 -1.55999e-12 -0.00978339
0.1 0 -0.576587 199.953 -1.28652e-12 -0.00858592
0.1 0.025 -0.597082 199.945 0.062526 -0.00849384
0.1 0.05 -0.658489 199.921 0.124774 -0.00821121
0.1 0.075 -0.760547 199.88 0.186365 -0.0077194
0.1 0.1 -0.902712 199.823 0.246733 -0.00698922
0.1 0.125 -1.084 199.749 0.305045 -0.00598383
0.1 0.15 -1.30281 199.658 0.360159 -0.0046627
0.1 0.175 -1.55666 199.549 0.410604 -0.00298675
0.1 0.2 -1.84204 199.423 0.454617 -0.000924452
0.1 0.225 -2.15417 199.282 0.490211 0.00154139
0.1 0.25 -2.48691 199.127 0.515305 0.00440659
0.1 0.275 -2.8327 198.96 0.527884 0.00763894
0.1 0.3 -3.18272 198.787 0.526195 0.0111729
0.1 0.325 -3.52706 198.612 0.508953 0.0149067
0.1 0.35 -3.85509 198.441 0.475518 0.0187024
0.1 0.375 -4.15597 198.28 0.426034 0.0223916
0.1 0.4 -4.41918 198.136 0.361501 0.0257845
0.1 0.425 -4.6351 198.016 0.283758 0.0286856
0.1 0.45 -4.79559 197.925 0.195395 0.030912
0.1 0.475 -4.89447 197.869 0.0996066 0.0323139
0.1 0.5 -4.92787 197.849 2.23272e-13 0.0327927
0.1 0.525 -4.89447 197.869 -0.0996066 0.0323139
0.1 0.55 -4.79559 197.925 -0.195395 0.030912
0.1 0.575 -4.6351 198.016 -0.283758 0.0286856
0.1 0.6 -4.41918 198.136 -0.361501 0.0257845
0.1 0.625 -4.15597 198.28 -0.426034 0.0223916
0.1 0.65 -3.85509 198.441 -0.475518 0.0187024
0.1 0.675 -3.52706 198.612 -0.508953 0.0149067
0.1 0.7 -3.18272 198.787 -0.526195 0.0111729
0.1 0.725 -2.8327 198.96 -0.527884 0.00763894
0.1 0.75 -2.48691 199.127 -0.515305 0.00440659
0.1 0.775 -2.15417 199.282 -0.490211 0.00154139
0.1 0.8 -1.84204 199.423 -0.454617 -0.000924452
0.1 0.825 -1.55666 199.549 -0.410604 -0.00298675
0.1 0.85 -1.30281 199.658 -0.360159 -0.0046627
0.1 0.875 -1.084 199.749 -0.305045 -0.00598383
0.1 0.9 -0.902712 199.823 -0.246733 -0.00698922
0.1 0.925 -0.760547 199.88 -0.186365 -0.0077194
0.1 0.95 -0.658489 199.921 -0.124774 -0.00821121
0.1 0.975 -0.597082 199.945 -0.062526 -0.00849384
0.1 1 -0.576587 199.953 -1.28652e-12 -0.00858592
0.125 0 -0.65529 199.911 -9.77072e-13 -0.00719592
0.125 0.025 -0.674473 199.903 0.0583758 -0.00708017
0.125 0.05 -0.731869 199.879 0.116242 -0.00672703
0.125 0.075 -0.826993 199.839 0.173012 -0.0061193
0.125 0.1 -0.958952 199.782 0.227949 -0.00523001
0.125 0.125 -1.12632 199.708 0.280115 -0.0040251
0.125 0.15 -1.32701 199.617 0.328345 -0.00246701
0.125 0.175 -1.55808 199.51 0.371252 -0.000519455
0.125 0.2 -1.81562 199.387 0.407272 0.00184695
0.125 0.225 -2.09467 199.249 0.434751 0.00464817
0.125 0.25 -2.38913 199.098 0.452074 0.00787975
0.125 0.275 -2.69187 198.937 0.457815 0.0115098
0.125 0.3 -2.99488 198.77 0.450913 0.0154724
0.125 0.325 -3.28955 198.6 0.43082 0.019663
0.125 0.35 -3.56702 198.434 0.397616 0.0239363
0.125 0.375 -3.81866 198.278 0.352047 0.028109
0.125 0.4 -4.03647 198.138 0.295477 0.0319681
0.125 0.425 -4.21347 198.021 0.229758 0.035287
0.125 0.45 -4.34402 197.932 0.15706 0.0378475
0.125 0.475 -4.424 197.877 0.0796938 0.0394661
0.125 0.5 -4.45094 197.858 2.74554e-13 0.04002
0.125 0.525 -4.424 197.877 -0.0796938 0.0394661
0.125 0.55 -4.34402 197.932 -0.15706 0.0378475
0.125 0.575 -4.21347 198.021 -0.229758 0.035287
0.125 0.6 -4.03647 198.138 -0.295477 0.0319681
0.125 0.625 -3.81866 198.278 -0.352047 0.028109
0.125 0.65 -3.56702 198.434 -0.397616 0.0239363
0.125 0.675 -3.28955 198.6 -0.43082 0.019663
0.125 0.7 -2.99488 198.77 -0.450913 0.0154724
0.125 0.725 -2.69187 198.937 -0.457815 0.0115098
0.125 0.75 -2.38913 199.098 -0.452074 0.00787975
0.125 0.775 -2.09467 199.249 -0.434751 0.00464817
0.125 0.8 -1.81562 199.387 -0.407272 0.00184695
0.125 0.825 -1.55808 199.51 -0.371252 -0.000519455
0.125 0.85 -1.32701 199.617 -0.328345 -0.00246701
0.125 0.875 -1.12632 199.708 -0.280115 -0.0040251
0.125 0.9 -0.958952 199.782 -0.227949 -0.00523001
0.125 0.925 -0.826993 199.839 -0.173012 -0.0061193
0.125 0.95 -0.731869 199.879 -0.116242 -0.00672703
0.125 0.975 -0.674473 199.903 -0.0583758 -0.00708017
0.125 1 -0.65529 199.911 -9.77072e-13 -0.00719592
0.15 0 -0.721539 199.871 -5.95752e-13 -0.00561853
0.15 0.025 -0.739111 199.863 0.0533039 -0.00547765
0.15 0.05 -0.791603 199.839 0.105877 -0.00504917
0.15 0.075 -0.878317 199.798 0.156928 -0.00431608
0.15 0.1 -0.998021 199.742 0.205555 -0.00325149
0.15 0.125 -1.14887 199.668 0.250708 -0.00182093
0.15 0.15 -1.32828 199.579 0.291187 1.44436e-05
0.15 0.175 -1.53287 199.473 0.325662 0.00229365
0.15 0.2 -1.75832 199.352 0.352741 0.00505061
0.15 0.225 -1.99943 199.217 0.371071 0.00830778
0.15 0.25 -2.25012 199.069 0.379482 0.0120688
0.15 0.275 -2.5036 198.91 0.37715 0.01631
0.15 0.3 -2.75265 198.745 0.363764 0.0209715
0.15 0.325 -2.98998 198.577 0.339648 0.0259484
0.15 0.35 -3.20865 198.411 0.305819 0.0310833
0.15 0.375 -3.40248 198.254 0.263908 0.0361639
0.15 0.4 -3.56646 198.112 0.215952 0.0409276
0.15 0.425 -3.69686 197.991 0.164059 0.0450786
0.15 0.45 -3.79125 197.899 0.110039 0.0483172
0.15 0.475 -3.84829 197.842 0.0551403 0.0503814
0.15 0.5 -3.86736 197.822 6.49725e-13 0.051091
0.15 0.525 -3.84829 197.842 -0.0551403 0.0503814
0.15 0.55 -3.79125 197.899 -0.110039 0.0483172
0.15 0.575 -3.69686 197.991 -0.164059 0.0450786
0.15 0.6 -3.56646 198.112 -0.215952 0.0409276
0.15 0.625 -3.40248 198.254 -0.263908 0.0361639
0.15 0.65 -3.20865 198.411 -0.305819 0.0310833
0.15 0.675 -2.98998 198.577 -0.339648 0.0259484
0.15 0.7 -2.75265 198.745 -0.363764 0.0209715
0.15 0.725 -2.5036 198.91 -0.37715 0.01631
0.15 0.75 -2.25012 199.069 -0.379482 0.0120688
0.15 0.775 -1.99943 199.217 -0.371071 0.00830778
0.15 0.8 -1.75832 199.352 -0.352741 0.00505061
0.15 0.825 -1.53287 199.473 -0.325662 0.00229365
0.15 0.85 -1.32828 199.579 -0.291187 1.44436e-05
0.15 0.875 -1.14887 199.668 -0.250708 -0.00182093
0.15 0.9 -0.998021 199.742 -0.205555 -0.00325149
0.15 0.925 -0.878317 199.798 -0.156928 -0.00431608
0.15 0.95 -0.791603 199.839 -0.105877 -0.00504917
0.15 0.975 -0.739111 199.863 -0.0533039 -0.00547765
0.15 1 -0.721539 199.871 -5.95752e-13 -0.00561853
0.175 0 -0.773384 199.831 -1.04543e-12 -0.00386271
0.175 0.025 -0.789025 199.823 0.0472378 -0.0036946
0.175 0.05 -0.835647 199.799 0.0935149 -0.00318409
0.175 0.075 -0.912331 199.76 0.137825 -0.0023129
0.175 0.1 -1.0175 199.703 0.179081 -0.00105172
0.175 0.125 -1.14884 199.631 0.216092 0.000638047
0.175 0.15 -1.30326 199.543 0.247582 0.00280172
0.175 0.175 -1.4768 199.439 0.272224 0.00548786
0.175 0.2 -1.66467 199.319 0.288734 0.00874367
0.175 0.225 -1.86126 199.185 0.296002 0.0126089
0.175 0.25 -2.06032 199.038 0.293266 0.0171079
0.175 0.275 -2.25523 198.88 0.280314 0.022239
0.175 0.3 -2.4394 198.713 0.257691 0.0279618
0.175 0.325 -2.60682 198.541 0.226843 0.0341802
0.175 0.35 -2.75259 198.368 0.190144 0.0407261
0.175 0.375 -2.87348 198.202 0.150706 0.0473437
0.175 0.4 -2.96829 198.048 0.111907 0.0536845
0.175 0.425 -3.03778 197.916 0.0766724 0.0593225
0.175 0.45 -3.08424 197.813 0.0466776 0.0637972
0.175 0.475 -3.11053 197.747 0.0217774 0.0666849
0.175 0.5 -3.119 197.725 -3.25648e-13 0.0676841
0.175 0.525 -3.11053 197.747 -0.0217774 0.0666849
0.175 0.55 -3.08424 197.813 -0.0466776 0.0637972
0.175 0.575 -3.03778 197.916 -0.0766724 0.0593225
0.175 0.6 -2.96829 198.048 -0.111907 0.0536845
0.175 0.625 -2.87348 198.202 -0.150706 0.0473437
0.175 0.65 -2.75259 198.368 -0.190144 0.0407261
0.175 0.675 -2.60682 198.541 -0.226843 0.0341802
0.175 0.7 -2.4394 198.713 -0.257691 0.0279618
0.175 0.725 -2.25523 198.88 -0.280314 0.022239
0.175 0.75 -2.06032 199.038 -0.293266 0.0171079
0.175 0.775 -1.86126 199.185 -0.296002 0.0126089
0.175 0.8 -1.66467 199.319 -0.288734 0.00874367
0.175 0.825 -1.4768 199.439 -0.272224 0.00548786
0.175 0.85 -1.30326 199.543 -0.247582 0.00280172
0.175 0.875 -1.14884 199.631 -0.216092 0.000638047
0.175 0.9 -1.0175 199.703 -0.179081 -0.00105172
0.175 0.925 -0.912331 199.76 -0.137825 -0.0023129
0.175 0.95 -0.835647 199.799 -0.0935149 -0.00318409
0.175 0.975 -0.789025 199.823 -0.0472378 -0.0036946
0.175 1 -0.773384 199.831 -1.04543e-12 -0.00386271
0.2 0 -0.808865 199.794 -6.95951e-13 -0.00194343
0.2 0.025 -0.822225 199.786 0.0400877 -0.00174575
0.2 0.05 -0.861919 199.763 0.0789577 -0.0011456
0.2 0.075 -0.926783 199.723 0.115356 -0.000121914
0.2 0.1 -1.01484 199.668 0.147965 0.0013598
0.2 0.125 -1.12324 199.597 0.1754 0.00334648
0.2 0.15 -1.24823 199.51 0.196224 0.00589592
0.2 0.175 -1.38517 199.408 0.20902 0.00907461
0.2 0.2 -1.52848 199.289 0.212496 0.0129543
0.2 0.225 -1.67186 199.156 0.205663 0.0176068
0.2 0.25 -1.80852 199.008 0.188067 0.0230962
0.2 0.275 -1.93156 198.846 0.16008 0.0294659
0.2 0.3 -2.03467 198.673 0.12322 0.0367204
0.2 0.325 -2.11281 198.49 0.0804189 0.0447975
0.2 0.35 -2.16322 198.302 0.0361263 0.0535322
0.2 0.375 -2.18624 198.115 -0.0039723 0.062617
0.2 0.4 -2.18585 197.936 -0.0338034 0.0715709
0.2 0.425 -2.16952 197.777 -0.0483704 0.0797416
0.2 0.45 -2.14709 197.651 -0.0455193 0.0863685
0.2 0.475 -2.12855 197.569 -0.0272878 0.0907123
0.2 0.5 -2.12144 197.54 9.51627e-13 0.0922274
0.2 0.525 -2.12855 197.569 0.0272878 0.0907123
0.2 0.55 -2.14709 197.651 0.0455193 0.0863685
0.2 0.575 -2.16952 197.777 0.0483704 0.0797416
0.2 0.6 -2.18585 197.936 0.0338034 0.0715709
0.2 0.625 -2.18624 198.115 0.0039723 0.062617
0.2 0.65 -2.16322 198.302 -0.0361263 0.0535322
0.2 0.675 -2.11281 198.49 -0.0804189 0.0447975
0.2 0.7 -2.03467 198.673 -0.12322 0.0367204
0.2 0.725 -1.93156 198.846 -0.16008 0.0294659
0.2 0.75 -1.80852 199.008 -0.188067 0.0230962
0.2 0.775 -1.67186 199.156 -0.205663 0.0176068
0.2 0.8 -1.52848 199.289 -0.212496 0.0129543
0.2 0.825 -1.38517 199.408 -0.20902 0.00907461
0.2 0.85 -1.24823 199.51 -0.196224 0.00589592
0.2 0.875 -1.12324 199.597 -0.1754 0.00334648
0.2 0.9 -1.01484 199.668 -0.147965 0.0013598
0.2 0.925 -0.926783 199.723 -0.115356 -0.000121914
0.2 0.95 -0.861919 199.763 -0.0789577 -0.0011456
0.2 0.975 -0.822225 199.786 -0.0400877 -0.00174575
0.2 1 -0.808865 199.794 -6.95951e-13 -0.00194343
0.225 0 -0.826093 199.759 -1.39703e-12 0.000115905
0.225 0.025 -0.836791 199.752 0.0317624 0.000345367
0.225 0.05 -0.868405 199.729 0.0620027 0.00104223
0.225 0.075 -0.919476 199.69 0.0891642 0.00223193
0.225 0.1 -0.98754 199.637 0.111632 0.00395698
0.225 0.125 -1.06908 199.567 0.127727 0.00627702
0.225 0.15 -1.15951 199.482 0.135736 0.00926897
0.225 0.175 -1.25314 199.381 0.133986 0.0130268
0.225 0.2 -1.34328 199.264 0.120981 0.0176604
0.225 0.225 -1.42238 199.131 0.0956237 0.0232933
0.225 0.25 -1.48243 198.98 0.0575415 0.030056
0.225 0.275 -1.51548 198.813 0.00753207 0.0380731
0.225 0.3 -1.5146 198.629 -0.0518731 0.047439
0.225 0.325 -1.47507 198.428 -0.115809 0.0581749
0.225 0.35 -1.39596 198.212 -0.176661 0.0701616
0.225 0.375 -1.28178 197.987 -0.22427 0.08305
0.225 0.4 -1.14373 197.763 -0.247304 0.0961725
0.225 0.425 -0.999741 197.555 -0.236113 0.108506
0.225 0.45 -0.872381 197.383 -0.186559 0.118754
0.225 0.475 -0.784417 197.269 -0.103232 0.125588
0.225 0.5 -0.752968 197.228 -3.88833e-13 0.127993
0.225 0.525 -0.784417 197.269 0.103232 0.125588
0.225 0.55 -0.872381 197.383 0.186559 0.118754
0.225 0.575 -0.999741 197.555 0.236113 0.108506
0.225 0.6 -1.14373 197.763 0.247304 0.0961725
0.225 0.625 -1.28178 197.987 0.22427 0.08305
0.225 0.65 -1.39596 198.212 0.176661 0.0701616
0.225 0.675 -1.47507 198.428 0.115809 0.0581749
0.225 0.7 -1.5146 198.629 0.0518731 0.047439
0.225 0.725 -1.51548 198.813 -0.00753207 0.0380731
0.225 0.75 -1.48243 198.98 -0.0575415 0.030056
0.225 0.775 -1.42238 199.131 -0.0956237 0.0232933
0.225 0.8 -1.34328 199.264 -0.120981 0.0176604
0.225 0.825 -1.25314 199.381 -0.133986 0.0130268
0.225 0.85 -1.15951 199.482 -0.135736 0.00926897
0.225 0.875 -1.06908 199.567 -0.127727 0.00627702
0.225 0.9 -0.98754 199.637 -0.111632 0.00395698
0.225 0.925 -0.919476 199.69 -0.0891642 0.00223193
0.225 0.95 -0.868405 199.729 -0.0620027 0.00104223
0.225 0.975 -0.836791 199.752 -0.0317624 0.000345367
0.225 1 -0.826093 199.759 -1.39703e-12 0.000115905
0.25 0 -0.823369 199.728 -9.02671e-13 0.00228133
0.25 0.025 -0.831003 199.721 0.0221904 0.00254397
0.25 0.05 -0.853305 199.699 0.0424886 0.0033422
0.25 0.075 -0.888461 199.662 0.0589598 0.00470715
0.25 0.1 -0.933404 199.61 0.0695931 0.00669182
0.25 0.125 -0.983758 199.543 0.0722883 0.00937267
0.25 0.15 -1.0338 199.461 0.0648758 0.012852
0.25 0.175 -1.07641 199.363 0.0451879 0.0172611
0.25 0.2 -1.10317 199.248 0.011209 0.0227634
0.25 0.225 -1.10449 199.115 -0.0386594 0.0295567
0.25 0.25 -1.07006 198.962 -0.10516 0.0378729
0.25 0.275 -0.989528 198.787 -0.187491 0.0479685
0.25 0.3 -0.853772 198.587 -0.282297 0.0600978
0.25 0.325 -0.656768 198.36 -0.382374 0.0744517
0.25 0.35 -0.398313 198.102 -0.475422 0.0910431
0.25 0.375 -0.0873349 197.818 -0.543735 0.109529
0.25 0.4 0.255034 197.518 -0.566194 0.129007
0.25 0.425 0.59443 197.225 -0.523591 0.147878
0.25 0.45 0.886471 196.974 -0.406603 0.163948
0.25 0.475 1.08534 196.801 -0.223097 0.174848
0.25 0.5 1.15603 196.74 7.85268e-13 0.178718
0.25 0.525 1.08534 196.801 0.223097 0.174848
0.25 0.55 0.886471 196.974 0.406603 0.163948
0.25 0.575 0.59443 197.225 0.523591 0.147878
0.25 0.6 0.255034 197.518 0.566194 0.129007
0.25 0.625 -0.0873349 197.818 0.543735 0.109529
0.25 0.65 -0.398313 198.102 0.475422 0.0910431
0.25 0.675 -0.656768 198.36 0.382374 0.0744517
0.25 0.7 -0.853772 198.587 0.282297 0.0600978
0.25 0.725 -0.989528 198.787 0.187491 0.0479685
0.25 0.75 -1.07006 198.962 0.10516 0.0378729
0.25 0.775 -1.10449 199.115 0.0386594 0.0295567
0.25 0.8 -1.10317 199.248 -0.011209 0.0227634
0.25 0.825 -1.07641 199.363 -0.0451879 0.0172611
0.25 0.85 -1.0338 199.461 -0.0648758 0.012852
0.25 0.875 -0.983758 199.543 -0.0722883 0.00937267
0.25 0.9 -0.933404 199.61 -0.0695931 0.00669182
0.25 0.925 -0.888461 199.662 -0.0589598 0.00470715
0.25 0.95 -0.853305 199.699 -0.0424886 0.0033422
0.25 0.975 -0.831003 199.721 -0.0221904 0.00254397
0.25 1 -0.823369 199.728 -9.02671e-13 0.00228133
0.275 0 -0.799335 199.702 -7.3731e-13 0.00450658
0.275 0.025 -0.803492 199.695 0.0113467 0.00480229
0.275 0.05 -0.815219 199.674 0.0203524 0.00570176
0.275 0.075 -0.832265 199.64 0.0246123 0.00724268
0.275 0.1 -0.850816 199.591 0.021601 0.00949007
0.275 0.125 -0.865401 199.528 0.00863222 0.01254
0.275 0.15 -0.8688 199.45 -0.0171516 0.0165249
0.275 0.175 -0.851945 199.356 -0.0587393 0.0216213
0.275 0.2 -0.803893 199.245 -0.119123 0.0280598
0.275 0.225 -0.711915 199.115 -0.201018 0.036136
0.275 0.25 -0.561834 198.962 -0.306314 0.0462215
0.275 0.275 -0.338799 198.78 -0.435058 0.0587661
0.275 0.3 -0.028824 198.564 -0.583716 0.0742767
0.275 0.325 0.378423 198.302 -0.742569 0.0932388
0.275 0.35 0.88504 197.988 -0.892709 0.115937
0.275 0.375 1.47845 197.617 -1.0043 0.142135
0.275 0.4 2.1244 197.201 -1.03909 0.170668
0.275 0.425 2.76315 196.773 -0.959904 0.19912
0.275 0.45 3.31369 196.389 -0.746328 0.223902
0.275 0.475 3.68961 196.119 -0.410095 0.240975
0.275 0.5 3.82346 196.022 -6.09186e-13 0.247084
0.275 0.525 3.68961 196.119 0.410095 0.240975
0.275 0.55 3.31369 196.389 0.746328 0.223902
0.275 0.575 2.76315 196.773 0.959904 0.19912
0.275 0.6 2.1244 197.201 1.03909 0.170668
0.275 0.625 1.47845 197.617 1.0043 0.142135
0.275 0.65 0.88504 197.988 0.892709 0.115937
0.275 0.675 0.378423 198.302 0.742569 0.0932388
0.275 0.7 -0.028824 198.564 0.583716 0.0742767
0.275 0.725 -0.338799 198.78 0.435058 0.0587661
0.275 0.75 -0.561834 198.962 0.306314 0.0462215
0.275 0.775 -0.711915 199.115 0.201018 0.036136
0.275 0.8 -0.803893 199.245 0.119123 0.0280598
0.275 0.825 -0.851945 199.356 0.0587393 0.0216213
0.275 0.85 -0.8688 199.45 0.0171516 0.0165249
0.275 0.875 -0.865401 199.528 -0.00863222 0.01254
0.275 0.9 -0.850816 199.591 -0.021601 0.00949007
0.275 0.925 -0.832265 199.64 -0.0246123 0.00724268
0.275 0.95 -0.815219 199.674 -0.0203524 0.00570176
0.275 0.975 -0.803492 199.695 -0.0113467 0.00480229
0.275 1 -0.799335 199.702 -7.3731e-13 0.00450658
0.3 0 -0.753142 199.682 -9.38853e-13 0.00673237
0.3 0.025 -0.753423 199.676 -0.000716339 0.0070587
0.3 0.05 -0.753351 199.657 -0.00430474 0.00805204
0.3 0.075 -0.750156 199.625 -0.0137372 0.00975644
0.3 0.1 -0.739119 199.58 -0.0321831 0.0122489
0.3 0.125 -0.71342 199.522 -0.0630986 0.0156452
0.3 0.15 -0.663944 199.451 -0.1103 0.020109
0.3 0.175 -0.579055 199.365 -0.178 0.0258653
0.3 0.2 -0.444374 199.262 -0.270761 0.033219
0.3 0.225 -0.242635 199.14 -0.393273 0.0425795
0.3 0.25 0.0462297 198.992 -0.549742 0.054489
0.3 0.275 0.444506 198.81 -0.742476 0.069648
0.3 0.3 0.975003 198.581 -0.96906 0.0889101
0.3 0.325 1.65722 198.285 -1.21756 0.113195
0.3 0.35 2.49993 197.902 -1.46027 0.143227
0.3 0.375 3.48944 197.416 -1.64901 0.179027
0.3 0.4 4.57523 196.835 -1.71774 0.219189
0.3 0.425 5.65987 196.205 -1.59861 0.260255
0.3 0.45 6.6039 195.619 -1.25081 0.29673
0.3 0.475 7.25333 195.196 -0.690169 0.322191
0.3 0.5 7.48549 195.042 3.71231e-13 0.331361
0.3 0.525 7.25333 195.196 0.690169 0.322191
0.3 0.55 6.6039 195.619 1.25081 0.29673
0.3 0.575 5.65987 196.205 1.59861 0.260255
0.3 0.6 4.57523 196.835 1.71774 0.219189
0.3 0.625 3.48944 197.416 1.64901 0.179027
0.3 0.65 2.49993 197.902 1.46027 0.143227
0.3 0.675 1.65722 198.285 1.21756 0.113195
0.3 0.7 0.975003 198.581 0.96906 0.0889101
0.3 0.725 0.444506 198.81 0.742476 0.069648
0.3 0.75 0.0462297 198.992 0.549742 0.054489
0.3 0.775 -0.242635 199.14 0.393273 0.0425795
0.3 0.8 -0.444374 199.262 0.270761 0.033219
0.3 0.825 -0.579055 199.365 0.178 0.0258653
0.3 0.85 -0.663944 199.451 0.1103 0.020109
0.3 0.875 -0.71342 199.522 0.0630986 0.0156452
0.3 0.9 -0.739119 199.58 0.0321831 0.0122489
0.3 0.925 -0.750156 199.625 0.0137372 0.00975644
0.3 0.95 -0.753351 199.657 0.00430474 0.00805204
0.3 0.975 -0.753423 199.676 0.000716339 0.0070587
0.3 1 -0.753142 199.682 -9.38853e-13 0.00673237
0.325 0 -0.684621 199.669 -4.61895e-13 0.00888708
0.325 0.025 -0.680675 199.663 -0.0138385 0.00923851
0.325 0.05 -0.667728 199.647 -0.0311512 0.0103087
0.325 0.075 -0.642417 199.619 -0.0555631 0.0121465
0.325 0.1 -0.598976 199.581 -0.0910054 0.0148384
0.325 0.125 -0.529002 199.531 -0.14188 0.0185159
0.325 0.15 -0.421109 199.47 -0.213235 0.0233689
0.325 0.175 -0.260487 199.396 -0.310933 0.0296645
0.325 0.2 -0.02837 199.308 -0.441781 0.0377761
0.325 0.225 0.298535 199.202 -0.613476 0.0482233
0.325 0.25 0.748515 199.07 -0.834035 0.0617236
0.325 0.275 1.35481 198.901 -1.10997 0.0792477
0.325 0.3 2.15411 198.672 -1.44195 0.102043
0.325 0.325 3.18163 198.353 -1.8167 0.131547
0.325 0.35 4.45988 197.901 -2.19554 0.169052
0.325 0.375 5.97867 197.28 -2.50453 0.214974
0.325 0.4 7.66876 196.487 -2.63657 0.267766
0.325 0.425 9.38055 195.583 -2.47689 0.322886
0.325 0.45 10.888 194.711 -1.95207 0.372652
0.325 0.475 11.9339 194.068 -1.08199 0.407786
0.325 0.5 12.3094 193.831 -2.58303e-13 0.420511
0.325 0.525 11.9339 194.068 1.08199 0.407786
0.325 0.55 10.888 194.711 1.95207 0.372652
0.325 0.575 9.38055 195.583 2.47689 0.322886
0.325 0.6 7.66876 196.487 2.63657 0.267766
0.325 0.625 5.97867 197.28 2.50453 0.214974
0.325 0.65 4.45988 197.901 2.19554 0.169052
0.325 0.675 3.18163 198.353 1.8167 0.131547
0.325 0.7 2.15411 198.672 1.44195 0.102043
0.325 0.725 1.35481 198.901 1.10997 0.0792477
0.325 0.75 0.748515 199.07 0.834035 0.0617236
0.325 0.775 0.298535 199.202 0.613476 0.0482233
0.325 0.8 -0.02837 199.308 0.441781 0.0377761
0.325 0.825 -0.260487 199.396 0.310933 0.0296645
0.325 0.85 -0.421109 199.47 0.213235 0.0233689
0.325 0.875 -0.529002 199.531 0.14188 0.0185159
0.325 0.9 -0.598976 199.581 0.0910054 0.0148384
0.325 0.925 -0.642417 199.619 0.0555631 0.0121465
0.325 0.95 -0.667728 199.647 0.0311512 0.0103087
0.325 0.975 -0.680675 199.663 0.0138385 0.00923851
0.325 1 -0.684621 199.669 -4.61895e-13 0.00888708
0.35 0 -0.594442 199.664 -2.0094e-13 0.0108891
0.35 0.025 -0.586007 199.66 -0.027727 0.0112565
0.35 0.05 -0.55939 199.646 -0.0595709 0.0123751
0.35 0.075 -0.510585 199.624 -0.0998605 0.0142956
0.35 0.1 -0.432696 199.594 -0.153365 0.0171078
0.35 0.125 -0.315576 199.555 -0.225557 0.02095
0.35 0.15 -0.145304 199.509 -0.322921 0.0260245
0.35 0.175 0.0965491 199.454 -0.453329 0.0326211
0.35 0.2 0.433892 199.39 -0.626432 0.0411541
0.35 0.225 0.897321 199.313 -0.853927 0.052216
0.35 0.25 1.52545 199.215 -1.14918 0.0666497
0.35 0.275 2.36584 199.081 -1.52497 0.0856317
0.35 0.3 3.47415 198.881 -1.9873 0.110725
0.35 0.325 4.90825 198.566 -2.52279 0.143802
0.35 0.35 6.71226 198.066 -3.08002 0.186671
0.35 0.375 8.88563 197.312 -3.55216 0.240194
0.35 0.4 11.3396 196.276 -3.77796 0.302904
0.35 0.425 13.859 195.033 -3.5796 0.369547
0.35 0.45 16.1026 193.795 -2.83893 0.430645
0.35 0.475 17.6715 192.864 -1.57955 0.474274
0.35 0.5 18.2371 192.517 1.77876e-12 0.490168
0.35 0.525 17.6715 192.864 1.57955 0.474274
0.35 0.55 16.1026 193.795 2.83893 0.430645
0.35 0.575 13.859 195.033 3.5796 0.369547
0.35 0.6 11.3396 196.276 3.77796 0.302904
0.35 0.625 8.88563 197.312 3.55216 0.240194
0.35 0.65 6.71226 198.066 3.08002 0.186671
0.35 0.675 4.90825 198.566 2.52279 0.143802
0.35 0.7 3.47415 198.881 1.9873 0.110725
0.35 0.725 2.36584 199.081 1.52497 0.0856317
0.35 0.75 1.52545 199.215 1.14918 0.0666497
0.35 0.775 0.897321 199.313 0.853927 0.052216
0.35 0.8 0.433892 199.39 0.626432 0.0411541
0.35 0.825 0.0965491 199.454 0.453329 0.0326211
0.35 0.85 -0.145304 199.509 0.322921 0.0260245
0.35 0.875 -0.315576 199.555 0.225557 0.02095
0.35 0.9 -0.432696 199.594 0.153365 0.0171078
0.35 0.925 -0.510585 199.624 0.0998605 0.0142956
0.35 0.95 -0.55939 199.646 0.0595709 0.0123751
0.35 0.975 -0.586007 199.66 0.027727 0.0112565
0.35 1 -0.594442 199.664 -2.0094e-13 0.0108891
0.375 0 -0.484232 199.669 -1.46568e-12 0.0126513
0.375 0.025 -0.471185 199.666 -0.0419438 0.0130218
0.375 0.05 -0.430528 199.657 -0.0886348 0.0141486
0.375 0.075 -0.357622 199.642 -0.145096 0.0160792
0.375 0.1 -0.244441 199.622 -0.216933 0.0188976
0.375 0.125 -0.0790945 199.598 -0.310701 0.0227341
0.375 0.15 0.154906 199.572 -0.434376 0.0277796
0.375 0.175 0.47971 199.544 -0.597969 0.0343108
0.375 0.2 0.924617 199.515 -0.814267 0.042728
0.375 0.225 1.52806 199.483 -1.09953 0.0536124
0.375 0.25 2.33999 199.442 -1.47341 0.0678035
0.375 0.275 3.42414 199.376 -1.95633 0.086488
0.375 0.3 4.85808 199.248 -2.56116 0.11126
0.375 0.325 6.72665 198.986 -3.27536 0.144066
0.375 0.35 9.10109 198.487 -4.03389 0.186872
0.375 0.375 11.9958 197.631 -4.69318 0.240854
0.375 0.4 15.3047 196.354 -5.0306 0.305004
0.375 0.425 18.7411 194.741 -4.79647 0.374407
0.375 0.45 21.8312 193.08 -3.82117 0.439257
0.375 0.475 24.0071 191.807 -2.13178 0.486311
0.375 0.5 24.7944 191.328 -1.50576e-12 0.503602
0.375 0.525 24.0071 191.807 2.13178 0.486311
0.375 0.55 21.8312 193.08 3.82117 0.439257
0.375 0.575 18.7411 194.741 4.79647 0.374407
0.375 0.6 15.3047 196.354 5.0306 0.305004
0.375 0.625 11.9958 197.631 4.69318 0.240854
0.375 0.65 9.10109 198.487 4.03389 0.186872
0.375 0.675 6.72665 198.986 3.27536 0.144066
0.375 0.7 4.85808 199.248 2.56116 0.11126
0.375 0.725 3.42414 199.376 1.95633 0.086488
0.375 0.75 2.33999 199.442 1.47341 0.0678035
0.375 0.775 1.52806 199.483 1.09953 0.0536124
0.375 0.8 0.924617 199.515 0.814267 0.042728
0.375 0.825 0.47971 199.544 0.597969 0.0343108
0.375 0.85 0.154906 199.572 0.434376 0.0277796
0.375 0.875 -0.0790945 199.598 0.310701 0.0227341
0.375 0.9 -0.244441 199.622 0.216933 0.0188976
0.375 0.925 -0.357622 199.642 0.145096 0.0160792
0.375 0.95 -0.430528 199.657 0.0886348 0.0141486
0.375 0.975 -0.471185 199.666 0.0419438 0.0130218
0.375 1 -0.484232 199.669 -1.46568e-12 0.0126513
0.4 0 -0.356629 199.684 -5.39405e-13 0.0140867
0.4 0.025 -0.339029 199.683 -0.0559113 0.0144441
0.4 0.05 -0.284533 199.678 -0.117115 0.0155284
0.4 0.075 -0.187946 199.672 -0.189233 0.0173773
0.4 0.1 -0.0402567 199.666 -0.278589 0.0200572
0.4 0.125 0.171952 199.661 -0.392667 0.02367
0.4 0.15 0.467416 199.66 -0.540733 0.0283634
0.4 0.175 0.871554 199.667 -0.734673 0.0343496
0.4 0.2 1.41843 199.686 -0.99008 0.0419332
0.4 0.225 2.15347 199.717 -1.32737 0.051552
0.4 0.25 3.13682 199.761 -1.77198 0.0638285
0.4 0.275 4.44679 199.802 -2.35143 0.0796202
0.4 0.3 6.18075 199.798 -3.08479 0.100046
0.4 0.325 8.44814 199.656 -3.96005 0.12645
0.4 0.35 11.3456 199.228 -4.8994 0.160257
0.4 0.375 14.9039 198.334 -5.72586 0.202593
0.4 0.4 19.0055 196.859 -6.1619 0.253414
0.4 0.425 23.3026 194.886 -5.894 0.309874
0.4 0.45 27.1982 192.787 -4.70667 0.364508
0.4 0.475 29.9588 191.15 -2.62963 0.405427
0.4 0.5 30.9613 190.528 3.43652e-13 0.420731
0.4 0.525 29.9588 191.15 2.62963 0.405427
0.4 0.55 27.1982 192.787 4.70667 0.364508
0.4 0.575 23.3026 194.886 5.894 0.309874
0.4 0.6 19.0055 196.859 6.1619 0.253414
0.4 0.625 14.9039 198.334 5.72586 0.202593
0.4 0.65 11.3456 199.228 4.8994 0.160257
0.4 0.675 8.44814 199.656 3.96005 0.12645
0.4 0.7 6.18075 199.798 3.08479 0.100046
0.4 0.725 4.44679 199.802 2.35143 0.0796202
0.4 0.75 3.13682 199.761 1.77198 0.0638285
0.4 0.775 2.15347 199.717 1.32737 0.051552
0.4 0.8 1.41843 199.686 0.99008 0.0419332
0.4 0.825 0.871554 199.667 0.734673 0.0343496
0.4 0.85 0.467416 199.66 0.540733 0.0283634
0.4 0.875 0.171952 199.661 0.392667 0.02367
0.4 0.9 -0.0402567 199.666 0.278589 0.0200572
0.4 0.925 -0.187946 199.672 0.189233 0.0173773
0.4 0.95 -0.284533 199.678 0.117115 0.0155284
0.4 0.975 -0.339029 199.683 0.0559113 0.0144441
0.4 1 -0.356629 199.684 -5.39405e-13 0.0140867
0.425 0 -0.215256 199.71 -1.25285e-12 0.0151164
0.425 0.025 -0.193381 199.71 -0.0689418 0.015442
0.425 0.05 -0.125931 199.712 -0.14355 0.0164257
0.425 0.075 -0.00732309 199.716 -0.229849 0.0180882
0.425 0.1 0.172139 199.725 -0.334618 0.0204648
0.425 0.125 0.426906 199.743 -0.465914 0.0236063
0.425 0.15 0.777198 199.773 -0.633758 0.027581
0.425 0.175 1.25054 199.823 -0.851113 0.0324775
0.425 0.2 1.88399 199.899 -1.13516 0.0384078
0.425 0.225 2.7272 200.012 -1.5086 0.0455061
0.425 0.25 3.84626 200.166 -2 0.0539145
0.425 0.275 5.32746 200.35 -2.64022 0.0637413
0.425 0.3 7.27831 200.52 -3.45054 0.0750003
0.425 0.325 9.8202 200.562 -4.41707 0.0875993
0.425 0.35 13.0624 200.281 -5.45259 0.101526
0.425 0.375 17.0453 199.427 -6.36087 0.11729
0.425 0.4 21.6502 197.824 -6.83624 0.136197
0.425 0.425 26.5004 195.545 -6.53423 0.159366
0.425 0.45 30.9262 193.044 -5.21688 0.185047
0.425 0.475 34.0812 191.06 -2.91495 0.206587
0.425 0.5 35.231 190.301 -2.71053e-13 0.215129
0.425 0.525 34.0812 191.06 2.91495 0.206587
0.425 0.55 30.9262 193.044 5.21688 0.185047
0.425 0.575 26.5004 195.545 6.53423 0.159366
0.425 0.6 21.6502 197.824 6.83624 0.136197
0.425 0.625 17.0453 199.427 6.36087 0.11729
0.425 0.65 13.0624 200.281 5.45259 0.101526
0.425 0.675 9.8202 200.562 4.41707 0.0875993
0.425 0.7 7.27831 200.52 3.45054 0.0750003
0.425 0.725 5.32746 200.35 2.64022 0.0637413
0.425 0.75 3.84626 200.166 2 0.0539145
0.425 0.775 2.7272 200.012 1.5086 0.0455061
0.425 0.8 1.88399 199.899 1.13516 0.0384078
0.425 0.825 1.25054 199.823 0.851113 0.0324775
0.425 0.85 0.777198 199.773 0.633758 0.027581
0.425 0.875 0.426906 199.743 0.465914 0.0236063
0.425 0.9 0.172139 199.725 0.334618 0.0204648
0.425 0.925 -0.00732309 199.716 0.229849 0.0180882
0.425 0.95 -0.125931 199.712 0.14355 0.0164257
0.425 0.975 -0.193381 199.71 0.0689418 0.015442
0.425 1 -0.215256 199.71 -1.25285e-12 0.0151164
0.45 0 -0.0645977 199.745 -5.76928e-13 0.0156765
0.45 0.025 -0.0389641 199.748 -0.0802909 0.0159509
0.45 0.05 0.039807 199.756 -0.166365 0.0167737
0.45 0.075 0.177435 199.772 -0.264345 0.018142
0.45 0.1 0.383829 199.799 -0.381074 0.0200474
0.45 0.125 0.673701 199.841 -0.524605 0.0224691
0.45 0.15 1.06755 199.906 -0.704849 0.0253626
0.45 0.175 1.59309 200.003 -0.934487 0.0286394
0.45 0.2 2.2874 200.146 -1.23012 0.0321314
0.45 0.225 3.19962 200.35 -1.61338 0.0355271
0.45 0.25 4.39421 200.628 -2.11076 0.0382586
0.45 0.275 5.95362 200.977 -2.74961 0.0393312
0.45 0.3 7.9781 201.35 -3.54584 0.0371473
0.45 0.325 10.5779 201.614 -4.47949 0.029526
0.45 0.35 13.8505 201.525 -5.46031 0.014299
0.45 0.375 17.8306 200.769 -6.29816 -0.00922533
0.45 0.4 22.4082 199.107 -6.70644 -0.0384572
0.45 0.425 27.2291 196.604 -6.36745 -0.0672332
0.45 0.45 31.644 193.778 -5.06295 -0.0888092
0.45 0.475 34.8066 191.506 -2.82327 -0.100381
0.45 0.5 35.9629 190.632 2.77112e-13 -0.103728
0.45 0.525 34.8066 191.506 2.82327 -0.100381
0.45 0.55 31.644 193.778 5.06295 -0.0888092
0.45 0.575 27.2291 196.604 6.36745 -0.0672332
0.45 0.6 22.4082 199.107 6.70644 -0.0384572
0.45 0.625 17.8306 200.769 6.29816 -0.00922533
0.45 0.65 13.8505 201.525 5.46031 0.014299
0.45 0.675 10.5779 201.614 4.47949 0.029526
0.45 0.7 7.9781 201.35 3.54584 0.0371473
0.45 0.725 5.95362 200.977 2.74961 0.0393312
0.45 0.75 4.39421 200.628 2.11076 0.0382586
0.45 0.775 3.19962 200.35 1.61338 0.0355271
0.45 0.8 2.2874 200.146 1.23012 0.0321314
0.45 0.825 1.59309 200.003 0.934487 0.0286394
0.45 0.85 1.06755 199.906 0.704849 0.0253626
0.45 0.875 0.673701 199.841 0.524605 0.0224691
0.45 0.9 0.383829 199.799 0.381074 0.0200474
0.45 0.925 0.177435 199.772 0.264345 0.018142
0.45 0.95 0.039807 199.756 0.166365 0.0167737
0.45 0.975 -0.0389641 199.748 0.0802909 0.0159509
0.45 1 -0.0645977 199.745 -5.76928e-13 0.0156765
0.475 0 0.0902148 199.791 -1.67333e-12 0.0157254
0.475 0.025 0.118852 199.796 -0.0892302 0.0159306
0.475 0.05 0.206578 199.811 -0.184031 0.0165365
0.475 0.075 0.358918 199.839 -0.290241 0.0175119
0.475 0.1 0.585387 199.884 -0.41426 0.0187961
0.475 0.125 0.899965 199.952 -0.563411 0.020283
0.475 0.15 1.32185 200.052 -0.746394 0.0217944
0.475 0.175 1.87653 200.198 -0.973865 0.0230338
0.475 0.2 2.59719 200.407 -1.25907 0.0235073
0.475 0.225 3.52631 200.701 -1.61813 0.0223915
0.475 0.25 4.71701 201.101 -2.06897 0.0183209
0.475 0.275 6.23297 201.609 -2.62672 0.00909824
0.475 0.3 8.14547 202.173 -3.29298 -0.00857296
0.475 0.325 10.5256 202.642 -4.03751 -0.0390152
0.475 0.35 13.4286 202.734 -4.77626 -0.0866048
0.475 0.375 16.8623 202.08 -5.35696 -0.153434
0.475 0.4 20.7318 200.398 -5.56902 -0.236114
0.475 0.425 24.7607 197.746 -5.1911 -0.323948
0.475 0.45 28.4369 194.697 -4.0772 -0.401236
0.475 0.475 31.0724 192.226 -2.25842 -0.453348
0.475 0.5 32.0375 191.272 5.08734e-13 -0.471599
0.475 0.525 31.0724 192.226 2.25842 -0.453348
0.475 0.55 28.4369 194.697 4.0772 -0.401236
0.475 0.575 24.7607 197.746 5.1911 -0.323948
0.475 0.6 20.7318 200.398 5.56902 -0.236114
0.475 0.625 16.8623 202.08 5.35696 -0.153434
0.475 0.65 13.4286 202.734 4.77626 -0.0866048
0.475 0.675 10.5256 202.642 4.03751 -0.0390152
0.475 0.7 8.14547 202.173 3.29298 -0.00857296
0.475 0.725 6.23297 201.609 2.62672 0.00909824
0.475 0.75 4.71701 201.101 2.06897 0.0183209
0.475 0.775 3.52631 200.701 1.61813 0.0223915
0.475 0.8 2.59719 200.407 1.25907 0.0235073
0.475 0.825 1.87653 200.198 0.973865 0.0230338
0.475 0.85 1.32185 200.052 0.746394 0.0217944
0.475 0.875 0.899965 199.952 0.563411 0.020283
0.475 0.9 0.585387 199.884 0.41426 0.0187961
0.475 0.925 0.358918 199.839 0.290241 0.0175119
0.475 0.95 0.206578 199.811 0.184031 0.0165365
0.475 0.975 0.118852 199.796 0.0892302 0.0159306
0.475 1 0.0902148 199.791 -1.67333e-12 0.0157254
0.5 0 0.243692 199.844 -1.0106e-12 0.015249
0.5 0.025 0.274371 199.851 -0.0951294 0.0153701
0.5 0.05 0.368045 199.873 -0.195248 0.0157141
0.5 0.075 0.529679 199.913 -0.305486 0.0162199
0.5 0.1 0.767709 199.976 -0.431253 0.0167717
0.5 0.125 1.09429 200.068 -0.578375 0.0171762
0.5 0.15 1.52561 200.202 -0.753197 0.017121
0.5 0.175 2.08228 200.392 -0.962598 0.0161073
0.5 0.2 2.78957 200.659 -1.21373 0.0133365
0.5 0.225 3.67705 201.03 -1.51309 0.00752942
0.5 0.25 4.77701 201.527 -1.86408 -0.00334512
0.5 0.275 6.12048 202.152 -2.26235 -0.0224124
0.5 0.3 7.73082 202.849 -2.68862 -0.0541635
0.5 0.325 9.61659 203.448 -3.10115 -0.104286
0.5 0.35 11.7663 203.64 -3.43288 -0.178444
0.5 0.375 14.1435 203.028 -3.59838 -0.279501
0.5 0.4 16.6702 201.315 -3.51066 -0.403632
0.5 0.425 19.1905 198.568 -3.10146 -0.537442
0.5 0.45 21.4301 195.395 -2.3417 -0.659097
0.5 0.475 23.0144 192.82 -1.26702 -0.744446
0.5 0.5 23.5915 191.826 -7.93658e-14 -0.775152
0.5 0.525 23.0144 192.82 1.26702 -0.744446
0.5 0.55 21.4301 195.395 2.3417 -0.659097
0.5 0.575 19.1905 198.568 3.10146 -0.537442
0.5 0.6 16.6702 201.315 3.51066 -0.403632
0.5 0.625 14.1435 203.028 3.59838 -0.279501
0.5 0.65 11.7663 203.64 3.43288 -0.178444
0.5 0.675 9.61659 203.448 3.10115 -0.104286
0.5 0.7 7.73082 202.849 2.68862 -0.0541635
0.5 0.725 6.12048 202.152 2.26235 -0.0224124
0.5 0.75 4.77701 201.527 1.86408 -0.00334512
0.5 0.775 3.67705 201.03 1.51309 0.00752942
0.5 0.8 2.78957 200.659 1.21373 0.0133365
0.5 0.825 2.08228 200.392 0.962598 0.0161073
0.5 0.85 1.52561 200.202 0.753197 0.017121
0.5 0.875 1.09429 200.068 0.578375 0.0171762
0.5 0.9 0.767709 199.976 0.431253 0.0167717
0.5 0.925 0.529679 199.913 0.305486 0.0162199
0.5 0.95 0.368045 199.873 0.195248 0.0157141
0.5 0.975 0.274371 199.851 0.0951294 0.0153701
0.5 1 0.243692 199.844 -1.0106e-12 0.015249
0.525 0 0.390325 199.904 -7.00234e-13 0.0142629
0.525 0.025 0.421928 199.913 -0.0975341 0.0142902
0.525 0.05 0.518083 199.941 -0.199112 0.0143442
0.525 0.075 0.682823 199.992 -0.308748 0.0143356
0.525 0.1 0.922844 200.07 -0.430358 0.0140996
0.525 0.125 1.24742 200.184 -0.567604 0.0133661
0.525 0.15 1.66819 200.345 -0.723556 0.0117123
0.525 0.175 2.1986 200.57 -0.900016 0.0084836
0.525 0.2 2.85264 200.879 -1.09622 0.0026696
0.525 0.225 3.64232 201.298 -1.30658 -0.0072837
0.525 0.25 4.57269 201.848 -1.51713 -0.0237325
0.525 0.275 5.63408 202.524 -1.7015 -0.0501232
0.525 0.3 6.79289 203.257 -1.81904 -0.0911549
0.525 0.325 7.98651 203.866 -1.8204 -0.152469
0.525 0.35 9.13051 204.032 -1.66572 -0.239349
0.525 0.375 10.1412 203.363 -1.35262 -0.35404
0.525 0.4 10.9628 201.579 -0.937323 -0.492108
0.525 0.425 11.5785 198.772 -0.524324 -0.639639
0.525 0.45 11.999 195.564 -0.216857 -0.773872
0.525 0.475 12.2424 192.974 -0.0568437 -0.868618
0.525 0.5 12.3219 191.976 2.50193e-13 -0.902878
0.525 0.525 12.2424 192.974 0.0568437 -0.868618
0.525 0.55 11.999 195.564 0.216857 -0.773872
0.525 0.575 11.5785 198.772 0.524324 -0.639639
0.525 0.6 10.9628 201.579 0.937323 -0.492108
0.525 0.625 10.1412 203.363 1.35262 -0.35404
0.525 0.65 9.13051 204.032 1.66572 -0.239349
0.525 0.675 7.98651 203.866 1.8204 -0.152469
0.525 0.7 6.79289 203.257 1.81904 -0.0911549
0.525 0.725 5.63408 202.524 1.7015 -0.0501232
0.525 0.75 4.57269 201.848 1.51713 -0.0237325
0.525 0.775 3.64232 201.298 1.30658 -0.0072837
0.525 0.8 2.85264 200.879 1.09622 0.0026696
0.525 0.825 2.1986 200.57 0.900016 0.0084836
0.525 0.85 1.66819 200.345 0.723556 0.0117123
0.525 0.875 1.24742 200.184 0.567604 0.0133661
0.525 0.9 0.922844 200.07 0.430358 0.0140996
0.525 0.925 0.682823 199.992 0.308748 0.0143356
0.525 0.95 0.518083 199.941 0.199112 0.0143442
0.525 0.975 0.421928 199.913 0.0975341 0.0142902
0.525 1 0.390325 199.904 -7.00234e-13 0.0142629
0.55 0 0.524932 199.967 -1.13674e-12 0.0128113
0.55 0.025 0.556262 199.978 -0.0962244 0.0127418
0.55 0.05 0.651203 200.012 -0.195237 0.012498
0.55 0.075 0.812543 200.072 -0.299604 0.0119691
0.55 0.1 1.04469 200.162 -0.411374 0.0109533
0.55 0.125 1.35322 200.292 -0.531619 0.00912802
0.55 0.15 1.74407 200.472 -0.659655 0.00600284
0.55 0.175 2.22204 200.717 -0.791732 0.000846317
0.55 0.2 2.78809 201.046 -0.918876 -0.00742117
0.55 0.225 3.43477 201.478 -1.02367 -0.0203734
0.55 0.25 4.13865 202.026 -1.07633 -0.0402498
0.55 0.275 4.85007 202.674 -1.0323 -0.070095
0.55 0.3 5.48312 203.339 -0.83626 -0.113727
0.55 0.325 5.9145 203.832 -0.43997 -0.175286
0.55 0.35 6.00294 203.848 0.162597 -0.258039
0.55 0.375 5.63535 203.03 0.89285 -0.362259
0.55 0.4 4.78888 201.147 1.5673 -0.482653
0.55 0.425 3.58218 198.325 1.9354 -0.60676
0.55 0.45 2.28724 195.172 1.78571 -0.716255
0.55 0.475 1.27697 192.656 1.07598 -0.791691
0.55 0.5 0.893074 191.692 2.41146e-13 -0.818584
0.55 0.525 1.27697 192.656 -1.07598 -0.791691
0.55 0.55 2.28724 195.172 -1.78571 -0.716255
0.55 0.575 3.58218 198.325 -1.9354 -0.60676
0.55 0.6 4.78888 201.147 -1.5673 -0.482653
0.55 0.625 5.63535 203.03 -0.89285 -0.362259
0.55 0.65 6.00294 203.848 -0.162597 -0.258039
0.55 0.675 5.9145 203.832 0.43997 -0.175286
0.55 0.7 5.48312 203.339 0.83626 -0.113727
0.55 0.725 4.85007 202.674 1.0323 -0.070095
0.55 0.75 4.13865 202.026 1.07633 -0.0402498
0.55 0.775 3.43477 201.478 1.02367 -0.0203734
0.55 0.8 2.78809 201.046 0.918876 -0.00742117
0.55 0.825 2.22204 200.717 0.791732 0.000846317
0.55 0.85 1.74407 200.472 0.659655 0.00600284
0.55 0.875 1.35322 200.292 0.531619 0.00912802
0.55 0.9 1.04469 200.162 0.411374 0.0109533
0.55 0.925 0.812543 200.072 0.299604 0.0119691
0.55 0.95 0.651203 200.012 0.195237 0.012498
0.55 0.975 0.556262 199.978 0.0962244 0.0127418
0.55 1 0.524932 199.967 -1.13674e-12 0.0128113
0.575 0 0.642972 200.032 -9.83953e-13 0.0109637
0.575 0.025 0.672835 200.044 -0.0912445 0.0108009
0.575 0.05 0.762909 200.082 -0.183807 0.0102732
0.575 0.075 0.914518 200.148 -0.278599 0.00925716
0.575 0.1 1.12943 200.247 -0.375623 0.00753192
0.575 0.125 1.40905 200.386 -0.473252 0.00475402
0.575 0.15 1.75311 200.574 -0.567125 0.000419508
0.575 0.175 2.15737 200.824 -0.648422 -0.00618876
0.575 0.2 2.60987 201.148 -0.701286 -0.0160677
0.575 0.225 3.0851 201.558 -0.699392 -0.0305633
0.575 0.25 3.53526 202.053 -0.602644 -0.051412
0.575 0.275 3.87966 202.602 -0.357128 -0.0806927
0.575 0.3 3.99658 203.112 0.0955408 -0.120597
0.575 0.325 3.72737 203.398 0.792192 -0.172907
0.575 0.35 2.90586 203.186 1.70417 -0.238088
0.575 0.375 1.41962 202.18 2.69078 -0.314065
0.575 0.4 -0.708414 200.218 3.48532 -0.395116
0.575 0.425 -3.2492 197.457 3.7526 -0.471961
0.575 0.45 -5.74981 194.472 3.22697 -0.534089
0.575 0.475 -7.61455 192.129 1.87848 -0.573533
0.575 0.5 -8.30903 191.237 -2.28838e-13 -0.586854
0.575 0.525 -7.61455 192.129 -1.87848 -0.573533
0.575 0.55 -5.74981 194.472 -3.22697 -0.534089
0.575 0.575 -3.2492 197.457 -3.7526 -0.471961
0.575 0.6 -0.708414 200.218 -3.48532 -0.395116
0.575 0.625 1.41962 202.18 -2.69078 -0.314065
0.575 0.65 2.90586 203.186 -1.70417 -0.238088
0.575 0.675 3.72737 203.398 -0.792192 -0.172907
0.575 0.7 3.99658 203.112 -0.0955408 -0.120597
0.575 0.725 3.87966 202.602 0.357128 -0.0806927
0.575 0.75 3.53526 202.053 0.602644 -0.051412
0.575 0.775 3.0851 201.558 0.699392 -0.0305633
0.575 0.8 2.60987 201.148 0.701286 -0.0160677
0.575 0.825 2.15737 200.824 0.648422 -0.00618876
0.575 0.85 1.75311 200.574 0.567125 0.000419508
0.575 0.875 1.40905 200.386 0.473252 0.00475402
0.575 0.9 1.12943 200.247 0.375623 0.00753192
0.575 0.925 0.914518 200.148 0.278599 0.00925716
0.575 0.95 0.762909 200.082 0.183807 0.0102732
0.575 0.975 0.672835 200.044 0.0912445 0.0108009
0.575 1 0.642972 200.032 -9.83953e-13 0.0109637
0.6 0 0.740799 200.095 -2.19053e-13 0.00880761
0.6 0.025 0.76809 200.108 -0.0828956 0.00856173
0.6 0.05 0.849943 200.148 -0.165549 0.0077835
0.6 0.075 0.986131 200.217 -0.247162 0.00634771
0.6 0.1 1.17566 200.319 -0.325727 0.00403454
0.6 0.125 1.41573 200.46 -0.39714 0.000512919
0.6 0.15 1.70003 200.646 -0.453948 -0.00468159
0.6 0.175 2.01599 200.885 -0.483532 -0.0121705
0.6 0.2 2.34059 201.183 -0.465646 -0.0227478
0.6 0.225 2.63428 201.541 -0.369568 -0.0373642
0.6 0.25 2.83272 201.944 -0.152253 -0.0570425
0.6 0.275 2.83805 202.349 0.239099 -0.0826754
0.6 0.3 2.51457 202.658 0.854184 -0.114672
0.6 0.325 1.69828 202.7 1.71067 -0.152482
0.6 0.35 0.232315 202.249 2.7506 -0.194128
0.6 0.375 -1.96727 201.083 3.79936 -0.235926
0.6 0.4 -4.82767 199.113 4.56147 -0.272807
0.6 0.425 -8.05074 196.52 4.68771 -0.299739
0.6 0.45 -11.1057 193.819 3.91783 -0.314383
0.6 0.475 -13.3297 191.744 2.24545 -0.319206
0.6 0.5 -14.148 190.961 9.35305e-13 -0.319783
0.6 0.525 -13.3297 191.744 -2.24545 -0.319206
0.6 0.55 -11.1057 193.819 -3.91783 -0.314383
0.6 0.575 -8.05074 196.52 -4.68771 -0.299739
0.6 0.6 -4.82767 199.113 -4.56147 -0.272807
0.6 0.625 -1.96727 201.083 -3.79936 -0.235926
0.6 0.65 0.232315 202.249 -2.7506 -0.194128
0.6 0.675 1.69828 202.7 -1.71067 -0.152482
0.6 0.7 2.51457 202.658 -0.854184 -0.114672
0.6 0.725 2.83805 202.349 -0.239099 -0.0826754
0.6 0.75 2.83272 201.944 0.152253 -0.0570425
0.6 0.775 2.63428 201.541 0.369568 -0.0373642
0.6 0.8 2.34059 201.183 0.465646 -0.0227478
0.6 0.825 2.01599 200.885 0.483532 -0.0121705
0.6 0.85 1.70003 200.646 0.453948 -0.00468159
0.6 0.875 1.41573 200.46 0.39714 0.000512919
0.6 0.9 1.17566 200.319 0.325727 0.00403454
0.6 0.925 0.986131 200.217 0.247162 0.00634771
0.6 0.95 0.849943 200.148 0.165549 0.0077835
0.6 0.975 0.76809 200.108 0.0828956 0.00856173
0.6 1 0.740799 200.095 -2.19053e-13 0.00880761
0.625 0 0.815819 200.154 -2.2816e-12 0.00644145
0.625 0.025 0.839591 200.167 -0.0716972 0.00612752
0.625 0.05 0.910393 200.208 -0.141632 0.00514743
0.625 0.075 1.02649 200.277 -0.207398 0.0033844
0.625 0.1 1.18425 200.377 -0.265206 0.000638447
0.625 0.125 1.37703 200.513 -0.308963 -0.00338005
0.625 0.15 1.59322 200.687 -0.32905 -0.00905437
0.625 0.175 1.81352 200.902 -0.310734 -0.0168553
0.625 0.2 2.00685 201.156 -0.232264 -0.0273097
0.625 0.225 2.125 201.442 -0.0631547 -0.0409172
0.625 0.25 2.09616 201.735 0.235855 -0.0579828
0.625 0.275 1.81945 201.98 0.708055 -0.0783368
0.625 0.3 1.16509 202.084 1.38665 -0.100974
0.625 0.325 -0.0117033 201.901 2.26778 -0.123735
0.625 0.35 -1.83425 201.257 3.27405 -0.143271
0.625 0.375 -4.34339 200.006 4.22505 -0.155548
0.625 0.4 -7.42534 198.122 4.84306 -0.157087
0.625 0.425 -10.7593 195.797 4.81988 -0.146947
0.625 0.45 -13.8263 193.469 3.94288 -0.128795
0.625 0.475 -16.0134 191.722 2.23192 -0.111179
0.625 0.5 -16.8095 191.07 -1.11551e-12 -0.103819
0.625 0.525 -16.0134 191.722 -2.23192 -0.111179
0.625 0.55 -13.8263 193.469 -3.94288 -0.128795
0.625 0.575 -10.7593 195.797 -4.81988 -0.146947
0.625 0.6 -7.42534 198.122 -4.84306 -0.157087
0.625 0.625 -4.34339 200.006 -4.22505 -0.155548
0.625 0.65 -1.83425 201.257 -3.27405 -0.143271
0.625 0.675 -0.0117033 201.901 -2.26778 -0.123735
0.625 0.7 1.16509 202.084 -1.38665 -0.100974
0.625 0.725 1.81945 201.98 -0.708055 -0.0783368
0.625 0.75 2.09616 201.735 -0.235855 -0.0579828
0.625 0.775 2.125 201.442 0.0631547 -0.0409172
0.625 0.8 2.00685 201.156 0.232264 -0.0273097
0.625 0.825 1.81352 200.902 0.310734 -0.0168553
0.625 0.85 1.59322 200.687 0.32905 -0.00905437
0.625 0.875 1.37703 200.513 0.308963 -0.00338005
0.625 0.9 1.18425 200.377 0.265206 0.000638447
0.625 0.925 1.02649 200.277 0.207398 0.0033844
0.625 0.95 0.910393 200.208 0.141632 0.00514743
0.625 0.975 0.839591 200.167 0.0716972 0.00612752
0.625 1 0.815819 200.154 -2.2816e-12 0.00644145
0.65 0 0.866554 200.207 1.33309e-12 0.00396579
0.65 0.025 0.886072 200.22 -0.0583222 0.00360219
0.65 0.05 0.943667 200.259 -0.113523 0.00247819
0.65 0.075 1.03625 200.325 -0.161812 0.000494056
0.65 0.1 1.15792 200.419 -0.197998 -0.00251578
0.65 0.125 1.2988 200.543 -0.21463 -0.006779
0.65 0.15 1.44323 200.697 -0.200981 -0.0125732
0.65 0.175 1.5672 200.879 -0.141883 -0.0201956
0.65 0.2 1.63498 201.08 -0.0166277 -0.0298997
0.65 0.225 1.59512 201.286 0.201474 -0.0417766
0.65 0.25 1.37636 201.465 0.543511 -0.0555584
0.65 0.275 0.88577 201.56 1.03897 -0.0703486
0.65 0.3 0.0128116 201.487 1.7024 -0.0843434
0.65 0.325 -1.35453 201.131 2.51143 -0.0947126
0.65 0.35 -3.29633 200.37 3.38064 -0.0978927
0.65 0.375 -5.81071 199.121 4.14474 -0.0905074
0.65 0.4 -8.75997 197.405 4.57173 -0.0709227
0.65 0.425 -11.8387 195.41 4.42176 -0.0410586
0.65 0.45 -14.5948 193.487 3.54564 -0.00752045
0.65 0.475 -16.5232 192.079 1.98326 0.0194073
0.65 0.5 -17.2181 191.561 1.2479e-12 0.0297938
0.65 0.525 -16.5232 192.079 -1.98326 0.0194073
0.65 0.55 -14.5948 193.487 -3.54564 -0.00752045
0.65 0.575 -11.8387 195.41 -4.42176 -0.0410586
0.65 0.6 -8.75997 197.405 -4.57173 -0.0709227
0.65 0.625 -5.81071 199.121 -4.14474 -0.0905074
0.65 0.65 -3.29633 200.37 -3.38064 -0.0978927
0.65 0.675 -1.35453 201.131 -2.51143 -0.0947126
0.65 0.7 0.0128116 201.487 -1.7024 -0.0843434
0.65 0.725 0.88577 201.56 -1.03897 -0.0703486
0.65 0.75 1.37636 201.465 -0.543511 -0.0555584
0.65 0.775 1.59512 201.286 -0.201474 -0.0417766
0.65 0.8 1.63498 201.08 0.0166277 -0.0298997
0.65 0.825 1.5672 200.879 0.141883 -0.0201956
0.65 0.85 1.44323 200.697 0.200981 -0.0125732
0.65 0.875 1.2988 200.543 0.21463 -0.006779
0.65 0.9 1.15792 200.419 0.197998 -0.00251578
0.65 0.925 1.03625 200.325 0.161812 0.000494056
0.65 0.95 0.943667 200.259 0.113523 0.00247819
0.65 0.975 0.886072 200.22 0.0583222 0.00360219
0.65 1 0.866554 200.207 1.33309e-12 0.00396579
0.675 0 0.892607 200.252 -2.09118e-13 0.00147623
0.675 0.025 0.907377 200.264 -0.0435219 0.00108262
0.675 0.05 0.950359 200.3 -0.082814 -0.000124296
0.675 0.075 1.01736 200.361 -0.113018 -0.00222138
0.675 0.1 1.10071 200.445 -0.127988 -0.00533088
0.675 0.125 1.18816 200.553 -0.119587 -0.00960842
0.675 0.15 1.26134 200.681 -0.0769563 -0.015219
0.675 0.175 1.29369 200.823 0.0141338 -0.0222925
0.675 0.2 1.24806 200.968 0.171584 -0.030846
0.675 0.225 1.07416 201.095 0.416318 -0.0406601
0.675 0.25 0.707021 201.17 0.769623 -0.0511029
0.675 0.275 0.068037 201.14 1.24693 -0.0609235
0.675 0.3 -0.928335 200.934 1.84662 -0.0680971
0.675 0.325 -2.35848 200.468 2.53411 -0.0698777
0.675 0.35 -4.26179 199.664 3.22577 -0.06326
0.675 0.375 -6.6036 198.487 3.78265 -0.0459723
0.675 0.4 -9.2399 196.988 4.0271 -0.0178708
0.675 0.425 -11.9028 195.331 3.78992 0.017765
0.675 0.45 -14.2269 193.793 2.97994 0.05389
0.675 0.475 -15.8245 192.693 1.64716 0.0811724
0.675 0.5 -16.395 192.293 9.02575e-13 0.0913819
0.675 0.525 -15.8245 192.693 -1.64716 0.0811724
0.675 0.55 -14.2269 193.793 -2.97994 0.05389
0.675 0.575 -11.9028 195.331 -3.78992 0.017765
0.675 0.6 -9.2399 196.988 -4.0271 -0.0178708
0.675 0.625 -6.6036 198.487 -3.78265 -0.0459723
0.675 0.65 -4.26179 199.664 -3.22577 -0.06326
0.675 0.675 -2.35848 200.468 -2.53411 -0.0698777
0.675 0.7 -0.928335 200.934 -1.84662 -0.0680971
0.675 0.725 0.068037 201.14 -1.24693 -0.0609235
0.675 0.75 0.707021 201.17 -0.769623 -0.0511029
0.675 0.775 1.07416 201.095 -0.416318 -0.0406601
0.675 0.8 1.24806 200.968 -0.171584 -0.030846
0.675 0.825 1.29369 200.823 -0.0141338 -0.0222925
0.675 0.85 1.26134 200.681 0.0769563 -0.015219
0.675 0.875 1.18816 200.553 0.119587 -0.00960842
0.675 0.9 1.10071 200.445 0.127988 -0.00533088
0.675 0.925 1.01736 200.361 0.113018 -0.00222138
0.675 0.95 0.950359 200.3 0.082814 -0.000124296
0.675 0.975 0.907377 200.264 0.0435219 0.00108262
0.675 1 0.892607 200.252 -2.09118e-13 0.00147623
0.7 0 0.894551 200.288 -6.43594e-13 -0.00094245
0.7 0.025 0.904324 200.299 -0.028051 -0.00134694
0.7 0.05 0.932041 200.331 -0.0510686 -0.00257838
0.7 0.075 0.97272 200.383 -0.0634819 -0.00468809
0.7 0.1 1.01746 200.455 -0.0586487 -0.00775196
0.7 0.125 1.05258 200.543 -0.0283486 -0.0118532
0.7 0.15 1.05835 200.642 0.0376316 -0.0170521
0.7 0.175 1.00762 200.744 0.151673 -0.0233363
0.7 0.2 0.864334 200.834 0.327979 -0.0305452
0.7 0.225 0.582512 200.89 0.581209 -0.0382634
0.7 0.25 0.106606 200.877 0.923394 -0.045689
0.7 0.275 -0.62542 200.751 1.35831 -0.0515105
0.7 0.3 -1.67428 200.457 1.87297 -0.0538654
0.7 0.325 -3.08494 199.937 2.42734 -0.0505021
0.7 0.35 -4.86515 199.147 2.94617 -0.0392684
0.7 0.375 -6.96025 198.084 3.31959 -0.018961
0.7 0.4 -9.23284 196.809 3.41973 0.00964717
0.7 0.425 -11.4599 195.465 3.13573 0.0430488
0.7 0.45 -13.3585 194.256 2.41938 0.0751146
0.7 0.475 -14.6427 193.411 1.32197 0.0984949
0.7 0.5 -15.0975 193.106 -4.06152e-13 0.107089
0.7 0.525 -14.6427 193.411 -1.32197 0.0984949
0.7 0.55 -13.3585 194.256 -2.41938 0.0751146
0.7 0.575 -11.4599 195.465 -3.13573 0.0430488
0.7 0.6 -9.23284 196.809 -3.41973 0.00964717
0.7 0.625 -6.96025 198.084 -3.31959 -0.018961
0.7 0.65 -4.86515 199.147 -2.94617 -0.0392684
0.7 0.675 -3.08494 199.937 -2.42734 -0.0505021
0.7 0.7 -1.67428 200.457 -1.87297 -0.0538654
0.7 0.725 -0.62542 200.751 -1.35831 -0.0515105
0.7 0.75 0.106606 200.877 -0.923394 -0.045689
0.7 0.775 0.582512 200.89 -0.581209 -0.0382634
0.7 0.8 0.864334 200.834 -0.327979 -0.0305452
0.7 0.825 1.00762 200.744 -0.151673 -0.0233363
0.7 0.85 1.05835 200.642 -0.0376316 -0.0170521
0.7 0.875 1.05258 200.543 0.0283486 -0.0118532
0.7 0.9 1.01746 200.455 0.0586487 -0.00775196
0.7 0.925 0.97272 200.383 0.0634819 -0.00468809
0.7 0.95 0.932041 200.331 0.0510686 -0.00257838
0.7 0.975 0.904324 200.299 0.028051 -0.00134694
0.7 1 0.894551 200.288 -6.43594e-13 -0.00094245
0.725 0 0.873763 200.315 -8.12565e-13 -0.00321994
0.725 0.025 0.878516 200.324 -0.0126045 -0.00361821
0.725 0.05 0.891006 200.351 -0.019693 -0.00482276
0.725 0.075 0.905779 200.394 -0.0153356 -0.00685957
0.725 0.1 0.913287 200.451 0.00719444 -0.00976033
0.725 0.125 0.899244 200.518 0.055721 -0.0135429
0.725 0.15 0.843812 200.588 0.139294 -0.0181798
0.725 0.175 0.720773 200.65 0.267994 -0.0235514
0.725 0.2 0.496966 200.69 0.452163 -0.029382
0.725 0.225 0.132459 200.684 0.700725 -0.03516
0.725 0.25 -0.417807 200.603 1.01819 -0.0400572
0.725 0.275 -1.1999 200.41 1.40007 -0.042878
0.725 0.3 -2.25317 200.065 1.827 -0.0420983
0.725 0.325 -3.59832 199.532 2.25887 -0.0360701
0.725 0.35 -5.22187 198.79 2.6319 -0.0234509
0.725 0.375 -7.06024 197.855 2.86272 -0.00383467
0.725 0.4 -8.98972 196.789 2.86288 0.0215902
0.725 0.425 -10.8298 195.707 2.56351 0.0496797
0.725 0.45 -12.366 194.762 1.94374 0.0756289
0.725 0.475 -13.3902 194.114 1.05083 0.0940788
0.725 0.5 -13.7502 193.883 2.85951e-13 0.100774
0.725 0.525 -13.3902 194.114 -1.05083 0.0940788
0.725 0.55 -12.366 194.762 -1.94374 0.0756289
0.725 0.575 -10.8298 195.707 -2.56351 0.0496797
0.725 0.6 -8.98972 196.789 -2.86288 0.0215902
0.725 0.625 -7.06024 197.855 -2.86272 -0.00383467
0.725 0.65 -5.22187 198.79 -2.6319 -0.0234509
0.725 0.675 -3.59832 199.532 -2.25887 -0.0360701
0.725 0.7 -2.25317 200.065 -1.827 -0.0420983
0.725 0.725 -1.1999 200.41 -1.40007 -0.042878
0.725 0.75 -0.417807 200.603 -1.01819 -0.0400572
0.725 0.775 0.132459 200.684 -0.700725 -0.03516
0.725 0.8 0.496966 200.69 -0.452163 -0.029382
0.725 0.825 0.720773 200.65 -0.267994 -0.0235514
0.725 0.85 0.843812 200.588 -0.139294 -0.0181798
0.725 0.875 0.899244 200.518 -0.055721 -0.0135429
0.725 0.9 0.913287 200.451 -0.00719444 -0.00976033
0.725 0.925 0.905779 200.394 0.0153356 -0.00685957
0.725 0.95 0.891006 200.351 0.019693 -0.00482276
0.725 0.975 0.878516 200.324 0.0126045 -0.00361821
0.725 1 0.873763 200.315 -8.12565e-13 -0.00321994
0.75 0 0.832228 200.332 -7.18139e-13 -0.0053021
0.75 0.025 0.832138 200.339 0.00222694 -0.00568001
0.75 0.05 0.830023 200.36 0.0101477 -0.00681595
0.75 0.075 0.82026 200.393 0.0297338 -0.00871303
0.75 0.1 0.793174 200.434 0.0674614 -0.0113645
0.75 0.125 0.734631 200.48 0.130425 -0.0147344
0.75 0.15 0.62562 200.521 0.22624 -0.0187291
0.75 0.175 0.441963 200.547 0.362602 -0.0231574
0.75 0.2 0.154466 200.543 0.54632 -0.0276828
0.75 0.225 -0.270104 200.488 0.781621 -0.0317722
0.75 0.25 -0.866642 200.356 1.06757 -0.0346574
0.75 0.275 -1.66733 200.121 1.39466 -0.035336
0.75 0.3 -2.69477 199.753 1.74111 -0.0326527
0.75 0.325 -3.95264 199.232 2.07004 -0.0254992
0.75 0.35 -5.41502 198.554 2.32956 -0.0131526
0.75 0.375 -7.0171 197.743 2.45798 0.00429912
0.75 0.4 -8.65133 196.856 2.3955 0.0255777
0.75 0.425 -10.1735 195.985 2.10092 0.0480929
0.75 0.45 -11.4212 195.243 1.56885 0.0682638
0.75 0.475 -12.2427 194.743 0.840261 0.0823198
0.75 0.5 -12.5297 194.566 -5.33182e-14 0.087369
0.75 0.525 -12.2427 194.743 -0.840261 0.0823198
0.75 0.55 -11.4212 195.243 -1.56885 0.0682638
0.75 0.575 -10.1735 195.985 -2.10092 0.0480929
0.75 0.6 -8.65133 196.856 -2.3955 0.0255777
0.75 0.625 -7.0171 197.743 -2.45798 0.00429912
0.75 0.65 -5.41502 198.554 -2.32956 -0.0131526
0.75 0.675 -3.95264 199.232 -2.07004 -0.0254992
0.75 0.7 -2.69477 199.753 -1.74111 -0.0326527
0.75 0.725 -1.66733 200.121 -1.39466 -0.035336
0.75 0.75 -0.866642 200.356 -1.06757 -0.0346574
0.75 0.775 -0.270104 200.488 -0.781621 -0.0317722
0.75 0.8 0.154466 200.543 -0.54632 -0.0276828
0.75 0.825 0.441963 200.547 -0.362602 -0.0231574
0.75 0.85 0.62562 200.521 -0.22624 -0.0187291
0.75 0.875 0.734631 200.48 -0.130425 -0.0147344
0.75 0.9 0.793174 200.434 -0.0674614 -0.0113645
0.75 0.925 0.82026 200.393 -0.0297338 -0.00871303
0.75 0.95 0.830023 200.36 -0.0101477 -0.00681595
0.75 0.975 0.832138 200.339 -0.00222694 -0.00568001
0.75 1 0.832228 200.332 -7.18139e-13 -0.0053021
0.775 0 0.772346 200.34 -1.63822e-12 -0.00715074
0.775 0.025 0.76774 200.345 0.0159817 -0.0074976
0.775 0.05 0.752096 200.36 0.0375705 -0.00853403
0.775 0.075 0.719883 200.382 0.0705177 -0.0102442
0.775 0.1 0.661725 200.408 0.120805 -0.0125907
0.775 0.125 0.564229 200.433 0.194603 -0.0154974
0.775 0.15 0.409893 200.448 0.298022 -0.0188258
0.775 0.175 0.177259 200.442 0.436539 -0.022345
0.775 0.2 -0.158438 200.401 0.614005 -0.0256995
0.775 0.225 -0.623815 200.308 0.831124 -0.028382
0.775 0.25 -1.2447 200.141 1.08342 -0.0297259
0.775 0.275 -2.04198 199.881 1.3589 -0.0289357
0.775 0.3 -3.0259 199.508 1.63597 -0.025181
0.775 0.325 -4.18908 199.015 1.88251 -0.0177692
0.775 0.35 -5.49952 198.405 2.05742 -0.00639185
0.775 0.375 -6.89558 197.705 2.11569 0.0086046
0.775 0.4 -8.2856 196.966 2.01729 0.0260215
0.775 0.425 -9.55458 196.26 1.73832 0.0438065
0.775 0.45 -10.5787 195.671 1.2814 0.0593374
0.775 0.475 -11.2459 195.278 0.680894 0.0699802
0.775 0.5 -11.4778 195.141 -4.72805e-13 0.0737713
0.775 0.525 -11.2459 195.278 -0.680894 0.0699802
0.775 0.55 -10.5787 195.671 -1.2814 0.0593374
0.775 0.575 -9.55458 196.26 -1.73832 0.0438065
0.775 0.6 -8.2856 196.966 -2.01729 0.0260215
0.775 0.625 -6.89558 197.705 -2.11569 0.0086046
0.775 0.65 -5.49952 198.405 -2.05742 -0.00639185
0.775 0.675 -4.18908 199.015 -1.88251 -0.0177692
0.775 0.7 -3.0259 199.508 -1.63597 -0.025181
0.775 0.725 -2.04198 199.881 -1.3589 -0.0289357
0.775 0.75 -1.2447 200.141 -1.08342 -0.0297259
0.775 0.775 -0.623815 200.308 -0.831124 -0.028382
0.775 0.8 -0.158438 200.401 -0.614005 -0.0256995
0.775 0.825 0.177259 200.442 -0.436539 -0.022345
0.775 0.85 0.409893 200.448 -0.298022 -0.0188258
0.775 0.875 0.564229 200.433 -0.194603 -0.0154974
0.775 0.9 0.661725 200.408 -0.120805 -0.0125907
0.775 0.925 0.719883 200.382 -0.0705177 -0.0102442
0.775 0.95 0.752096 200.36 -0.0375705 -0.00853403
0.775 0.975 0.76774 200.345 -0.0159817 -0.0074976
0.775 1 0.772346 200.34 -1.63822e-12 -0.00715074
0.8 0 0.696743 200.338 5.37715e-13 -0.00874218
0.8 0.025 0.688063 200.341 0.0283338 -0.00905076
0.8 0.05 0.660282 200.35 0.0619767 -0.00996739
0.8 0.075 0.608172 200.362 0.106264 -0.0114619
0.8 0.1 0.522985 200.374 0.166525 -0.0134746
0.8 0.125 0.392481 200.38 0.247931 -0.0159026
0.8 0.15 0.2011 200.371 0.355152 -0.0185817
0.8 0.175 -0.0695744 200.338 0.491754 -0.0212662
0.8 0.2 -0.43985 200.268 0.659275 -0.02361
0.8 0.225 -0.930257 200.146 0.855977 -0.0251581
0.8 0.25 -1.55894 199.957 1.07536 -0.0253569
0.8 0.275 -2.33803 199.685 1.30468 -0.0235992
0.8 0.3 -3.26906 199.32 1.52397 -0.0193124
0.8 0.325 -4.338 198.86 1.70621 -0.0120973
0.8 0.35 -5.51084 198.316 1.81938 -0.00189851
0.8 0.375 -6.73121 197.712 1.83084 0.0108313
0.8 0.4 -7.92176 197.092 1.71391 0.0250397
0.8 0.425 -8.99041 196.514 1.45528 0.0391243
0.8 0.45 -9.8417 196.039 1.06123 0.0511626
0.8 0.475 -10.3914 195.727 0.560197 0.0592967
0.8 0.5 -10.5816 195.618 1.0922e-12 0.0621739
0.8 0.525 -10.3914 195.727 -0.560197 0.0592967
0.8 0.55 -9.8417 196.039 -1.06123 0.0511626
0.8 0.575 -8.99041 196.514 -1.45528 0.0391243
0.8 0.6 -7.92176 197.092 -1.71391 0.0250397
0.8 0.625 -6.73121 197.712 -1.83084 0.0108313
0.8 0.65 -5.51084 198.316 -1.81938 -0.00189851
0.8 0.675 -4.338 198.86 -1.70621 -0.0120973
0.8 0.7 -3.26906 199.32 -1.52397 -0.0193124
0.8 0.725 -2.33803 199.685 -1.30468 -0.0235992
0.8 0.75 -1.55894 199.957 -1.07536 -0.0253569
0.8 0.775 -0.930257 200.146 -0.855977 -0.0251581
0.8 0.8 -0.43985 200.268 -0.659275 -0.02361
0.8 0.825 -0.0695744 200.338 -0.491754 -0.0212662
0.8 0.85 0.2011 200.371 -0.355152 -0.0185817
0.8 0.875 0.392481 200.38 -0.247931 -0.0159026
0.8 0.9 0.522985 200.374 -0.166525 -0.0134746
0.8 0.925 0.608172 200.362 -0.106264 -0.0114619
0.8 0.95 0.660282 200.35 -0.0619767 -0.00996739
0.8 0.975 0.688063 200.341 -0.0283338 -0.00905076
0.8 1 0.696743 200.338 5.37715e-13 -0.00874218
0.825 0 0.608118 200.329 -7.04107e-13 -0.0100649
0.825 0.025 0.595874 200.33 0.0390849 -0.0103311
0.825 0.05 0.557543 200.333 0.0830271 -0.0111171
0.825 0.075 0.488344 200.336 0.136614 -0.012383
0.825 0.1 0.380385 200.334 0.204444 -0.0140548
0.825 0.125 0.222836 200.323 0.290696 -0.0160147
0.825 0.15 0.0022889 200.294 0.398752 -0.0180883
0.825 0.175 -0.29657 200.239 0.530617 -0.0200329
0.825 0.2 -0.689844 200.146 0.686131 -0.0215293
0.825 0.225 -1.19272 200.004 0.862005 -0.0221855
0.825 0.25 -1.8171 199.801 1.0508 -0.0215565
0.825 0.275 -2.5685 199.527 1.2401 -0.019192
0.825 0.3 -3.4426 199.177 1.41221 -0.0147129
0.825 0.325 -4.42172 198.753 1.5449 -0.00791606
0.825 0.35 -5.47225 198.268 1.61344 0.00111117
0.825 0.375 -6.54379 197.745 1.59422 0.0118953
0.825 0.4 -7.57129 197.222 1.46953 0.0235428
0.825 0.425 -8.48056 196.742 1.23244 0.0348056
0.825 0.45 -9.19697 196.355 0.890654 0.0442598
0.825 0.475 -9.65617 196.102 0.467575 0.0505725
0.825 0.5 -9.8144 196.015 6.3014e-13 0.0527923
0.825 0.525 -9.65617 196.102 -0.467575 0.0505725
0.825 0.55 -9.19697 196.355 -0.890654 0.0442598
0.825 0.575 -8.48056 196.742 -1.23244 0.0348056
0.825 0.6 -7.57129 197.222 -1.46953 0.0235428
0.825 0.625 -6.54379 197.745 -1.59422 0.0118953
0.825 0.65 -5.47225 198.268 -1.61344 0.00111117
0.825 0.675 -4.42172 198.753 -1.5449 -0.00791606
0.825 0.7 -3.4426 199.177 -1.41221 -0.0147129
0.825 0.725 -2.5685 199.527 -1.2401 -0.019192
0.825 0.75 -1.8171 199.801 -1.0508 -0.0215565
0.825 0.775 -1.19272 200.004 -0.862005 -0.0221855
0.825 0.8 -0.689844 200.146 -0.686131 -0.0215293
0.825 0.825 -0.29657 200.239 -0.530617 -0.0200329
0.825 0.85 0.0022889 200.294 -0.398752 -0.0180883
0.825 0.875 0.222836 200.323 -0.290696 -0.0160147
0.825 0.9 0.380385 200.334 -0.204444 -0.0140548
0.825 0.925 0.488344 200.336 -0.136614 -0.012383
0.825 0.95 0.557543 200.333 -0.0830271 -0.0111171
0.825 0.975 0.595874 200.33 -0.0390849 -0.0103311
0.825 1 0.608118 200.329 -7.04107e-13 -0.0100649
0.85 0 0.509126 200.312 -1.57631e-12 -0.0111167
0.85 0.025 0.493863 200.312 0.0481465 -0.0113391
0.85 0.05 0.446648 200.31 0.1006 -0.0119915
0.85 0.075 0.363246 200.304 0.161528 -0.0130283
0.85 0.1 0.236749 200.29 0.234774 -0.0143684
0.85 0.125 0.0578599 200.264 0.323592 -0.0158884
0.85 0.15 -0.18463 200.218 0.430263 -0.0174152
0.85 0.175 -0.503058 200.145 0.555582 -0.018721
0.85 0.2 -0.909735 200.036 0.698215 -0.0195225
0.85 0.225 -1.41532 199.88 0.853997 -0.0194916
0.85 0.25 -2.02676 199.671 1.01528 -0.0182797
0.85 0.275 -2.74475 199.401 1.17057 -0.0155614
0.85 0.3 -3.56116 199.07 1.3046 -0.0110974
0.85 0.325 -4.4567 198.681 1.39933 -0.00481078
0.85 0.35 -5.39941 198.249 1.43576 0.00313762
0.85 0.375 -6.34481 197.794 1.39683 0.0122964
0.85 0.4 -7.2382 197.348 1.27083 0.0219199
0.85 0.425 -8.01931 196.946 1.05473 0.0310322
0.85 0.45 -8.62906 196.625 0.756445 0.0385649
0.85 0.475 -9.01743 196.418 0.395283 0.0435443
0.85 0.5 -9.15084 196.346 -1.38592e-12 0.0452864
0.85 0.525 -9.01743 196.418 -0.395283 0.0435443
0.85 0.55 -8.62906 196.625 -0.756445 0.0385649
0.85 0.575 -8.01931 196.946 -1.05473 0.0310322
0.85 0.6 -7.2382 197.348 -1.27083 0.0219199
0.85 0.625 -6.34481 197.794 -1.39683 0.0122964
0.85 0.65 -5.39941 198.249 -1.43576 0.00313762
0.85 0.675 -4.4567 198.681 -1.39933 -0.00481078
0.85 0.7 -3.56116 199.07 -1.3046 -0.0110974
0.85 0.725 -2.74475 199.401 -1.17057 -0.0155614
0.85 0.75 -2.02676 199.671 -1.01528 -0.0182797
0.85 0.775 -1.41532 199.88 -0.853997 -0.0194916
0.85 0.8 -0.909735 200.036 -0.698215 -0.0195225
0.85 0.825 -0.503058 200.145 -0.555582 -0.018721
0.85 0.85 -0.18463 200.218 -0.430263 -0.0174152
0.85 0.875 0.0578599 200.264 -0.323592 -0.0158884
0.85 0.9 0.236749 200.29 -0.234774 -0.0143684
0.85 0.925 0.363246 200.304 -0.161528 -0.0130283
0.85 0.95 0.446648 200.31 -0.1006 -0.0119915
0.85 0.975 0.493863 200.312 -0.0481465 -0.0113391
0.85 1 0.509126 200.312 -1.57631e-12 -0.0111167
0.875 0 0.402293 200.29 -7.45039e-14 -0.0119023
0.875 0.025 0.384559 200.288 0.055518 -0.0120814
0.875 0.05 0.330124 200.281 0.114743 -0.0126031
0.875 0.075 0.235344 200.267 0.181196 -0.0134196
0.875 0.1 0.0943526 200.243 0.257988 -0.014448
0.875 0.125 -0.100601 200.205 0.347545 -0.0155665
0.875 0.15 -0.358597 200.145 0.451246 -0.0166114
0.875 0.175 -0.689239 200.059 0.568982 -0.0173765
0.875 0.2 -1.10152 199.937 0.698667 -0.0176175
0.875 0.225 -1.60238 199.774 0.835745 -0.0170663
0.875 0.25 -2.19489 199.563 0.972823 -0.0154551
0.875 0.275 -2.87634 199.302 1.09958 -0.0125555
0.875 0.3 -3.6363 198.99 1.20309 -0.00822651
0.875 0.325 -4.45506 198.635 1.26883 -0.00247012
0.875 0.35 -5.30299 198.249 1.28227 0.00452095
0.875 0.375 -6.14109 197.852 1.23106 0.0123362
0.875 0.4 -6.92323 197.469 1.10757 0.0203575
0.875 0.425 -7.60006 197.128 0.91108 0.0278177
0.875 0.45 -8.12426 196.859 0.649199 0.0339041
0.875 0.475 -8.45635 196.687 0.337909 0.0378928
0.875 0.5 -8.57012 196.627 7.88968e-13 0.0392822
0.875 0.525 -8.45635 196.687 -0.337909 0.0378928
0.875 0.55 -8.12426 196.859 -0.649199 0.0339041
0.875 0.575 -7.60006 197.128 -0.91108 0.0278177
0.875 0.6 -6.92323 197.469 -1.10757 0.0203575
0.875 0.625 -6.14109 197.852 -1.23106 0.0123362
0.875 0.65 -5.30299 198.249 -1.28227 0.00452095
0.875 0.675 -4.45506 198.635 -1.26883 -0.00247012
0.875 0.7 -3.6363 198.99 -1.20309 -0.00822651
0.875 0.725 -2.87634 199.302 -1.09958 -0.0125555
0.875 0.75 -2.19489 199.563 -0.972823 -0.0154551
0.875 0.775 -1.60238 199.774 -0.835745 -0.0170663
0.875 0.8 -1.10152 199.937 -0.698667 -0.0176175
0.875 0.825 -0.689239 200.059 -0.568982 -0.0173765
0.875 0.85 -0.358597 200.145 -0.451246 -0.0166114
0.875 0.875 -0.100601 200.205 -0.347545 -0.0155665
0.875 0.9 0.0943526 200.243 -0.257988 -0.014448
0.875 0.925 0.235344 200.267 -0.181196 -0.0134196
0.875 0.95 0.330124 200.281 -0.114743 -0.0126031
0.875 0.975 0.384559 200.288 -0.055518 -0.0120814
0.875 1 0.402293 200.29 -7.45039e-14 -0.0119023
0.9 0 0.28997 200.262 -8.21842e-13 -0.0124304
0.9 0.025 0.270297 200.259 0.061263 -0.0125683
0.9 0.05 0.210239 200.248 0.125622 -0.0129663
0.9 0.075 0.106756 200.228 0.195961 -0.0135771
0.9 0.1 -0.0449891 200.195 0.27471 -0.01432
0.9 0.125 -0.251253 200.147 0.363579 -0.0150802
0.9 0.15 -0.519144 200.076 0.463226 -0.0157079
0.9 0.175 -0.855826 199.979 0.572904 -0.0160217
0.9 0.2 -1.26748 199.85 0.690088 -0.0158158
0.9 0.225 -1.758 199.683 0.810163 -0.0148753
0.9 0.25 -2.32758 199.474 0.926248 -0.0129989
0.9 0.275 -2.97113 199.223 1.02928 -0.0100311
0.9 0.3 -3.67692 198.932 1.10845 -0.00589947
0.9 0.325 -4.42565 198.608 1.15213 -0.000653202
0.9 0.35 -5.19021 198.263 1.1492 0.00550687
0.9 0.375 -5.9365 197.914 1.09077 0.0122166
0.9 0.4 -6.62552 197.582 0.971967 0.0189653
0.9 0.425 -7.21651 197.29 0.79344 0.0251446
0.9 0.45 -7.67113 197.062 0.562239 0.0301286
0.9 0.475 -7.95782 196.917 0.29166 0.0333702
0.9 0.5 -8.0558 196.867 2.59419e-13 0.0344952
0.9 0.525 -7.95782 196.917 -0.29166 0.0333702
0.9 0.55 -7.67113 197.062 -0.562239 0.0301286
0.9 0.575 -7.21651 197.29 -0.79344 0.0251446
0.9 0.6 -6.62552 197.582 -0.971967 0.0189653
0.9 0.625 -5.9365 197.914 -1.09077 0.0122166
0.9 0.65 -5.19021 198.263 -1.1492 0.00550687
0.9 0.675 -4.42565 198.608 -1.15213 -0.000653202
0.9 0.7 -3.67692 198.932 -1.10845 -0.00589947
0.9 0.725 -2.97113 199.223 -1.02928 -0.0100311
0.9 0.75 -2.32758 199.474 -0.926248 -0.0129989
0.9 0.775 -1.758 199.683 -0.810163 -0.0148753
0.9 0.8 -1.26748 199.85 -0.690088 -0.0158158
0.9 0.825 -0.855826 199.979 -0.572904 -0.0160217
0.9 0.85 -0.519144 200.076 -0.463226 -0.0157079
0.9 0.875 -0.251253 200.147 -0.363579 -0.0150802
0.9 0.9 -0.0449891 200.195 -0.27471 -0.01432
0.9 0.925 0.106756 200.228 -0.195961 -0.0135771
0.9 0.95 0.210239 200.248 -0.125622 -0.0129663
0.9 0.975 0.270297 200.259 -0.061263 -0.0125683
0.9 1 0.28997 200.262 -8.21842e-13 -0.0124304
0.925 0 0.174319 200.231 -2.99191e-13 -0.0127121
0.925 0.025 0.153204 200.226 0.0654868 -0.0128117
0.925 0.05 0.0890141 200.212 0.133477 -0.0130954
0.925 0.075 -0.0207084 200.186 0.206251 -0.0135182
0.925 0.1 -0.179819 200.147 0.28563 -0.0140047
0.925 0.125 -0.39319 200.09 0.372714 -0.0144498
0.925 0.15 -0.666154 200.012 0.467609 -0.0147205
0.925 0.175 -1.00376 199.907 0.569134 -0.0146606
0.925 0.2 -1.40983 199.773 0.674561 -0.0141004
0.925 0.225 -1.88588 199.605 0.779424 -0.0128704
0.925 0.25 -2.42992 199.401 0.877481 -0.0108228
0.925 0.275 -3.03529 199.162 0.960896 -0.00785661
0.925 0.3 -3.68971 198.891 1.02071 -0.00394608
0.925 0.325 -4.37471 198.595 1.04764 0.000832615
0.925 0.35 -5.0657 198.285 1.03321 0.00628348
0.925 0.375 -5.73292 197.976 0.971023 0.0120879
0.925 0.4 -6.34322 197.687 0.858094 0.0178229
0.925 0.425 -6.8627 197.435 0.695866 0.0230024
0.925 0.45 -7.25997 197.24 0.490734 0.027138
0.925 0.475 -7.50951 197.116 0.253825 0.02981
0.925 0.5 -7.59462 197.073 5.42273e-13 0.0307343
0.925 0.525 -7.50951 197.116 -0.253825 0.02981
0.925 0.55 -7.25997 197.24 -0.490734 0.027138
0.925 0.575 -6.8627 197.435 -0.695866 0.0230024
0.925 0.6 -6.34322 197.687 -0.858094 0.0178229
0.925 0.625 -5.73292 197.976 -0.971023 0.0120879
0.925 0.65 -5.0657 198.285 -1.03321 0.00628348
0.925 0.675 -4.37471 198.595 -1.04764 0.000832615
0.925 0.7 -3.68971 198.891 -1.02071 -0.00394608
0.925 0.725 -3.03529 199.162 -0.960896 -0.00785661
0.925 0.75 -2.42992 199.401 -0.877481 -0.0108228
0.925 0.775 -1.88588 199.605 -0.779424 -0.0128704
0.925 0.8 -1.40983 199.773 -0.674561 -0.0141004
0.925 0.825 -1.00376 199.907 -0.569134 -0.0146606
0.925 0.85 -0.666154 200.012 -0.467609 -0.0147205
0.925 0.875 -0.39319 200.09 -0.372714 -0.0144498
0.925 0.9 -0.179819 200.147 -0.28563 -0.0140047
0.925 0.925 -0.0207084 200.186 -0.206251 -0.0135182
0.925 0.95 0.0890141 200.212 -0.133477 -0.0130954
0.925 0.975 0.153204 200.226 -0.0654868 -0.0128117
0.925 1 0.174319 200.231 -2.99191e-13 -0.0127121
0.95 0 0.0573149 200.196 -6.20368e-13 -0.0127588
0.95 0.025 0.0352161 200.19 0.0683169 -0.0128234
0.95 0.05 -0.031742 200.173 0.138583 -0.0130032
0.95 0.075 -0.145474 200.143 0.212527 -0.0132567
0.95 0.1 -0.308933 200.098 0.291433 -0.0135155
0.95 0.125 -0.525741 200.035 0.375902 -0.013686
0.95 0.15 -0.799672 199.951 0.465623 -0.0136524
0.95 0.175 -1.13397 199.842 0.559142 -0.0132833
0.95 0.2 -1.53055 199.705 0.653688 -0.0124408
0.95 0.225 -1.98905 199.539 0.745075 -0.0109941
0.95 0.25 -2.50592 199.341 0.827745 -0.00883726
0.95 0.275 -3.07351 199.115 0.894995 -0.0059098
0.95 0.3 -3.67945 198.862 0.939443 -0.00221758
0.95 0.325 -4.30636 198.591 0.953715 0.00214913
0.95 0.35 -4.93208 198.312 0.931351 0.00700548
0.95 0.375 -5.53061 198.038 0.867793 0.0120742
0.95 0.4 -6.07365 197.783 0.761342 0.0170035
0.95 0.425 -6.53282 197.564 0.613866 0.0214009
0.95 0.45 -6.88218 197.395 0.431103 0.0248804
0.95 0.475 -7.10087 197.288 0.222418 0.0271152
0.95 0.5 -7.17533 197.251 1.08779e-13 0.0278859
0.95 0.525 -7.10087 197.288 -0.222418 0.0271152
0.95 0.55 -6.88218 197.395 -0.431103 0.0248804
0.95 0.575 -6.53282 197.564 -0.613866 0.0214009
0.95 0.6 -6.07365 197.783 -0.761342 0.0170035
0.95 0.625 -5.53061 198.038 -0.867793 0.0120742
0.95 0.65 -4.93208 198.312 -0.931351 0.00700548
0.95 0.675 -4.30636 198.591 -0.953715 0.00214913
0.95 0.7 -3.67945 198.862 -0.939443 -0.00221758
0.95 0.725 -3.07351 199.115 -0.894995 -0.0059098
0.95 0.75 -2.50592 199.341 -0.827745 -0.00883726
0.95 0.775 -1.98905 199.539 -0.745075 -0.0109941
0.95 0.8 -1.53055 199.705 -0.653688 -0.0124408
0.95 0.825 -1.13397 199.842 -0.559142 -0.0132833
0.95 0.85 -0.799672 199.951 -0.465623 -0.0136524
0.95 0.875 -0.525741 200.035 -0.375902 -0.013686
0.95 0.9 -0.308933 200.098 -0.291433 -0.0135155
0.95 0.925 -0.145474 200.143 -0.212527 -0.0132567
0.95 0.95 -0.031742 200.173 -0.138583 -0.0130032
0.95 0.975 0.0352161 200.19 -0.0683169 -0.0128234
0.95 1 0.0573149 200.196 -6.20368e-13 -0.0127588
0.975 0 -0.0592208 200.158 -6.8914e-13 -0.0125813
0.975 0.025 -0.0818876 200.152 0.069887 -0.0126142
0.975 0.05 -0.150384 200.133 0.141219 -0.0127003
0.975 0.075 -0.266132 200.099 0.215234 -0.0128024
0.975 0.1 -0.431272 200.05 0.292752 -0.0128599
0.975 0.125 -0.648329 199.982 0.373975 -0.0127909
0.975 0.15 -0.919737 199.894 0.458283 -0.012497
0.975 0.175 -1.24724 199.783 0.544074 -0.0118691
0.975 0.2 -1.6312 199.646 0.628641 -0.0107972
0.975 0.225 -2.06983 199.482 0.708146 -0.00918242
0.975 0.25 -2.55849 199.292 0.777708 -0.00695191
0.975 0.275 -3.08898 199.077 0.831647 -0.00407489
0.975 0.3 -3.64916 198.843 0.863913 -0.000578376
0.975 0.325 -4.22286 198.594 0.868669 0.00344097
0.975 0.35 -4.79018 198.342 0.841012 0.00781167
0.975 0.375 -5.32838 198.096 0.777736 0.0122922
0.975 0.4 -5.81324 197.871 0.678026 0.0165876
0.975 0.425 -6.22084 197.678 0.543946 0.0203771
0.975 0.45 -6.52959 197.53 0.380608 0.0233512
0.975 0.475 -6.72227 197.437 0.195932 0.0252511
0.975 0.5 -6.78778 197.405 2.76554e-13 0.0259045
0.975 0.525 -6.72227 197.437 -0.195932 0.0252511
0.975 0.55 -6.52959 197.53 -0.380608 0.0233512
0.975 0.575 -6.22084 197.678 -0.543946 0.0203771
0.975 0.6 -5.81324 197.871 -0.678026 0.0165876
0.975 0.625 -5.32838 198.096 -0.777736 0.0122922
0.975 0.65 -4.79018 198.342 -0.841012 0.00781167
0.975 0.675 -4.22286 198.594 -0.868669 0.00344097
0.975 0.7 -3.64916 198.843 -0.863913 -0.000578376
0.975 0.725 -3.08898 199.077 -0.831647 -0.00407489
0.975 0.75 -2.55849 199.292 -0.777708 -0.00695191
0.975 0.775 -2.06983 199.482 -0.708146 -0.00918242
0.975 0.8 -1.6312 199.646 -0.628641 -0.0107972
0.975 0.825 -1.24724 199.783 -0.544074 -0.0118691
0.975 0.85 -0.919737 199.894 -0.458283 -0.012497
0.975 0.875 -0.648329 199.982 -0.373975 -0.0127909
0.975 0.9 -0.431272 200.05 -0.292752 -0.0128599
0.975 0.925 -0.266132 200.099 -0.215234 -0.0128024
0.975 0.95 -0.150384 200.133 -0.141219 -0.0127003
0.975 0.975 -0.0818876 200.152 -0.069887 -0.0126142
0.975 1 -0.0592208 200.158 -6.8914e-13 -0.0125813
1 0 -0.173585 200.119 -6.46092e-13 -0.0121872
1 0.025 -0.196446 200.112 0.0703235 -0.0121916
1 0.05 -0.265376 200.091 0.141644 -0.0121938
1 0.075 -0.381359 200.055 0.21477 -0.012161
1 0.1 -0.545824 200.002 0.290133 -0.0120407
1 0.125 -0.760348 199.932 0.367612 -0.011763
1 0.15 -1.02623 199.841 0.446377 -0.0112452
1 0.175 -1.34398 199.728 0.524761 -0.0103988
1 0.2 -1.71274 199.592 0.600193 -0.00913729
1 0.225 -2.12966 199.433 0.669212 -0.00738762
1 0.25 -2.58936 199.251 0.72758 -0.0051021
1 0.275 -3.08343 199.048 0.770526 -0.00227134
1 0.3 -3.60017 198.829 0.793122 0.00106436
1 0.325 -4.12466 198.601 0.790771 0.00480696
1 0.35 -4.63908 198.371 0.759782 0.00879864
1 0.375 -5.12357 198.15 0.697954 0.0128275
1 0.4 -5.55732 197.949 0.605075 0.0166424
1 0.425 -5.92008 197.778 0.483267 0.0199761
1 0.45 -6.19378 197.647 0.33706 0.0225741
1 0.475 -6.36415 197.566 0.173175 0.0242262
1 0.5 -6.42199 197.538 4.50929e-13 0.0247931
1 0.525 -6.36415 197.566 -0.173175 0.0242262
1 0.55 -6.19378 197.647 -0.33706 0.0225741
1 0.575 -5.92008 197.778 -0.483267 0.0199761
1 0.6 -5.55732 197.949 -0.605075 0.0166424
1 0.625 -5.12357 198.15 -0.697954 0.0128275
1 0.65 -4.63908 198.371 -0.759782 0.00879864
1 0.675 -4.12466 198.601 -0.790771 0.00480696
1 0.7 -3.60017 198.829 -0.793122 0.00106436
1 0.725 -3.08343 199.048 -0.770526 -0.00227134
1 0.75 -2.58936 199.251 -0.72758 -0.0051021
1 0.775 -2.12966 199.433 -0.669212 -0.00738762
1 0.8 -1.71274 199.592 -0.600193 -0.00913729
1 0.825 -1.34398 199.728 -0.524761 -0.0103988
1 0.85 -1.02623 199.841 -0.446377 -0.0112452
1 0.875 -0.760348 199.932 -0.367612 -0.011763
1 0.9 -0.545824 200.002 -0.290133 -0.0120407
1 0.925 -0.381359 200.055 -0.21477 -0.012161
1 0.95 -0.265376 200.091 -0.141644 -0.0121938
1 0.975 -0.196446 200.112 -0.0703235 -0.0121916
1 1 -0.173585 200.119 -6.46092e-13 -0.0121872
