0 0 16.6286 -1.31806 -0.0290205 16.371 -1.24886 15.853 -1.25193 -1.85287
0 0.05 16.6552 -1.27461 0.0703964 16.3276 -1.19975 15.8192 -1.19878 -3.61503
0 0.1 16.7158 -1.12711 0.177121 16.2611 -1.04661 15.794 -1.05089 -6.39995
0 0.15 16.7793 -0.852714 0.279701 16.2134 -0.782159 15.8002 -0.788271 -8.26626
0 0.2 16.8273 -0.461658 0.354706 16.1859 -0.419975 15.8446 -0.42451 -9.36569
0 0.25 16.8454 6.17882e-08 0.382567 16.1772 4.99242e-08 15.8628 1.03823e-07 -9.73957
0 0.3 16.8273 0.461658 0.354706 16.1859 0.419975 15.8446 0.42451 -9.36569
0 0.35 16.7793 0.852714 0.279701 16.2134 0.782159 15.8002 0.788271 -8.26626
0 0.4 16.7158 1.12711 0.177121 16.2611 1.04661 15.794 1.05089 -6.39995
0 0.45 16.6552 1.27461 0.0703964 16.3276 1.19975 15.8192 1.19878 -3.61503
0 0.5 16.6286 1.31806 -0.0290205 16.371 1.24886 15.8049 1.24961 0.0272332
0 0.55 16.6543 1.27461 -0.128533 16.3276 1.19975 15.7311 1.19807 3.66965
0 0.6 16.7138 1.12711 -0.235479 16.2611 1.04661 15.6997 1.05135 6.45479
0 0.65 16.7763 0.8527 -0.338287 16.2134 0.782161 15.6371 0.785441 8.32134
0 0.7 16.8235 0.461645 -0.413462 16.1859 0.419976 15.6012 0.420923 9.42099
0 0.75 16.8414 6.23649e-08 -0.441386 16.1772 5.16237e-08 15.5877 3.3566e-08 9.79494
0 0.8 16.8235 -0.461645 -0.413462 16.1859 -0.419976 15.6012 -0.420922 9.42099
0 0.85 16.7763 -0.8527 -0.338287 16.2134 -0.782161 15.6371 -0.785441 8.32134
0 0.9 16.7138 -1.12711 -0.235479 16.2611 -1.04661 15.6997 -1.05135 6.45479
0 0.95 16.6543 -1.27461 -0.128533 16.3276 -1.19975 15.7311 -1.19807 3.66965
0 1 16.6286 -1.31806 -0.0290205 16.371 -1.24886 15.7568 -1.24729 1.78947
0.05 0 16.6283 -1.24272 -0.0310727 16.3697 -1.17849 15.7069 -1.16492 -0.0907133
0.05 0.05 16.485 -1.20122 0.061882 16.0951 -1.1241 17.1136 -1.2379 -2.70411
0.05 0.1 16.3491 -1.05703 0.159578 15.7776 -0.971597 18.1041 -1.16323 -4.58357
0.05 0.15 16.2199 -0.793453 0.250511 15.4888 -0.718164 18.8044 -0.910348 -5.71051
0.05 0.2 16.1271 -0.426451 0.314785 15.2873 -0.381929 19.2182 -0.502435 -6.31596
0.05 0.25 16.0933 5.0241e-08 0.338014 15.2152 3.66714e-08 19.354 1.64492e-07 -6.5033
0.05 0.3 16.1271 0.426452 0.314785 15.2873 0.381929 19.2182 0.502435 -6.31596
0.05 0.35 16.2199 0.793453 0.250511 15.4888 0.718164 18.8044 0.910348 -5.71051
0.05 0.4 16.3491 1.05703 0.159578 15.7776 0.971597 18.1041 1.16323 -4.58357
0.05 0.45 16.485 1.20122 0.061882 16.0951 1.1241 17.1136 1.2379 -2.70411
0.05 0.5 16.6283 1.24272 -0.0310727 16.3697 1.17849 15.7819 1.17198 0.217308
0.05 0.55 16.8199 1.2009 -0.12016 16.5562 1.13871 14.3693 1.01004 3.75477
0.05 0.6 17.0678 1.05921 -0.212336 16.7437 0.996975 13.2299 0.807177 6.66113
0.05 0.65 17.313 0.798941 -0.297539 16.954 0.748515 12.2527 0.551157 8.45096
0.05 0.7 17.4953 0.431364 -0.358082 17.1219 0.403172 11.6351 0.276702 9.46014
0.05 0.75 17.5623 2.20633e-08 -0.38007 17.1858 2.17267e-08 11.4211 5.76074e-08 9.79916
0.05 0.8 17.4953 -0.431364 -0.358082 17.1219 -0.403172 11.6351 -0.276702 9.46014
0.05 0.85 17.313 -0.798941 -0.297539 16.954 -0.748515 12.2527 -0.551157 8.45096
0.05 0.9 17.0678 -1.05921 -0.212336 16.7437 -0.996975 13.2299 -0.807177 6.66113
0.05 0.95 16.8199 -1.2009 -0.12016 16.5562 -1.13871 14.3694 -1.01004 3.75477
0.05 1 16.6283 -1.24272 -0.0310727 16.3697 -1.17849 15.857 -1.17905 -0.0907133
0.1 0 16.6291 -1.03348 -0.0327573 16.366 -0.981845 15.5845 -0.954822 -0.318144
0.1 0.05 16.3331 -0.997771 0.0412284 15.8823 -0.928279 18.2545 -1.10884 -1.95959
0.1 0.1 16.0157 -0.869968 0.113502 15.3497 -0.792924 20.0978 -1.08946 -3.0333
0.1 0.15 15.7186 -0.643897 0.174424 14.8748 -0.578152 21.3528 -0.872149 -3.57278
0.1 0.2 15.5083 -0.342483 0.213447 14.5515 -0.304167 22.0597 -0.485861 -3.81747
0.1 0.25 15.4324 2.26315e-08 0.227139 14.4374 1.57855e-08 22.2862 5.49328e-08 -3.88113
0.1 0.3 15.5083 0.342483 0.213447 14.5515 0.304167 22.0597 0.485861 -3.81747
0.1 0.35 15.7186 0.643897 0.174424 14.8748 0.578152 21.3528 0.872149 -3.57278
0.1 0.4 16.0157 0.869968 0.113502 15.3497 0.792924 20.0978 1.08946 -3.0333
0.1 0.45 16.3331 0.997771 0.0412284 15.8823 0.928279 18.2545 1.10884 -1.95959
0.1 0.5 16.6291 1.03348 -0.0327573 16.366 0.981845 15.7247 0.964955 0.191551
0.1 0.55 16.9654 0.992742 -0.0991393 16.7569 0.9504 13.0485 0.738372 3.36208
0.1 0.6 17.3723 0.863813 -0.157645 17.1611 0.827894 10.81 0.518825 5.99529
0.1 0.65 17.7617 0.63819 -0.20101 17.5798 0.61515 8.77496 0.298285 7.26823
0.1 0.7 18.0421 0.338618 -0.224636 17.8968 0.328385 7.39018 0.124661 7.82202
0.1 0.75 18.1444 -4.57755e-08 -0.232168 18.0152 -3.93934e-08 6.90115 5.62777e-08 8.00142
0.1 0.8 18.0421 -0.338618 -0.224636 17.8968 -0.328385 7.39018 -0.124661 7.82202
0.1 0.85 17.7617 -0.63819 -0.20101 17.5798 -0.61515 8.77496 -0.298285 7.26823
0.1 0.9 17.3723 -0.863813 -0.157645 17.1611 -0.827894 10.81 -0.518825 5.99529
0.1 0.95 16.9654 -0.992742 -0.0991393 16.7569 -0.9504 13.0485 -0.738372 3.36208
0.1 1 16.6291 -1.03348 -0.0327573 16.366 -0.981845 15.8649 -0.975088 -0.318144
0.15 0 16.6328 -0.728542 -0.0335092 16.3609 -0.693428 15.4824 -0.663125 -0.549147
0.15 0.05 16.2149 -0.701423 0.0171342 15.711 -0.649289 19.1184 -0.820847 -1.33502
0.15 0.1 15.759 -0.604565 0.0605811 15.0155 -0.546624 21.6098 -0.827868 -1.74324
0.15 0.15 15.3427 -0.442168 0.090367 14.4123 -0.393253 23.2701 -0.668728 -1.82367
0.15 0.2 15.0537 -0.232568 0.107002 14.0117 -0.204463 24.1964 -0.372877 -1.80864
0.15 0.25 14.951 3.32812e-09 0.112227 13.8727 4.2035e-09 24.4929 -7.70665e-09 -1.7875
0.15 0.3 15.0537 0.232568 0.107002 14.0117 0.204463 24.1964 0.372877 -1.80864
0.15 0.35 15.3427 0.442168 0.090367 14.4123 0.393253 23.2701 0.668728 -1.82367
0.15 0.4 15.759 0.604565 0.0605811 15.0155 0.546624 21.6098 0.827868 -1.74324
0.15 0.45 16.2149 0.701423 0.0171342 15.711 0.649289 19.1184 0.820847 -1.33502
0.15 0.5 16.6328 0.728542 -0.0335092 16.3609 0.693428 15.6687 0.672684 -0.00827416
0.15 0.55 17.0831 0.692242 -0.0753026 16.9122 0.669873 11.9506 0.451981 2.40021
0.15 0.6 17.6049 0.5868 -0.0992827 17.4674 0.57364 8.76119 0.26649 4.236
0.15 0.65 18.0851 0.416461 -0.102744 18.0049 0.413288 5.81901 0.114176 4.45576
0.15 0.7 18.4126 0.210487 -0.0938521 18.3792 0.211164 3.73731 0.0270265 3.98358
0.15 0.75 18.5254 -8.85063e-08 -0.0880979 18.5088 -8.41468e-08 2.98599 -2.61741e-08 3.7118
0.15 0.8 18.4126 -0.210487 -0.093852 18.3792 -0.211164 3.73731 -0.0270265 3.98358
0.15 0.85 18.0851 -0.416461 -0.102744 18.0049 -0.413288 5.81901 -0.114176 4.45576
0.15 0.9 17.6049 -0.5868 -0.0992827 17.4674 -0.57364 8.76119 -0.26649 4.236
0.15 0.95 17.0831 -0.692242 -0.0753026 16.9122 -0.669873 11.9506 -0.451981 2.40021
0.15 1 16.6328 -0.728542 -0.0335092 16.3609 -0.693428 15.8549 -0.682244 -0.549147
0.2 0 16.6379 -0.372656 -0.0322664 16.3568 -0.355355 15.4278 -0.329933 -0.452065
0.2 0.05 16.1371 -0.357116 -0.00602998 15.5997 -0.32976 19.6486 -0.427462 -0.714099
0.2 0.1 15.6042 -0.305742 0.0135613 14.802 -0.273702 22.5401 -0.436863 -0.764049
0.2 0.15 15.1248 -0.222333 0.0239128 14.1183 -0.193942 24.4284 -0.353766 -0.635375
0.2 0.2 14.802 -0.115381 0.0284127 13.67 -0.0995571 25.47 -0.196009 -0.497562
0.2 0.25 14.6913 -2.42491e-09 0.0296152 13.5152 1.33882e-09 25.8018 -2.10144e-08 -0.43856
0.2 0.3 14.802 0.115381 0.0284127 13.67 0.0995571 25.47 0.19601 -0.497561
0.2 0.35 15.1248 0.222333 0.0239128 14.1183 0.193942 24.4284 0.353766 -0.635374
0.2 0.4 15.6042 0.305742 0.0135613 14.802 0.273702 22.5401 0.436863 -0.764049
0.2 0.45 16.1371 0.357116 -0.00602998 15.5997 0.32976 19.6486 0.427462 -0.714098
0.2 0.5 16.6379 0.372657 -0.0322664 16.3568 0.355355 15.639 0.336055 -0.101411
0.2 0.55 17.1637 0.3497 -0.0527171 17.0103 0.341311 11.2491 0.200057 1.21258
0.2 0.6 17.7506 0.288862 -0.0579346 17.6488 0.287524 7.42897 0.0910711 2.11057
0.2 0.65 18.2756 0.193435 -0.0455042 18.2332 0.196616 3.89112 0.0172 1.54585
0.2 0.7 18.6043 0.0891177 -0.0285038 18.5957 0.09064 1.37415 0.00373231 0.0727156
0.2 0.75 18.7019 -6.79078e-08 -0.0224486 18.7 -6.88295e-08 0.574554 -5.19621e-09 -0.738828
0.2 0.8 18.6043 -0.0891178 -0.0285038 18.5957 -0.0906401 1.37415 -0.0037323 0.0727153
0.2 0.85 18.2756 -0.193435 -0.0455042 18.2332 -0.196616 3.89112 -0.0172 1.54585
0.2 0.9 17.7506 -0.288862 -0.0579345 17.6488 -0.287524 7.42897 -0.091071 2.11057
0.2 0.95 17.1637 -0.3497 -0.0527171 17.0103 -0.341311 11.2491 -0.200057 1.21258
0.2 1 16.6379 -0.372656 -0.0322664 16.3568 -0.355355 15.8502 -0.342178 -0.452065
0.25 0 16.6403 -0.000664419 -0.0290493 16.3546 -1.03532e-05 15.4229 0.0129049 0.0272188
0.25 0.05 16.1092 -0.000635332 -0.0280761 15.5616 -1.05382e-05 19.8219 0.0098431 0.0272002
0.25 0.1 15.5538 -0.000546238 -0.027078 14.7279 -1.2879e-05 22.8497 0.00795578 0.0271016
0.25 0.15 15.0571 -0.000411095 -0.0262007 14.0155 -1.36577e-05 24.8069 0.00546404 0.0269951
0.25 0.2 14.7301 -0.0002209 -0.025625 13.5486 -8.77669e-06 25.8802 0.00274477 0.0269586
0.25 0.25 14.6208 1.10363e-09 -0.0254341 13.3879 7.60653e-10 26.2205 2.92432e-09 0.0269662
0.25 0.3 14.7301 0.000220903 -0.025625 13.5486 8.77894e-06 25.8802 -0.00274477 0.0269587
0.25 0.35 15.0571 0.000411098 -0.0262007 14.0155 1.36615e-05 24.8069 -0.00546403 0.0269952
0.25 0.4 15.5538 0.000546242 -0.027078 14.7279 1.28835e-05 22.8497 -0.00795578 0.0271018
0.25 0.45 16.1092 0.000635336 -0.0280761 15.5616 1.05419e-05 19.8219 -0.0098431 0.0272005
0.25 0.5 16.6403 0.000664424 -0.0290493 16.3546 1.0358e-05 15.6365 -0.0115099 0.0272389
0.25 0.55 17.1933 0.00062187 -0.0300498 17.0447 1.26059e-05 11.0155 -0.0148356 0.027318
0.25 0.6 17.7997 0.000512681 -0.0311084 17.7073 1.79822e-05 7.02352 -0.0181969 0.0276066
0.25 0.65 18.3389 0.000356836 -0.0320148 18.3053 2.63666e-05 3.29914 -0.0174756 0.0281962
0.25 0.7 18.6559 0.000171557 -0.0325319 18.6495 1.69516e-05 0.550049 -0.00958865 0.0286743
0.25 0.75 18.7423 8.2225e-10 -0.0326723 18.7386 8.03043e-10 -0.108924 -1.58206e-08 0.0287744
0.25 0.8 18.6559 -0.000171555 -0.0325319 18.6495 -1.69496e-05 0.550049 0.00958867 0.0286743
0.25 0.85 18.3389 -0.000356833 -0.0320148 18.3053 -2.63634e-05 3.29914 0.0174756 0.0281963
0.25 0.9 17.7997 -0.000512678 -0.0311084 17.7073 -1.79783e-05 7.02352 0.0181969 0.0276065
0.25 0.95 17.1933 -0.000621865 -0.0300498 17.0447 -1.26007e-05 11.0155 0.0148356 0.027318
0.25 1 16.6403 -0.000664419 -0.0290493 16.3546 -1.03532e-05 15.8501 0.010115 0.0272188
0.3 0 16.6379 0.371355 -0.025819 16.3568 0.355339 15.428 0.354401 0.506463
0.3 0.05 16.1369 0.355862 -0.0502192 15.5997 0.329744 19.6397 0.446124 0.768466
0.3 0.1 15.6037 0.304664 -0.0678745 14.802 0.273688 22.5259 0.451983 0.818364
0.3 0.15 15.1242 0.221557 -0.0765054 14.1183 0.193931 24.411 0.364124 0.689673
0.3 0.2 14.8012 0.114978 -0.0798605 13.67 0.0995522 25.4507 0.201203 0.551917
0.3 0.25 14.6906 2.9393e-09 -0.080672 13.5152 -1.06847e-09 25.7818 1.81901e-08 0.492958
0.3 0.3 14.8012 -0.114978 -0.0798605 13.67 -0.0995522 25.4507 -0.201203 0.551917
0.3 0.35 15.1242 -0.221557 -0.0765054 14.1183 -0.193931 24.411 -0.364124 0.689673
0.3 0.4 15.6037 -0.304664 -0.0678745 14.802 -0.273688 22.5259 -0.451983 0.818364
0.3 0.45 16.1369 -0.355862 -0.0502192 15.5997 -0.329744 19.6397 -0.446124 0.768466
0.3 0.5 16.6379 -0.371355 -0.025819 16.3568 -0.355339 15.6392 -0.357648 0.155815
0.3 0.55 17.1639 -0.348463 -0.00727456 17.0103 -0.341294 11.2661 -0.227048 -1.15813
0.3 0.6 17.751 -0.287817 -0.00414086 17.6488 -0.287507 7.46039 -0.122663 -2.05597
0.3 0.65 18.2761 -0.192712 -0.0184033 18.2332 -0.196607 3.92914 -0.045323 -1.491
0.3 0.7 18.6047 -0.0887638 -0.0365133 18.5958 -0.0906333 1.40836 -0.019128 -0.0178701
0.3 0.75 18.7022 6.75017e-08 -0.0428855 18.7 6.84295e-08 0.60279 1.69063e-08 0.793542
0.3 0.8 18.6047 0.0887639 -0.0365133 18.5958 0.0906334 1.40836 0.019128 -0.0178696
0.3 0.85 18.2761 0.192712 -0.0184033 18.2332 0.196607 3.92914 0.0453231 -1.491
0.3 0.9 17.751 0.287817 -0.00414087 17.6488 0.287507 7.46039 0.122663 -2.05597
0.3 0.95 17.1639 0.348463 -0.00727456 17.0103 0.341294 11.2661 0.227048 -1.15813
0.3 1 16.6379 0.371355 -0.025819 16.3568 0.355339 15.8504 0.360894 0.506463
0.35 0 16.6328 0.727354 -0.0245499 16.3609 0.693421 15.483 0.683762 0.603496
0.35 0.05 16.2144 0.70027 -0.0736486 15.711 0.649283 19.1002 0.836867 1.38942
0.35 0.1 15.7579 0.603551 -0.115405 15.0155 0.546621 21.5812 0.84106 1.79775
0.35 0.15 15.3412 0.441412 -0.143642 14.4123 0.393254 23.2359 0.677837 1.87832
0.35 0.2 15.052 0.232159 -0.1592 14.0117 0.204464 24.1594 0.377451 1.8634
0.35 0.25 14.9492 -5.19622e-09 -0.164042 13.8727 -5.91831e-09 24.455 3.09407e-09 1.84231
0.35 0.3 15.052 -0.232159 -0.1592 14.0117 -0.204464 24.1594 -0.377451 1.8634
0.35 0.35 15.3412 -0.441412 -0.143642 14.4123 -0.393254 23.2359 -0.677837 1.87832
0.35 0.4 15.7579 -0.603551 -0.115405 15.0155 -0.546621 21.5812 -0.84106 1.79775
0.35 0.45 16.2144 -0.70027 -0.0736486 15.711 -0.649283 19.1002 -0.836867 1.38942
0.35 0.5 16.6328 -0.727354 -0.0245499 16.3609 -0.693421 15.6692 -0.690405 0.06258
0.35 0.55 17.0837 -0.691085 0.01559 16.9122 -0.669868 11.9825 -0.472127 -2.34608
0.35 0.6 17.6059 -0.585766 0.0376482 17.4674 -0.573641 8.81755 -0.288225 -4.18224
0.35 0.65 18.0863 -0.415658 0.0393291 18.0049 -0.413296 5.88699 -0.132696 -4.40253
0.35 0.7 18.4138 -0.210027 0.0292125 18.3793 -0.211171 3.80712 -0.0368511 -3.93094
0.35 0.75 18.5266 8.64052e-08 0.0230339 18.5089 8.23438e-08 3.05417 2.94729e-08 -3.65947
0.35 0.8 18.4138 0.210027 0.0292125 18.3793 0.211172 3.80712 0.0368511 -3.93094
0.35 0.85 18.0863 0.415658 0.0393291 18.0049 0.413296 5.88699 0.132696 -4.40253
0.35 0.9 17.6059 0.585766 0.0376482 17.4674 0.573641 8.81755 0.288225 -4.18224
0.35 0.95 17.0837 0.691085 0.01559 16.9122 0.669868 11.9825 0.472127 -2.34608
0.35 1 16.6328 0.727354 -0.0245499 16.3609 0.693421 15.8555 0.697049 0.603496
0.4 0 16.6291 1.03256 -0.0252834 16.366 0.981847 15.5851 0.970099 0.372504
0.4 0.05 16.3324 0.996871 -0.0981556 15.8823 0.928281 18.227 1.12126 2.01413
0.4 0.1 16.0141 0.86915 -0.169218 15.3497 0.792925 20.0543 1.10011 3.08797
0.4 0.15 15.7164 0.64326 -0.228983 14.8748 0.578153 21.2998 0.879655 3.62752
0.4 0.2 15.5055 0.342133 -0.26718 14.5514 0.304168 22.0018 0.489684 3.87225
0.4 0.25 15.4295 -2.4832e-08 -0.280573 14.4374 -1.8162e-08 22.2267 -5.65199e-08 3.93591
0.4 0.3 15.5055 -0.342133 -0.26718 14.5514 -0.304168 22.0018 -0.489684 3.87225
0.4 0.35 15.7164 -0.64326 -0.228983 14.8748 -0.578153 21.2998 -0.879656 3.62752
0.4 0.4 16.0141 -0.86915 -0.169218 15.3497 -0.792925 20.0543 -1.10011 3.08797
0.4 0.45 16.3324 -0.996871 -0.0981556 15.8823 -0.928281 18.227 -1.12126 2.01413
0.4 0.5 16.6291 -1.03256 -0.0252834 16.366 -0.981847 15.7254 -0.977285 -0.137224
0.4 0.55 16.9661 -0.991823 0.0398337 16.757 -0.950404 13.0905 -0.750053 -3.30803
0.4 0.6 17.3737 -0.862955 0.0967859 17.1611 -0.8279 10.8816 -0.531137 -5.94154
0.4 0.65 17.7637 -0.637488 0.138629 17.5798 -0.615156 8.86438 -0.309137 -7.21472
0.4 0.7 18.0444 -0.338214 0.161136 17.8968 -0.32839 7.48859 -0.130814 -7.76864
0.4 0.75 18.1468 4.52993e-08 0.168258 18.0152 3.89758e-08 7.00237 2.00677e-09 -7.94809
0.4 0.8 18.0444 0.338214 0.161136 17.8968 0.32839 7.48859 0.130814 -7.76864
0.4 0.85 17.7637 0.637488 0.138628 17.5798 0.615156 8.86438 0.309137 -7.21472
0.4 0.9 17.3737 0.862955 0.0967859 17.1611 0.8279 10.8816 0.531137 -5.94154
0.4 0.95 16.9661 0.991823 0.0398337 16.757 0.950404 13.0905 0.750053 -3.30803
0.4 1 16.6291 1.03256 -0.0252834 16.366 0.981847 15.8656 0.98447 0.372504
0.45 0 16.6283 1.2422 -0.0269666 16.3697 1.17849 15.7073 1.17409 0.145076
0.45 0.05 16.4841 1.20071 -0.119367 16.0951 1.12411 17.0777 1.246 2.75872
0.45 0.1 16.3472 1.05656 -0.216519 15.7776 0.971599 18.0456 1.17033 4.63834
0.45 0.15 16.217 0.793069 -0.306918 15.4888 0.718166 18.7312 0.915259 5.76537
0.45 0.2 16.1236 0.426231 -0.370793 15.2873 0.381931 19.1367 0.504897 6.37088
0.45 0.25 16.0895 -4.95875e-08 -0.393875 15.2152 -3.69181e-08 19.2697 -1.31162e-07 6.55825
0.45 0.3 16.1236 -0.426231 -0.370793 15.2873 -0.381931 19.1367 -0.504897 6.37088
0.45 0.35 16.217 -0.793069 -0.306918 15.4888 -0.718166 18.7312 -0.915259 5.76537
0.45 0.4 16.3472 -1.05656 -0.216519 15.7776 -0.971599 18.0456 -1.17033 4.63834
0.45 0.45 16.4841 -1.20071 -0.119367 16.0951 -1.12411 17.0777 -1.246 2.75872
0.45 0.5 16.6283 -1.2422 -0.0269666 16.3697 -1.17849 15.7824 -1.17821 -0.162905
0.45 0.55 16.8207 -1.20039 0.0613871 16.5562 -1.13872 14.4145 -1.01384 -3.70049
0.45 0.6 17.0696 -1.05873 0.152601 16.7437 -0.996977 13.306 -0.811701 -6.60686
0.45 0.65 17.3157 -0.79855 0.236829 16.954 -0.748517 12.3496 -0.555707 -8.39666
0.45 0.7 17.4986 -0.431139 0.296633 17.1219 -0.403173 11.7442 -0.279441 -9.40576
0.45 0.75 17.5659 -1.81642e-08 0.318346 17.1858 -1.81372e-08 11.5342 -9.85565e-08 -9.74474
0.45 0.8 17.4986 0.431139 0.296633 17.1219 0.403173 11.7442 0.279442 -9.40576
0.45 0.85 17.3157 0.79855 0.23683 16.954 0.748517 12.3496 0.555707 -8.39666
0.45 0.9 17.0696 1.05873 0.152601 16.7437 0.996977 13.306 0.811701 -6.60686
0.45 0.95 16.8207 1.20039 0.0613871 16.5562 1.13872 14.4145 1.01384 -3.70049
0.45 1 16.6283 1.2422 -0.0269666 16.3697 1.17849 15.8574 1.18232 0.145076
0.5 0 16.6286 1.31806 -0.0290205 16.371 1.24886 15.8047 1.25108 0.0271703
0.5 0.05 16.6543 1.27461 -0.128533 16.3276 1.19975 15.7537 1.1998 3.4632
0.5 0.1 16.7138 1.12711 -0.235479 16.2611 1.04661 15.7114 1.05214 6.05226
0.5 0.15 16.7763 0.8527 -0.338287 16.2134 0.782161 15.6736 0.787268 7.71475
0.5 0.2 16.8235 0.461645 -0.413462 16.1859 0.419976 15.6723 0.422833 8.66825
0.5 0.25 16.8414 -5.82355e-08 -0.441386 16.1772 -4.74735e-08 15.6728 -1.79379e-07 8.98683
0.5 0.3 16.8235 -0.461645 -0.413462 16.1859 -0.419976 15.6723 -0.422833 8.66825
0.5 0.35 16.7763 -0.8527 -0.338287 16.2134 -0.782161 15.6736 -0.787268 7.71475
0.5 0.4 16.7138 -1.12711 -0.235479 16.2611 -1.04661 15.7114 -1.05214 6.05226
0.5 0.45 16.6543 -1.27461 -0.128533 16.3276 -1.19975 15.7537 -1.1998 3.4632
0.5 0.5 16.6286 -1.31806 -0.0290205 16.371 -1.24886 15.8047 -1.2496 0.0272176
0.5 0.55 16.6552 -1.27461 0.0703964 16.3276 -1.19975 15.7961 -1.19704 -3.40867
0.5 0.6 16.7158 -1.12711 0.177121 16.2611 -1.04661 15.7822 -1.0501 -5.99758
0.5 0.65 16.7793 -0.852714 0.279701 16.2134 -0.782159 15.7638 -0.786449 -7.65992
0.5 0.7 16.8273 -0.461658 0.354706 16.1859 -0.419975 15.7739 -0.422606 -8.61328
0.5 0.75 16.8454 -5.68395e-08 0.382567 16.1772 -4.68847e-08 15.7782 -1.80481e-07 -8.9318
0.5 0.8 16.8273 0.461658 0.354706 16.1859 0.419975 15.7739 0.422606 -8.61328
0.5 0.85 16.7793 0.852714 0.279701 16.2134 0.782159 15.7638 0.786449 -7.65992
0.5 0.9 16.7158 1.12711 0.177121 16.2611 1.04661 15.7822 1.0501 -5.99758
0.5 0.95 16.6552 1.27461 0.0703964 16.3276 1.19975 15.7962 1.19704 -3.40867
0.5 1 16.6286 1.31806 -0.0290205 16.371 1.24886 15.8047 1.24812 0.0271703
0.55 0 16.6283 1.24272 -0.0310727 16.3697 1.17849 15.857 1.17905 -0.0907146
0.55 0.05 16.8199 1.2009 -0.12016 16.5562 1.13871 14.3693 1.01004 3.75477
0.55 0.1 17.0678 1.05921 -0.212336 16.7437 0.996975 13.2299 0.807177 6.66113
0.55 0.15 17.313 0.798941 -0.297539 16.954 0.748515 12.2527 0.551157 8.45096
0.55 0.2 17.4953 0.431364 -0.358082 17.1219 0.403172 11.6351 0.276702 9.46014
0.55 0.25 17.5623 -2.46767e-08 -0.38007 17.1858 -2.37747e-08 11.4211 -1.08466e-07 9.79916
0.55 0.3 17.4953 -0.431364 -0.358082 17.1219 -0.403172 11.6351 -0.276702 9.46014
0.55 0.35 17.313 -0.798941 -0.297539 16.954 -0.748515 12.2527 -0.551157 8.45096
0.55 0.4 17.0678 -1.05921 -0.212336 16.7437 -0.996975 13.2299 -0.807176 6.66113
0.55 0.45 16.8199 -1.2009 -0.12016 16.5562 -1.13871 14.3693 -1.01004 3.75477
0.55 0.5 16.6283 -1.24272 -0.0310727 16.3697 -1.17849 15.7819 -1.17198 0.217308
0.55 0.55 16.485 -1.20122 0.061882 16.0951 -1.1241 17.1136 -1.2379 -2.70411
0.55 0.6 16.3491 -1.05703 0.159578 15.7776 -0.971597 18.1041 -1.16323 -4.58358
0.55 0.65 16.2199 -0.793453 0.250511 15.4888 -0.718164 18.8044 -0.910348 -5.71051
0.55 0.7 16.1271 -0.426452 0.314785 15.2873 -0.381929 19.2182 -0.502435 -6.31596
0.55 0.75 16.0933 -5.46722e-08 0.338014 15.2152 -4.0953e-08 19.354 -1.49984e-07 -6.5033
0.55 0.8 16.1271 0.426451 0.314785 15.2873 0.381929 19.2182 0.502435 -6.31596
0.55 0.85 16.2199 0.793453 0.250511 15.4888 0.718163 18.8044 0.910348 -5.71051
0.55 0.9 16.3491 1.05703 0.159578 15.7776 0.971597 18.1041 1.16323 -4.58358
0.55 0.95 16.485 1.20122 0.0618821 16.0951 1.1241 17.1136 1.2379 -2.70411
0.55 1 16.6283 1.24272 -0.0310727 16.3697 1.17849 15.7069 1.16492 -0.0907146
0.6 0 16.6291 1.03348 -0.0327572 16.366 0.981845 15.8649 0.975088 -0.318145
0.6 0.05 16.9654 0.992742 -0.0991393 16.7569 0.9504 13.0485 0.738372 3.36208
0.6 0.1 17.3723 0.863813 -0.157645 17.1611 0.827894 10.81 0.518825 5.99529
0.6 0.15 17.7617 0.63819 -0.20101 17.5798 0.61515 8.77496 0.298285 7.26823
0.6 0.2 18.0421 0.338618 -0.224636 17.8968 0.328385 7.39018 0.124661 7.82202
0.6 0.25 18.1444 4.39495e-08 -0.232168 18.0152 3.75007e-08 6.90115 3.45426e-09 8.00142
0.6 0.3 18.0421 -0.338618 -0.224636 17.8968 -0.328385 7.39018 -0.124661 7.82202
0.6 0.35 17.7617 -0.63819 -0.20101 17.5798 -0.61515 8.77496 -0.298285 7.26823
0.6 0.4 17.3723 -0.863813 -0.157645 17.1611 -0.827894 10.81 -0.518825 5.99529
0.6 0.45 16.9654 -0.992742 -0.0991393 16.7569 -0.9504 13.0485 -0.738372 3.36208
0.6 0.5 16.6291 -1.03348 -0.0327572 16.366 -0.981845 15.7247 -0.964955 0.191549
0.6 0.55 16.3331 -0.997771 0.0412284 15.8823 -0.928279 18.2545 -1.10884 -1.95959
0.6 0.6 16.0157 -0.869968 0.113502 15.3497 -0.792924 20.0978 -1.08946 -3.0333
0.6 0.65 15.7186 -0.643897 0.174424 14.8748 -0.578152 21.3528 -0.872149 -3.57278
0.6 0.7 15.5083 -0.342483 0.213447 14.5515 -0.304167 22.0597 -0.485861 -3.81747
0.6 0.75 15.4324 -2.89725e-08 0.227139 14.4374 -2.101e-08 22.2862 -6.92857e-08 -3.88113
0.6 0.8 15.5083 0.342483 0.213447 14.5515 0.304167 22.0597 0.485861 -3.81747
0.6 0.85 15.7186 0.643897 0.174424 14.8748 0.578152 21.3527 0.872149 -3.57278
0.6 0.9 16.0157 0.869968 0.113502 15.3497 0.792924 20.0978 1.08946 -3.0333
0.6 0.95 16.3331 0.997771 0.0412284 15.8823 0.928279 18.2545 1.10884 -1.95959
0.6 1 16.6291 1.03348 -0.0327572 16.366 0.981845 15.5845 0.954822 -0.318145
0.65 0 16.6328 0.728542 -0.0335092 16.3609 0.693428 15.8549 0.682244 -0.54915
0.65 0.05 17.0831 0.692242 -0.0753026 16.9122 0.669873 11.9506 0.451981 2.40021
0.65 0.1 17.6049 0.5868 -0.0992828 17.4674 0.57364 8.76119 0.26649 4.236
0.65 0.15 18.0851 0.416461 -0.102744 18.0049 0.413288 5.81901 0.114176 4.45576
0.65 0.2 18.4126 0.210487 -0.093852 18.3792 0.211164 3.73731 0.0270265 3.98358
0.65 0.25 18.5254 9.44756e-08 -0.0880979 18.5088 9.02981e-08 2.98599 4.0627e-08 3.7118
0.65 0.3 18.4126 -0.210487 -0.0938521 18.3792 -0.211164 3.73731 -0.0270265 3.98358
0.65 0.35 18.0851 -0.416461 -0.102744 18.0049 -0.413288 5.81901 -0.114176 4.45576
0.65 0.4 17.6049 -0.5868 -0.0992828 17.4674 -0.57364 8.76119 -0.26649 4.236
0.65 0.45 17.0831 -0.692242 -0.0753026 16.9122 -0.669873 11.9506 -0.451981 2.40021
0.65 0.5 16.6328 -0.728542 -0.0335092 16.3609 -0.693428 15.6687 -0.672685 -0.00827539
0.65 0.55 16.2149 -0.701423 0.0171342 15.711 -0.649289 19.1184 -0.820847 -1.33502
0.65 0.6 15.759 -0.604565 0.0605811 15.0155 -0.546624 21.6098 -0.827868 -1.74324
0.65 0.65 15.3427 -0.442168 0.090367 14.4123 -0.393253 23.2701 -0.668728 -1.82367
0.65 0.7 15.0537 -0.232568 0.107002 14.0117 -0.204463 24.1964 -0.372877 -1.80863
0.65 0.75 14.951 -4.17428e-09 0.112227 13.8727 -5.09873e-09 24.4929 1.18115e-09 -1.7875
0.65 0.8 15.0537 0.232568 0.107002 14.0117 0.204463 24.1964 0.372877 -1.80863
0.65 0.85 15.3427 0.442168 0.090367 14.4123 0.393253 23.2701 0.668728 -1.82367
0.65 0.9 15.759 0.604565 0.0605811 15.0155 0.546624 21.6098 0.827867 -1.74324
0.65 0.95 16.2149 0.701423 0.0171342 15.711 0.649289 19.1184 0.820847 -1.33502
0.65 1 16.6328 0.728542 -0.0335092 16.3609 0.693428 15.4824 0.663125 -0.54915
0.7 0 16.6379 0.372656 -0.0322664 16.3568 0.355355 15.8502 0.342178 -0.452067
0.7 0.05 17.1637 0.3497 -0.0527171 17.0103 0.341311 11.2491 0.200057 1.21258
0.7 0.1 17.7506 0.288862 -0.0579346 17.6488 0.287524 7.42897 0.091071 2.11057
0.7 0.15 18.2756 0.193435 -0.0455042 18.2332 0.196616 3.89111 0.0172 1.54585
0.7 0.2 18.6043 0.0891177 -0.0285038 18.5957 0.0906401 1.37415 0.00373228 0.072715
0.7 0.25 18.7019 7.61396e-08 -0.0224486 18.7 7.7097e-08 0.574554 2.47861e-08 -0.738828
0.7 0.3 18.6043 -0.0891176 -0.0285038 18.5957 -0.09064 1.37415 -0.00373233 0.0727155
0.7 0.35 18.2756 -0.193435 -0.0455042 18.2332 -0.196616 3.89112 -0.0172 1.54585
0.7 0.4 17.7506 -0.288862 -0.0579346 17.6488 -0.287524 7.42897 -0.0910711 2.11057
0.7 0.45 17.1637 -0.3497 -0.0527171 17.0103 -0.341311 11.2491 -0.200057 1.21258
0.7 0.5 16.6379 -0.372656 -0.0322664 16.3568 -0.355355 15.639 -0.336055 -0.101412
0.7 0.55 16.1371 -0.357116 -0.00602998 15.5997 -0.32976 19.6486 -0.427461 -0.714099
0.7 0.6 15.6042 -0.305742 0.0135613 14.802 -0.273702 22.5401 -0.436863 -0.764049
0.7 0.65 15.1248 -0.222333 0.0239128 14.1183 -0.193942 24.4284 -0.353766 -0.635373
0.7 0.7 14.802 -0.115381 0.0284127 13.67 -0.0995571 25.47 -0.19601 -0.49756
0.7 0.75 14.6913 6.17191e-09 0.0296152 13.5152 9.61363e-10 25.8018 1.56372e-08 -0.438558
0.7 0.8 14.802 0.115381 0.0284127 13.67 0.0995571 25.47 0.196009 -0.49756
0.7 0.85 15.1248 0.222333 0.0239128 14.1183 0.193942 24.4284 0.353766 -0.635373
0.7 0.9 15.6042 0.305742 0.0135613 14.802 0.273702 22.5401 0.436863 -0.764048
0.7 0.95 16.1371 0.357116 -0.00602997 15.5997 0.32976 19.6486 0.427461 -0.714099
0.7 1 16.6379 0.372656 -0.0322664 16.3568 0.355355 15.4278 0.329933 -0.452067
0.75 0 16.6403 0.000664433 -0.0290493 16.3546 1.03665e-05 15.8501 -0.0101149 0.0272182
0.75 0.05 17.1933 0.000621877 -0.0300498 17.0447 1.26142e-05 11.0156 -0.0148356 0.027318
0.75 0.1 17.7997 0.000512689 -0.0311084 17.7073 1.79893e-05 7.02352 -0.0181969 0.0276067
0.75 0.15 18.3389 0.000356843 -0.0320148 18.3053 2.63737e-05 3.29913 -0.0174756 0.0281962
0.75 0.2 18.6559 0.000171561 -0.0325319 18.6495 1.69551e-05 0.550049 -0.00958864 0.0286743
0.75 0.25 18.7423 3.31525e-10 -0.0326723 18.7386 4.22075e-11 -0.108924 -9.46612e-09 0.0287745
0.75 0.3 18.6559 -0.00017156 -0.0325319 18.6495 -1.69544e-05 0.550049 0.00958867 0.0286744
0.75 0.35 18.3389 -0.00035684 -0.0320148 18.3053 -2.63711e-05 3.29914 0.0174756 0.0281962
0.75 0.4 17.7997 -0.000512686 -0.0311084 17.7073 -1.7986e-05 7.02352 0.0181969 0.0276066
0.75 0.45 17.1933 -0.000621873 -0.0300498 17.0447 -1.26096e-05 11.0155 0.0148356 0.0273181
0.75 0.5 16.6403 -0.000664428 -0.0290493 16.3546 -1.03618e-05 15.6365 0.0115099 0.027239
0.75 0.55 16.1092 -0.00063534 -0.0280761 15.5616 -1.05451e-05 19.8219 0.00984309 0.0272006
0.75 0.6 15.5538 -0.000546245 -0.027078 14.7279 -1.28867e-05 22.8497 0.00795578 0.0271018
0.75 0.65 15.0571 -0.000411102 -0.0262007 14.0155 -1.36646e-05 24.8069 0.00546401 0.0269952
0.75 0.7 14.7301 -0.000220905 -0.025625 13.5486 -8.78041e-06 25.8802 0.00274476 0.0269588
0.75 0.75 14.6208 1.64342e-10 -0.0254341 13.3879 3.65367e-10 26.2205 -9.98553e-10 0.0269664
0.75 0.8 14.7301 0.000220906 -0.025625 13.5486 8.78194e-06 25.8802 -0.00274477 0.026959
0.75 0.85 15.0571 0.000411104 -0.0262007 14.0155 1.36677e-05 24.8069 -0.005464 0.0269956
0.75 0.9 15.5538 0.000546247 -0.027078 14.7279 1.289e-05 22.8497 -0.0079558 0.0271024
0.75 0.95 16.1092 0.000635344 -0.0280761 15.5616 1.0548e-05 19.8219 -0.00984311 0.0272009
0.75 1 16.6403 0.000664433 -0.0290493 16.3546 1.03665e-05 15.4229 -0.0129049 0.0272182
0.8 0 16.6379 -0.371355 -0.025819 16.3568 -0.355339 15.8504 -0.360894 0.506465
0.8 0.05 17.1639 -0.348463 -0.00727455 17.0103 -0.341294 11.2661 -0.227048 -1.15813
0.8 0.1 17.751 -0.287817 -0.00414086 17.6488 -0.287507 7.46039 -0.122663 -2.05597
0.8 0.15 18.2761 -0.192712 -0.0184033 18.2332 -0.196607 3.92914 -0.0453231 -1.491
0.8 0.2 18.6047 -0.0887638 -0.0365133 18.5958 -0.0906334 1.40836 -0.019128 -0.0178693
0.8 0.25 18.7022 -7.76322e-08 -0.0428855 18.7 -7.88463e-08 0.60279 -1.695e-08 0.793543
0.8 0.3 18.6047 0.0887637 -0.0365133 18.5958 0.0906333 1.40836 0.019128 -0.0178698
0.8 0.35 18.2761 0.192712 -0.0184033 18.2332 0.196607 3.92914 0.045323 -1.491
0.8 0.4 17.751 0.287817 -0.00414085 17.6488 0.287507 7.46039 0.122663 -2.05597
0.8 0.45 17.1639 0.348463 -0.00727455 17.0103 0.341294 11.2661 0.227048 -1.15813
0.8 0.5 16.6379 0.371355 -0.025819 16.3568 0.355339 15.6392 0.357648 0.155815
0.8 0.55 16.1369 0.355862 -0.0502192 15.5997 0.329744 19.6397 0.446124 0.768466
0.8 0.6 15.6037 0.304664 -0.0678745 14.802 0.273688 22.5259 0.451983 0.818363
0.8 0.65 15.1242 0.221557 -0.0765054 14.1183 0.193931 24.411 0.364124 0.689672
0.8 0.7 14.8012 0.114978 -0.0798605 13.67 0.0995522 25.4507 0.201203 0.551915
0.8 0.75 14.6906 -7.41162e-09 -0.080672 13.5152 -1.99736e-09 25.7818 -2.92774e-08 0.492957
0.8 0.8 14.8012 -0.114978 -0.0798604 13.67 -0.0995522 25.4507 -0.201203 0.551916
0.8 0.85 15.1242 -0.221557 -0.0765054 14.1183 -0.193931 24.411 -0.364124 0.689672
0.8 0.9 15.6037 -0.304664 -0.0678745 14.802 -0.273688 22.5259 -0.451983 0.818364
0.8 0.95 16.1369 -0.355862 -0.0502192 15.5997 -0.329744 19.6397 -0.446124 0.768467
0.8 1 16.6379 -0.371355 -0.025819 16.3568 -0.355339 15.428 -0.354401 0.506465
0.85 0 16.6328 -0.727354 -0.0245499 16.3609 -0.693421 15.8555 -0.697049 0.603497
0.85 0.05 17.0837 -0.691085 0.01559 16.9122 -0.669868 11.9825 -0.472127 -2.34608
0.85 0.1 17.6059 -0.585766 0.0376482 17.4674 -0.573641 8.81755 -0.288225 -4.18224
0.85 0.15 18.0863 -0.415658 0.039329 18.0049 -0.413296 5.88699 -0.132696 -4.40253
0.85 0.2 18.4138 -0.210027 0.0292125 18.3793 -0.211172 3.80712 -0.036851 -3.93094
0.85 0.25 18.5266 -9.71897e-08 0.0230339 18.5089 -9.24181e-08 3.05417 -6.32703e-08 -3.65947
0.85 0.3 18.4138 0.210027 0.0292125 18.3793 0.211171 3.80712 0.0368511 -3.93094
0.85 0.35 18.0863 0.415658 0.0393291 18.0049 0.413296 5.88699 0.132695 -4.40253
0.85 0.4 17.6059 0.585766 0.0376482 17.4674 0.573641 8.81755 0.288225 -4.18224
0.85 0.45 17.0837 0.691085 0.01559 16.9122 0.669868 11.9825 0.472127 -2.34608
0.85 0.5 16.6328 0.727354 -0.0245499 16.3609 0.693421 15.6692 0.690405 0.0625812
0.85 0.55 16.2144 0.70027 -0.0736486 15.711 0.649283 19.1002 0.836867 1.38942
0.85 0.6 15.7579 0.603551 -0.115405 15.0155 0.546621 21.5812 0.84106 1.79775
0.85 0.65 15.3412 0.441412 -0.143642 14.4123 0.393254 23.2359 0.677837 1.87832
0.85 0.7 15.052 0.232159 -0.1592 14.0117 0.204464 24.1593 0.377451 1.8634
0.85 0.75 14.9492 3.7731e-10 -0.164042 13.8727 1.93839e-09 24.455 -9.80011e-09 1.84231
0.85 0.8 15.052 -0.232159 -0.1592 14.0117 -0.204464 24.1593 -0.377451 1.8634
0.85 0.85 15.3412 -0.441412 -0.143642 14.4123 -0.393254 23.2359 -0.677837 1.87832
0.85 0.9 15.7579 -0.603551 -0.115405 15.0155 -0.546621 21.5812 -0.84106 1.79775
0.85 0.95 16.2144 -0.70027 -0.0736486 15.711 -0.649283 19.1002 -0.836866 1.38942
0.85 1 16.6328 -0.727354 -0.0245499 16.3609 -0.693421 15.483 -0.683762 0.603497
0.9 0 16.6291 -1.03256 -0.0252834 16.366 -0.981847 15.8656 -0.98447 0.372505
0.9 0.05 16.9661 -0.991823 0.0398337 16.757 -0.950404 13.0905 -0.750053 -3.30803
0.9 0.1 17.3737 -0.862955 0.0967859 17.1611 -0.8279 10.8816 -0.531137 -5.94154
0.9 0.15 17.7637 -0.637488 0.138629 17.5798 -0.615156 8.86438 -0.309137 -7.21472
0.9 0.2 18.0444 -0.338214 0.161136 17.8968 -0.32839 7.48859 -0.130814 -7.76864
0.9 0.25 18.1468 -4.47915e-08 0.168258 18.0152 -3.77257e-08 7.00237 -3.70421e-08 -7.94809
0.9 0.3 18.0444 0.338214 0.161136 17.8968 0.32839 7.48859 0.130814 -7.76864
0.9 0.35 17.7637 0.637488 0.138629 17.5798 0.615156 8.86438 0.309137 -7.21472
0.9 0.4 17.3737 0.862955 0.0967859 17.1611 0.8279 10.8816 0.531137 -5.94154
0.9 0.45 16.9661 0.991823 0.0398337 16.757 0.950404 13.0905 0.750053 -3.30803
0.9 0.5 16.6291 1.03256 -0.0252834 16.366 0.981847 15.7254 0.977285 -0.137223
0.9 0.55 16.3324 0.996871 -0.0981556 15.8823 0.928281 18.227 1.12126 2.01413
0.9 0.6 16.0141 0.86915 -0.169218 15.3497 0.792925 20.0543 1.10011 3.08797
0.9 0.65 15.7164 0.64326 -0.228983 14.8748 0.578153 21.2998 0.879655 3.62752
0.9 0.7 15.5055 0.342133 -0.26718 14.5514 0.304168 22.0018 0.489684 3.87225
0.9 0.75 15.4295 2.59224e-08 -0.280573 14.4374 1.8293e-08 22.2267 5.40862e-08 3.93591
0.9 0.8 15.5055 -0.342133 -0.26718 14.5514 -0.304168 22.0018 -0.489684 3.87225
0.9 0.85 15.7164 -0.64326 -0.228983 14.8748 -0.578153 21.2998 -0.879655 3.62752
0.9 0.9 16.0141 -0.86915 -0.169218 15.3497 -0.792925 20.0543 -1.10011 3.08797
0.9 0.95 16.3324 -0.996871 -0.0981556 15.8823 -0.928281 18.227 -1.12126 2.01413
0.9 1 16.6291 -1.03256 -0.0252834 16.366 -0.981847 15.5851 -0.970099 0.372505
0.95 0 16.6283 -1.2422 -0.0269667 16.3697 -1.17849 15.8574 -1.18232 0.145077
0.95 0.05 16.8207 -1.20039 0.0613871 16.5562 -1.13872 14.4145 -1.01384 -3.70049
0.95 0.1 17.0696 -1.05873 0.152601 16.7437 -0.996977 13.306 -0.811701 -6.60686
0.95 0.15 17.3157 -0.79855 0.23683 16.954 -0.748517 12.3496 -0.555707 -8.39666
0.95 0.2 17.4986 -0.431139 0.296633 17.1219 -0.403173 11.7442 -0.279441 -9.40576
0.95 0.25 17.5659 2.76785e-08 0.318346 17.1858 2.65503e-08 11.5342 -1.1305e-09 -9.74474
0.95 0.3 17.4986 0.431139 0.296633 17.1219 0.403173 11.7442 0.279441 -9.40576
0.95 0.35 17.3157 0.79855 0.236829 16.954 0.748517 12.3496 0.555707 -8.39666
0.95 0.4 17.0696 1.05873 0.152601 16.7437 0.996977 13.306 0.811701 -6.60686
0.95 0.45 16.8207 1.20039 0.0613871 16.5562 1.13872 14.4145 1.01384 -3.70049
0.95 0.5 16.6283 1.2422 -0.0269666 16.3697 1.17849 15.7824 1.17821 -0.162905
0.95 0.55 16.4841 1.20071 -0.119367 16.0951 1.12411 17.0777 1.246 2.75872
0.95 0.6 16.3472 1.05656 -0.216519 15.7776 0.971599 18.0456 1.17033 4.63834
0.95 0.65 16.217 0.793069 -0.306918 15.4888 0.718166 18.7312 0.915259 5.76537
0.95 0.7 16.1236 0.426231 -0.370793 15.2873 0.381931 19.1367 0.504897 6.37088
0.95 0.75 16.0895 5.67438e-08 -0.393875 15.2152 4.23945e-08 19.2697 1.03001e-07 6.55825
0.95 0.8 16.1236 -0.426231 -0.370793 15.2873 -0.381931 19.1367 -0.504896 6.37088
0.95 0.85 16.217 -0.793069 -0.306918 15.4888 -0.718166 18.7312 -0.915259 5.76537
0.95 0.9 16.3472 -1.05656 -0.216519 15.7776 -0.971599 18.0456 -1.17033 4.63834
0.95 0.95 16.4841 -1.20071 -0.119367 16.0951 -1.12411 17.0777 -1.246 2.75872
0.95 1 16.6283 -1.2422 -0.0269667 16.3697 -1.17849 15.7073 -1.17409 0.145077
1 0 16.6286 -1.31806 -0.0290205 16.371 -1.24886 15.7564 -1.24431 -1.73498
1 0.05 16.6552 -1.27461 0.0703964 16.3276 -1.19975 15.7731 -1.1953 -3.61503
1 0.1 16.7158 -1.12711 0.177121 16.2611 -1.04661 15.7703 -1.04931 -6.39995
1 0.15 16.7793 -0.852714 0.279701 16.2134 -0.782159 15.7274 -0.784627 -8.26626
1 0.2 16.8273 -0.461658 0.354706 16.1859 -0.419975 15.7031 -0.420701 -9.36569
1 0.25 16.8454 6.17882e-08 0.382567 16.1772 4.99242e-08 15.6935 1.0271e-07 -9.73957
1 0.3 16.8273 0.461658 0.354706 16.1859 0.419975 15.7031 0.420701 -9.36569
1 0.35 16.7793 0.852714 0.279701 16.2134 0.782159 15.7274 0.784627 -8.26626
1 0.4 16.7158 1.12711 0.177121 16.2611 1.04661 15.7703 1.04931 -6.39995
1 0.45 16.6552 1.27461 0.0703964 16.3276 1.19975 15.7731 1.1953 -3.61503
1 0.5 16.6286 1.31806 -0.0290205 16.371 1.24886 15.8045 1.2496 0.0272332
1 0.55 16.6543 1.27461 -0.128533 16.3276 1.19975 15.7764 1.20153 3.66965
1 0.6 16.7138 1.12711 -0.235479 16.2611 1.04661 15.7231 1.05292 6.45479
1 0.65 16.7763 0.8527 -0.338287 16.2134 0.782161 15.7101 0.789096 8.32134
1 0.7 16.8235 0.461645 -0.413462 16.1859 0.419976 15.7434 0.424743 9.42099
1 0.75 16.8414 6.23649e-08 -0.441386 16.1772 5.16237e-08 15.7579 3.39308e-08 9.79494
1 0.8 16.8235 -0.461645 -0.413462 16.1859 -0.419976 15.7434 -0.424743 9.42099
1 0.85 16.7763 -0.8527 -0.338287 16.2134 -0.782161 15.7102 -0.789096 8.32134
1 0.9 16.7138 -1.12711 -0.235479 16.2611 -1.04661 15.7231 -1.05292 6.45479
1 0.95 16.6543 -1.27461 -0.128533 16.3276 -1.19975 15.7764 -1.20153 3.66965
1 1 16.6286 -1.31806 -0.0290205 16.371 -1.24886 15.8526 -1.25488 1.90736
