0 16.6805 0.268401 16.3154 16.3719 -10.5674
0.01 16.6673 0.27803 16.2454 17.3152 -10.2191
0.02 16.6539 0.2856 16.1726 18.2482 -9.85855
0.03 16.6405 0.291011 16.0974 19.1609 -9.472
0.04 16.6271 0.2942 16.0202 20.0497 -9.06493
0.05 16.6136 0.295143 15.9415 20.9111 -8.64156
0.06 16.6003 0.293849 15.8617 21.7421 -8.20507
0.07 16.5872 0.290359 15.7815 22.5399 -7.75782
0.08 16.5744 0.28474 15.7013 23.302 -7.30162
0.09 16.562 0.277084 15.6218 24.0263 -6.83788
0.1 16.5502 0.267497 15.5434 24.711 -6.36787
0.11 16.539 0.256099 15.4668 25.3546 -5.89288
0.12 16.5286 0.243019 15.3925 25.9556 -5.41431
0.13 16.519 0.228387 15.321 26.5133 -4.93384
0.14 16.5104 0.212332 15.253 27.0267 -4.45353
0.15 16.5029 0.194978 15.1888 27.4953 -3.97581
0.16 16.4964 0.176442 15.1291 27.9188 -3.50357
0.17 16.4909 0.156829 15.0741 28.297 -3.04006
0.18 16.4866 0.136232 15.0244 28.6298 -2.58885
0.19 16.4833 0.114735 14.9804 28.9173 -2.15358
0.2 16.481 0.0924141 14.9424 29.1595 -1.73769
0.21 16.4795 0.0693434 14.9108 29.3568 -1.34385
0.22 16.4787 0.0456035 14.8858 29.5093 -0.973266
0.23 16.4783 0.0213034 14.8677 29.6172 -0.624734
0.24 16.4782 -0.00341336 14.8568 29.6807 -0.293829
0.25 16.4781 -0.0283247 14.8532 29.7 0.0271866
0.26 16.4781 -0.0532394 14.8568 29.675 0.348206
0.27 16.4781 -0.0779667 14.8677 29.6057 0.67912
0.28 16.4784 -0.102285 14.8858 29.4921 1.02766
0.29 16.4791 -0.126049 14.9108 29.3341 1.39825
0.3 16.4805 -0.14915 14.9424 29.1314 1.7921
0.31 16.4828 -0.171506 14.9804 28.8839 2.20799
0.32 16.4859 -0.193044 15.0244 28.5913 2.64326
0.33 16.4901 -0.213689 15.0741 28.2534 3.09447
0.34 16.4954 -0.233357 15.1291 27.8704 3.55798
0.35 16.5018 -0.251954 15.1888 27.4421 4.03022
0.36 16.5093 -0.269377 15.253 26.9688 4.50794
0.37 16.5178 -0.285509 15.321 26.4509 4.98826
0.38 16.5273 -0.300227 15.3925 25.889 5.46872
0.39 16.5376 -0.313399 15.4668 25.2837 5.94729
0.4 16.5488 -0.324897 15.5434 24.6363 6.42229
0.41 16.5606 -0.33459 15.6218 23.9478 6.89229
0.42 16.5729 -0.342359 15.7013 23.2199 7.35603
0.43 16.5857 -0.348095 15.7815 22.4545 7.81224
0.44 16.5987 -0.351706 15.8617 21.6537 8.25949
0.45 16.612 -0.353124 15.9415 20.8199 8.69598
0.46 16.6255 -0.352307 16.0202 19.956 9.11935
0.47 16.6389 -0.349243 16.0974 19.065 9.52642
0.48 16.6524 -0.343956 16.1726 18.1504 9.91297
0.49 16.6657 -0.336506 16.2454 17.2158 10.2735
0.5 16.679 -0.326992 16.3154 16.2653 10.6011
0.51 16.6921 -0.315555 16.3822 15.303 10.8875
0.52 16.7051 -0.302369 16.4456 14.3335 11.1229
0.53 16.7179 -0.287647 16.5052 13.3615 11.2966
0.54 16.7306 -0.271631 16.5608 12.3915 11.3977
0.55 16.7432 -0.254587 16.6123 11.4286 11.4153
0.56 16.7557 -0.2368 16.6593 10.4775 11.3393
0.57 16.768 -0.218563 16.7018 9.54298 11.1609
0.58 16.7802 -0.20017 16.7397 8.62982 10.8727
0.59 16.7922 -0.18191 16.773 7.74265 10.4685
0.6 16.804 -0.164057 16.8017 6.88601 9.94321
0.61 16.8155 -0.146862 16.8261 6.0643 9.29166
0.62 16.8265 -0.13055 16.8462 5.28185 8.50787
0.63 16.8371 -0.115311 16.8626 4.54275 7.58475
0.64 16.847 -0.101297 16.8755 3.85057 6.51846
0.65 16.8562 -0.0886176 16.8855 3.20793 5.31991
0.66 16.8645 -0.0773401 16.8932 2.61684 4.02722
0.67 16.8718 -0.0674875 16.899 2.07972 2.70445
0.68 16.8781 -0.0590383 16.9034 1.59967 1.4222
0.69 16.8834 -0.0519321 16.9066 1.17953 0.237607
0.7 16.8875 -0.0460671 16.909 0.821472 -0.809476
0.71 16.8905 -0.0413111 16.9107 0.527093 -1.68597
0.72 16.8926 -0.0374925 16.9118 0.297566 -2.34999
0.73 16.8937 -0.0344196 16.9125 0.134291 -2.72684
0.74 16.8942 -0.0318441 16.9128 0.0333961 -2.54064
0.75 16.8943 -0.0295266 16.9129 -0.00861988 0.0276534
0.76 16.8942 -0.0272112 16.9128 0.0527893 2.59518
0.77 16.8938 -0.024648 16.9125 0.159739 2.78099
0.78 16.8926 -0.0215929 16.9118 0.328498 2.40443
0.79 16.8906 -0.0177966 16.9107 0.562934 1.74039
0.8 16.8877 -0.0130659 16.909 0.862032 0.863932
0.81 16.8836 -0.00722774 16.9066 1.22463 -0.183161
0.82 16.8784 -0.000148714 16.9034 1.6493 -1.36776
0.83 16.8722 0.00827422 16.899 2.13398 -2.65007
0.84 16.8649 0.0181028 16.8932 2.67595 -3.97292
0.85 16.8567 0.0293596 16.8856 3.27216 -5.26567
0.86 16.8476 0.0420225 16.8755 3.92007 -6.46425
0.87 16.8377 0.0560264 16.8626 4.61748 -7.53051
0.88 16.8273 0.0712617 16.8462 5.36157 -8.4536
0.89 16.8163 0.0875778 16.8261 6.14861 -9.23737
0.9 16.8049 0.104785 16.8017 6.97442 -9.88889
0.91 16.7932 0.12266 16.773 7.83464 -10.4142
0.92 16.7812 0.140952 16.7397 8.72483 -10.8183
0.93 16.7691 0.159388 16.7018 9.64045 -11.1065
0.94 16.7568 0.177678 16.6593 10.5769 -11.2849
0.95 16.7444 0.19553 16.6123 11.5293 -11.3609
0.96 16.7319 0.212648 16.5608 12.4931 -11.3433
0.97 16.7192 0.228749 16.5052 13.4635 -11.2422
0.98 16.7065 0.243565 16.4456 14.4355 -11.0685
0.99 16.6935 0.256853 16.3822 15.4045 -10.8331
1 16.6805 0.268401 16.3154 16.3719 -10.5674
