0 32.0579 10.1354 77.7031 -20.4545
0.0025 31.656 10.0709 77.5242 -20.4019
0.005 31.2498 10.0018 77.2944 -20.3465
0.0075 30.8394 9.928 77.0613 -20.2852
0.01 30.4251 9.84967 76.8248 -20.2181
0.0125 30.007 9.76689 76.5849 -20.1454
0.015 29.5853 9.67975 76.3415 -20.0669
0.0175 29.1603 9.58833 76.0947 -19.9829
0.02 28.7321 9.49274 75.8443 -19.8933
0.0225 28.3011 9.39308 75.5903 -19.7982
0.025 27.8674 9.28948 75.3328 -19.6978
0.0275 27.4312 9.18204 75.0718 -19.5919
0.03 26.9929 9.07089 74.8071 -19.4807
0.0325 26.5527 8.95617 74.5387 -19.3643
0.035 26.1108 8.83799 74.2668 -19.2427
0.0375 25.6675 8.71651 73.9912 -19.116
0.04 25.2231 8.59187 73.712 -18.9843
0.0425 24.7778 8.4642 73.4292 -18.8476
0.045 24.3319 8.33368 73.1427 -18.706
0.0475 23.8857 8.20044 72.8527 -18.5595
0.05 23.4396 8.06465 72.5591 -18.4083
0.0525 22.9936 7.92647 72.2619 -18.2524
0.055 22.5483 7.78607 71.9613 -18.0919
0.0575 22.1038 7.64362 71.6571 -17.9268
0.06 21.6604 7.49927 71.3496 -17.7573
0.0625 21.2185 7.35321 71.0387 -17.5834
0.065 20.7782 7.2056 70.7245 -17.4052
0.0675 20.3401 7.05662 70.4071 -17.2228
0.07 19.9042 6.90645 70.0866 -17.0362
0.0725 19.4709 6.75525 69.7631 -16.8455
0.075 19.0405 6.6032 69.4367 -16.6509
0.0775 18.6132 6.45048 69.1076 -16.4524
0.08 18.1894 6.29726 68.7757 -16.25
0.0825 17.7694 6.14371 68.4414 -16.044
0.085 17.3533 5.98999 68.1047 -15.8343
0.0875 16.9416 5.83628 67.7658 -15.621
0.09 16.5343 5.68274 67.4249 -15.4042
0.0925 16.1319 5.52953 67.0822 -15.1841
0.095 15.7344 5.37681 66.7379 -14.9606
0.0975 15.3423 5.22474 66.3922 -14.7339
0.1 14.9557 5.07346 66.0454 -14.5041
0.1025 14.5748 4.92312 65.6977 -14.2712
0.105 14.1999 4.77387 65.3493 -14.0354
0.1075 13.8312 4.62583 65.0007 -13.7967
0.11 13.4688 4.47914 64.6519 -13.5552
0.1125 13.1131 4.33393 64.3034 -13.3109
0.115 12.764 4.19032 63.9555 -13.0641
0.1175 12.4219 4.04841 63.6085 -12.8146
0.12 12.0869 3.90833 63.2628 -12.5628
0.1225 11.759 3.77016 62.9186 -12.3085
0.125 11.4386 3.63401 62.5765 -12.0519
0.1275 11.1256 3.49996 62.2367 -11.7931
0.13 10.8203 3.3681 61.8996 -11.5322
0.1325 10.5226 3.2385 61.5657 -11.2691
0.135 10.2327 3.11123 61.2354 -11.0041
0.1375 9.95076 2.98636 60.909 -10.7372
0.14 9.67673 2.86394 60.5869 -10.4684
0.1425 9.4107 2.74401 60.2696 -10.1978
0.145 9.15272 2.62663 59.9575 -9.92557
0.1475 8.90282 2.51184 59.6509 -9.6517
0.15 8.66103 2.39965 59.3503 -9.37629
0.1525 8.42734 2.29011 59.056 -9.09941
0.155 8.20178 2.18323 58.7685 -8.82114
0.1575 7.98431 2.07903 58.4879 -8.54156
0.16 7.77493 1.97752 58.2147 -8.26073
0.1625 7.5736 1.8787 57.9492 -7.97875
0.165 7.38028 1.78259 57.6917 -7.69568
0.1675 7.19491 1.68917 57.4424 -7.41159
0.17 7.01744 1.59845 57.2015 -7.12656
0.1725 6.8478 1.51042 56.9692 -6.84064
0.175 6.6859 1.42507 56.7456 -6.5539
0.1775 6.53167 1.34239 56.531 -6.26638
0.18 6.385 1.26236 56.3253 -5.97811
0.1825 6.24578 1.18498 56.1286 -5.68909
0.185 6.11392 1.11022 55.9409 -5.39932
0.1875 5.98928 1.03807 55.7622 -5.10874
0.19 5.87175 0.968522 55.5922 -4.81727
0.1925 5.76118 0.901556 55.431 -4.5248
0.195 5.65745 0.837158 55.2783 -4.23117
0.1975 5.56041 0.775314 55.1337 -3.93621
0.2 5.46992 0.716011 54.9971 -3.6397
0.2025 5.38581 0.659235 54.8679 -3.34147
0.205 5.30794 0.60497 54.7457 -3.04136
0.2075 5.23616 0.553199 54.63 -2.73934
0.21 5.17029 0.503898 54.5199 -2.43556
0.2125 5.1102 0.457039 54.4148 -2.13046
0.215 5.05573 0.412582 54.3138 -1.8249
0.2175 5.00671 0.370473 54.2159 -1.52032
0.22 4.963 0.330641 54.1202 -1.21891
0.2225 4.92444 0.292989 54.0255 -0.923766
0.225 4.89087 0.257393 53.9311 -0.63912
0.2275 4.86213 0.223694 53.8362 -0.370417
0.23 4.83803 0.191692 53.7403 -0.124401
0.2325 4.81836 0.161147 53.6434 0.0909688
0.235 4.80288 0.131773 53.5464 0.266806
0.2375 4.79126 0.103243 53.4511 0.393926
0.24 4.78312 0.0752076 53.3602 0.463994
0.2425 4.77798 0.0472971 53.2782 0.471469
0.245 4.7752 0.0191993 53.2107 0.41664
0.2475 4.77405 -0.00934397 53.1641 0.309288
0.25 4.77366 -0.0382391 53.1438 0.170705
0.2525 4.77345 -0.0671966 53.152 0.0307299
0.255 4.77381 -0.0958547 53.1868 -0.0803788
0.2575 4.77557 -0.124082 53.2431 -0.14033
0.26 4.77949 -0.152076 53.3146 -0.138272
0.2625 4.78626 -0.180146 53.3954 -0.0731295
0.265 4.79636 -0.208663 53.4812 0.0500037
0.2675 4.81021 -0.237989 53.5688 0.222978
0.27 4.82815 -0.268467 53.6564 0.436639
0.2725 4.85041 -0.300395 53.743 0.682035
0.275 4.87723 -0.334031 53.8287 0.951098
0.2775 4.90878 -0.369588 53.9137 1.23695
0.28 4.94523 -0.407237 53.9988 1.53402
0.2825 4.98673 -0.447116 54.085 1.83796
0.285 5.03345 -0.489327 54.1731 2.14556
0.2875 5.08552 -0.533953 54.2642 2.45454
0.29 5.1431 -0.581052 54.3593 2.76339
0.2925 5.20635 -0.630669 54.4592 3.07121
0.295 5.27541 -0.682839 54.5648 3.37752
0.2975 5.35044 -0.737588 54.6766 3.68214
0.3 5.4316 -0.794935 54.7953 3.98509
0.3025 5.51903 -0.8549 54.9214 4.2865
0.305 5.61289 -0.917498 55.0554 4.58657
0.3075 5.71332 -0.982745 55.1974 4.88548
0.31 5.82047 -1.05066 55.3479 5.18344
0.3125 5.93446 -1.12125 55.507 5.48059
0.315 6.05545 -1.19453 55.6748 5.77705
0.3175 6.18354 -1.27053 55.8516 6.07291
0.32 6.31885 -1.34926 56.0372 6.36821
0.3225 6.46151 -1.43074 56.2318 6.66297
0.325 6.61161 -1.51497 56.4353 6.95719
0.3275 6.76926 -1.60198 56.6477 7.25084
0.33 6.93453 -1.69177 56.8687 7.54387
0.3325 7.10751 -1.78436 57.0983 7.83622
0.335 7.28827 -1.87976 57.3364 8.12784
0.3375 7.47687 -1.97797 57.5825 8.41864
0.34 7.67336 -2.079 57.8366 8.70857
0.3425 7.8778 -2.18283 58.0984 8.99754
0.345 8.09021 -2.28947 58.3675 9.28547
0.3475 8.31062 -2.39891 58.6436 9.57229
0.35 8.53903 -2.51113 58.9265 9.85791
0.3525 8.77546 -2.62611 59.2156 10.1423
0.355 9.0199 -2.74384 59.5107 10.4253
0.3575 9.27232 -2.86426 59.8114 10.7069
0.36 9.5327 -2.98736 60.1172 10.987
0.3625 9.801 -3.11309 60.4279 11.2655
0.365 10.0772 -3.2414 60.7429 11.5423
0.3675 10.3611 -3.37223 61.0619 11.8175
0.37 10.6528 -3.50552 61.3845 12.0908
0.3725 10.9522 -3.64121 61.7102 12.3622
0.375 11.259 -3.77922 62.0388 12.6316
0.3775 11.5734 -3.91948 62.3698 12.899
0.38 11.895 -4.06188 62.7028 13.1643
0.3825 12.2238 -4.20634 63.0376 13.4274
0.385 12.5597 -4.35276 63.3736 13.6881
0.3875 12.9024 -4.50103 63.7107 13.9465
0.39 13.2519 -4.65103 64.0484 14.2024
0.3925 13.608 -4.80266 64.3864 14.4558
0.395 13.9704 -4.95577 64.7246 14.7065
0.3975 14.339 -5.11024 65.0624 14.9546
0.4 14.7136 -5.26594 65.3998 15.1998
0.4025 15.0939 -5.42272 65.7364 15.4421
0.405 15.4798 -5.58044 66.072 15.6814
0.4075 15.871 -5.73894 66.4063 15.9177
0.41 16.2673 -5.89807 66.7392 16.1508
0.4125 16.6685 -6.05768 67.0705 16.3807
0.415 17.0743 -6.21759 67.3999 16.6072
0.4175 17.4844 -6.37764 67.7272 16.8303
0.42 17.8985 -6.53766 68.0524 17.0499
0.4225 18.3165 -6.69749 68.3752 17.2659
0.425 18.7381 -6.85695 68.6956 17.4782
0.4275 19.1629 -7.01587 69.0133 17.6867
0.43 19.5907 -7.17406 69.3283 17.8914
0.4325 20.0213 -7.33135 69.6405 18.0922
0.435 20.4543 -7.48758 69.9498 18.2889
0.4375 20.8894 -7.64255 70.2561 18.4815
0.44 21.3264 -7.79609 70.5593 18.67
0.4425 21.765 -7.94803 70.8594 18.8541
0.445 22.2048 -8.09819 71.1562 19.0339
0.4475 22.6457 -8.2464 71.4498 19.2093
0.45 23.0873 -8.39249 71.7402 19.3802
0.4525 23.5294 -8.53629 72.0272 19.5465
0.455 23.9716 -8.67764 72.3108 19.7081
0.4575 24.4137 -8.81636 72.5911 19.8649
0.46 24.8554 -8.95231 72.868 20.017
0.4625 25.2964 -9.08532 73.1415 20.1642
0.465 25.7366 -9.21524 73.4116 20.3064
0.4675 26.1755 -9.34192 73.6783 20.4436
0.47 26.6129 -9.46523 73.9416 20.5757
0.4725 27.0486 -9.58502 74.2016 20.7026
0.475 27.4824 -9.70115 74.4582 20.8243
0.4775 27.9139 -9.8135 74.7114 20.9407
0.48 28.343 -9.92195 74.9614 21.0518
0.4825 28.7694 -10.0264 75.208 21.1574
0.485 29.1929 -10.1267 75.4514 21.2575
0.4875 29.6133 -10.2227 75.6915 21.3521
0.49 30.0304 -10.3144 75.9285 21.4411
0.4925 30.4438 -10.4017 76.1622 21.5244
0.495 30.8536 -10.4844 76.3929 21.602
0.4975 31.2594 -10.5625 76.6204 21.6739
0.5 31.661 -10.636 76.8449 21.7399
0.5025 32.0584 -10.7046 77.0664 21.8
0.505 32.4513 -10.7685 77.2849 21.8542
0.5075 32.8396 -10.8275 77.5004 21.9024
0.51 33.2231 -10.8816 77.7131 21.9446
0.5125 33.6016 -10.9306 77.9229 21.9807
0.515 33.9751 -10.9747 78.13 22.0107
0.5175 34.3434 -11.0138 78.3342 22.0345
0.52 34.7064 -11.0477 78.5358 22.0521
0.5225 35.064 -11.0766 78.7346 22.0635
0.525 35.416 -11.1004 78.9309 22.0686
0.5275 35.7624 -11.119 79.1245 22.0673
0.53 36.103 -11.1326 79.3156 22.0597
0.5325 36.4379 -11.141 79.5042 22.0457
0.535 36.7668 -11.1444 79.6903 22.0252
0.5375 37.0898 -11.1427 79.874 21.9983
0.54 37.4068 -11.1359 80.0553 21.9648
0.5425 37.7177 -11.1241 80.2343 21.9248
0.545 38.0225 -11.1072 80.4109 21.8783
0.5475 38.3212 -11.0854 80.5853 21.8252
0.55 38.6136 -11.0587 80.7574 21.7654
0.5525 38.8999 -11.0271 80.9274 21.699
0.555 39.1799 -10.9907 81.0951 21.626
0.5575 39.4536 -10.9495 81.2607 21.5462
0.56 39.7211 -10.9036 81.4242 21.4598
0.5625 39.9824 -10.8531 81.5856 21.3666
0.565 40.2374 -10.798 81.745 21.2667
0.5675 40.4861 -10.7383 81.9024 21.1601
0.57 40.7286 -10.6743 82.0578 21.0467
0.5725 40.9649 -10.6058 82.2112 20.9265
0.575 41.195 -10.5331 82.3627 20.7996
0.5775 41.419 -10.4563 82.5122 20.6659
0.58 41.6368 -10.3753 82.6599 20.5254
0.5825 41.8486 -10.2903 82.8058 20.3782
0.585 42.0543 -10.2014 82.9498 20.2242
0.5875 42.254 -10.1087 83.092 20.0635
0.59 42.4478 -10.0123 83.2324 19.8961
0.5925 42.6357 -9.91223 83.3711 19.722
0.595 42.8178 -9.80866 83.508 19.5412
0.5975 42.9941 -9.70169 83.6432 19.3538
0.6 43.1646 -9.59141 83.7767 19.1598
0.6025 43.3296 -9.47794 83.9085 18.9593
0.605 43.489 -9.36137 84.0387 18.7523
0.6075 43.6429 -9.24183 84.1673 18.5388
0.61 43.7914 -9.11941 84.2942 18.319
0.6125 43.9345 -8.99424 84.4196 18.0928
0.615 44.0724 -8.86643 84.5434 17.8605
0.6175 44.2051 -8.73607 84.6656 17.622
0.62 44.3327 -8.6033 84.7863 17.3776
0.6225 44.4554 -8.46821 84.9055 17.1271
0.625 44.573 -8.33093 85.0231 16.8709
0.6275 44.6859 -8.19156 85.1393 16.6091
0.63 44.794 -8.05021 85.2541 16.3417
0.6325 44.8975 -7.90699 85.3673 16.0689
0.635 44.9964 -7.76201 85.4792 15.7908
0.6375 45.0909 -7.61537 85.5896 15.5078
0.64 45.1809 -7.46719 85.6986 15.2198
0.6425 45.2667 -7.31756 85.8062 14.9271
0.645 45.3484 -7.16659 85.9124 14.63
0.6475 45.4259 -7.01438 86.0172 14.3286
0.65 45.4995 -6.86101 86.1206 14.0231
0.6525 45.5692 -6.7066 86.2226 13.7138
0.655 45.6351 -6.55122 86.3233 13.4009
0.6575 45.6973 -6.39496 86.4225 13.0847
0.66 45.7559 -6.23792 86.5203 12.7655
0.6625 45.8111 -6.08017 86.6167 12.4434
0.665 45.8629 -5.92179 86.7117 12.1188
0.6675 45.9114 -5.76285 86.8052 11.7919
0.67 45.9568 -5.60342 86.8973 11.4631
0.6725 45.9991 -5.44358 86.9878 11.1325
0.675 46.0384 -5.28337 87.0768 10.8006
0.6775 46.0749 -5.12286 87.1642 10.4676
0.68 46.1087 -4.96211 87.25 10.1338
0.6825 46.1398 -4.80115 87.3342 9.79939
0.685 46.1684 -4.64004 87.4166 9.46476
0.6875 46.1946 -4.47881 87.4972 9.13015
0.69 46.2186 -4.3175 87.576 8.79583
0.6925 46.2403 -4.15613 87.6529 8.46205
0.695 46.26 -3.99474 87.7278 8.12904
0.6975 46.2777 -3.83334 87.8006 7.79704
0.7 46.2936 -3.67196 87.8714 7.46625
0.7025 46.3078 -3.5106 87.9398 7.13687
0.705 46.3204 -3.34929 88.006 6.80906
0.7075 46.3315 -3.18801 88.0698 6.48296
0.71 46.3412 -3.02679 88.131 6.15871
0.7125 46.3497 -2.86562 88.1897 5.83639
0.715 46.3571 -2.70449 88.2457 5.51607
0.7175 46.3634 -2.54341 88.2988 5.1978
0.72 46.3688 -2.38237 88.3491 4.88157
0.7225 46.3734 -2.22137 88.3965 4.56738
0.725 46.3773 -2.06039 88.4407 4.25517
0.7275 46.3806 -1.89944 88.4818 3.94486
0.73 46.3834 -1.7385 88.5196 3.63635
0.7325 46.3858 -1.57757 88.5542 3.32949
0.735 46.3879 -1.41665 88.5853 3.02414
0.7375 46.3897 -1.25572 88.6129 2.72009
0.74 46.3913 -1.09479 88.6371 2.41715
0.7425 46.3929 -0.933857 88.6577 2.11508
0.745 46.3943 -0.772917 88.6746 1.81365
0.7475 46.3957 -0.611974 88.688 1.51261
0.75 46.3972 -0.451031 88.6976 1.21169
0.7525 46.3986 -0.290087 88.7037 0.910622
0.755 46.4 -0.12914 88.706 0.60915
0.7575 46.4013 0.031811 88.7047 0.307012
0.76 46.4027 0.192767 88.6998 0.00395412
0.7625 46.4039 0.353728 88.6913 -0.300264
0.765 46.405 0.514697 88.6792 -0.605866
0.7675 46.4059 0.675677 88.6637 -0.913061
0.77 46.4065 0.836675 88.6447 -1.22203
0.7725 46.4068 0.997696 88.6223 -1.53295
0.775 46.4066 1.15875 88.5967 -1.84593
0.7775 46.4059 1.31984 88.5678 -2.1611
0.78 46.4046 1.48098 88.5358 -2.47853
0.7825 46.4025 1.64218 88.5007 -2.79828
0.785 46.3997 1.80344 88.4627 -3.12036
0.7875 46.3958 1.96477 88.4218 -3.44476
0.79 46.3909 2.12618 88.3782 -3.77145
0.7925 46.3848 2.28768 88.3318 -4.10036
0.795 46.3775 2.44926 88.2829 -4.43139
0.7975 46.3687 2.61093 88.2315 -4.76443
0.8 46.3585 2.77267 88.1776 -5.09933
0.8025 46.3465 2.9345 88.1214 -5.43591
0.805 46.3329 3.09639 88.063 -5.774
0.8075 46.3173 3.25833 88.0024 -6.11337
0.81 46.2998 3.4203 87.9397 -6.45382
0.8125 46.2802 3.58229 87.875 -6.79508
0.815 46.2584 3.74427 87.8083 -7.13692
0.8175 46.2342 3.90621 87.7397 -7.47905
0.82 46.2076 4.06806 87.6692 -7.82122
0.8225 46.1784 4.2298 87.597 -8.16313
0.825 46.1466 4.39138 87.523 -8.50451
0.8275 46.112 4.55275 87.4473 -8.84505
0.83 46.0745 4.71386 87.3699 -9.18447
0.8325 46.034 4.87464 87.2909 -9.52248
0.835 45.9904 5.03505 87.2103 -9.85879
0.8375 45.9436 5.19501 87.128 -10.1931
0.84 45.8935 5.35445 87.0442 -10.5252
0.8425 45.84 5.51329 86.9588 -10.8546
0.845 45.7829 5.67147 86.8718 -11.1813
0.8475 45.7222 5.8289 86.7833 -11.5049
0.85 45.6577 5.98548 86.6933 -11.8252
0.8525 45.5894 6.14115 86.6016 -12.1418
0.855 45.5172 6.2958 86.5085 -12.4547
0.8575 45.4409 6.44933 86.4137 -12.7635
0.86 45.3605 6.60166 86.3174 -13.068
0.8625 45.2759 6.75269 86.2196 -13.3681
0.865 45.1868 6.9023 86.1201 -13.6635
0.8675 45.0934 7.05041 86.019 -13.9541
0.87 44.9954 7.1969 85.9163 -14.2396
0.8725 44.8928 7.34167 85.812 -14.52
0.875 44.7854 7.4846 85.706 -14.795
0.8775 44.6732 7.6256 85.5984 -15.0645
0.88 44.5561 7.76454 85.489 -15.3284
0.8825 44.434 7.90133 85.378 -15.5865
0.885 44.3068 8.03584 85.2652 -15.8389
0.8875 44.1744 8.16797 85.1506 -16.0852
0.89 44.0368 8.29761 85.0343 -16.3255
0.8925 43.8937 8.42464 84.9162 -16.5596
0.895 43.7453 8.54895 84.7963 -16.7876
0.8975 43.5913 8.67043 84.6745 -17.0092
0.9 43.4317 8.78898 84.5509 -17.2245
0.9025 43.2664 8.90448 84.4254 -17.4334
0.905 43.0954 9.01682 84.2979 -17.6358
0.9075 42.9186 9.1259 84.1686 -17.8317
0.91 42.7359 9.23161 84.0372 -18.021
0.9125 42.5473 9.33386 83.9039 -18.2038
0.915 42.3526 9.43253 83.7686 -18.3799
0.9175 42.1519 9.52752 83.6312 -18.5495
0.92 41.9451 9.61874 83.4918 -18.7123
0.9225 41.7321 9.7061 83.3503 -18.8685
0.925 41.5129 9.7895 83.2067 -19.0181
0.9275 41.2875 9.86884 83.0609 -19.1609
0.93 41.0558 9.94405 82.9129 -19.297
0.9325 40.8178 10.015 82.7628 -19.4265
0.935 40.5734 10.0817 82.6104 -19.5493
0.9375 40.3227 10.144 82.4558 -19.6654
0.94 40.0656 10.2019 82.2988 -19.7748
0.9425 39.8021 10.2552 82.1396 -19.8775
0.945 39.5323 10.3039 81.978 -19.9736
0.9475 39.2561 10.3479 81.814 -20.0631
0.95 38.9735 10.3873 81.6475 -20.1459
0.9525 38.6845 10.4218 81.4787 -20.2221
0.955 38.3892 10.4516 81.3073 -20.2918
0.9575 38.0876 10.4764 81.1334 -20.3549
0.96 37.7797 10.4964 80.9569 -20.4114
0.9625 37.4656 10.5114 80.7778 -20.4614
0.965 37.1453 10.5215 80.5961 -20.5049
0.9675 36.8189 10.5265 80.4116 -20.542
0.97 36.4865 10.5265 80.2245 -20.5727
0.9725 36.148 10.5215 80.0346 -20.5969
0.975 35.8036 10.5114 79.8418 -20.6148
0.9775 35.4534 10.4963 79.6462 -20.6263
0.98 35.0975 10.4762 79.4478 -20.6316
0.9825 34.736 10.451 79.2464 -20.6306
0.985 34.3689 10.4207 79.042 -20.6233
0.9875 33.9964 10.3855 78.8346 -20.6099
0.99 33.6187 10.3453 78.6241 -20.5903
0.9925 33.2359 10.3001 78.4105 -20.5647
0.995 32.848 10.2501 78.1937 -20.533
0.9975 32.4553 10.1952 77.9738 -20.4952
1 32.0579 10.1354 77.7982 -20.4545
