0 0 14.715 -2.61398 0.389885 63.8103 -15.2228 -13.5348
0 0.05 14.6977 -2.55675 1.75111 60.9845 -14.6107 -31.2777
0 0.1 14.6373 -2.29743 2.98607 51.227 -11.3897 -59.6879
0 0.15 14.5691 -1.75607 3.98353 40.6416 -7.24622 -79.0165
0 0.2 14.5183 -0.956847 4.63407 33.3444 -3.39458 -89.6499
0 0.25 14.4993 -1.78321e-09 4.86094 30.821 -2.04895e-09 -92.9975
0 0.3 14.5183 0.956847 4.63407 33.3444 3.39458 -89.6499
0 0.35 14.5691 1.75607 3.98353 40.6416 7.24622 -79.0165
0 0.4 14.6373 2.29743 2.98607 51.227 11.3897 -59.6879
0 0.45 14.6977 2.55675 1.75111 60.9845 14.6107 -31.2777
0 0.5 14.715 2.61398 0.389885 63.8103 15.2228 1.85875
0 0.55 14.6793 2.55747 -0.989819 57.2635 12.6897 30.7051
0 0.6 14.5936 2.30519 -2.28884 45.7482 8.42953 49.5109
0 0.65 14.4679 1.76352 -3.36439 35.0892 4.48091 59.3138
0 0.7 14.355 0.959592 -4.08071 28.2394 1.7868 63.5523
0 0.75 14.3093 -7.35542e-10 -4.33256 25.9297 1.37965e-09 64.7161
0 0.8 14.355 -0.959592 -4.08071 28.2394 -1.7868 63.5523
0 0.85 14.4679 -1.76352 -3.36439 35.0892 -4.48091 59.3138
0 0.9 14.5936 -2.30519 -2.28884 45.7482 -8.42953 49.5109
0 0.95 14.6793 -2.55747 -0.989819 57.2635 -12.6897 30.7051
0 1 14.715 -2.61398 0.389885 63.8103 -15.2228 17.4566
0.05 0 14.7653 -2.53251 0.455241 61.8114 -11.194 4.20811
0.05 0.05 14.7442 -2.47344 1.85106 62.9308 -14.1708 -40.0275
0.05 0.1 14.6955 -2.22132 3.13073 56.1672 -13.6351 -77.8197
0.05 0.15 14.6268 -1.71086 4.17029 46.5629 -9.99919 -104.679
0.05 0.2 14.5677 -0.939539 4.85401 39.1736 -5.06367 -119.481
0.05 0.25 14.5444 -1.85917e-09 5.09363 36.5076 -1.19512e-08 -124.034
0.05 0.3 14.5677 0.939539 4.85401 39.1736 5.06367 -119.481
0.05 0.35 14.6268 1.71086 4.17029 46.5629 9.99919 -104.679
0.05 0.4 14.6955 2.22132 3.13073 56.1672 13.6351 -77.8197
0.05 0.45 14.7442 2.47344 1.85106 62.9308 14.1708 -40.0275
0.05 0.5 14.7653 2.53251 0.455241 61.8114 11.194 2.22994
0.05 0.55 14.7615 2.43984 -0.955105 52.9989 6.51812 40.5311
0.05 0.6 14.7099 2.14442 -2.25609 41.5501 2.49378 70.2361
0.05 0.65 14.6282 1.60788 -3.32129 31.9414 0.274446 90.7485
0.05 0.7 14.5552 0.864115 -4.0222 25.9883 -0.30179 102.732
0.05 0.75 14.5265 3.02051e-10 -4.26766 24.0065 1.23044e-08 106.683
0.05 0.8 14.5552 -0.864115 -4.0222 25.9883 0.30179 102.732
0.05 0.85 14.6282 -1.60788 -3.32129 31.9414 -0.274446 90.7485
0.05 0.9 14.7099 -2.14442 -2.25609 41.5501 -2.49378 70.2361
0.05 0.95 14.7615 -2.43984 -0.955105 52.9989 -6.51812 40.5311
0.05 1 14.7653 -2.53251 0.455241 61.8114 -11.194 4.20811
0.1 0 14.8377 -2.17741 0.426498 58.506 -5.91916 1.38756
0.1 0.05 14.8018 -2.10971 1.69058 63.0255 -10.9358 -48.0912
0.1 0.1 14.7421 -1.86689 2.81559 61.1584 -13.3217 -91.372
0.1 0.15 14.6534 -1.42721 3.71234 55.2186 -11.4677 -122.705
0.1 0.2 14.5703 -0.784404 4.29441 49.5936 -6.34752 -139.96
0.1 0.25 14.5353 -1.14496e-09 4.49676 47.4079 -1.7221e-08 -145.172
0.1 0.3 14.5703 0.784404 4.29441 49.5936 6.34752 -139.96
0.1 0.35 14.6534 1.42721 3.71234 55.2186 11.4677 -122.705
0.1 0.4 14.7421 1.86689 2.81559 61.1584 13.3217 -91.372
0.1 0.45 14.8018 2.10971 1.69058 63.0255 10.9358 -48.0912
0.1 0.5 14.8377 2.17741 0.426498 58.506 5.91916 0.436121
0.1 0.55 14.8449 2.08331 -0.883292 49.4207 1.03067 47.0606
0.1 0.6 14.8131 1.80806 -2.11459 39.5655 -1.94574 87.1521
0.1 0.65 14.7605 1.34082 -3.12813 31.6458 -2.69431 117.956
0.1 0.7 14.7162 0.715493 -3.79638 26.7346 -1.77189 137.432
0.1 0.75 14.6988 1.1815e-09 -4.02995 25.0896 2.08367e-08 144.107
0.1 0.8 14.7162 -0.715493 -3.79638 26.7346 1.77189 137.432
0.1 0.85 14.7605 -1.34082 -3.12813 31.6458 2.69431 117.956
0.1 0.9 14.8131 -1.80806 -2.11459 39.5655 1.94574 87.1521
0.1 0.95 14.8449 -2.08331 -0.883292 49.4207 -1.03067 47.0606
0.1 1 14.8377 -2.17741 0.426498 58.506 -5.91916 1.38756
0.15 0 14.8902 -1.58689 0.316027 55.4488 -1.71079 -4.73087
0.15 0.05 14.8415 -1.49243 1.29717 62.1241 -6.55592 -54.0655
0.15 0.1 14.7467 -1.27678 2.10162 65.3898 -10.3648 -97.2204
0.15 0.15 14.6131 -0.948007 2.69512 65.1049 -10.7803 -128.918
0.15 0.2 14.4864 -0.511434 3.05283 63.1646 -6.82365 -147.247
0.15 0.25 14.4336 -1.01439e-10 3.17082 62.1404 -1.24248e-08 -153.043
0.15 0.3 14.4864 0.511434 3.05283 63.1646 6.82365 -147.247
0.15 0.35 14.6131 0.948007 2.69512 65.1049 10.7803 -128.918
0.15 0.4 14.7467 1.27678 2.10162 65.3898 10.3648 -97.2204
0.15 0.45 14.8415 1.49243 1.29717 62.1241 6.55592 -54.0655
0.15 0.5 14.8902 1.58689 0.316027 55.4488 1.71079 -3.86447
0.15 0.55 14.8978 1.54189 -0.774681 47.1228 -2.1585 48.0694
0.15 0.6 14.873 1.34354 -1.85158 39.1979 -4.102 96.3439
0.15 0.65 14.8357 0.995993 -2.76333 33.0107 -4.05519 135.712
0.15 0.7 14.8082 0.530705 -3.37309 29.1548 -2.45107 161.529
0.15 0.75 14.7993 1.709e-09 -3.58731 27.8496 2.6067e-08 170.528
0.15 0.8 14.8082 -0.530705 -3.37309 29.1548 2.45107 161.529
0.15 0.85 14.8357 -0.995993 -2.76333 33.0107 4.05519 135.712
0.15 0.9 14.873 -1.34354 -1.85158 39.1979 4.102 96.3439
0.15 0.95 14.8978 -1.54189 -0.774681 47.1228 2.1585 48.0694
0.15 1 14.8902 -1.58689 0.316027 55.4488 -1.71079 -4.73087
0.2 0 14.8973 -0.852089 0.158318 53.6709 1.04229 -11.4748
0.2 0.05 14.831 -0.728662 0.755891 61.3945 -2.07198 -56.6636
0.2 0.1 14.698 -0.556221 1.14757 68.3585 -5.34737 -95.6913
0.2 0.15 14.5149 -0.367215 1.34859 73.5179 -7.44255 -125.169
0.2 0.2 14.3425 -0.180487 1.41071 76.1624 -5.96856 -144.734
0.2 0.25 14.2716 6.74084e-10 1.41597 76.8072 3.17414e-09 -151.908
0.2 0.3 14.3425 0.180487 1.41071 76.1624 5.96856 -144.734
0.2 0.35 14.5149 0.367215 1.34859 73.5179 7.44255 -125.169
0.2 0.4 14.698 0.556221 1.14757 68.3585 5.34737 -95.6913
0.2 0.45 14.831 0.728662 0.755891 61.3945 2.07198 -56.6636
0.2 0.5 14.8973 0.852089 0.158318 53.6709 -1.04229 -8.87119
0.2 0.55 14.9082 0.887624 -0.611729 46.1664 -3.31583 44.1286
0.2 0.6 14.8822 0.805476 -1.4496 39.7313 -4.36049 96.239
0.2 0.65 14.8449 0.607747 -2.19938 34.9239 -4.01319 140.361
0.2 0.7 14.8206 0.325215 -2.71326 31.9897 -2.39654 169.938
0.2 0.75 14.8138 1.91514e-09 -2.89543 31.0062 2.83719e-08 180.354
0.2 0.8 14.8206 -0.325215 -2.71326 31.9897 2.39654 169.938
0.2 0.85 14.8449 -0.607747 -2.19938 34.9239 4.01319 140.361
0.2 0.9 14.8822 -0.805476 -1.4496 39.7313 4.36049 96.239
0.2 0.95 14.9082 -0.887624 -0.611729 46.1664 3.31583 44.1286
0.2 1 14.8973 -0.852089 0.158318 53.6709 1.04229 -11.4748
0.25 0 14.8589 -0.0591833 0.0125418 53.5514 3.09819 -16.6749
0.25 0.05 14.7742 0.0725973 0.182481 61.4975 2.46222 -54.1815
0.25 0.1 14.6158 0.163084 0.136144 69.6526 0.981384 -86.0556
0.25 0.15 14.4137 0.184826 -0.0704724 77.1415 -1.67729 -111.056
0.25 0.2 14.2384 0.12508 -0.31551 82.6264 -3.12569 -130.695
0.25 0.25 14.1687 4.7979e-10 -0.427193 84.675 1.84862e-08 -139.054
0.25 0.3 14.2384 -0.12508 -0.31551 82.6264 3.12569 -130.695
0.25 0.35 14.4137 -0.184826 -0.0704724 77.1415 1.67729 -111.056
0.25 0.4 14.6158 -0.163084 0.136144 69.6526 -0.981384 -86.0556
0.25 0.45 14.7742 -0.0725973 0.182481 61.4975 -2.46222 -54.1815
0.25 0.5 14.8589 0.0591833 0.0125418 53.5514 -3.09819 -12.9313
0.25 0.55 14.8728 0.183963 -0.372818 46.4282 -3.47928 35.8059
0.25 0.6 14.8447 0.248084 -0.899056 40.6376 -3.57919 85.9162
0.25 0.65 14.8052 0.221473 -1.42812 36.5073 -3.10013 129.564
0.25 0.7 14.7795 0.123884 -1.81164 34.0999 -1.83222 159.291
0.25 0.75 14.7734 1.92689e-09 -1.94926 33.3186 2.80335e-08 169.841
0.25 0.8 14.7795 -0.123884 -1.81164 34.0999 1.83222 159.291
0.25 0.85 14.8052 -0.221473 -1.42812 36.5073 3.10013 129.564
0.25 0.9 14.8447 -0.248084 -0.899056 40.6376 3.57919 85.9162
0.25 0.95 14.8728 -0.183963 -0.372818 46.4282 3.47928 35.8059
0.25 1 14.8589 -0.0591833 0.0125418 53.5514 3.09819 -16.6749
0.3 0 14.7898 0.74399 -0.0552441 55.0425 5.40958 -18.8812
0.3 0.05 14.7011 0.851646 -0.308988 62.3418 7.24829 -45.3011
0.3 0.1 14.533 0.858881 -0.763178 68.7087 7.61754 -67.5543
0.3 0.15 14.3275 0.743328 -1.3302 73.7723 4.91829 -86.004
0.3 0.2 14.1499 0.455212 -1.82702 77.6799 1.09762 -102.67
0.3 0.25 14.0747 1.11526e-09 -2.02807 79.4027 2.15965e-08 -110.358
0.3 0.3 14.1499 -0.455212 -1.82702 77.6799 -1.09762 -102.67
0.3 0.35 14.3275 -0.743328 -1.3302 73.7723 -4.91829 -86.004
0.3 0.4 14.533 -0.858881 -0.763178 68.7087 -7.61754 -67.5543
0.3 0.45 14.7011 -0.851646 -0.308988 62.3418 -7.24829 -45.3011
0.3 0.5 14.7898 -0.74399 -0.0552441 55.0425 -5.40958 -14.7778
0.3 0.55 14.8011 -0.559896 -0.0250337 47.7981 -3.76987 23.9523
0.3 0.6 14.7643 -0.35087 -0.183777 41.6545 -2.75536 65.7653
0.3 0.65 14.7203 -0.173886 -0.433704 37.2514 -2.0285 103.267
0.3 0.7 14.7006 -0.0613311 -0.650137 34.7165 -1.13643 129.223
0.3 0.75 14.7037 1.94429e-09 -0.732502 33.9047 2.59864e-08 138.503
0.3 0.8 14.7006 0.0613311 -0.650137 34.7165 1.13643 129.223
0.3 0.85 14.7203 0.173886 -0.433704 37.2514 2.0285 103.267
0.3 0.9 14.7643 0.35087 -0.183777 41.6545 2.75536 65.7653
0.3 0.95 14.8011 0.559896 -0.0250336 47.7981 3.76987 23.9523
0.3 1 14.7898 0.74399 -0.0552441 55.0425 5.40958 -18.8812
0.35 0 14.7246 1.49659 -0.0133954 57.7701 8.6302 -17.3089
0.35 0.05 14.6397 1.56291 -0.662686 63.2043 12.093 -30.1226
0.35 0.1 14.4699 1.49948 -1.46418 65.0812 13.0405 -41.5139
0.35 0.15 14.2593 1.25465 -2.30092 64.3045 9.78933 -52.6013
0.35 0.2 14.0633 0.738073 -2.95924 63.3243 4.44026 -63.9828
0.35 0.25 13.9802 2.41387e-09 -3.21325 63.1063 2.12127e-08 -69.3415
0.35 0.3 14.0633 -0.738073 -2.95924 63.3243 -4.44026 -63.9828
0.35 0.35 14.2593 -1.25465 -2.30092 64.3045 -9.78933 -52.6013
0.35 0.4 14.4699 -1.49948 -1.46418 65.0812 -13.0405 -41.5139
0.35 0.45 14.6397 -1.56291 -0.662686 63.2043 -12.093 -30.1226
0.35 0.5 14.7246 -1.49659 -0.0133954 57.7701 -8.6302 -13.719
0.35 0.55 14.7249 -1.30717 0.436754 50.2159 -5.1661 9.86437
0.35 0.6 14.6726 -1.01306 0.686249 42.8219 -2.85618 37.7505
0.35 0.65 14.6146 -0.66547 0.775544 37.1807 -1.5646 64.0855
0.35 0.7 14.5884 -0.321899 0.780613 33.8304 -0.732627 82.8056
0.35 0.75 14.588 2.0982e-09 0.771715 32.7398 2.39869e-08 89.5702
0.35 0.8 14.5884 0.321899 0.780613 33.8304 0.732627 82.8056
0.35 0.85 14.6146 0.66547 0.775544 37.1807 1.5646 64.0855
0.35 0.9 14.6726 1.01306 0.686249 42.8219 2.85618 37.7505
0.35 0.95 14.7249 1.30717 0.436754 50.2159 5.1661 9.86437
0.35 1 14.7246 1.49659 -0.0133954 57.7701 8.6302 -17.3089
0.4 0 14.6886 2.10481 0.109523 60.9739 12.5625 -12.0681
0.4 0.05 14.6099 2.11346 -0.878804 63.0276 15.8216 -10.5361
0.4 0.1 14.4549 1.98096 -1.93743 59.0762 15.3958 -11.3004
0.4 0.15 14.2522 1.60886 -2.92438 52.4107 11.0243 -15.5462
0.4 0.2 14.0638 0.916368 -3.63865 47.1276 5.26772 -21.6659
0.4 0.25 13.9848 3.48895e-09 -3.9026 45.253 2.17182e-08 -24.6509
0.4 0.3 14.0638 -0.916368 -3.63865 47.1276 -5.26772 -21.6659
0.4 0.35 14.2522 -1.60886 -2.92438 52.4107 -11.0243 -15.5462
0.4 0.4 14.4549 -1.98096 -1.93743 59.0762 -15.3958 -11.3004
0.4 0.45 14.6099 -2.11346 -0.878804 63.0276 -15.8216 -10.5361
0.4 0.5 14.6886 -2.10481 0.109523 60.9739 -12.5625 -9.87555
0.4 0.55 14.6767 -1.95054 0.952715 53.5805 -8.13999 -4.82991
0.4 0.6 14.6137 -1.63191 1.61286 44.4998 -4.55771 5.253
0.4 0.65 14.5438 -1.16806 2.0709 36.946 -2.29608 17.0875
0.4 0.7 14.5024 -0.606038 2.3314 32.2931 -0.950729 26.3486
0.4 0.75 14.49 2.63776e-09 2.41344 30.7559 2.36969e-08 29.8198
0.4 0.8 14.5024 0.606038 2.3314 32.2931 0.95073 26.3486
0.4 0.85 14.5438 1.16806 2.0709 36.946 2.29608 17.0875
0.4 0.9 14.6137 1.63191 1.61286 44.4998 4.55771 5.253
0.4 0.95 14.6767 1.95054 0.952715 53.5805 8.13999 -4.82991
0.4 1 14.6886 2.10481 0.109523 60.9739 12.5625 -12.0681
0.45 0 14.6887 2.48403 0.260681 63.4203 15.5556 -4.63479
0.45 0.05 14.6259 2.44888 -0.975581 60.9943 16.3849 10.1205
0.45 0.1 14.4995 2.25363 -2.19691 52.0154 13.5756 19.289
0.45 0.15 14.3282 1.77466 -3.25014 41.9775 8.70082 21.8134
0.45 0.2 14.171 0.984335 -3.97495 34.9735 3.96699 20.7163
0.45 0.25 14.1066 4.04983e-09 -4.23422 32.5476 2.06234e-08 19.802
0.45 0.3 14.171 -0.984335 -3.97495 34.9735 -3.96698 20.7163
0.45 0.35 14.3282 -1.77466 -3.25014 41.9775 -8.70082 21.8134
0.45 0.4 14.4995 -2.25363 -2.19691 52.0154 -13.5756 19.289
0.45 0.45 14.6259 -2.44888 -0.975581 60.9943 -16.3849 10.1205
0.45 0.5 14.6887 -2.48403 0.260681 63.4203 -15.5556 -4.42222
0.45 0.55 14.6702 -2.38665 1.42659 57.4891 -11.9782 -18.5398
0.45 0.6 14.6032 -2.08893 2.43499 47.2127 -7.78475 -27.4626
0.45 0.65 14.5306 -1.56094 3.2213 37.6884 -4.34986 -31.0684
0.45 0.7 14.482 -0.837527 3.7181 31.548 -1.89301 -31.7508
0.45 0.75 14.4664 3.50503e-09 3.88837 29.4749 2.71364e-08 -31.7141
0.45 0.8 14.482 0.837527 3.7181 31.548 1.89301 -31.7508
0.45 0.85 14.5306 1.56094 3.2213 37.6884 4.34986 -31.0684
0.45 0.9 14.6032 2.08893 2.43499 47.2127 7.78475 -27.4626
0.45 0.95 14.6702 2.38665 1.42659 57.4891 11.9782 -18.5398
0.45 1 14.6887 2.48403 0.260681 63.4203 15.5556 -4.63479
0.5 0 14.715 2.61398 0.389885 63.8103 15.2228 1.89522
0.5 0.05 14.6793 2.55747 -0.989819 57.2635 12.6897 28.0155
0.5 0.1 14.5936 2.30519 -2.28884 45.7482 8.42953 47.1367
0.5 0.15 14.4679 1.76352 -3.36439 35.0892 4.48091 57.7974
0.5 0.2 14.355 0.959592 -4.08071 28.2394 1.7868 62.6383
0.5 0.25 14.3093 4.14147e-09 -4.33256 25.9297 1.83564e-08 63.9794
0.5 0.3 14.355 -0.959592 -4.08071 28.2394 -1.7868 62.6383
0.5 0.35 14.4679 -1.76352 -3.36439 35.0892 -4.48091 57.7974
0.5 0.4 14.5936 -2.30519 -2.28884 45.7482 -8.42953 47.1367
0.5 0.45 14.6793 -2.55747 -0.989819 57.2635 -12.6897 28.0155
0.5 0.5 14.715 -2.61398 0.389885 63.8103 -15.2228 0.381306
0.5 0.55 14.6977 -2.55675 1.75111 60.9845 -14.6107 -30.2807
0.5 0.6 14.6373 -2.29743 2.98607 51.227 -11.3897 -56.1645
0.5 0.65 14.5691 -1.75607 3.98353 40.6416 -7.24621 -73.4452
0.5 0.7 14.5183 -0.956847 4.63407 33.3444 -3.39458 -82.633
0.5 0.75 14.4993 4.13564e-09 4.86094 30.821 3.27001e-08 -85.4358
0.5 0.8 14.5183 0.956847 4.63407 33.3444 3.39458 -82.633
0.5 0.85 14.5691 1.75607 3.98353 40.6416 7.24622 -73.4452
0.5 0.9 14.6373 2.29743 2.98607 51.227 11.3897 -56.1645
0.5 0.95 14.6977 2.55675 1.75111 60.9845 14.6107 -30.2807
0.5 1 14.715 2.61398 0.389885 63.8103 15.2228 1.89522
0.55 0 14.7653 2.53251 0.455241 61.8114 11.194 4.20811
0.55 0.05 14.7615 2.43984 -0.955105 52.9989 6.51812 40.5311
0.55 0.1 14.7099 2.14442 -2.25609 41.5501 2.49378 70.2361
0.55 0.15 14.6282 1.60788 -3.32129 31.9414 0.274446 90.7485
0.55 0.2 14.5552 0.864115 -4.0222 25.9883 -0.30179 102.732
0.55 0.25 14.5265 3.91155e-09 -4.26766 24.0065 1.62632e-08 106.683
0.55 0.3 14.5552 -0.864115 -4.0222 25.9883 0.30179 102.732
0.55 0.35 14.6282 -1.60788 -3.32129 31.9414 -0.274446 90.7485
0.55 0.4 14.7099 -2.14442 -2.25609 41.5501 -2.49378 70.2361
0.55 0.45 14.7615 -2.43984 -0.955105 52.9989 -6.51812 40.5311
0.55 0.5 14.7653 -2.53251 0.455241 61.8114 -11.194 2.22994
0.55 0.55 14.7442 -2.47344 1.85106 62.9308 -14.1708 -40.0275
0.55 0.6 14.6955 -2.22132 3.13073 56.1672 -13.6351 -77.8197
0.55 0.65 14.6268 -1.71086 4.17029 46.5629 -9.99919 -104.679
0.55 0.7 14.5677 -0.939539 4.85401 39.1736 -5.06367 -119.481
0.55 0.75 14.5444 3.84431e-09 5.09363 36.5076 3.70369e-08 -124.034
0.55 0.8 14.5677 0.939539 4.85401 39.1736 5.06367 -119.481
0.55 0.85 14.6268 1.71086 4.17029 46.5629 9.99919 -104.679
0.55 0.9 14.6955 2.22132 3.13073 56.1672 13.6351 -77.8197
0.55 0.95 14.7442 2.47344 1.85106 62.9308 14.1708 -40.0275
0.55 1 14.7653 2.53251 0.455241 61.8114 11.194 4.20811
0.6 0 14.8377 2.17741 0.426498 58.506 5.91916 1.38756
0.6 0.05 14.8449 2.08331 -0.883292 49.4207 1.03067 47.0606
0.6 0.1 14.8131 1.80806 -2.11459 39.5655 -1.94574 87.1521
0.6 0.15 14.7605 1.34082 -3.12813 31.6458 -2.69431 117.956
0.6 0.2 14.7162 0.715493 -3.79638 26.7346 -1.77189 137.432
0.6 0.25 14.6988 3.50858e-09 -4.02995 25.0896 1.62594e-08 144.107
0.6 0.3 14.7162 -0.715493 -3.79638 26.7346 1.77189 137.432
0.6 0.35 14.7605 -1.34082 -3.12813 31.6458 2.69431 117.956
0.6 0.4 14.8131 -1.80806 -2.11459 39.5655 1.94574 87.1521
0.6 0.45 14.8449 -2.08331 -0.883292 49.4207 -1.03067 47.0606
0.6 0.5 14.8377 -2.17741 0.426498 58.506 -5.91916 0.436121
0.6 0.55 14.8018 -2.10971 1.69058 63.0255 -10.9358 -48.0912
0.6 0.6 14.7421 -1.86689 2.81559 61.1584 -13.3217 -91.372
0.6 0.65 14.6534 -1.42721 3.71234 55.2186 -11.4677 -122.705
0.6 0.7 14.5703 -0.784404 4.29441 49.5936 -6.34752 -139.96
0.6 0.75 14.5353 2.67859e-09 4.49676 47.4079 3.67948e-08 -145.172
0.6 0.8 14.5703 0.784404 4.29441 49.5936 6.34752 -139.96
0.6 0.85 14.6534 1.42721 3.71234 55.2186 11.4677 -122.705
0.6 0.9 14.7421 1.86689 2.81559 61.1584 13.3217 -91.372
0.6 0.95 14.8018 2.10971 1.69058 63.0255 10.9358 -48.0912
0.6 1 14.8377 2.17741 0.426498 58.506 5.91916 1.38756
0.65 0 14.8902 1.58689 0.316027 55.4488 1.71079 -4.73087
0.65 0.05 14.8978 1.54189 -0.774681 47.1228 -2.1585 48.0694
0.65 0.1 14.873 1.34354 -1.85158 39.1979 -4.102 96.3439
0.65 0.15 14.8357 0.995993 -2.76333 33.0107 -4.05519 135.712
0.65 0.2 14.8082 0.530705 -3.37309 29.1548 -2.45107 161.529
0.65 0.25 14.7993 3.03994e-09 -3.58731 27.8496 1.73261e-08 170.528
0.65 0.3 14.8082 -0.530705 -3.37309 29.1548 2.45107 161.529
0.65 0.35 14.8357 -0.995993 -2.76333 33.0107 4.05519 135.712
0.65 0.4 14.873 -1.34354 -1.85158 39.1979 4.102 96.3439
0.65 0.45 14.8978 -1.54189 -0.774681 47.1228 2.1585 48.0694
0.65 0.5 14.8902 -1.58689 0.316027 55.4488 -1.71079 -3.86447
0.65 0.55 14.8415 -1.49243 1.29717 62.124 -6.55592 -54.0655
0.65 0.6 14.7467 -1.27678 2.10162 65.3898 -10.3648 -97.2204
0.65 0.65 14.6131 -0.948007 2.69512 65.1049 -10.7803 -128.918
0.65 0.7 14.4864 -0.511434 3.05283 63.1646 -6.82365 -147.247
0.65 0.75 14.4336 1.4377e-09 3.17082 62.1404 3.02347e-08 -153.043
0.65 0.8 14.4864 0.511434 3.05283 63.1646 6.82365 -147.247
0.65 0.85 14.6131 0.948007 2.69512 65.1049 10.7803 -128.918
0.65 0.9 14.7467 1.27678 2.10162 65.3898 10.3648 -97.2204
0.65 0.95 14.8415 1.49243 1.29717 62.1241 6.55592 -54.0655
0.65 1 14.8902 1.58689 0.316027 55.4488 1.71079 -4.73087
0.7 0 14.8973 0.852089 0.158318 53.6709 -1.04229 -11.4748
0.7 0.05 14.9082 0.887624 -0.611729 46.1664 -3.31583 44.1286
0.7 0.1 14.8822 0.805476 -1.4496 39.7313 -4.36049 96.239
0.7 0.15 14.8449 0.607747 -2.19938 34.9239 -4.01319 140.361
0.7 0.2 14.8206 0.325215 -2.71326 31.9897 -2.39654 169.938
0.7 0.25 14.8138 2.51052e-09 -2.89543 31.0062 1.99693e-08 180.354
0.7 0.3 14.8206 -0.325215 -2.71326 31.9897 2.39654 169.938
0.7 0.35 14.8449 -0.607747 -2.19938 34.9239 4.01319 140.361
0.7 0.4 14.8822 -0.805476 -1.4496 39.7313 4.36049 96.239
0.7 0.45 14.9082 -0.887624 -0.611729 46.1664 3.31583 44.1286
0.7 0.5 14.8973 -0.852089 0.158318 53.6709 1.04229 -8.87119
0.7 0.55 14.831 -0.728662 0.755891 61.3945 -2.07198 -56.6636
0.7 0.6 14.698 -0.556221 1.14757 68.3585 -5.34737 -95.6913
0.7 0.65 14.5149 -0.367215 1.34859 73.5179 -7.44255 -125.169
0.7 0.7 14.3425 -0.180487 1.41071 76.1624 -5.96856 -144.734
0.7 0.75 14.2716 7.27949e-10 1.41597 76.8072 1.35605e-08 -151.908
0.7 0.8 14.3425 0.180487 1.41071 76.1624 5.96856 -144.734
0.7 0.85 14.5149 0.367215 1.34859 73.5179 7.44255 -125.169
0.7 0.9 14.698 0.556221 1.14757 68.3585 5.34737 -95.6913
0.7 0.95 14.831 0.728662 0.755891 61.3945 2.07198 -56.6636
0.7 1 14.8973 0.852089 0.158318 53.6709 -1.04229 -11.4748
0.75 0 14.8589 0.0591833 0.0125418 53.5514 -3.09819 -16.6749
0.75 0.05 14.8728 0.183963 -0.372818 46.4282 -3.47928 35.8059
0.75 0.1 14.8447 0.248084 -0.899056 40.6376 -3.57919 85.9162
0.75 0.15 14.8052 0.221473 -1.42812 36.5073 -3.10013 129.564
0.75 0.2 14.7795 0.123884 -1.81164 34.0999 -1.83222 159.291
0.75 0.25 14.7734 1.96188e-09 -1.94926 33.3186 1.98527e-08 169.841
0.75 0.3 14.7795 -0.123884 -1.81164 34.0999 1.83222 159.291
0.75 0.35 14.8052 -0.221473 -1.42812 36.5073 3.10013 129.564
0.75 0.4 14.8447 -0.248084 -0.899056 40.6376 3.57919 85.9162
0.75 0.45 14.8728 -0.183963 -0.372818 46.4282 3.47928 35.8059
0.75 0.5 14.8589 -0.0591833 0.0125418 53.5514 3.09819 -12.9313
0.75 0.55 14.7742 0.0725973 0.182481 61.4975 2.46222 -54.1815
0.75 0.6 14.6158 0.163084 0.136144 69.6526 0.981384 -86.0556
0.75 0.65 14.4137 0.184826 -0.0704724 77.1415 -1.67729 -111.056
0.75 0.7 14.2384 0.12508 -0.31551 82.6264 -3.12569 -130.695
0.75 0.75 14.1687 1.05926e-09 -0.427193 84.675 -2.30266e-09 -139.054
0.75 0.8 14.2384 -0.12508 -0.31551 82.6264 3.12569 -130.695
0.75 0.85 14.4137 -0.184826 -0.0704724 77.1415 1.67729 -111.056
0.75 0.9 14.6158 -0.163084 0.136144 69.6526 -0.981384 -86.0556
0.75 0.95 14.7742 -0.0725973 0.182481 61.4975 -2.46222 -54.1815
0.75 1 14.8589 0.0591833 0.0125418 53.5514 -3.09819 -16.6749
0.8 0 14.7898 -0.74399 -0.0552441 55.0425 -5.40958 -18.8812
0.8 0.05 14.8011 -0.559896 -0.0250337 47.7981 -3.76987 23.9523
0.8 0.1 14.7643 -0.35087 -0.183777 41.6545 -2.75536 65.7653
0.8 0.15 14.7203 -0.173886 -0.433704 37.2514 -2.0285 103.267
0.8 0.2 14.7006 -0.0613311 -0.650137 34.7165 -1.13643 129.223
0.8 0.25 14.7037 1.58763e-09 -0.732502 33.9047 1.79155e-08 138.503
0.8 0.3 14.7006 0.0613311 -0.650137 34.7165 1.13643 129.223
0.8 0.35 14.7203 0.173886 -0.433704 37.2514 2.0285 103.267
0.8 0.4 14.7643 0.35087 -0.183777 41.6545 2.75536 65.7653
0.8 0.45 14.8011 0.559896 -0.0250337 47.7981 3.76987 23.9523
0.8 0.5 14.7898 0.74399 -0.0552441 55.0425 5.40958 -14.7778
0.8 0.55 14.7011 0.851646 -0.308988 62.3418 7.24829 -45.3011
0.8 0.6 14.533 0.858881 -0.763178 68.7087 7.61754 -67.5543
0.8 0.65 14.3275 0.743328 -1.3302 73.7723 4.91829 -86.004
0.8 0.7 14.1499 0.455212 -1.82702 77.6799 1.09762 -102.67
0.8 0.75 14.0747 4.74183e-10 -2.02807 79.4027 -1.09691e-08 -110.358
0.8 0.8 14.1499 -0.455212 -1.82702 77.6799 -1.09762 -102.67
0.8 0.85 14.3275 -0.743328 -1.3302 73.7723 -4.91829 -86.004
0.8 0.9 14.533 -0.858881 -0.763178 68.7087 -7.61754 -67.5543
0.8 0.95 14.7011 -0.851646 -0.308988 62.3418 -7.24829 -45.3011
0.8 1 14.7898 -0.74399 -0.0552441 55.0425 -5.40958 -18.8812
0.85 0 14.7246 -1.49659 -0.0133954 57.7701 -8.6302 -17.3089
0.85 0.05 14.7249 -1.30717 0.436754 50.2159 -5.1661 9.86437
0.85 0.1 14.6726 -1.01306 0.686249 42.8219 -2.85618 37.7505
0.85 0.15 14.6146 -0.66547 0.775544 37.1807 -1.5646 64.0855
0.85 0.2 14.5884 -0.321899 0.780613 33.8304 -0.732627 82.8056
0.85 0.25 14.588 1.04206e-09 0.771715 32.7398 1.68848e-08 89.5702
0.85 0.3 14.5884 0.321899 0.780613 33.8304 0.732627 82.8056
0.85 0.35 14.6146 0.66547 0.775544 37.1807 1.5646 64.0855
0.85 0.4 14.6726 1.01306 0.686249 42.8219 2.85618 37.7505
0.85 0.45 14.7249 1.30717 0.436754 50.2159 5.1661 9.86437
0.85 0.5 14.7246 1.49659 -0.0133954 57.7701 8.6302 -13.719
0.85 0.55 14.6397 1.56291 -0.662686 63.2043 12.093 -30.1226
0.85 0.6 14.4699 1.49948 -1.46418 65.0812 13.0405 -41.5139
0.85 0.65 14.2593 1.25465 -2.30092 64.3045 9.78933 -52.6013
0.85 0.7 14.0633 0.738073 -2.95924 63.3243 4.44026 -63.9828
0.85 0.75 13.9802 -9.19586e-10 -3.21325 63.1063 -1.81738e-08 -69.3415
0.85 0.8 14.0633 -0.738073 -2.95924 63.3243 -4.44026 -63.9828
0.85 0.85 14.2593 -1.25465 -2.30092 64.3045 -9.78933 -52.6013
0.85 0.9 14.4699 -1.49948 -1.46418 65.0812 -13.0405 -41.5139
0.85 0.95 14.6397 -1.56291 -0.662686 63.2043 -12.093 -30.1226
0.85 1 14.7246 -1.49659 -0.0133954 57.7701 -8.6302 -17.3089
0.9 0 14.6886 -2.10481 0.109523 60.9739 -12.5625 -12.0681
0.9 0.05 14.6767 -1.95054 0.952715 53.5805 -8.13999 -4.82991
0.9 0.1 14.6137 -1.63191 1.61286 44.4998 -4.55771 5.253
0.9 0.15 14.5438 -1.16806 2.0709 36.946 -2.29608 17.0875
0.9 0.2 14.5024 -0.606038 2.3314 32.2931 -0.950729 26.3486
0.9 0.25 14.49 9.64393e-11 2.41344 30.7559 1.32252e-08 29.8198
0.9 0.3 14.5024 0.606038 2.3314 32.2931 0.95073 26.3486
0.9 0.35 14.5438 1.16806 2.0709 36.946 2.29608 17.0875
0.9 0.4 14.6137 1.63191 1.61286 44.4998 4.55771 5.253
0.9 0.45 14.6767 1.95054 0.952715 53.5805 8.13999 -4.82991
0.9 0.5 14.6886 2.10481 0.109523 60.9739 12.5625 -9.87555
0.9 0.55 14.6099 2.11346 -0.878804 63.0276 15.8216 -10.5361
0.9 0.6 14.4549 1.98096 -1.93743 59.0762 15.3958 -11.3004
0.9 0.65 14.2522 1.60886 -2.92438 52.4107 11.0243 -15.5462
0.9 0.7 14.0638 0.916368 -3.63865 47.1276 5.26772 -21.6659
0.9 0.75 13.9848 -1.73315e-09 -3.9026 45.253 -1.70875e-08 -24.6509
0.9 0.8 14.0638 -0.916368 -3.63865 47.1276 -5.26772 -21.6659
0.9 0.85 14.2522 -1.60886 -2.92438 52.4107 -11.0243 -15.5462
0.9 0.9 14.4549 -1.98096 -1.93743 59.0762 -15.3958 -11.3004
0.9 0.95 14.6099 -2.11346 -0.878804 63.0276 -15.8216 -10.5361
0.9 1 14.6886 -2.10481 0.109523 60.9739 -12.5625 -12.0681
0.95 0 14.6887 -2.48403 0.260681 63.4203 -15.5556 -4.63479
0.95 0.05 14.6702 -2.38665 1.42659 57.4891 -11.9782 -18.5398
0.95 0.1 14.6032 -2.08893 2.43499 47.2127 -7.78475 -27.4626
0.95 0.15 14.5306 -1.56094 3.2213 37.6884 -4.34986 -31.0684
0.95 0.2 14.482 -0.837527 3.7181 31.548 -1.89301 -31.7508
0.95 0.25 14.4664 -9.82667e-10 3.88837 29.4749 7.12851e-09 -31.7141
0.95 0.3 14.482 0.837527 3.7181 31.548 1.89301 -31.7508
0.95 0.35 14.5306 1.56094 3.2213 37.6884 4.34986 -31.0684
0.95 0.4 14.6032 2.08893 2.43499 47.2127 7.78475 -27.4626
0.95 0.45 14.6702 2.38665 1.42659 57.4891 11.9782 -18.5398
0.95 0.5 14.6887 2.48403 0.260681 63.4203 15.5556 -4.42222
0.95 0.55 14.6259 2.44888 -0.975581 60.9943 16.3849 10.1205
0.95 0.6 14.4995 2.25363 -2.19691 52.0154 13.5756 19.289
0.95 0.65 14.3282 1.77466 -3.25014 41.9775 8.70082 21.8134
0.95 0.7 14.171 0.984335 -3.97495 34.9735 3.96699 20.7163
0.95 0.75 14.1066 -1.57276e-09 -4.23422 32.5476 -9.40998e-09 19.802
0.95 0.8 14.171 -0.984335 -3.97495 34.9735 -3.96699 20.7163
0.95 0.85 14.3282 -1.77466 -3.25014 41.9775 -8.70082 21.8134
0.95 0.9 14.4995 -2.25363 -2.19691 52.0154 -13.5756 19.289
0.95 0.95 14.6259 -2.44888 -0.975581 60.9943 -16.3849 10.1205
0.95 1 14.6887 -2.48403 0.260681 63.4203 -15.5556 -4.63479
1 0 14.715 -2.61398 0.389885 63.8103 -15.2228 -17.9562
1 0.05 14.6977 -2.55675 1.75111 60.9845 -14.6107 -31.2777
1 0.1 14.6373 -2.29743 2.98607 51.227 -11.3897 -59.6879
1 0.15 14.5691 -1.75607 3.98353 40.6416 -7.24622 -79.0165
1 0.2 14.5183 -0.956847 4.63407 33.3444 -3.39458 -89.6499
1 0.25 14.4993 -1.78321e-09 4.86094 30.821 -2.04895e-09 -92.9975
1 0.3 14.5183 0.956847 4.63407 33.3444 3.39458 -89.6499
1 0.35 14.5691 1.75607 3.98353 40.6416 7.24622 -79.0165
1 0.4 14.6373 2.29743 2.98607 51.227 11.3897 -59.6879
1 0.45 14.6977 2.55675 1.75111 60.9845 14.6107 -31.2777
1 0.5 14.715 2.61398 0.389885 63.8103 15.2228 1.85875
1 0.55 14.6793 2.55747 -0.989819 57.2635 12.6897 30.7051
1 0.6 14.5936 2.30519 -2.28884 45.7482 8.42953 49.5109
1 0.65 14.4679 1.76352 -3.36439 35.0892 4.48091 59.3138
1 0.7 14.355 0.959592 -4.08071 28.2394 1.7868 63.5523
1 0.75 14.3093 -7.35542e-10 -4.33256 25.9297 1.37965e-09 64.7161
1 0.8 14.355 -0.959592 -4.08071 28.2394 -1.7868 63.5523
1 0.85 14.4679 -1.76352 -3.36439 35.0892 -4.48091 59.3138
1 0.9 14.5936 -2.30519 -2.28884 45.7482 -8.42953 49.5109
1 0.95 14.6793 -2.55747 -0.989819 57.2635 -12.6897 30.7051
1 1 14.715 -2.61398 0.389885 63.8103 -15.2228 13.0352
