0 0 25.6042 -5.5758 -0.0671911 76.8821 -11.6894 -1.26996
0 0.05 26.3236 -5.44596 2.00465 77.5822 -11.6078 -3.70428
0 0.1 27.6698 -4.85613 4.2673 77.7216 -9.90298 -9.60567
0 0.15 29.0301 -3.66139 6.3821 77.5447 -6.96094 -14.5449
0 0.2 30.0114 -1.96455 7.8668 77.3003 -3.59749 -17.6701
0 0.25 30.364 -9.06199e-08 8.3969 77.1917 -1.57667e-07 -18.7454
0 0.3 30.0114 1.96455 7.8668 77.3003 3.59749 -17.6701
0 0.35 29.0301 3.66139 6.3821 77.5447 6.96094 -14.5449
0 0.4 27.6698 4.85613 4.2673 77.7216 9.90298 -9.60567
0 0.45 26.3236 5.44596 2.00465 77.5822 11.6078 -3.70428
0 0.5 25.6042 5.5758 -0.0671911 76.8821 11.6894 1.29276
0 0.55 25.4333 5.24632 -1.97731 75.4499 11.149 5.5355
0 0.6 25.3143 4.38596 -3.82854 73.5945 9.5891 10.3888
0 0.65 25.3121 3.12057 -5.43928 71.7719 6.66716 14.7729
0 0.7 25.363 1.60291 -6.53498 70.4506 3.3559 17.4373
0 0.75 25.3935 -3.38184e-09 -6.91274 69.9721 -5.48586e-08 18.313
0 0.8 25.363 -1.60291 -6.53498 70.4506 -3.3559 17.4373
0 0.85 25.3121 -3.12057 -5.43928 71.7719 -6.66716 14.7729
0 0.9 25.3143 -4.38596 -3.82854 73.5945 -9.5891 10.3888
0 0.95 25.4333 -5.24632 -1.97731 75.4499 -11.149 5.5355
0 1 25.6042 -5.5758 -0.0671911 76.8821 -11.6894 3.34993
0.05 0 25.4923 -5.08973 -0.213851 76.7517 -9.88131 1.16435
0.05 0.05 24.6157 -4.8574 1.72563 76.3166 -10.7286 -16.9934
0.05 0.1 23.8519 -4.16164 3.71832 74.9629 -9.92406 -34.3123
0.05 0.15 23.2686 -3.00159 5.51752 73.1812 -7.35327 -48.1872
0.05 0.2 22.9091 -1.55209 6.7429 71.7068 -3.91742 -56.9834
0.05 0.25 22.789 3.03705e-09 7.17109 71.1394 -5.75241e-08 -60.0123
0.05 0.3 22.9091 1.55209 6.7429 71.7068 3.91742 -56.9834
0.05 0.35 23.2686 3.00159 5.51752 73.1812 7.35327 -48.1872
0.05 0.4 23.8519 4.16164 3.71832 74.9629 9.92406 -34.3123
0.05 0.45 24.6157 4.8574 1.72563 76.3166 10.7286 -16.9934
0.05 0.5 25.4923 5.08973 -0.213851 76.7517 9.88131 1.07713
0.05 0.55 26.6885 4.86346 -2.13638 76.1368 8.69938 18.9732
0.05 0.6 28.312 4.17356 -4.1583 74.8467 6.85628 36.2238
0.05 0.65 29.7789 3.05277 -5.99333 73.3841 4.36817 50.3403
0.05 0.7 30.7831 1.60157 -7.28373 72.2563 2.0708 59.3011
0.05 0.75 31.1334 -4.43296e-08 -7.73765 71.8335 -1.0724e-07 62.3592
0.05 0.8 30.7831 -1.60157 -7.28373 72.2563 -2.0708 59.3011
0.05 0.85 29.7789 -3.05277 -5.99333 73.3841 -4.36817 50.3403
0.05 0.9 28.312 -4.17356 -4.1583 74.8467 -6.85628 36.2238
0.05 0.95 26.6885 -4.86346 -2.13638 76.1368 -8.69938 18.9732
0.05 1 25.4923 -5.08973 -0.213851 76.7517 -9.88131 1.16435
0.1 0 25.3882 -4.01422 -0.267231 76.5639 -6.97802 0.560977
0.1 0.05 22.9013 -3.70625 1.37007 74.9525 -8.6362 -29.073
0.1 0.1 19.9236 -2.98196 2.76184 71.9487 -8.88713 -56.3576
0.1 0.15 17.2189 -1.98625 3.76086 68.2477 -7.19216 -77.9835
0.1 0.2 15.3792 -0.953163 4.30937 65.1496 -4.05309 -91.7845
0.1 0.25 14.7341 4.249e-08 4.4744 63.9352 5.49982e-08 -96.56
0.1 0.3 15.3792 0.953163 4.30937 65.1496 4.05309 -91.7845
0.1 0.35 17.2189 1.98625 3.76086 68.2477 7.19216 -77.9835
0.1 0.4 19.9236 2.98196 2.76184 71.9487 8.88713 -56.3576
0.1 0.45 22.9013 3.70625 1.37007 74.9525 8.6362 -29.073
0.1 0.5 25.3882 4.01422 -0.267231 76.5639 6.97802 0.687287
0.1 0.55 27.8995 3.85465 -2.0691 76.8202 5.07187 30.7002
0.1 0.6 30.8818 3.32055 -4.04962 76.1933 3.09575 58.7732
0.1 0.65 33.4405 2.448 -5.88265 75.2126 1.40877 81.4863
0.1 0.7 35.1231 1.29225 -7.19549 74.3824 0.458022 96.0896
0.1 0.75 35.7061 -1.13889e-07 -7.66432 74.0624 -1.38318e-07 101.116
0.1 0.8 35.1231 -1.29225 -7.19549 74.3824 -0.458023 96.0896
0.1 0.85 33.4405 -2.448 -5.88265 75.2126 -1.40877 81.4863
0.1 0.9 30.8818 -3.32055 -4.04962 76.1933 -3.09575 58.7732
0.1 0.95 27.8995 -3.85465 -2.0691 76.8202 -5.07187 30.7002
0.1 1 25.3882 -4.01422 -0.267231 76.5639 -6.97802 0.560977
0.15 0 25.3198 -2.57401 -0.203343 76.3784 -3.47499 0.0583468
0.15 0.05 21.306 -2.30216 0.988341 73.7456 -5.716 -38.3585
0.15 0.1 16.6087 -1.74708 1.71743 69.3154 -6.8767 -73.1327
0.15 0.15 12.3962 -1.09641 1.95449 63.9265 -6.3079 -100.498
0.15 0.2 9.64465 -0.49092 1.91269 59.5181 -3.79728 -117.905
0.15 0.25 8.71347 3.09899e-08 1.85451 57.86 9.72304e-08 -123.876
0.15 0.3 9.64465 0.49092 1.91269 59.5181 3.79728 -117.905
0.15 0.35 12.3962 1.09641 1.95449 63.9265 6.3079 -100.498
0.15 0.4 16.6087 1.74708 1.71743 69.3154 6.8767 -73.1327
0.15 0.45 21.306 2.30216 0.988341 73.7456 5.716 -38.3585
0.15 0.5 25.3198 2.57401 -0.203343 76.3784 3.47499 0.256333
0.15 0.55 29.0601 2.46217 -1.71826 77.4969 1.14977 39.2671
0.15 0.6 32.9167 2.08339 -3.43798 77.6609 -0.60724 75.2671
0.15 0.65 36.0551 1.51341 -5.0402 77.3306 -1.36504 104.372
0.15 0.7 38.032 0.791466 -6.18177 76.9156 -1.02202 123.258
0.15 0.75 38.6952 -1.35012e-07 -6.59204 76.7347 -1.27523e-07 129.799
0.15 0.8 38.032 -0.791467 -6.18177 76.9156 1.02202 123.258
0.15 0.85 36.0551 -1.51342 -5.0402 77.3306 1.36504 104.372
0.15 0.9 32.9167 -2.08339 -3.43798 77.6609 0.60724 75.2671
0.15 0.95 29.0601 -2.46217 -1.71826 77.4969 -1.14977 39.2671
0.15 1 25.3198 -2.57401 -0.203343 76.3784 -3.47499 0.0583468
0.2 0 25.3417 -0.985461 -0.0643334 76.23 0.138586 -0.15278
0.2 0.05 20.138 -0.902482 0.586757 72.8545 -2.32517 -43.6346
0.2 0.1 14.4608 -0.721874 0.788116 67.6428 -4.1742 -82.8505
0.2 0.15 9.69807 -0.514149 0.672376 61.4471 -4.66152 -113.737
0.2 0.2 6.84159 -0.265857 0.497593 56.4772 -3.06619 -133.302
0.2 0.25 5.99607 1.19393e-08 0.429767 54.704 -6.03242e-09 -139.942
0.2 0.3 6.84159 0.265857 0.497593 56.4772 3.06619 -133.302
0.2 0.35 9.69807 0.514149 0.672376 61.4471 4.66152 -113.737
0.2 0.4 14.4608 0.721874 0.788116 67.6428 4.1742 -82.8505
0.2 0.45 20.138 0.902482 0.586757 72.8545 2.32517 -43.6346
0.2 0.5 25.3417 0.985461 -0.0643334 76.23 -0.138586 0.00531892
0.2 0.55 30.0177 0.897763 -1.09443 78.1547 -2.32822 43.9614
0.2 0.6 34.3229 0.72718 -2.34959 79.1631 -3.51763 84.2461
0.2 0.65 37.6297 0.522148 -3.54753 79.5794 -3.40748 116.775
0.2 0.7 39.5739 0.267556 -4.38282 79.6664 -2.08196 137.916
0.2 0.75 40.1768 -6.60672e-08 -4.66982 79.6613 -3.24632e-08 145.241
0.2 0.8 39.5739 -0.267556 -4.38282 79.6664 2.08196 137.916
0.2 0.85 37.6297 -0.522148 -3.54753 79.5794 3.40748 116.775
0.2 0.9 34.3229 -0.72718 -2.34959 79.1631 3.51763 84.2461
0.2 0.95 30.0177 -0.897763 -1.09443 78.1547 2.32822 43.9614
0.2 1 25.3417 -0.985461 -0.0643334 76.23 0.138586 -0.15278
0.25 0 25.4507 0.626942 0.0967317 76.1955 3.54352 -0.0877354
0.25 0.05 19.6759 0.426396 0.159851 72.4626 1.32892 -44.441
0.25 0.1 13.7207 0.149443 0.00737064 67.2128 -0.85379 -84.5603
0.25 0.15 8.96376 -0.0372767 -0.145568 61.2286 -2.16362 -116.525
0.25 0.2 6.29131 -0.0525793 -0.182364 56.5101 -1.81748 -137.274
0.25 0.25 5.56733 -6.36805e-10 -0.180135 54.8602 -1.25979e-08 -144.519
0.25 0.3 6.29131 0.0525793 -0.182364 56.5101 1.81748 -137.274
0.25 0.35 8.96376 0.0372767 -0.145568 61.2286 2.16362 -116.525
0.25 0.4 13.7207 -0.149443 0.00737063 67.2128 0.85379 -84.5603
0.25 0.45 19.6759 -0.426396 0.159851 72.4626 -1.32892 -44.441
0.25 0.5 25.4507 -0.626942 0.0967317 76.1954 -3.54352 -0.0317745
0.25 0.55 30.5952 -0.692099 -0.282869 78.7356 -5.07405 44.4894
0.25 0.6 35.0459 -0.60202 -0.920826 80.4922 -5.44545 85.0416
0.25 0.65 38.326 -0.397769 -1.61411 81.6166 -4.58904 117.613
0.25 0.7 40.1457 -0.180637 -2.11771 82.2046 -2.6437 138.68
0.25 0.75 40.6752 2.94102e-09 -2.29547 82.3799 2.52891e-08 145.957
0.25 0.8 40.1457 0.180637 -2.11771 82.2046 2.6437 138.68
0.25 0.85 38.3259 0.397769 -1.61411 81.6166 4.58904 117.613
0.25 0.9 35.0459 0.60202 -0.920826 80.4922 5.44545 85.0416
0.25 0.95 30.5952 0.692099 -0.282869 78.7356 5.07405 44.4894
0.25 1 25.4507 0.626942 0.0967317 76.1955 3.54352 -0.0877354
0.3 0 25.592 2.1811 0.230355 76.3016 6.61463 0.189831
0.3 0.05 20.0134 1.71608 -0.285132 72.6337 5.00995 -40.8254
0.3 0.1 14.3503 1.02495 -0.725261 67.9308 2.85686 -78.0203
0.3 0.15 9.80557 0.438185 -0.90773 62.8704 0.866984 -107.804
0.3 0.2 7.14721 0.116178 -0.865873 59.0843 -0.224974 -127.216
0.3 0.25 6.32709 -9.12992e-09 -0.812823 57.7948 -2.38421e-08 -134.017
0.3 0.3 7.14721 -0.116178 -0.865873 59.0843 0.224974 -127.216
0.3 0.35 9.80557 -0.438185 -0.90773 62.8704 -0.866984 -107.804
0.3 0.4 14.3503 -1.02495 -0.72526 67.9308 -2.85686 -78.0203
0.3 0.45 20.0134 -1.71608 -0.285132 72.6337 -5.00995 -40.8254
0.3 0.5 25.592 -2.1811 0.230355 76.3016 -6.61463 0.100981
0.3 0.55 30.6681 -2.22461 0.578117 79.1416 -7.18905 40.8497
0.3 0.6 35.0895 -1.88699 0.648968 81.3919 -6.63783 77.6629
0.3 0.65 38.3305 -1.30024 0.52736 83.0296 -5.13168 106.961
0.3 0.7 40.1452 -0.633953 0.369796 84.0039 -2.82585 125.741
0.3 0.75 40.6968 5.36035e-08 0.301126 84.324 6.49079e-08 132.191
0.3 0.8 40.1452 0.633953 0.369796 84.0039 2.82585 125.741
0.3 0.85 38.3305 1.30024 0.52736 83.0296 5.13168 106.961
0.3 0.9 35.0895 1.88699 0.648968 81.3919 6.63783 77.6629
0.3 0.95 30.6681 2.22461 0.578117 79.1416 7.18905 40.8497
0.3 1 25.592 2.1811 0.230355 76.3016 6.61463 0.189831
0.35 0 25.7047 3.59223 0.290774 76.5027 9.24653 0.566017
0.35 0.05 21.033 2.97801 -0.746606 73.2291 8.3496 -33.1693
0.35 0.1 16.1783 1.99844 -1.51261 69.358 6.4645 -63.6466
0.35 0.15 12.1824 1.05482 -1.91295 65.4247 4.0196 -87.8199
0.35 0.2 9.74267 0.399674 -2.05196 62.4313 1.74695 -103.199
0.35 0.25 8.94874 -2.24331e-08 -2.07855 61.3126 -7.22389e-08 -108.434
0.35 0.3 9.74267 -0.399674 -2.05196 62.4313 -1.74695 -103.199
0.35 0.35 12.1824 -1.05482 -1.91295 65.4247 -4.0196 -87.8199
0.35 0.4 16.1783 -1.99844 -1.51261 69.358 -6.4645 -63.6466
0.35 0.45 21.0329 -2.97801 -0.746606 73.2291 -8.3496 -33.1693
0.35 0.5 25.7047 -3.59223 0.290774 76.5027 -9.24653 0.327042
0.35 0.55 30.2095 -3.62187 1.33884 79.277 -8.91059 33.3454
0.35 0.6 34.4507 -3.119 2.15678 81.6484 -7.50411 62.8024
0.35 0.65 37.6788 -2.22718 2.67897 83.4699 -5.4203 85.9812
0.35 0.7 39.5901 -1.13803 2.94662 84.5963 -2.86526 100.695
0.35 0.75 40.207 1.20856e-07 3.02458 84.9743 1.37624e-07 105.716
0.35 0.8 39.5901 1.13803 2.94662 84.5963 2.86526 100.695
0.35 0.85 37.6788 2.22718 2.67897 83.4699 5.4203 85.9812
0.35 0.9 34.4507 3.119 2.15678 81.6484 7.50411 62.8024
0.35 0.95 30.2095 3.62187 1.33884 79.277 8.91059 33.3454
0.35 1 25.7047 3.59223 0.290774 76.5027 9.24653 0.566017
0.4 0 25.7498 4.72767 0.24803 76.7195 11.2005 0.958898
0.4 0.05 22.4662 4.11438 -1.2116 74.0023 10.8213 -22.1718
0.4 0.1 18.9002 3.03639 -2.36176 70.9382 9.24235 -42.7237
0.4 0.15 15.9085 1.85881 -3.149 67.9869 6.50469 -58.7422
0.4 0.2 14.064 0.834826 -3.59882 65.8242 3.24421 -68.8276
0.4 0.25 13.464 -3.61992e-08 -3.74218 65.0304 -5.9254e-08 -72.2418
0.4 0.3 14.064 -0.834826 -3.59882 65.8242 -3.24421 -68.8276
0.4 0.35 15.9085 -1.85881 -3.149 67.9869 -6.50469 -58.7422
0.4 0.4 18.9002 -3.03639 -2.36176 70.9382 -9.24235 -42.7237
0.4 0.45 22.4662 -4.11438 -1.21159 74.0023 -10.8213 -22.1718
0.4 0.5 25.7498 -4.72767 0.24803 76.7195 -11.2005 0.608432
0.4 0.55 29.2663 -4.74222 1.86803 79.0792 -10.3462 22.6878
0.4 0.6 33.0626 -4.18344 3.40058 81.1412 -8.35153 41.9032
0.4 0.65 36.1632 -3.09179 4.60931 82.7425 -5.7843 56.813
0.4 0.7 38.1155 -1.63113 5.36317 83.7304 -2.97329 66.1888
0.4 0.75 38.7706 1.80897e-07 5.61594 84.0598 2.04315e-07 69.3665
0.4 0.8 38.1155 1.63113 5.36317 83.7304 2.97329 66.1888
0.4 0.85 36.1632 3.09179 4.60931 82.7425 5.7843 56.813
0.4 0.9 33.0626 4.18344 3.40058 81.1412 8.35153 41.9032
0.4 0.95 29.2663 4.74222 1.86803 79.0792 10.3462 22.6878
0.4 1 25.7498 4.72767 0.24803 76.7195 11.2005 0.958898
0.45 0 25.7108 5.43001 0.111404 76.8684 12.116 1.30932
0.45 0.05 24.0113 4.93881 -1.64357 74.7535 11.8677 -8.91078
0.45 0.1 22.0816 3.93082 -3.181 72.3405 10.4347 -17.3421
0.45 0.15 20.4896 2.65066 -4.40829 70.0888 7.49328 -23.5708
0.45 0.2 19.5242 1.30237 -5.20464 68.4873 3.8331 -27.4872
0.45 0.25 19.2059 -3.39818e-08 -5.47278 67.9096 -2.74125e-08 -28.8141
0.45 0.3 19.5242 -1.30237 -5.20464 68.4873 -3.8331 -27.4872
0.45 0.35 20.4896 -2.65066 -4.40829 70.0888 -7.49328 -23.5708
0.45 0.4 22.0816 -3.93082 -3.181 72.3405 -10.4347 -17.3421
0.45 0.45 24.0113 -4.93881 -1.64357 74.7535 -11.8677 -8.91078
0.45 0.5 25.7108 -5.43001 0.111404 76.8684 -12.116 0.918608
0.45 0.55 27.9274 -5.39334 2.08852 78.5195 -11.3538 9.96658
0.45 0.6 30.814 -4.84068 4.1637 79.8272 -9.22774 17.1015
0.45 0.65 33.395 -3.66258 5.99174 80.7731 -6.33867 22.4309
0.45 0.7 35.1214 -1.96956 7.22867 81.3237 -3.23424 25.748
0.45 0.75 35.7211 1.71928e-07 7.6627 81.5004 2.2101e-07 26.8602
0.45 0.8 35.1214 1.96956 7.22867 81.3237 3.23424 25.748
0.45 0.85 33.395 3.66258 5.99174 80.7731 6.33867 22.4309
0.45 0.9 30.814 4.84068 4.1637 79.8272 9.22774 17.1015
0.45 0.95 27.9274 5.39334 2.08852 78.5195 11.3538 9.96658
0.45 1 25.7108 5.43001 0.111404 76.8684 12.116 1.30932
0.5 0 25.6042 5.5758 -0.0671911 76.8821 11.6894 1.45337
0.5 0.05 25.4333 5.24632 -1.97731 75.4499 11.149 5.28335
0.5 0.1 25.3143 4.38596 -3.82854 73.5945 9.5891 9.91484
0.5 0.15 25.3121 3.12057 -5.43928 71.7719 6.66716 14.0788
0.5 0.2 25.363 1.60291 -6.53498 70.4506 3.3559 16.6721
0.5 0.25 25.3935 2.58683e-09 -6.91274 69.9721 7.27262e-08 17.5428
0.5 0.3 25.363 -1.60291 -6.53498 70.4506 -3.3559 16.6721
0.5 0.35 25.3121 -3.12057 -5.43928 71.7719 -6.66716 14.0788
0.5 0.4 25.3143 -4.38596 -3.82854 73.5945 -9.5891 9.91484
0.5 0.45 25.4333 -5.24632 -1.97731 75.4499 -11.149 5.28335
0.5 0.5 25.6042 -5.5758 -0.0671911 76.8821 -11.6894 1.14531
0.5 0.55 26.3236 -5.44596 2.00465 77.5822 -11.6078 -3.60884
0.5 0.6 27.6698 -4.85613 4.2673 77.7216 -9.90298 -9.10553
0.5 0.65 29.0301 -3.66139 6.3821 77.5447 -6.96094 -13.7115
0.5 0.7 30.0114 -1.96455 7.8668 77.3003 -3.59749 -16.6439
0.5 0.75 30.364 8.20646e-08 8.3969 77.1917 1.49807e-07 -17.6607
0.5 0.8 30.0114 1.96455 7.8668 77.3003 3.59749 -16.6439
0.5 0.85 29.0301 3.66139 6.3821 77.5447 6.96094 -13.7115
0.5 0.9 27.6698 4.85613 4.2673 77.7216 9.90298 -9.10553
0.5 0.95 26.3236 5.44596 2.00465 77.5822 11.6078 -3.60884
0.5 1 25.6042 5.5758 -0.0671911 76.8821 11.6894 1.45337
0.55 0 25.4923 5.08973 -0.213851 76.7517 9.88131 1.16435
0.55 0.05 26.6885 4.86346 -2.13638 76.1368 8.69938 18.9732
0.55 0.1 28.312 4.17356 -4.1583 74.8467 6.85628 36.2238
0.55 0.15 29.7789 3.05277 -5.99333 73.3841 4.36817 50.3403
0.55 0.2 30.7831 1.60157 -7.28373 72.2563 2.0708 59.3011
0.55 0.25 31.1334 7.34763e-08 -7.73765 71.8335 1.50563e-07 62.3592
0.55 0.3 30.7831 -1.60157 -7.28373 72.2563 -2.0708 59.3011
0.55 0.35 29.7789 -3.05277 -5.99333 73.3841 -4.36817 50.3403
0.55 0.4 28.312 -4.17356 -4.1583 74.8467 -6.85628 36.2238
0.55 0.45 26.6885 -4.86346 -2.13638 76.1368 -8.69938 18.9732
0.55 0.5 25.4923 -5.08973 -0.213851 76.7517 -9.88131 1.07713
0.55 0.55 24.6157 -4.8574 1.72563 76.3166 -10.7286 -16.9934
0.55 0.6 23.8519 -4.16164 3.71832 74.9629 -9.92406 -34.3123
0.55 0.65 23.2686 -3.00159 5.51752 73.1812 -7.35327 -48.1872
0.55 0.7 22.9091 -1.55209 6.74289 71.7068 -3.91742 -56.9834
0.55 0.75 22.789 -9.39013e-09 7.17109 71.1394 3.28516e-08 -60.0123
0.55 0.8 22.9091 1.55209 6.7429 71.7067 3.91742 -56.9834
0.55 0.85 23.2686 3.00159 5.51752 73.1812 7.35327 -48.1872
0.55 0.9 23.8519 4.16164 3.71832 74.9629 9.92406 -34.3123
0.55 0.95 24.6157 4.8574 1.72563 76.3166 10.7286 -16.9934
0.55 1 25.4923 5.08973 -0.213851 76.7517 9.88131 1.16435
0.6 0 25.3882 4.01422 -0.267231 76.5639 6.97802 0.560977
0.6 0.05 27.8995 3.85465 -2.0691 76.8202 5.07187 30.7002
0.6 0.1 30.8818 3.32055 -4.04962 76.1933 3.09575 58.7732
0.6 0.15 33.4405 2.448 -5.88265 75.2126 1.40877 81.4863
0.6 0.2 35.1231 1.29225 -7.19549 74.3824 0.458023 96.0896
0.6 0.25 35.7061 1.37259e-07 -7.66432 74.0624 1.83788e-07 101.116
0.6 0.3 35.1231 -1.29225 -7.19549 74.3824 -0.458022 96.0896
0.6 0.35 33.4405 -2.448 -5.88265 75.2126 -1.40877 81.4863
0.6 0.4 30.8818 -3.32055 -4.04962 76.1933 -3.09575 58.7732
0.6 0.45 27.8995 -3.85465 -2.0691 76.8202 -5.07187 30.7002
0.6 0.5 25.3882 -4.01422 -0.267231 76.5639 -6.97802 0.687287
0.6 0.55 22.9013 -3.70625 1.37007 74.9525 -8.6362 -29.073
0.6 0.6 19.9236 -2.98196 2.76184 71.9487 -8.88713 -56.3576
0.6 0.65 17.2189 -1.98625 3.76086 68.2477 -7.19216 -77.9835
0.6 0.7 15.3792 -0.953163 4.30937 65.1496 -4.05309 -91.7845
0.6 0.75 14.7341 -4.02128e-08 4.4744 63.9352 -7.53857e-08 -96.56
0.6 0.8 15.3792 0.953163 4.30937 65.1496 4.05309 -91.7845
0.6 0.85 17.2189 1.98625 3.76086 68.2477 7.19216 -77.9835
0.6 0.9 19.9236 2.98196 2.76184 71.9487 8.88713 -56.3576
0.6 0.95 22.9013 3.70625 1.37007 74.9525 8.6362 -29.073
0.6 1 25.3882 4.01422 -0.267231 76.5639 6.97802 0.560977
0.65 0 25.3198 2.57401 -0.203343 76.3784 3.47499 0.058347
0.65 0.05 29.0601 2.46217 -1.71826 77.4969 1.14977 39.2671
0.65 0.1 32.9167 2.08339 -3.43798 77.6609 -0.60724 75.2671
0.65 0.15 36.0551 1.51342 -5.0402 77.3306 -1.36504 104.372
0.65 0.2 38.032 0.791467 -6.18177 76.9156 -1.02202 123.258
0.65 0.25 38.6952 1.27567e-07 -6.59204 76.7347 1.43749e-07 129.799
0.65 0.3 38.032 -0.791466 -6.18177 76.9156 1.02202 123.258
0.65 0.35 36.0551 -1.51341 -5.0402 77.3306 1.36504 104.372
0.65 0.4 32.9167 -2.08339 -3.43798 77.6609 0.60724 75.2671
0.65 0.45 29.0601 -2.46217 -1.71826 77.4969 -1.14977 39.2671
0.65 0.5 25.3198 -2.57401 -0.203343 76.3784 -3.47499 0.256333
0.65 0.55 21.306 -2.30216 0.988341 73.7456 -5.716 -38.3585
0.65 0.6 16.6087 -1.74708 1.71743 69.3154 -6.8767 -73.1327
0.65 0.65 12.3962 -1.09641 1.95449 63.9265 -6.3079 -100.498
0.65 0.7 9.64465 -0.49092 1.91269 59.5181 -3.79728 -117.905
0.65 0.75 8.71348 -2.73449e-08 1.85451 57.86 -1.08032e-07 -123.876
0.65 0.8 9.64465 0.49092 1.91269 59.5181 3.79728 -117.905
0.65 0.85 12.3962 1.09641 1.95449 63.9265 6.3079 -100.498
0.65 0.9 16.6087 1.74708 1.71743 69.3154 6.8767 -73.1327
0.65 0.95 21.306 2.30216 0.988341 73.7456 5.716 -38.3585
0.65 1 25.3198 2.57401 -0.203343 76.3784 3.47499 0.058347
0.7 0 25.3417 0.985461 -0.0643334 76.23 -0.138586 -0.15278
0.7 0.05 30.0177 0.897763 -1.09443 78.1547 -2.32822 43.9614
0.7 0.1 34.3229 0.72718 -2.34959 79.1631 -3.51763 84.2461
0.7 0.15 37.6297 0.522148 -3.54753 79.5794 -3.40748 116.775
0.7 0.2 39.5739 0.267556 -4.38282 79.6664 -2.08196 137.916
0.7 0.25 40.1768 5.3822e-08 -4.66982 79.6613 6.96088e-08 145.241
0.7 0.3 39.5739 -0.267556 -4.38282 79.6664 2.08196 137.916
0.7 0.35 37.6297 -0.522148 -3.54753 79.5794 3.40748 116.775
0.7 0.4 34.3229 -0.72718 -2.34959 79.1631 3.51763 84.2461
0.7 0.45 30.0177 -0.897763 -1.09443 78.1547 2.32822 43.9614
0.7 0.5 25.3417 -0.985461 -0.0643334 76.23 0.138586 0.00531882
0.7 0.55 20.138 -0.902482 0.586757 72.8545 -2.32517 -43.6346
0.7 0.6 14.4608 -0.721874 0.788116 67.6428 -4.1742 -82.8505
0.7 0.65 9.69807 -0.514149 0.672376 61.4471 -4.66152 -113.737
0.7 0.7 6.84159 -0.265857 0.497593 56.4772 -3.06619 -133.302
0.7 0.75 5.99607 -1.24649e-08 0.429767 54.704 -1.00821e-07 -139.942
0.7 0.8 6.84159 0.265857 0.497593 56.4772 3.06619 -133.302
0.7 0.85 9.69808 0.514149 0.672376 61.4471 4.66152 -113.737
0.7 0.9 14.4608 0.721874 0.788116 67.6428 4.1742 -82.8505
0.7 0.95 20.138 0.902482 0.586757 72.8545 2.32517 -43.6346
0.7 1 25.3417 0.985461 -0.0643334 76.23 -0.138586 -0.15278
0.75 0 25.4507 -0.626942 0.0967317 76.1955 -3.54352 -0.0877354
0.75 0.05 30.5952 -0.692099 -0.282869 78.7356 -5.07405 44.4894
0.75 0.1 35.0459 -0.60202 -0.920826 80.4922 -5.44545 85.0416
0.75 0.15 38.326 -0.397769 -1.61411 81.6166 -4.58904 117.613
0.75 0.2 40.1457 -0.180637 -2.11771 82.2046 -2.6437 138.68
0.75 0.25 40.6752 4.64699e-10 -2.29547 82.3799 -3.07057e-08 145.957
0.75 0.3 40.1457 0.180637 -2.11771 82.2046 2.6437 138.68
0.75 0.35 38.326 0.397769 -1.61411 81.6166 4.58904 117.613
0.75 0.4 35.0459 0.60202 -0.920826 80.4922 5.44545 85.0416
0.75 0.45 30.5952 0.692099 -0.282869 78.7356 5.07405 44.4894
0.75 0.5 25.4507 0.626942 0.0967317 76.1955 3.54352 -0.0317746
0.75 0.55 19.6759 0.426396 0.159851 72.4626 1.32892 -44.441
0.75 0.6 13.7207 0.149443 0.00737063 67.2128 -0.85379 -84.5603
0.75 0.65 8.96376 -0.0372767 -0.145568 61.2286 -2.16362 -116.525
0.75 0.7 6.29131 -0.0525793 -0.182364 56.5101 -1.81748 -137.274
0.75 0.75 5.56733 1.48084e-09 -0.180135 54.8602 1.03331e-08 -144.519
0.75 0.8 6.29131 0.0525793 -0.182364 56.5101 1.81748 -137.274
0.75 0.85 8.96376 0.0372767 -0.145568 61.2286 2.16362 -116.525
0.75 0.9 13.7207 -0.149443 0.00737063 67.2128 0.85379 -84.5603
0.75 0.95 19.6759 -0.426396 0.159851 72.4626 -1.32892 -44.441
0.75 1 25.4507 -0.626942 0.0967317 76.1955 -3.54352 -0.0877354
0.8 0 25.592 -2.1811 0.230355 76.3016 -6.61463 0.18983
0.8 0.05 30.6681 -2.22461 0.578117 79.1416 -7.18905 40.8497
0.8 0.1 35.0895 -1.88699 0.648968 81.3919 -6.63783 77.6629
0.8 0.15 38.3305 -1.30024 0.52736 83.0296 -5.13168 106.961
0.8 0.2 40.1452 -0.633953 0.369796 84.0039 -2.82585 125.741
0.8 0.25 40.6968 -3.72609e-08 0.301126 84.324 -1.27705e-07 132.191
0.8 0.3 40.1452 0.633953 0.369796 84.0039 2.82585 125.741
0.8 0.35 38.3305 1.30024 0.52736 83.0296 5.13168 106.961
0.8 0.4 35.0895 1.88699 0.648968 81.3919 6.63783 77.6629
0.8 0.45 30.6681 2.22461 0.578117 79.1416 7.18905 40.8497
0.8 0.5 25.592 2.1811 0.230355 76.3016 6.61463 0.100981
0.8 0.55 20.0134 1.71608 -0.285132 72.6337 5.00995 -40.8254
0.8 0.6 14.3503 1.02495 -0.72526 67.9308 2.85686 -78.0203
0.8 0.65 9.80557 0.438185 -0.90773 62.8704 0.866984 -107.804
0.8 0.7 7.14721 0.116178 -0.865873 59.0843 -0.224974 -127.216
0.8 0.75 6.32709 1.46966e-08 -0.812823 57.7948 1.43382e-07 -134.017
0.8 0.8 7.14722 -0.116178 -0.865873 59.0843 0.224974 -127.216
0.8 0.85 9.80557 -0.438185 -0.90773 62.8704 -0.866984 -107.804
0.8 0.9 14.3503 -1.02495 -0.725261 67.9308 -2.85686 -78.0203
0.8 0.95 20.0134 -1.71608 -0.285132 72.6337 -5.00995 -40.8254
0.8 1 25.592 -2.1811 0.230355 76.3016 -6.61463 0.18983
0.85 0 25.7047 -3.59223 0.290773 76.5027 -9.24653 0.566017
0.85 0.05 30.2095 -3.62187 1.33884 79.277 -8.91059 33.3454
0.85 0.1 34.4507 -3.119 2.15678 81.6484 -7.50411 62.8024
0.85 0.15 37.6788 -2.22718 2.67897 83.4699 -5.4203 85.9812
0.85 0.2 39.5901 -1.13803 2.94662 84.5963 -2.86526 100.695
0.85 0.25 40.207 -9.63318e-08 3.02458 84.9743 -1.79563e-07 105.716
0.85 0.3 39.5901 1.13803 2.94662 84.5963 2.86526 100.695
0.85 0.35 37.6788 2.22718 2.67897 83.4699 5.4203 85.9812
0.85 0.4 34.4507 3.119 2.15678 81.6484 7.50411 62.8024
0.85 0.45 30.2095 3.62187 1.33884 79.277 8.91059 33.3454
0.85 0.5 25.7047 3.59223 0.290774 76.5027 9.24653 0.327042
0.85 0.55 21.0329 2.97801 -0.746606 73.2291 8.3496 -33.1693
0.85 0.6 16.1783 1.99844 -1.51261 69.358 6.4645 -63.6466
0.85 0.65 12.1824 1.05482 -1.91295 65.4247 4.0196 -87.8199
0.85 0.7 9.74267 0.399674 -2.05196 62.4313 1.74695 -103.199
0.85 0.75 8.94874 2.58882e-08 -2.07855 61.3126 1.38268e-07 -108.434
0.85 0.8 9.74267 -0.399674 -2.05196 62.4313 -1.74695 -103.199
0.85 0.85 12.1824 -1.05482 -1.91295 65.4247 -4.0196 -87.8199
0.85 0.9 16.1783 -1.99844 -1.51261 69.358 -6.4645 -63.6466
0.85 0.95 21.033 -2.97801 -0.746606 73.2291 -8.3496 -33.1693
0.85 1 25.7047 -3.59223 0.290773 76.5027 -9.24653 0.566017
0.9 0 25.7498 -4.72767 0.24803 76.7195 -11.2005 0.958898
0.9 0.05 29.2663 -4.74222 1.86803 79.0792 -10.3462 22.6878
0.9 0.1 33.0626 -4.18344 3.40058 81.1412 -8.35153 41.9032
0.9 0.15 36.1632 -3.09179 4.60931 82.7425 -5.7843 56.813
0.9 0.2 38.1155 -1.63113 5.36317 83.7304 -2.97329 66.1888
0.9 0.25 38.7706 -1.60821e-07 5.61594 84.0598 -2.27624e-07 69.3665
0.9 0.3 38.1155 1.63113 5.36317 83.7304 2.97329 66.1888
0.9 0.35 36.1632 3.09179 4.60931 82.7425 5.7843 56.813
0.9 0.4 33.0626 4.18344 3.40058 81.1412 8.35153 41.9032
0.9 0.45 29.2663 4.74222 1.86803 79.0792 10.3462 22.6878
0.9 0.5 25.7498 4.72767 0.24803 76.7195 11.2005 0.608432
0.9 0.55 22.4662 4.11438 -1.2116 74.0023 10.8213 -22.1718
0.9 0.6 18.9002 3.03639 -2.36176 70.9382 9.24235 -42.7237
0.9 0.65 15.9085 1.85881 -3.149 67.9869 6.50469 -58.7422
0.9 0.7 14.064 0.834826 -3.59882 65.8242 3.24421 -68.8276
0.9 0.75 13.464 2.38411e-08 -3.74218 65.0304 6.15375e-08 -72.2418
0.9 0.8 14.064 -0.834826 -3.59882 65.8242 -3.24421 -68.8276
0.9 0.85 15.9085 -1.85881 -3.149 67.9869 -6.50469 -58.7422
0.9 0.9 18.9002 -3.03639 -2.36176 70.9382 -9.24235 -42.7237
0.9 0.95 22.4662 -4.11438 -1.2116 74.0023 -10.8213 -22.1718
0.9 1 25.7498 -4.72767 0.24803 76.7195 -11.2005 0.958898
0.95 0 25.7108 -5.43001 0.111404 76.8684 -12.116 1.30932
0.95 0.05 27.9274 -5.39334 2.08852 78.5195 -11.3538 9.96658
0.95 0.1 30.814 -4.84068 4.1637 79.8272 -9.22774 17.1015
0.95 0.15 33.395 -3.66258 5.99174 80.7731 -6.33867 22.4309
0.95 0.2 35.1214 -1.96956 7.22867 81.3237 -3.23424 25.748
0.95 0.25 35.7211 -1.68353e-07 7.6627 81.5004 -2.36386e-07 26.8602
0.95 0.3 35.1214 1.96956 7.22867 81.3237 3.23424 25.748
0.95 0.35 33.395 3.66258 5.99174 80.7731 6.33867 22.4309
0.95 0.4 30.814 4.84068 4.1637 79.8272 9.22774 17.1015
0.95 0.45 27.9274 5.39334 2.08852 78.5195 11.3538 9.96658
0.95 0.5 25.7108 5.43001 0.111404 76.8684 12.116 0.918609
0.95 0.55 24.0113 4.93881 -1.64357 74.7535 11.8677 -8.91078
0.95 0.6 22.0816 3.93082 -3.181 72.3405 10.4347 -17.3421
0.95 0.65 20.4896 2.65066 -4.40829 70.0888 7.49328 -23.5708
0.95 0.7 19.5242 1.30237 -5.20464 68.4873 3.8331 -27.4872
0.95 0.75 19.2059 1.21566e-08 -5.47278 67.9096 5.67628e-09 -28.8141
0.95 0.8 19.5242 -1.30237 -5.20464 68.4873 -3.8331 -27.4872
0.95 0.85 20.4896 -2.65066 -4.40829 70.0888 -7.49328 -23.5708
0.95 0.9 22.0816 -3.93082 -3.181 72.3405 -10.4347 -17.3421
0.95 0.95 24.0113 -4.93881 -1.64357 74.7535 -11.8677 -8.91078
0.95 1 25.7108 -5.43001 0.111404 76.8684 -12.116 1.30932
1 0 25.6042 -5.5758 -0.0671911 76.8821 -11.6894 -1.19748
1 0.05 26.3236 -5.44596 2.00465 77.5822 -11.6078 -3.70428
1 0.1 27.6698 -4.85613 4.2673 77.7216 -9.90298 -9.60567
1 0.15 29.0301 -3.66139 6.3821 77.5447 -6.96094 -14.5449
1 0.2 30.0114 -1.96455 7.8668 77.3003 -3.59749 -17.6701
1 0.25 30.364 -9.06199e-08 8.3969 77.1917 -1.57667e-07 -18.7454
1 0.3 30.0114 1.96455 7.8668 77.3003 3.59749 -17.6701
1 0.35 29.0301 3.66139 6.3821 77.5447 6.96094 -14.5449
1 0.4 27.6698 4.85613 4.2673 77.7216 9.90298 -9.60567
1 0.45 26.3236 5.44596 2.00465 77.5822 11.6078 -3.70428
1 0.5 25.6042 5.5758 -0.0671911 76.8821 11.6894 1.29276
1 0.55 25.4333 5.24632 -1.97731 75.4499 11.149 5.5355
1 0.6 25.3143 4.38596 -3.82854 73.5945 9.5891 10.3888
1 0.65 25.3121 3.12057 -5.43928 71.7719 6.66716 14.7729
1 0.7 25.363 1.60291 -6.53498 70.4506 3.3559 17.4373
1 0.75 25.3935 -3.38184e-09 -6.91274 69.9721 -5.48586e-08 18.313
1 0.8 25.363 -1.60291 -6.53498 70.4506 -3.3559 17.4373
1 0.85 25.3121 -3.12057 -5.43928 71.7719 -6.66716 14.7729
1 0.9 25.3143 -4.38596 -3.82854 73.5945 -9.5891 10.3888
1 0.95 25.4333 -5.24632 -1.97731 75.4499 -11.149 5.5355
1 1 25.6042 -5.5758 -0.0671911 76.8821 -11.6894 3.42241
