0 0 21.2802 -4.6577 0.150725 73.0346 -10.6637 -3.39005
0 0.05 21.5 -4.53754 2.18679 73.4045 -10.5904 -8.86503
0 0.1 21.8294 -4.0248 4.13061 71.6201 -8.97098 -21.2828
0 0.15 22.1229 -3.04148 5.74976 68.8226 -6.42765 -31.3013
0 0.2 22.3152 -1.64463 6.81336 66.4291 -3.3571 -37.7932
0 0.25 22.3797 -8.548e-09 7.18401 65.5032 -9.56233e-09 -40.0464
0 0.3 22.3152 1.64463 6.81336 66.4291 3.3571 -37.7932
0 0.35 22.1229 3.04148 5.74976 68.8226 6.42765 -31.3013
0 0.4 21.8294 4.0248 4.13061 71.6201 8.97098 -21.2828
0 0.45 21.5 4.53754 2.18679 73.4045 10.5904 -8.86503
0 0.5 21.2802 4.6577 0.150725 73.0346 10.6637 3.90567
0 0.55 21.1959 4.4359 -1.81254 70.3095 9.24724 14.5075
0 0.6 21.1035 3.79858 -3.54866 66.0498 7.22659 21.9172
0 0.65 20.984 2.76859 -4.87714 61.6217 5.05277 26.6459
0 0.7 20.8827 1.45901 -5.69347 58.3538 2.6364 29.2687
0 0.75 20.8417 -1.08987e-08 -5.96925 57.1591 -1.1467e-08 30.1033
0 0.8 20.8827 -1.45901 -5.69347 58.3538 -2.6364 29.2687
0 0.85 20.984 -2.76859 -4.87714 61.6217 -5.05277 26.6459
0 0.9 21.1035 -3.79858 -3.54866 66.0498 -7.22659 21.9172
0 0.95 21.1959 -4.4359 -1.81254 70.3095 -9.24724 14.5075
0 1 21.2802 -4.6577 0.150725 73.0346 -10.6637 8.29621
0.05 0 21.2466 -4.33624 0.00255907 72.3771 -8.27768 2.08492
0.05 0.05 21.0516 -4.25238 1.98855 73.3389 -9.64041 -22.3142
0.05 0.1 20.9698 -3.81505 3.86546 71.8774 -9.3507 -43.5373
0.05 0.15 20.8713 -2.92499 5.42478 69.0748 -7.4759 -59.4335
0.05 0.2 20.7525 -1.60126 6.45356 66.529 -4.20716 -69.1469
0.05 0.25 20.6953 -1.2302e-08 6.81352 65.5199 -1.71353e-08 -72.4145
0.05 0.3 20.7525 1.60126 6.45356 66.529 4.20716 -69.1469
0.05 0.35 20.8713 2.92499 5.42478 69.0748 7.4759 -59.4335
0.05 0.4 20.9698 3.81505 3.86546 71.8774 9.3507 -43.5373
0.05 0.45 21.0516 4.25238 1.98855 73.3389 9.64041 -22.3142
0.05 0.5 21.2466 4.33624 0.00255908 72.3771 8.27768 1.84928
0.05 0.55 21.5811 4.10493 -1.93113 69.0745 5.91465 25.5415
0.05 0.6 21.9148 3.49833 -3.7098 64.4784 3.61893 46.107
0.05 0.65 22.1897 2.54729 -5.14293 59.9729 1.92368 61.9712
0.05 0.7 22.3689 1.34252 -6.0678 56.7598 0.801231 72.0129
0.05 0.75 22.4307 -6.31773e-09 -6.38809 55.6027 -2.57351e-09 75.4542
0.05 0.8 22.3689 -1.34252 -6.0678 56.7598 -0.801231 72.0129
0.05 0.85 22.1897 -2.54729 -5.14293 59.9729 -1.92368 61.9712
0.05 0.9 21.9148 -3.49833 -3.7098 64.4784 -3.61893 46.107
0.05 0.95 21.5811 -4.10493 -1.93113 69.0745 -5.91465 25.5415
0.05 1 21.2466 -4.33624 0.00255907 72.3771 -8.27768 2.08492
0.1 0 21.1996 -3.55349 -0.0804441 71.5554 -4.9156 -0.959455
0.1 0.05 20.5708 -3.49296 1.62025 73.0679 -7.65805 -34.0975
0.1 0.1 19.9591 -3.15599 3.12837 72.2283 -9.13294 -63.0827
0.1 0.15 19.2562 -2.44257 4.2899 69.7039 -8.48554 -84.8756
0.1 0.2 18.6036 -1.34614 5.00711 67.1007 -5.23834 -98.3017
0.1 0.25 18.3255 -1.06578e-08 5.24892 66.0135 -2.54649e-08 -102.833
0.1 0.3 18.6036 1.34614 5.00711 67.1007 5.23834 -98.3017
0.1 0.35 19.2562 2.44257 4.2899 69.7039 8.48554 -84.8756
0.1 0.4 19.9591 3.15599 3.12837 72.2283 9.13294 -63.0827
0.1 0.45 20.5708 3.49296 1.62025 73.0679 7.65805 -34.0975
0.1 0.5 21.1996 3.55349 -0.0804441 71.5554 4.9156 -0.391795
0.1 0.55 21.9003 3.36586 -1.82683 68.1649 2.0068 34.4492
0.1 0.6 22.5566 2.88221 -3.54069 63.9489 -0.0955936 66.6846
0.1 0.65 23.0942 2.11305 -5.00566 60.0151 -0.983202 92.8396
0.1 0.7 23.4469 1.11968 -5.99325 57.2708 -0.797079 109.92
0.1 0.75 23.5693 -2.27159e-09 -6.34259 56.2921 2.83118e-09 115.859
0.1 0.8 23.4469 -1.11968 -5.99325 57.2708 0.797079 109.92
0.1 0.85 23.0942 -2.11305 -5.00566 60.0151 0.983202 92.8396
0.1 0.9 22.5566 -2.88221 -3.54069 63.9489 0.0955936 66.6846
0.1 0.95 21.9003 -3.36586 -1.82683 68.1649 -2.0068 34.4492
0.1 1 21.1996 -3.55349 -0.0804441 71.5554 -4.9156 -0.959455
0.15 0 21.1694 -2.44951 -0.0721238 70.8843 -1.27548 -4.00613
0.15 0.05 20.176 -2.40205 1.18091 72.7903 -4.74839 -42.5159
0.15 0.1 19.01 -2.17291 2.13297 72.7811 -7.80601 -76.9739
0.15 0.15 17.562 -1.68671 2.70069 70.9545 -8.68484 -104.068
0.15 0.2 16.2315 -0.927671 2.96049 68.6499 -5.86256 -121.572
0.15 0.25 15.6838 -3.41675e-09 3.02752 67.6228 -2.4996e-08 -127.619
0.15 0.3 16.2315 0.927671 2.96049 68.6499 5.86256 -121.572
0.15 0.35 17.562 1.68671 2.70069 70.9545 8.68484 -104.068
0.15 0.4 19.01 2.17291 2.13297 72.7811 7.80601 -76.9739
0.15 0.45 20.176 2.40205 1.18091 72.7903 4.74839 -42.5159
0.15 0.5 21.1694 2.44951 -0.0721238 70.8843 1.27548 -2.72015
0.15 0.55 22.1222 2.33851 -1.49215 67.7852 -1.50626 39.6475
0.15 0.6 22.9768 2.04002 -3.00319 64.3497 -3.01561 80.4267
0.15 0.65 23.6631 1.52689 -4.37614 61.306 -3.06952 114.594
0.15 0.7 24.1101 0.821659 -5.34212 59.2241 -1.88776 137.378
0.15 0.75 24.2657 3.93436e-10 -5.69064 58.4847 5.57319e-09 145.382
0.15 0.8 24.1101 -0.821659 -5.34212 59.2241 1.88776 137.378
0.15 0.85 23.6631 -1.52689 -4.37614 61.306 3.06952 114.594
0.15 0.9 22.9768 -2.04002 -3.00319 64.3497 3.01561 80.4267
0.15 0.95 22.1222 -2.33851 -1.49215 67.7852 1.50626 39.6475
0.15 1 21.1694 -2.44951 -0.0721238 70.8843 -1.27548 -4.00613
0.2 0 21.1676 -1.18066 0.0244232 70.6193 2.10865 -5.90974
0.2 0.05 19.9514 -1.14129 0.741967 72.6471 -1.27386 -46.3345
0.2 0.1 18.3571 -1.02659 1.0944 73.3641 -5.12082 -83.6702
0.2 0.15 16.3209 -0.820606 1.12053 72.534 -7.14646 -114.711
0.2 0.2 14.5675 -0.466141 1.04286 71.0478 -5.14582 -135.674
0.2 0.25 13.9099 2.03083e-09 1.01188 70.3415 -1.71455e-08 -143.026
0.2 0.3 14.5675 0.466141 1.04286 71.0478 5.14582 -135.674
0.2 0.35 16.3209 0.820606 1.12053 72.534 7.14646 -114.711
0.2 0.4 18.3571 1.02659 1.0944 73.3641 5.12082 -83.6702
0.2 0.45 19.9514 1.14129 0.741967 72.6471 1.27386 -46.3345
0.2 0.5 21.1676 1.18066 0.0244232 70.6193 -2.10865 -4.27833
0.2 0.55 22.2437 1.16133 -0.954486 67.9898 -4.20121 41.0407
0.2 0.6 23.1887 1.06065 -2.11371 65.3805 -4.89618 85.7532
0.2 0.65 23.9419 0.835444 -3.24911 63.2178 -4.23564 124.012
0.2 0.7 24.4295 0.467079 -4.08599 61.794 -2.44642 149.867
0.2 0.75 24.5995 1.39851e-09 -4.39495 61.2973 1.04597e-08 159.005
0.2 0.8 24.4295 -0.467079 -4.08599 61.794 2.44642 149.867
0.2 0.85 23.9419 -0.835444 -3.24911 63.2178 4.23564 124.012
0.2 0.9 23.1887 -1.06065 -2.11371 65.3805 4.89618 85.7532
0.2 0.95 22.2437 -1.16133 -0.954486 67.9898 4.20121 41.0407
0.2 1 21.1676 -1.18066 0.0244232 70.6193 2.10865 -5.90974
0.25 0 21.1788 0.148292 0.181104 70.8537 5.05892 -5.7882
0.25 0.05 19.8785 0.192768 0.304876 72.6772 2.36523 -45.0372
0.25 0.1 18.0892 0.184563 0.102071 73.7242 -1.33609 -82.5538
0.25 0.15 15.8536 0.0770474 -0.236618 73.8285 -3.79655 -115.273
0.25 0.2 14.0662 -0.00375384 -0.446246 73.4165 -3.07279 -138.067
0.25 0.25 13.4534 2.30993e-09 -0.498833 73.1798 9.03713e-09 -146.175
0.25 0.3 14.0662 0.00375384 -0.446246 73.4165 3.07279 -138.067
0.25 0.35 15.8536 -0.0770474 -0.236618 73.8285 3.79655 -115.273
0.25 0.4 18.0892 -0.184563 0.102071 73.7242 1.33609 -82.5538
0.25 0.45 19.8785 -0.192768 0.304876 72.6772 -2.36523 -45.0372
0.25 0.5 21.1788 -0.148292 0.181104 70.8537 -5.05892 -4.41885
0.25 0.55 22.2852 -0.0560404 -0.268563 68.7323 -6.16659 38.9383
0.25 0.6 23.2457 0.0399416 -0.966254 66.7504 -5.95796 82.1192
0.25 0.65 24.0141 0.0887155 -1.73939 65.1899 -4.6956 119.519
0.25 0.7 24.516 0.0704278 -2.35043 64.2045 -2.59464 145.009
0.25 0.75 24.6909 1.87416e-09 -2.58364 63.8687 5.29784e-09 154.057
0.25 0.8 24.516 -0.0704278 -2.35043 64.2045 2.59464 145.009
0.25 0.85 24.0141 -0.0887155 -1.73939 65.1899 4.6956 119.519
0.25 0.9 23.2457 -0.0399416 -0.966254 66.7504 5.95796 82.1192
0.25 0.95 22.2852 0.0560404 -0.268563 68.7323 6.16659 38.9383
0.25 1 21.1788 0.148292 0.181104 70.8537 5.05892 -5.7882
0.3 0 21.1994 1.49558 0.332259 71.4808 7.60172 -3.62387
0.3 0.05 19.9247 1.52128 -0.148599 72.7827 5.86552 -38.8082
0.3 0.1 18.1966 1.36419 -0.828174 73.6 2.97307 -73.3686
0.3 0.15 16.1076 0.951966 -1.42183 74.1054 0.751959 -104.093
0.3 0.2 14.4332 0.447082 -1.72579 74.488 0.0197915 -125.294
0.3 0.25 13.8301 2.01308e-09 -1.80039 74.6559 2.87734e-08 -132.742
0.3 0.3 14.4332 -0.447082 -1.72579 74.488 -0.0197915 -125.294
0.3 0.35 16.1076 -0.951966 -1.42183 74.1054 -0.751959 -104.093
0.3 0.4 18.1966 -1.36419 -0.828174 73.6 -2.97307 -73.3686
0.3 0.45 19.9247 -1.52128 -0.148599 72.7827 -5.86552 -38.8082
0.3 0.5 21.1994 -1.49558 0.332259 71.4808 -7.60172 -3.05224
0.3 0.55 22.2784 -1.32425 0.503197 69.8439 -7.67045 33.8469
0.3 0.6 23.2163 -1.03496 0.366084 68.1886 -6.57569 70.2446
0.3 0.65 23.9657 -0.69291 0.0501304 66.811 -4.78209 101.836
0.3 0.7 24.4566 -0.342899 -0.256118 65.9164 -2.52259 123.454
0.3 0.75 24.6275 2.1185e-09 -0.381754 65.6089 -2.04381e-09 131.148
0.3 0.8 24.4566 0.342899 -0.256118 65.9164 2.52259 123.454
0.3 0.85 23.9657 0.69291 0.0501304 66.811 4.78209 101.836
0.3 0.9 23.2163 1.03496 0.366084 68.1886 6.57569 70.2446
0.3 0.95 22.2784 1.32425 0.503197 69.8439 7.67045 33.8469
0.3 1 21.1994 1.49558 0.332259 71.4808 7.60172 -3.62387
0.35 0 21.2308 2.75566 0.419165 72.2762 9.73238 -0.353309
0.35 0.05 20.1092 2.72939 -0.61881 72.762 8.86239 -28.4269
0.35 0.1 18.6431 2.41359 -1.69155 72.6688 6.90834 -56.4568
0.35 0.15 16.9481 1.74606 -2.51333 72.4241 5.10806 -81.1172
0.35 0.2 15.5844 0.889117 -2.95858 72.2352 3.04416 -97.2652
0.35 0.25 15.0668 5.60914e-09 -3.08807 72.1493 3.28193e-08 -102.68
0.35 0.3 15.5844 -0.889117 -2.95858 72.2352 -3.04416 -97.2652
0.35 0.35 16.9481 -1.74606 -2.51333 72.4241 -5.10806 -81.1172
0.35 0.4 18.6431 -2.41359 -1.69155 72.6688 -6.90834 -56.4568
0.35 0.45 20.1092 -2.72939 -0.61881 72.762 -8.86239 -28.4269
0.35 0.5 21.2308 -2.75566 0.419165 72.2762 -9.73238 -0.742392
0.35 0.55 22.2208 -2.56187 1.24244 71.0909 -8.9394 26.1639
0.35 0.6 23.1105 -2.1339 1.76963 69.4737 -7.08672 51.8158
0.35 0.65 23.8205 -1.51622 2.03252 67.8702 -4.82168 73.8214
0.35 0.7 24.2802 -0.784128 2.11578 66.7139 -2.43091 88.848
0.35 0.75 24.44 2.14503e-09 2.12878 66.2956 1.8026e-09 94.1964
0.35 0.8 24.2802 0.784128 2.11578 66.7139 2.43091 88.848
0.35 0.85 23.8205 1.51622 2.03252 67.8702 4.82168 73.8214
0.35 0.9 23.1105 2.1339 1.76963 69.4737 7.08672 51.8158
0.35 0.95 22.2208 2.56187 1.24244 71.0909 8.9394 26.1639
0.35 1 21.2308 2.75566 0.419165 72.2762 9.73238 -0.353309
0.4 0 21.2632 3.78709 0.409849 72.9631 11.214 2.70085
0.4 0.05 20.4145 3.69376 -1.08879 72.3819 10.7834 -15.1528
0.4 0.1 19.3521 3.23417 -2.47232 70.8131 9.34548 -33.3679
0.4 0.15 18.1843 2.36714 -3.49701 68.9255 7.51954 -49.3205
0.4 0.2 17.262 1.24022 -4.07681 67.3507 4.47776 -59.3383
0.4 0.25 16.9119 1.08231e-08 -4.26171 66.7189 3.66212e-08 -62.5887
0.4 0.3 17.262 -1.24022 -4.07681 67.3507 -4.47776 -59.3383
0.4 0.35 18.1843 -2.36714 -3.49701 68.9255 -7.51954 -49.3205
0.4 0.4 19.3521 -3.23417 -2.47232 70.8131 -9.34548 -33.3679
0.4 0.45 20.4145 -3.69376 -1.08879 72.3819 -10.7834 -15.1528
0.4 0.5 21.2632 -3.78709 0.409849 72.9631 -11.214 1.61033
0.4 0.55 22.0817 -3.60621 1.81263 72.2408 -9.98992 16.1924
0.4 0.6 22.8734 -3.09656 2.98905 70.4949 -7.67821 29.0676
0.4 0.65 23.5213 -2.2637 3.85299 68.42 -5.0577 39.7419
0.4 0.7 23.9469 -1.19444 4.36051 66.7953 -2.48546 46.945
0.4 0.75 24.095 2.47775e-09 4.52685 66.1866 3.89919e-09 49.5003
0.4 0.8 23.9469 1.19444 4.36051 66.7953 2.48546 46.945
0.4 0.85 23.5213 2.2637 3.85299 68.42 5.0577 39.7419
0.4 0.9 22.8734 3.09656 2.98905 70.4949 7.67821 29.0676
0.4 0.95 22.0817 3.60621 1.81263 72.2408 9.98992 16.1924
0.4 1 21.2632 3.78709 0.409849 72.9631 11.214 2.70085
0.45 0 21.2838 4.45766 0.307681 73.2616 11.6382 4.38237
0.45 0.05 20.7911 4.29282 -1.50997 71.5234 11.0054 -0.597721
0.45 0.1 20.2109 3.71551 -3.11398 68.3777 9.44665 -6.62113
0.45 0.15 19.5932 2.71903 -4.30544 64.8724 7.31288 -12.5226
0.45 0.2 19.1109 1.43428 -5.00731 62.1303 4.13068 -16.2572
0.45 0.25 18.9276 1.3714e-08 -5.23919 61.0883 2.96438e-08 -17.4546
0.45 0.3 19.1109 -1.43428 -5.00731 62.1303 -4.13068 -16.2572
0.45 0.35 19.5932 -2.71903 -4.30544 64.8724 -7.31288 -12.5226
0.45 0.4 20.2109 -3.71551 -3.11398 68.3777 -9.44665 -6.62113
0.45 0.45 20.7911 -4.29282 -1.50997 71.5234 -11.0054 -0.597721
0.45 0.5 21.2838 -4.45766 0.307681 73.2616 -11.6382 3.11365
0.45 0.55 21.8469 -4.30394 2.13765 73.059 -10.6308 4.28757
0.45 0.6 22.4614 -3.76565 3.82607 71.2061 -8.34837 4.31905
0.45 0.65 22.9851 -2.8023 5.1812 68.6687 -5.59613 4.15202
0.45 0.7 23.3337 -1.49734 6.04285 66.579 -2.78358 4.03891
0.45 0.75 23.4564 4.36909e-09 6.33795 65.7804 8.30666e-09 4.00246
0.45 0.8 23.3337 1.49734 6.04285 66.579 2.78358 4.03891
0.45 0.85 22.9851 2.8023 5.1812 68.6687 5.59613 4.15202
0.45 0.9 22.4614 3.76565 3.82607 71.2061 8.34837 4.31905
0.45 0.95 21.8469 4.30394 2.13765 73.059 10.6308 4.28757
0.45 1 21.2838 4.45766 0.307681 73.2616 11.6382 4.38237
0.5 0 21.2802 4.6577 0.150725 73.0346 10.6637 4.11188
0.5 0.05 21.1959 4.4359 -1.81254 70.3095 9.24724 13.4897
0.5 0.1 21.1035 3.79858 -3.54866 66.0498 7.22659 20.8301
0.5 0.15 20.984 2.76859 -4.87714 61.6217 5.05277 25.6851
0.5 0.2 20.8827 1.45901 -5.69347 58.3538 2.6364 28.5732
0.5 0.25 20.8417 1.38376e-08 -5.96925 57.1591 2.03826e-08 29.5516
0.5 0.3 20.8827 -1.45901 -5.69347 58.3538 -2.6364 28.5732
0.5 0.35 20.984 -2.76859 -4.87714 61.6217 -5.05277 25.6851
0.5 0.4 21.1035 -3.79858 -3.54866 66.0498 -7.22659 20.8301
0.5 0.45 21.1959 -4.4359 -1.81254 70.3095 -9.24724 13.4897
0.5 0.5 21.2802 -4.6577 0.150725 73.0346 -10.6637 3.19357
0.5 0.55 21.5 -4.53754 2.18679 73.4045 -10.5904 -8.93917
0.5 0.6 21.8294 -4.0248 4.13061 71.6201 -8.97098 -20.446
0.5 0.65 22.1229 -3.04148 5.74976 68.8226 -6.42765 -29.471
0.5 0.7 22.3152 -1.64463 6.81336 66.4291 -3.3571 -35.1736
0.5 0.75 22.3797 8.66073e-09 7.18401 65.5032 1.32967e-08 -37.1262
0.5 0.8 22.3152 1.64463 6.81336 66.4291 3.3571 -35.1736
0.5 0.85 22.1229 3.04148 5.74976 68.8226 6.42765 -29.471
0.5 0.9 21.8294 4.0248 4.13061 71.6201 8.97098 -20.446
0.5 0.95 21.5 4.53754 2.18679 73.4045 10.5904 -8.93917
0.5 1 21.2802 4.6577 0.150725 73.0346 10.6637 4.11188
0.55 0 21.2466 4.33624 0.00255908 72.3771 8.27768 2.08492
0.55 0.05 21.5811 4.10493 -1.93113 69.0745 5.91465 25.5415
0.55 0.1 21.9148 3.49833 -3.7098 64.4784 3.61893 46.107
0.55 0.15 22.1897 2.54729 -5.14293 59.9729 1.92368 61.9712
0.55 0.2 22.3689 1.34252 -6.0678 56.7598 0.801231 72.0129
0.55 0.25 22.4307 1.27475e-08 -6.38809 55.6027 1.2025e-08 75.4542
0.55 0.3 22.3689 -1.34252 -6.0678 56.7598 -0.801231 72.0129
0.55 0.35 22.1897 -2.54729 -5.14293 59.9729 -1.92368 61.9712
0.55 0.4 21.9148 -3.49833 -3.7098 64.4784 -3.61893 46.107
0.55 0.45 21.5811 -4.10493 -1.93113 69.0745 -5.91465 25.5415
0.55 0.5 21.2466 -4.33624 0.00255908 72.3771 -8.27768 1.84928
0.55 0.55 21.0516 -4.25238 1.98855 73.3389 -9.64041 -22.3142
0.55 0.6 20.9698 -3.81505 3.86546 71.8773 -9.3507 -43.5373
0.55 0.65 20.8713 -2.92499 5.42478 69.0748 -7.4759 -59.4335
0.55 0.7 20.7525 -1.60126 6.45356 66.529 -4.20716 -69.1469
0.55 0.75 20.6953 1.36227e-08 6.81352 65.5199 1.97768e-08 -72.4145
0.55 0.8 20.7525 1.60126 6.45356 66.529 4.20716 -69.1469
0.55 0.85 20.8713 2.92499 5.42478 69.0748 7.4759 -59.4335
0.55 0.9 20.9698 3.81505 3.86546 71.8773 9.3507 -43.5373
0.55 0.95 21.0516 4.25238 1.98855 73.3389 9.64041 -22.3142
0.55 1 21.2466 4.33624 0.00255908 72.3771 8.27768 2.08492
0.6 0 21.1996 3.55349 -0.0804441 71.5554 4.9156 -0.959455
0.6 0.05 21.9003 3.36586 -1.82683 68.1649 2.0068 34.4492
0.6 0.1 22.5566 2.88221 -3.54069 63.9489 -0.0955935 66.6846
0.6 0.15 23.0942 2.11305 -5.00566 60.0151 -0.983202 92.8396
0.6 0.2 23.4469 1.11968 -5.99325 57.2708 -0.797079 109.92
0.6 0.25 23.5693 1.06112e-08 -6.34259 56.2921 8.28485e-09 115.859
0.6 0.3 23.4469 -1.11968 -5.99325 57.2708 0.797079 109.92
0.6 0.35 23.0942 -2.11305 -5.00566 60.0151 0.983202 92.8396
0.6 0.4 22.5566 -2.88221 -3.54069 63.9489 0.0955936 66.6846
0.6 0.45 21.9003 -3.36586 -1.82683 68.1649 -2.0068 34.4492
0.6 0.5 21.1996 -3.55349 -0.0804441 71.5554 -4.9156 -0.391795
0.6 0.55 20.5708 -3.49296 1.62025 73.0679 -7.65805 -34.0975
0.6 0.6 19.9591 -3.15599 3.12837 72.2283 -9.13294 -63.0827
0.6 0.65 19.2562 -2.44257 4.2899 69.7039 -8.48554 -84.8756
0.6 0.7 18.6036 -1.34614 5.00711 67.1007 -5.23834 -98.3017
0.6 0.75 18.3255 1.37421e-08 5.24892 66.0135 2.33016e-08 -102.833
0.6 0.8 18.6036 1.34614 5.00711 67.1007 5.23834 -98.3017
0.6 0.85 19.2562 2.44257 4.2899 69.7039 8.48554 -84.8756
0.6 0.9 19.9591 3.15599 3.12837 72.2283 9.13294 -63.0827
0.6 0.95 20.5708 3.49296 1.62025 73.0679 7.65805 -34.0975
0.6 1 21.1996 3.55349 -0.0804441 71.5554 4.9156 -0.959455
0.65 0 21.1694 2.44951 -0.0721238 70.8843 1.27548 -4.00613
0.65 0.05 22.1222 2.33851 -1.49215 67.7852 -1.50626 39.6475
0.65 0.1 22.9768 2.04002 -3.00319 64.3497 -3.01561 80.4267
0.65 0.15 23.6631 1.52689 -4.37614 61.306 -3.06952 114.594
0.65 0.2 24.1101 0.821659 -5.34212 59.2241 -1.88776 137.378
0.65 0.25 24.2657 7.63598e-09 -5.69064 58.4847 6.32916e-09 145.382
0.65 0.3 24.1101 -0.821659 -5.34212 59.2241 1.88776 137.378
0.65 0.35 23.6631 -1.52689 -4.37614 61.306 3.06952 114.594
0.65 0.4 22.9768 -2.04002 -3.00319 64.3497 3.01561 80.4267
0.65 0.45 22.1222 -2.33851 -1.49215 67.7851 1.50626 39.6475
0.65 0.5 21.1694 -2.44951 -0.0721238 70.8843 -1.27548 -2.72015
0.65 0.55 20.176 -2.40205 1.18091 72.7903 -4.74839 -42.5159
0.65 0.6 19.01 -2.17291 2.13297 72.7811 -7.80601 -76.9739
0.65 0.65 17.562 -1.68671 2.70069 70.9545 -8.68484 -104.068
0.65 0.7 16.2315 -0.927671 2.96049 68.6499 -5.86256 -121.572
0.65 0.75 15.6838 6.72382e-09 3.02752 67.6228 2.21754e-08 -127.619
0.65 0.8 16.2315 0.927671 2.96049 68.6499 5.86256 -121.572
0.65 0.85 17.562 1.68671 2.70069 70.9545 8.68484 -104.068
0.65 0.9 19.01 2.17291 2.13297 72.7811 7.80601 -76.9739
0.65 0.95 20.176 2.40205 1.18091 72.7903 4.74839 -42.5159
0.65 1 21.1694 2.44951 -0.0721238 70.8843 1.27548 -4.00613
0.7 0 21.1676 1.18066 0.0244232 70.6193 -2.10865 -5.90974
0.7 0.05 22.2437 1.16133 -0.954486 67.9898 -4.20121 41.0407
0.7 0.1 23.1887 1.06065 -2.11371 65.3805 -4.89618 85.7532
0.7 0.15 23.9419 0.835444 -3.24911 63.2178 -4.23564 124.012
0.7 0.2 24.4295 0.467079 -4.08599 61.794 -2.44642 149.867
0.7 0.25 24.5995 5.09395e-09 -4.39495 61.2973 1.00742e-08 159.005
0.7 0.3 24.4295 -0.467079 -4.08599 61.794 2.44642 149.867
0.7 0.35 23.9419 -0.835444 -3.24911 63.2178 4.23564 124.012
0.7 0.4 23.1887 -1.06065 -2.11371 65.3805 4.89618 85.7532
0.7 0.45 22.2437 -1.16133 -0.954486 67.9898 4.20121 41.0407
0.7 0.5 21.1676 -1.18066 0.0244232 70.6193 2.10865 -4.27833
0.7 0.55 19.9514 -1.14129 0.741967 72.6471 -1.27386 -46.3345
0.7 0.6 18.3571 -1.02659 1.0944 73.3641 -5.12082 -83.6702
0.7 0.65 16.3209 -0.820606 1.12053 72.534 -7.14646 -114.711
0.7 0.7 14.5675 -0.466141 1.04286 71.0478 -5.14582 -135.674
0.7 0.75 13.9099 -2.91039e-10 1.01188 70.3415 -2.17067e-09 -143.026
0.7 0.8 14.5675 0.466141 1.04286 71.0478 5.14582 -135.674
0.7 0.85 16.3209 0.820606 1.12053 72.534 7.14646 -114.711
0.7 0.9 18.3571 1.02659 1.0944 73.3641 5.12082 -83.6702
0.7 0.95 19.9514 1.14129 0.741967 72.6471 1.27386 -46.3345
0.7 1 21.1676 1.18066 0.0244232 70.6193 -2.10865 -5.90974
0.75 0 21.1788 -0.148292 0.181104 70.8537 -5.05892 -5.7882
0.75 0.05 22.2852 -0.0560404 -0.268564 68.7323 -6.16659 38.9383
0.75 0.1 23.2457 0.0399416 -0.966254 66.7504 -5.95796 82.1192
0.75 0.15 24.0141 0.0887155 -1.73939 65.1899 -4.6956 119.519
0.75 0.2 24.516 0.0704278 -2.35043 64.2045 -2.59464 145.009
0.75 0.25 24.6909 2.97759e-09 -2.58364 63.8687 5.36971e-09 154.057
0.75 0.3 24.516 -0.0704278 -2.35043 64.2045 2.59464 145.009
0.75 0.35 24.0141 -0.0887155 -1.73939 65.1899 4.6956 119.519
0.75 0.4 23.2457 -0.0399416 -0.966254 66.7504 5.95796 82.1192
0.75 0.45 22.2852 0.0560404 -0.268564 68.7323 6.16659 38.9383
0.75 0.5 21.1788 0.148292 0.181104 70.8537 5.05892 -4.41885
0.75 0.55 19.8785 0.192768 0.304876 72.6772 2.36523 -45.0372
0.75 0.6 18.0892 0.184563 0.102071 73.7242 -1.33609 -82.5538
0.75 0.65 15.8536 0.0770474 -0.236618 73.8285 -3.79655 -115.273
0.75 0.7 14.0662 -0.00375384 -0.446246 73.4165 -3.07279 -138.067
0.75 0.75 13.4534 -2.10491e-09 -0.498833 73.1798 -8.80628e-09 -146.175
0.75 0.8 14.0662 0.00375384 -0.446246 73.4165 3.07279 -138.067
0.75 0.85 15.8536 -0.0770474 -0.236618 73.8285 3.79655 -115.273
0.75 0.9 18.0892 -0.184563 0.102071 73.7242 1.33609 -82.5538
0.75 0.95 19.8785 -0.192768 0.304876 72.6772 -2.36523 -45.0372
0.75 1 21.1788 -0.148292 0.181104 70.8537 -5.05892 -5.7882
0.8 0 21.1994 -1.49558 0.332259 71.4808 -7.60172 -3.62387
0.8 0.05 22.2784 -1.32425 0.503197 69.8439 -7.67045 33.8469
0.8 0.1 23.2163 -1.03496 0.366084 68.1886 -6.57569 70.2446
0.8 0.15 23.9657 -0.69291 0.0501304 66.811 -4.78209 101.836
0.8 0.2 24.4566 -0.342899 -0.256118 65.9164 -2.52259 123.454
0.8 0.25 24.6275 1.50135e-09 -0.381754 65.6089 -3.88922e-09 131.148
0.8 0.3 24.4566 0.342899 -0.256118 65.9164 2.52259 123.454
0.8 0.35 23.9657 0.69291 0.0501304 66.811 4.78209 101.836
0.8 0.4 23.2163 1.03496 0.366084 68.1886 6.57569 70.2446
0.8 0.45 22.2784 1.32425 0.503197 69.8439 7.67045 33.8469
0.8 0.5 21.1994 1.49558 0.332259 71.4808 7.60172 -3.05224
0.8 0.55 19.9247 1.52128 -0.148599 72.7827 5.86552 -38.8082
0.8 0.6 18.1966 1.36419 -0.828174 73.6 2.97307 -73.3686
0.8 0.65 16.1076 0.951966 -1.42183 74.1054 0.751959 -104.093
0.8 0.7 14.4332 0.447082 -1.72579 74.488 0.0197915 -125.294
0.8 0.75 13.8301 -2.80883e-09 -1.80039 74.6559 -4.74021e-09 -132.742
0.8 0.8 14.4332 -0.447082 -1.72579 74.488 -0.0197915 -125.294
0.8 0.85 16.1076 -0.951966 -1.42183 74.1054 -0.751959 -104.093
0.8 0.9 18.1966 -1.36419 -0.828174 73.6 -2.97307 -73.3686
0.8 0.95 19.9247 -1.52128 -0.148599 72.7827 -5.86552 -38.8082
0.8 1 21.1994 -1.49558 0.332259 71.4808 -7.60172 -3.62387
0.85 0 21.2308 -2.75566 0.419165 72.2762 -9.73238 -0.353309
0.85 0.05 22.2208 -2.56187 1.24244 71.0909 -8.9394 26.1639
0.85 0.1 23.1105 -2.1339 1.76963 69.4737 -7.08672 51.8158
0.85 0.15 23.8205 -1.51622 2.03252 67.8702 -4.82168 73.8214
0.85 0.2 24.2802 -0.784128 2.11578 66.7139 -2.43091 88.848
0.85 0.25 24.44 3.07188e-10 2.12878 66.2956 -1.03419e-09 94.1964
0.85 0.3 24.2802 0.784128 2.11578 66.7139 2.43091 88.848
0.85 0.35 23.8205 1.51622 2.03252 67.8702 4.82168 73.8214
0.85 0.4 23.1105 2.1339 1.76963 69.4737 7.08672 51.8158
0.85 0.45 22.2208 2.56187 1.24244 71.0909 8.9394 26.1639
0.85 0.5 21.2308 2.75566 0.419165 72.2762 9.73238 -0.742392
0.85 0.55 20.1092 2.72939 -0.61881 72.762 8.86239 -28.4269
0.85 0.6 18.6431 2.41359 -1.69155 72.6688 6.90834 -56.4568
0.85 0.65 16.9481 1.74606 -2.51333 72.4241 5.10806 -81.1172
0.85 0.7 15.5844 0.889117 -2.95858 72.2352 3.04416 -97.2652
0.85 0.75 15.0668 -7.10564e-09 -3.08807 72.1493 -2.66662e-08 -102.68
0.85 0.8 15.5844 -0.889117 -2.95858 72.2352 -3.04416 -97.2652
0.85 0.85 16.9481 -1.74606 -2.51333 72.4241 -5.10806 -81.1172
0.85 0.9 18.6431 -2.41359 -1.69155 72.6688 -6.90834 -56.4568
0.85 0.95 20.1092 -2.72939 -0.61881 72.762 -8.86239 -28.4269
0.85 1 21.2308 -2.75566 0.419165 72.2762 -9.73238 -0.353309
0.9 0 21.2632 -3.78709 0.409849 72.9631 -11.214 2.70085
0.9 0.05 22.0817 -3.60621 1.81263 72.2408 -9.98992 16.1924
0.9 0.1 22.8734 -3.09656 2.98905 70.4949 -7.67821 29.0676
0.9 0.15 23.5213 -2.2637 3.85299 68.42 -5.0577 39.7419
0.9 0.2 23.9469 -1.19444 4.36051 66.7953 -2.48546 46.945
0.9 0.25 24.095 -1.24923e-09 4.52685 66.1866 -2.12976e-09 49.5003
0.9 0.3 23.9469 1.19444 4.36051 66.7953 2.48546 46.945
0.9 0.35 23.5213 2.2637 3.85299 68.42 5.0577 39.7419
0.9 0.4 22.8734 3.09656 2.98905 70.4949 7.67821 29.0676
0.9 0.45 22.0817 3.60621 1.81263 72.2408 9.98992 16.1924
0.9 0.5 21.2632 3.78709 0.409849 72.9631 11.214 1.61033
0.9 0.55 20.4145 3.69376 -1.08879 72.3819 10.7834 -15.1528
0.9 0.6 19.3521 3.23417 -2.47232 70.8131 9.34548 -33.3679
0.9 0.65 18.1843 2.36714 -3.49701 68.9255 7.51954 -49.3205
0.9 0.7 17.262 1.24022 -4.07681 67.3507 4.47776 -59.3383
0.9 0.75 16.9119 -1.23365e-08 -4.26171 66.7189 -3.065e-08 -62.5887
0.9 0.8 17.262 -1.24022 -4.07681 67.3507 -4.47776 -59.3383
0.9 0.85 18.1843 -2.36714 -3.49701 68.9255 -7.51955 -49.3205
0.9 0.9 19.3521 -3.23417 -2.47232 70.8131 -9.34548 -33.3679
0.9 0.95 20.4145 -3.69376 -1.08879 72.3819 -10.7834 -15.1528
0.9 1 21.2632 -3.78709 0.409849 72.9631 -11.214 2.70085
0.95 0 21.2838 -4.45766 0.307681 73.2616 -11.6382 4.38237
0.95 0.05 21.8469 -4.30394 2.13765 73.059 -10.6308 4.28757
0.95 0.1 22.4614 -3.76565 3.82607 71.2061 -8.34837 4.31905
0.95 0.15 22.9851 -2.8023 5.1812 68.6687 -5.59613 4.15202
0.95 0.2 23.3337 -1.49734 6.04285 66.579 -2.78358 4.03891
0.95 0.25 23.4564 -4.12078e-09 6.33795 65.7804 -5.00131e-09 4.00246
0.95 0.3 23.3337 1.49734 6.04285 66.579 2.78358 4.03891
0.95 0.35 22.9851 2.8023 5.1812 68.6687 5.59613 4.15202
0.95 0.4 22.4614 3.76565 3.82607 71.2061 8.34837 4.31905
0.95 0.45 21.8469 4.30394 2.13765 73.059 10.6308 4.28757
0.95 0.5 21.2838 4.45766 0.307681 73.2616 11.6382 3.11365
0.95 0.55 20.7911 4.29282 -1.50997 71.5234 11.0054 -0.597721
0.95 0.6 20.2109 3.71551 -3.11398 68.3777 9.44665 -6.62113
0.95 0.65 19.5932 2.71903 -4.30544 64.8724 7.31288 -12.5226
0.95 0.7 19.1109 1.43428 -5.00731 62.1303 4.13068 -16.2572
0.95 0.75 18.9276 -1.38674e-08 -5.23919 61.0883 -2.19899e-08 -17.4546
0.95 0.8 19.1109 -1.43428 -5.00731 62.1303 -4.13068 -16.2572
0.95 0.85 19.5932 -2.71903 -4.30544 64.8724 -7.31288 -12.5226
0.95 0.9 20.2109 -3.71551 -3.11398 68.3777 -9.44665 -6.62113
0.95 0.95 20.7911 -4.29282 -1.50997 71.5234 -11.0054 -0.597721
0.95 1 21.2838 -4.45766 0.307681 73.2616 -11.6382 4.38237
1 0 21.2802 -4.6577 0.150725 73.0346 -10.6637 -2.24133
1 0.05 21.5 -4.53754 2.18679 73.4045 -10.5904 -8.86503
1 0.1 21.8294 -4.0248 4.13061 71.6201 -8.97098 -21.2828
1 0.15 22.1229 -3.04148 5.74976 68.8226 -6.42765 -31.3013
1 0.2 22.3152 -1.64463 6.81336 66.4291 -3.3571 -37.7932
1 0.25 22.3797 -8.548e-09 7.18401 65.5032 -9.56233e-09 -40.0464
1 0.3 22.3152 1.64463 6.81336 66.4291 3.3571 -37.7932
1 0.35 22.1229 3.04148 5.74976 68.8226 6.42765 -31.3013
1 0.4 21.8294 4.0248 4.13061 71.6201 8.97098 -21.2828
1 0.45 21.5 4.53754 2.18679 73.4045 10.5904 -8.86503
1 0.5 21.2802 4.6577 0.150725 73.0346 10.6637 3.90567
1 0.55 21.1959 4.4359 -1.81254 70.3095 9.24724 14.5075
1 0.6 21.1035 3.79858 -3.54866 66.0498 7.22659 21.9172
1 0.65 20.984 2.76859 -4.87714 61.6217 5.05277 26.6459
1 0.7 20.8827 1.45901 -5.69347 58.3538 2.6364 29.2687
1 0.75 20.8417 -1.08987e-08 -5.96925 57.1591 -1.1467e-08 30.1033
1 0.8 20.8827 -1.45901 -5.69347 58.3538 -2.6364 29.2687
1 0.85 20.984 -2.76859 -4.87714 61.6217 -5.05277 26.6459
1 0.9 21.1035 -3.79858 -3.54866 66.0498 -7.22659 21.9172
1 0.95 21.1959 -4.4359 -1.81254 70.3095 -9.24724 14.5075
1 1 21.2802 -4.6577 0.150725 73.0346 -10.6637 9.44494
