0 0 24.204 -1.52019 -0.198116 76.392 -3.5417 -0.0928514
0 0.05 24.8914 -1.27846 0.716726 76.8805 -3.02368 -0.840538
0 0.1 26.3188 -0.925497 1.94528 77.6303 -2.00166 -2.76224
0 0.15 27.8206 -0.631532 2.97468 78.4067 -1.29709 -4.27089
0 0.2 28.9415 -0.323122 3.69488 78.9731 -0.639824 -5.26615
0 0.25 29.3589 4.56458e-09 3.95364 79.1758 5.42998e-08 -5.61439
0 0.3 28.9415 0.323122 3.69488 78.9731 0.639824 -5.26615
0 0.35 27.8205 0.631532 2.97468 78.4067 1.29709 -4.27089
0 0.4 26.3188 0.925496 1.94528 77.6303 2.00166 -2.76224
0 0.45 24.8914 1.27846 0.716726 76.8805 3.02368 -0.840538
0 0.5 24.204 1.52019 -0.198116 76.392 3.5417 0.696035
0 0.55 24.1752 1.2284 -1.06324 75.9621 2.97336 2.15727
0 0.6 24.6299 0.810226 -2.1417 75.7281 1.88337 3.98207
0 0.65 25.2679 0.512342 -2.97256 75.7105 1.15582 5.39592
0 0.7 25.7776 0.246843 -3.50983 75.7805 0.558681 6.28668
0 0.75 25.9544 4.67728e-08 -3.69428 75.8034 1.55632e-07 6.60366
0 0.8 25.7776 -0.246843 -3.50983 75.7805 -0.558681 6.28668
0 0.85 25.2679 -0.512342 -2.97256 75.7105 -1.15582 5.39592
0 0.9 24.6299 -0.810226 -2.1417 75.7281 -1.88337 3.98207
0 0.95 24.1752 -1.2284 -1.06324 75.9621 -2.97336 2.15727
0 1 24.204 -1.52019 -0.198116 76.392 -3.5417 1.40605
0.05 0 24.1763 -1.22186 -0.226012 76.3259 -2.70167 0.654835
0.05 0.05 21.1844 -0.858209 0.590757 73.7778 -2.18497 -14.5413
0.05 0.1 18.4279 -0.440857 1.31957 70.9397 -1.24952 -28.493
0.05 0.15 16.5228 -0.212676 1.73662 68.626 -0.666091 -39.5214
0.05 0.2 15.3856 -0.0803253 1.93714 67.1101 -0.28486 -46.5628
0.05 0.25 14.9989 1.32497e-09 1.98979 66.5751 9.55608e-08 -48.9854
0.05 0.3 15.3856 0.0803253 1.93714 67.1101 0.28486 -46.5628
0.05 0.35 16.5228 0.212676 1.73662 68.626 0.666091 -39.5214
0.05 0.4 18.4279 0.440857 1.31957 70.9396 1.24952 -28.493
0.05 0.45 21.1844 0.858208 0.590757 73.7778 2.18497 -14.5413
0.05 0.5 24.1763 1.22186 -0.226012 76.3259 2.70167 0.709496
0.05 0.55 27.9983 1.18224 -1.28025 78.7253 2.31959 16.0696
0.05 0.6 33.0533 1.01474 -2.76501 81.316 1.59869 30.2444
0.05 0.65 37.7604 0.785715 -4.17928 83.4498 1.08016 41.5294
0.05 0.7 41.0959 0.430192 -5.24213 84.7919 0.536251 48.8038
0.05 0.75 42.3127 7.05734e-08 -5.6344 85.2517 1.51983e-07 51.3167
0.05 0.8 41.0959 -0.430192 -5.24213 84.7919 -0.536251 48.8038
0.05 0.85 37.7604 -0.785715 -4.17928 83.4498 -1.08016 41.5294
0.05 0.9 33.0534 -1.01474 -2.76501 81.316 -1.59869 30.2444
0.05 0.95 27.9983 -1.18224 -1.28025 78.7253 -2.31959 16.0696
0.05 1 24.1763 -1.22186 -0.226012 76.3259 -2.70167 0.654835
0.1 0 24.199 -0.83637 -0.23511 76.195 -1.64491 0.665117
0.1 0.05 17.9178 -0.466281 0.467977 70.6658 -1.29729 -26.8113
0.1 0.1 12.7189 -0.17408 0.785909 64.5804 -0.756759 -51.6082
0.1 0.15 9.31967 -0.0688024 0.828512 59.3777 -0.492673 -71.1791
0.1 0.2 7.47891 -0.0193136 0.792712 55.8877 -0.228908 -83.6792
0.1 0.25 6.9053 3.26324e-10 0.766993 54.6626 1.00567e-08 -87.9739
0.1 0.3 7.47891 0.0193136 0.792712 55.8877 0.228908 -83.6792
0.1 0.35 9.31966 0.0688024 0.828512 59.3777 0.492673 -71.1791
0.1 0.4 12.7189 0.17408 0.785909 64.5804 0.756759 -51.6082
0.1 0.45 17.9178 0.466281 0.467977 70.6658 1.29729 -26.8113
0.1 0.5 24.199 0.83637 -0.23511 76.195 1.64491 0.745245
0.1 0.55 32.1536 0.964645 -1.41124 81.3445 1.31655 28.4621
0.1 0.6 41.9637 0.966984 -3.06341 86.2756 0.858553 53.6687
0.1 0.65 51.3539 0.84227 -4.8322 90.1333 0.546047 73.7585
0.1 0.7 58.1104 0.483038 -6.23561 92.5312 0.243955 86.6984
0.1 0.75 60.5476 3.8988e-08 -6.76044 93.3379 9.55623e-08 91.1632
0.1 0.8 58.1104 -0.483038 -6.23561 92.5312 -0.243955 86.6984
0.1 0.85 51.3539 -0.84227 -4.8322 90.1333 -0.546047 73.7585
0.1 0.9 41.9637 -0.966984 -3.06341 86.2756 -0.858554 53.6687
0.1 0.95 32.1536 -0.964645 -1.41124 81.3445 -1.31655 28.4621
0.1 1 24.199 -0.83637 -0.23511 76.195 -1.64491 0.665117
0.15 0 24.2696 -0.424788 -0.223721 76.0612 -0.56446 0.63978
0.15 0.05 15.3617 -0.222215 0.290117 67.8719 -0.698721 -36.394
0.15 0.1 9.11191 -0.0898243 0.395696 59.4024 -0.687248 -69.7096
0.15 0.15 5.49178 -0.0522782 0.331168 52.1064 -0.711201 -96.0098
0.15 0.2 3.77391 -0.0231105 0.268454 47.2366 -0.447896 -112.824
0.15 0.25 3.27602 9.38763e-10 0.244674 45.5153 4.41217e-08 -118.601
0.15 0.3 3.77391 0.0231105 0.268454 47.2366 0.447896 -112.824
0.15 0.35 5.49178 0.0522782 0.331168 52.1064 0.711201 -96.0098
0.15 0.4 9.11191 0.0898243 0.395696 59.4024 0.687248 -69.7096
0.15 0.45 15.3617 0.222215 0.290117 67.8719 0.698721 -36.394
0.15 0.5 24.2696 0.424788 -0.223721 76.0612 0.56446 0.724684
0.15 0.55 36.014 0.547179 -1.27179 83.6095 0.161278 38.0132
0.15 0.6 50.0075 0.590446 -2.79737 90.2661 -0.178684 71.7803
0.15 0.65 63.3979 0.513782 -4.41839 95.3135 -0.303176 98.6423
0.15 0.7 72.9153 0.301896 -5.65095 98.3612 -0.214225 115.909
0.15 0.75 76.3586 -7.10592e-08 -6.11611 99.3755 1.50499e-08 121.859
0.15 0.8 72.9153 -0.301896 -5.65095 98.3612 0.214225 115.909
0.15 0.85 63.3979 -0.513782 -4.41839 95.3135 0.303176 98.6423
0.15 0.9 50.0075 -0.590446 -2.79737 90.2661 0.178683 71.7803
0.15 0.95 36.014 -0.547179 -1.27179 83.6095 -0.161278 38.0132
0.15 1 24.2696 -0.424788 -0.223721 76.0612 -0.56446 0.63978
0.2 0 24.3694 0.0120463 -0.174416 75.9991 0.535068 0.568045
0.2 0.05 13.7989 -0.0434674 0.1095 65.9894 -0.159076 -42.3774
0.2 0.1 7.21872 -0.068909 0.13138 56.103 -0.761125 -81.039
0.2 0.15 3.83077 -0.0622938 0.089341 47.8542 -1.04106 -111.615
0.2 0.2 2.37802 -0.0343448 0.0567199 42.4809 -0.753896 -131.194
0.2 0.25 1.99727 8.60284e-10 0.0450579 40.691 -5.43321e-08 -137.922
0.2 0.3 2.37802 0.0343448 0.0567199 42.4809 0.753896 -131.194
0.2 0.35 3.83077 0.0622938 0.089341 47.8542 1.04106 -111.615
0.2 0.4 7.21872 0.068909 0.13138 56.103 0.761125 -81.039
0.2 0.45 13.7989 0.0434674 0.1095 65.9894 0.159076 -42.3774
0.2 0.5 24.3694 -0.0120463 -0.174416 75.9991 -0.535068 0.642648
0.2 0.55 38.8633 -0.115973 -0.87575 85.207 -1.15594 43.8119
0.2 0.6 55.7711 -0.159336 -1.92977 93.0088 -1.39864 82.8324
0.2 0.65 71.5877 -0.126855 -2.99932 98.789 -1.19858 113.815
0.2 0.7 82.148 -0.127323 -3.56618 102.109 -0.773821 133.604
0.2 0.75 85.5226 -1.2379e-07 -3.6411 103.091 8.71278e-08 140.343
0.2 0.8 82.148 0.127323 -3.56618 102.109 0.77382 133.604
0.2 0.85 71.5877 0.126855 -2.99932 98.789 1.19858 113.815
0.2 0.9 55.7711 0.159336 -1.92977 93.0088 1.39864 82.8324
0.2 0.95 38.8634 0.115973 -0.87575 85.207 1.15594 43.8119
0.2 1 24.3694 0.0120463 -0.174416 75.9991 0.535068 0.568045
0.25 0 24.4471 0.447505 -0.115606 75.9835 1.57117 0.501029
0.25 0.05 13.2654 0.0987653 -0.0728565 65.3041 0.369018 -44.1651
0.25 0.1 6.66789 -0.0439344 -0.0600632 55.0942 -0.648063 -84.457
0.25 0.15 3.42993 -0.0558137 -0.042744 46.7866 -1.0478 -116.431
0.25 0.2 2.10499 -0.0260824 -0.0280634 41.5478 -0.703876 -136.985
0.25 0.25 1.77998 8.41042e-10 -0.0236664 39.9053 1.05051e-08 -144.065
0.25 0.3 2.10499 0.0260824 -0.0280634 41.5478 0.703876 -136.985
0.25 0.35 3.42993 0.0558137 -0.042744 46.7866 1.0478 -116.431
0.25 0.4 6.66789 0.0439344 -0.0600632 55.0942 0.648062 -84.457
0.25 0.45 13.2654 -0.0987653 -0.0728564 65.3041 -0.369018 -44.1651
0.25 0.5 24.4471 -0.447505 -0.115606 75.9834 -1.57117 0.539654
0.25 0.55 40.165 -0.89057 -0.295992 85.9503 -2.42754 45.3217
0.25 0.6 58.3607 -1.18022 -0.662706 94.3495 -2.659 85.7825
0.25 0.65 74.9846 -1.00669 -1.11329 100.507 -2.08592 117.933
0.25 0.7 85.44 -0.500683 -1.29019 103.995 -1.14192 138.484
0.25 0.75 88.137 1.66512e-08 -1.29137 104.97 -3.49969e-08 145.478
0.25 0.8 85.44 0.500683 -1.29019 103.995 1.14192 138.484
0.25 0.85 74.9846 1.00669 -1.11329 100.507 2.08592 117.933
0.25 0.9 58.3607 1.18022 -0.662706 94.3495 2.659 85.7825
0.25 0.95 40.165 0.89057 -0.295992 85.9503 2.42754 45.3217
0.25 1 24.4471 0.447505 -0.115606 75.9835 1.57117 0.501029
0.3 0 24.4853 0.824462 -0.074967 76.037 2.4284 0.467235
0.3 0.05 13.7484 0.258123 -0.262941 65.9127 0.991329 -41.5626
0.3 0.1 7.2727 -0.00303662 -0.255146 56.3507 -0.296028 -79.5497
0.3 0.15 3.96167 -0.0459521 -0.183747 48.602 -0.810312 -109.786
0.3 0.2 2.53248 -0.0268094 -0.129047 43.6568 -0.613412 -129.259
0.3 0.25 2.14573 -1.67334e-09 -0.108573 41.9876 4.24404e-08 -135.997
0.3 0.3 2.53248 0.0268094 -0.129047 43.6568 0.613412 -129.259
0.3 0.35 3.96167 0.0459521 -0.183747 48.602 0.810312 -109.786
0.3 0.4 7.27269 0.00303661 -0.255146 56.3507 0.296027 -79.5497
0.3 0.45 13.7484 -0.258123 -0.262941 65.9127 -0.991329 -41.5626
0.3 0.5 24.4853 -0.824461 -0.0749669 76.037 -2.4284 0.456468
0.3 0.55 39.6359 -1.55952 0.313117 85.749 -3.41958 42.4541
0.3 0.6 57.4241 -2.07928 0.706208 94.1903 -3.616 80.3808
0.3 0.65 73.8002 -1.97879 0.89059 100.496 -2.96504 110.54
0.3 0.7 84.3776 -1.12176 0.776943 104.164 -1.56516 129.978
0.3 0.75 87.3445 2.11119e-07 0.690334 105.241 1.04733e-07 136.719
0.3 0.8 84.3776 1.12176 0.776942 104.164 1.56516 129.978
0.3 0.85 73.8002 1.97879 0.890589 100.496 2.96504 110.54
0.3 0.9 57.4241 2.07929 0.706208 94.1903 3.616 80.3808
0.3 0.95 39.6359 1.55952 0.313117 85.749 3.41958 42.4541
0.3 1 24.4853 0.824462 -0.074967 76.037 2.4284 0.467235
0.35 0 24.4528 1.12484 -0.0715402 76.1217 3.07252 0.502743
0.35 0.05 15.229 0.454635 -0.469178 67.6546 1.66354 -34.8045
0.35 0.1 9.12981 0.0750808 -0.524908 59.606 0.264539 -66.7254
0.35 0.15 5.70112 -0.030187 -0.442687 53.1048 -0.425792 -92.168
0.35 0.2 4.08545 -0.0281655 -0.369413 48.9673 -0.413665 -108.567
0.35 0.25 3.6197 -5.5272e-09 -0.343792 47.5518 -1.25438e-08 -114.234
0.35 0.3 4.08545 0.0281655 -0.369413 48.9673 0.413665 -108.567
0.35 0.35 5.70112 0.030187 -0.442687 53.1048 0.425792 -92.168
0.35 0.4 9.1298 -0.0750808 -0.524908 59.606 -0.264539 -66.7254
0.35 0.45 15.2289 -0.454635 -0.469178 67.6546 -1.66354 -34.8045
0.35 0.5 24.4528 -1.12484 -0.0715402 76.1216 -3.07252 0.442035
0.35 0.55 37.3042 -1.88157 0.769731 84.5861 -3.87859 35.5671
0.35 0.6 52.8742 -2.43901 1.86731 92.3957 -3.94696 67.2191
0.35 0.65 67.793 -2.35078 2.8333 98.5315 -3.22393 92.3607
0.35 0.7 78.1579 -1.40352 3.35552 102.278 -1.74929 108.561
0.35 0.75 81.7347 1.90835e-07 3.46109 103.482 4.88215e-08 114.182
0.35 0.8 78.1579 1.40352 3.35552 102.278 1.74929 108.561
0.35 0.85 67.793 2.35078 2.8333 98.5315 3.22393 92.3607
0.35 0.9 52.8742 2.43901 1.86731 92.3957 3.94696 67.2191
0.35 0.95 37.3042 1.88157 0.769731 84.5861 3.87859 35.5671
0.35 1 24.4528 1.12484 -0.0715402 76.1217 3.07252 0.502743
0.4 0 24.3793 1.32964 -0.106518 76.2423 3.44676 0.580111
0.4 0.05 17.6434 0.696484 -0.69859 70.2351 2.27908 -24.5407
0.4 0.1 12.5034 0.22251 -0.925382 64.333 0.928627 -47.1908
0.4 0.15 9.31359 0.0469008 -0.935005 59.718 0.194874 -65.2435
0.4 0.2 7.6624 -0.0055019 -0.892645 56.8822 -0.0691605 -76.898
0.4 0.25 7.15148 -1.19433e-08 -0.866767 55.9253 -1.0564e-07 -80.9254
0.4 0.3 7.6624 0.00550187 -0.892645 56.8822 0.0691605 -76.898
0.4 0.35 9.31358 -0.0469009 -0.935004 59.718 -0.194874 -65.2435
0.4 0.4 12.5034 -0.22251 -0.925382 64.333 -0.928627 -47.1908
0.4 0.45 17.6434 -0.696484 -0.69859 70.2351 -2.27908 -24.5407
0.4 0.5 24.3793 -1.32964 -0.106518 76.2423 -3.44676 0.494643
0.4 0.55 33.5479 -1.83017 0.978403 82.5253 -3.79421 25.359
0.4 0.6 45.1882 -2.16679 2.48953 88.898 -3.59835 47.6413
0.4 0.65 56.6684 -2.0415 4.05473 94.1538 -2.87399 65.2772
0.4 0.7 65.0637 -1.25926 5.25586 97.5522 -1.60167 76.5735
0.4 0.75 68.1595 6.64145e-08 5.71252 98.7359 3.24826e-09 80.4624
0.4 0.8 65.0637 1.25926 5.25586 97.5522 1.60167 76.5735
0.4 0.85 56.6684 2.0415 4.05473 94.1538 2.87399 65.2772
0.4 0.9 45.1882 2.16679 2.48953 88.898 3.59835 47.6413
0.4 0.95 33.5479 1.83017 0.978403 82.5253 3.79421 25.359
0.4 1 24.3793 1.32964 -0.106518 76.2423 3.44676 0.580111
0.45 0 24.2849 1.44111 -0.162956 76.3549 3.57315 0.683572
0.45 0.05 20.742 0.978731 -0.896976 73.1166 2.7766 -11.8093
0.45 0.1 17.643 0.491154 -1.47586 69.8949 1.59579 -22.8678
0.45 0.15 15.6526 0.226323 -1.78525 67.5504 0.79724 -31.6766
0.45 0.2 14.5354 0.0829445 -1.92413 66.1471 0.321751 -37.3797
0.45 0.25 14.1795 -1.40048e-08 -1.96099 65.6849 -3.62628e-08 -39.3436
0.45 0.3 14.5354 -0.0829445 -1.92413 66.1471 -0.321751 -37.3797
0.45 0.35 15.6526 -0.226323 -1.78525 67.5504 -0.79724 -31.6766
0.45 0.4 17.643 -0.491154 -1.47586 69.8948 -1.59579 -22.8678
0.45 0.45 20.742 -0.978731 -0.896975 73.1166 -2.7766 -11.8093
0.45 0.5 24.2848 -1.44111 -0.162956 76.3549 -3.57315 0.598035
0.45 0.55 29.1266 -1.56611 0.916313 79.8566 -3.43255 12.8343
0.45 0.6 35.722 -1.55275 2.44535 83.8272 -2.83464 23.5905
0.45 0.65 42.2011 -1.33914 4.00446 87.2871 -2.15433 32.073
0.45 0.7 46.9821 -0.776941 5.23355 89.5877 -1.14149 37.4775
0.45 0.75 48.7299 -1.44647e-08 5.68736 90.3891 -1.86459e-08 39.338
0.45 0.8 46.9821 0.776941 5.23355 89.5877 1.14149 37.4775
0.45 0.85 42.2012 1.33914 4.00446 87.2871 2.15433 32.073
0.45 0.9 35.722 1.55275 2.44535 83.8272 2.83464 23.5905
0.45 0.95 29.1266 1.56611 0.916314 79.8566 3.43255 12.8343
0.45 1 24.2849 1.44111 -0.162956 76.3549 3.57315 0.683572
0.5 0 24.204 1.52019 -0.198116 76.392 3.5417 0.701454
0.5 0.05 24.1752 1.2284 -1.06324 75.9621 2.97336 2.14372
0.5 0.1 24.6299 0.810226 -2.1417 75.7281 1.88337 3.83518
0.5 0.15 25.2679 0.512342 -2.97256 75.7105 1.15582 5.16115
0.5 0.2 25.7776 0.246843 -3.50983 75.7805 0.558681 5.99937
0.5 0.25 25.9544 -7.11579e-10 -3.69428 75.8034 1.9203e-08 6.29511
0.5 0.3 25.7776 -0.246843 -3.50983 75.7805 -0.558681 5.99937
0.5 0.35 25.2679 -0.512342 -2.97256 75.7105 -1.15582 5.16115
0.5 0.4 24.6299 -0.810225 -2.1417 75.7281 -1.88337 3.83518
0.5 0.45 24.1752 -1.2284 -1.06324 75.9621 -2.97336 2.14372
0.5 0.5 24.204 -1.52019 -0.198116 76.392 -3.5417 0.6749
0.5 0.55 24.8914 -1.27846 0.716726 76.8805 -3.02368 -0.847022
0.5 0.6 26.3188 -0.925496 1.94528 77.6303 -2.00166 -2.60675
0.5 0.65 27.8205 -0.631532 2.97468 78.4067 -1.29709 -3.99755
0.5 0.7 28.9415 -0.323122 3.69488 78.9731 -0.639824 -4.90439
0.5 0.75 29.3589 -4.23229e-08 3.95364 79.1758 -2.26906e-08 -5.21905
0.5 0.8 28.9415 0.323122 3.69488 78.9731 0.639824 -4.90439
0.5 0.85 27.8205 0.631532 2.97468 78.4067 1.29709 -3.99755
0.5 0.9 26.3188 0.925496 1.94528 77.6303 2.00166 -2.60675
0.5 0.95 24.8914 1.27846 0.716726 76.8805 3.02368 -0.847023
0.5 1 24.204 1.52019 -0.198116 76.392 3.5417 0.701454
0.55 0 24.1763 1.22186 -0.226012 76.3259 2.70167 0.654836
0.55 0.05 27.9983 1.18224 -1.28025 78.7253 2.31959 16.0696
0.55 0.1 33.0534 1.01474 -2.76501 81.316 1.59869 30.2444
0.55 0.15 37.7604 0.785715 -4.17928 83.4498 1.08016 41.5294
0.55 0.2 41.0959 0.430192 -5.24213 84.7919 0.536251 48.8038
0.55 0.25 42.3127 2.84262e-08 -5.6344 85.2517 1.00351e-07 51.3167
0.55 0.3 41.0959 -0.430192 -5.24213 84.7919 -0.536251 48.8038
0.55 0.35 37.7604 -0.785715 -4.17928 83.4498 -1.08016 41.5294
0.55 0.4 33.0533 -1.01474 -2.76501 81.316 -1.59869 30.2444
0.55 0.45 27.9983 -1.18224 -1.28025 78.7253 -2.31959 16.0696
0.55 0.5 24.1763 -1.22186 -0.226012 76.3259 -2.70167 0.709496
0.55 0.55 21.1844 -0.858208 0.590756 73.7778 -2.18497 -14.5413
0.55 0.6 18.4279 -0.440857 1.31957 70.9396 -1.24952 -28.493
0.55 0.65 16.5228 -0.212676 1.73662 68.6259 -0.666091 -39.5214
0.55 0.7 15.3856 -0.0803253 1.93714 67.1101 -0.28486 -46.5628
0.55 0.75 14.9989 -3.36921e-08 1.98979 66.575 3.03043e-09 -48.9854
0.55 0.8 15.3856 0.0803253 1.93714 67.1101 0.28486 -46.5628
0.55 0.85 16.5228 0.212676 1.73662 68.6259 0.666091 -39.5214
0.55 0.9 18.4279 0.440857 1.31957 70.9396 1.24952 -28.493
0.55 0.95 21.1844 0.858208 0.590757 73.7778 2.18497 -14.5413
0.55 1 24.1763 1.22186 -0.226012 76.3259 2.70167 0.654836
0.6 0 24.199 0.83637 -0.23511 76.195 1.64491 0.665117
0.6 0.05 32.1536 0.964645 -1.41124 81.3445 1.31655 28.4621
0.6 0.1 41.9637 0.966984 -3.06341 86.2756 0.858553 53.6687
0.6 0.15 51.3539 0.84227 -4.8322 90.1333 0.546048 73.7585
0.6 0.2 58.1104 0.483038 -6.23561 92.5312 0.243955 86.6984
0.6 0.25 60.5476 4.91788e-08 -6.76044 93.3379 2.55201e-07 91.1632
0.6 0.3 58.1104 -0.483038 -6.23561 92.5312 -0.243955 86.6984
0.6 0.35 51.3539 -0.84227 -4.83221 90.1333 -0.546047 73.7585
0.6 0.4 41.9637 -0.966984 -3.06341 86.2756 -0.858554 53.6687
0.6 0.45 32.1536 -0.964644 -1.41124 81.3445 -1.31655 28.4621
0.6 0.5 24.199 -0.83637 -0.23511 76.195 -1.64491 0.745245
0.6 0.55 17.9178 -0.466281 0.467977 70.6657 -1.29729 -26.8113
0.6 0.6 12.7189 -0.17408 0.785909 64.5804 -0.756759 -51.6082
0.6 0.65 9.31966 -0.0688024 0.828511 59.3777 -0.492673 -71.1791
0.6 0.7 7.4789 -0.0193136 0.792711 55.8877 -0.228908 -83.6792
0.6 0.75 6.9053 -1.62629e-08 0.766992 54.6625 1.01627e-08 -87.9739
0.6 0.8 7.4789 0.0193136 0.792711 55.8877 0.228908 -83.6792
0.6 0.85 9.31966 0.0688024 0.828512 59.3777 0.492673 -71.1791
0.6 0.9 12.7189 0.17408 0.785909 64.5804 0.756759 -51.6082
0.6 0.95 17.9178 0.466281 0.467977 70.6658 1.29729 -26.8113
0.6 1 24.199 0.83637 -0.23511 76.195 1.64491 0.665117
0.65 0 24.2696 0.424788 -0.223721 76.0611 0.56446 0.63978
0.65 0.05 36.014 0.547179 -1.27179 83.6095 0.161278 38.0132
0.65 0.1 50.0075 0.590446 -2.79737 90.2661 -0.178683 71.7803
0.65 0.15 63.3979 0.513782 -4.41839 95.3135 -0.303176 98.6423
0.65 0.2 72.9153 0.301896 -5.65095 98.3612 -0.214225 115.909
0.65 0.25 76.3586 4.25765e-08 -6.11611 99.3755 1.09318e-07 121.859
0.65 0.3 72.9153 -0.301896 -5.65095 98.3612 0.214225 115.909
0.65 0.35 63.3979 -0.513782 -4.41839 95.3135 0.303176 98.6423
0.65 0.4 50.0075 -0.590446 -2.79737 90.2661 0.178683 71.7803
0.65 0.45 36.014 -0.547179 -1.27179 83.6095 -0.161278 38.0132
0.65 0.5 24.2696 -0.424788 -0.223721 76.0611 -0.56446 0.724684
0.65 0.55 15.3617 -0.222215 0.290117 67.8719 -0.698721 -36.394
0.65 0.6 9.11191 -0.0898243 0.395696 59.4024 -0.687248 -69.7096
0.65 0.65 5.49178 -0.0522782 0.331168 52.1064 -0.711201 -96.0098
0.65 0.7 3.77391 -0.0231105 0.268453 47.2366 -0.447896 -112.824
0.65 0.75 3.27602 -5.11492e-09 0.244674 45.5153 5.62967e-08 -118.601
0.65 0.8 3.77391 0.0231105 0.268453 47.2366 0.447896 -112.824
0.65 0.85 5.49178 0.0522782 0.331168 52.1064 0.711201 -96.0098
0.65 0.9 9.11191 0.0898243 0.395696 59.4024 0.687248 -69.7096
0.65 0.95 15.3617 0.222215 0.290117 67.8719 0.698721 -36.394
0.65 1 24.2696 0.424788 -0.223721 76.0611 0.56446 0.63978
0.7 0 24.3694 -0.0120463 -0.174416 75.9991 -0.535068 0.568045
0.7 0.05 38.8634 -0.115973 -0.87575 85.207 -1.15594 43.8119
0.7 0.1 55.7711 -0.159336 -1.92977 93.0088 -1.39864 82.8324
0.7 0.15 71.5877 -0.126855 -2.99932 98.789 -1.19858 113.815
0.7 0.2 82.148 -0.127323 -3.56618 102.109 -0.773821 133.604
0.7 0.25 85.5226 3.26853e-08 -3.6411 103.091 1.12322e-07 140.343
0.7 0.3 82.148 0.127323 -3.56618 102.109 0.773821 133.604
0.7 0.35 71.5877 0.126855 -2.99932 98.789 1.19858 113.815
0.7 0.4 55.7711 0.159336 -1.92977 93.0088 1.39864 82.8324
0.7 0.45 38.8633 0.115973 -0.87575 85.207 1.15594 43.8119
0.7 0.5 24.3694 0.0120463 -0.174416 75.9991 0.535068 0.642648
0.7 0.55 13.7989 -0.0434674 0.109499 65.9894 -0.159076 -42.3774
0.7 0.6 7.21871 -0.068909 0.131379 56.103 -0.761125 -81.039
0.7 0.65 3.83077 -0.0622938 0.089341 47.8541 -1.04106 -111.615
0.7 0.7 2.37802 -0.0343448 0.0567199 42.4809 -0.753896 -131.194
0.7 0.75 1.99727 -1.68274e-09 0.0450579 40.691 1.63904e-08 -137.922
0.7 0.8 2.37802 0.0343448 0.0567199 42.4809 0.753896 -131.194
0.7 0.85 3.83077 0.0622938 0.089341 47.8541 1.04106 -111.615
0.7 0.9 7.21872 0.068909 0.131379 56.103 0.761125 -81.039
0.7 0.95 13.7989 0.0434674 0.1095 65.9894 0.159076 -42.3774
0.7 1 24.3694 -0.0120463 -0.174416 75.9991 -0.535068 0.568045
0.75 0 24.4471 -0.447505 -0.115606 75.9834 -1.57117 0.501029
0.75 0.05 40.165 -0.89057 -0.295992 85.9503 -2.42754 45.3217
0.75 0.1 58.3607 -1.18022 -0.662706 94.3495 -2.659 85.7825
0.75 0.15 74.9846 -1.00669 -1.11329 100.507 -2.08592 117.933
0.75 0.2 85.44 -0.500683 -1.29019 103.995 -1.14192 138.484
0.75 0.25 88.137 -6.84062e-09 -1.29137 104.97 -1.59702e-08 145.478
0.75 0.3 85.44 0.500683 -1.29019 103.995 1.14192 138.484
0.75 0.35 74.9846 1.00669 -1.11329 100.507 2.08592 117.933
0.75 0.4 58.3607 1.18022 -0.662706 94.3495 2.659 85.7825
0.75 0.45 40.165 0.89057 -0.295992 85.9503 2.42754 45.3217
0.75 0.5 24.4471 0.447505 -0.115606 75.9834 1.57117 0.539654
0.75 0.55 13.2654 0.0987652 -0.0728566 65.3041 0.369018 -44.1651
0.75 0.6 6.66789 -0.0439344 -0.0600632 55.0942 -0.648063 -84.457
0.75 0.65 3.42993 -0.0558137 -0.042744 46.7866 -1.0478 -116.431
0.75 0.7 2.10499 -0.0260824 -0.0280634 41.5478 -0.703876 -136.985
0.75 0.75 1.77998 4.23575e-10 -0.0236664 39.9053 5.94113e-09 -144.065
0.75 0.8 2.10499 0.0260824 -0.0280634 41.5478 0.703876 -136.985
0.75 0.85 3.42993 0.0558137 -0.042744 46.7866 1.0478 -116.431
0.75 0.9 6.66789 0.0439344 -0.0600633 55.0942 0.648063 -84.457
0.75 0.95 13.2654 -0.0987653 -0.0728565 65.3041 -0.369018 -44.1651
0.75 1 24.4471 -0.447505 -0.115606 75.9834 -1.57117 0.501029
0.8 0 24.4853 -0.824462 -0.0749671 76.037 -2.4284 0.467234
0.8 0.05 39.6359 -1.55952 0.313116 85.749 -3.41958 42.4541
0.8 0.1 57.4241 -2.07929 0.706208 94.1903 -3.616 80.3808
0.8 0.15 73.8002 -1.97879 0.890589 100.496 -2.96504 110.54
0.8 0.2 84.3776 -1.12176 0.776942 104.164 -1.56516 129.978
0.8 0.25 87.3445 -5.9268e-08 0.690333 105.241 -1.17405e-07 136.719
0.8 0.3 84.3776 1.12176 0.776942 104.164 1.56516 129.978
0.8 0.35 73.8002 1.97879 0.890589 100.496 2.96504 110.54
0.8 0.4 57.4241 2.07929 0.706208 94.1903 3.616 80.3808
0.8 0.45 39.6359 1.55952 0.313116 85.749 3.41958 42.4541
0.8 0.5 24.4853 0.824461 -0.0749672 76.037 2.4284 0.456468
0.8 0.55 13.7484 0.258123 -0.262941 65.9127 0.991329 -41.5626
0.8 0.6 7.27269 -0.00303663 -0.255146 56.3507 -0.296028 -79.5497
0.8 0.65 3.96167 -0.0459521 -0.183747 48.602 -0.810312 -109.786
0.8 0.7 2.53248 -0.0268094 -0.129047 43.6568 -0.613412 -129.259
0.8 0.75 2.14573 1.05613e-09 -0.108573 41.9876 7.97451e-09 -135.997
0.8 0.8 2.53248 0.0268094 -0.129047 43.6568 0.613412 -129.259
0.8 0.85 3.96167 0.0459521 -0.183747 48.602 0.810312 -109.786
0.8 0.9 7.2727 0.00303662 -0.255146 56.3507 0.296028 -79.5497
0.8 0.95 13.7484 -0.258123 -0.262941 65.9127 -0.991329 -41.5626
0.8 1 24.4853 -0.824462 -0.0749671 76.037 -2.4284 0.467234
0.85 0 24.4528 -1.12484 -0.0715404 76.1216 -3.07252 0.502743
0.85 0.05 37.3042 -1.88157 0.769731 84.5861 -3.87859 35.5671
0.85 0.1 52.8742 -2.43901 1.86731 92.3957 -3.94696 67.2191
0.85 0.15 67.793 -2.35078 2.8333 98.5315 -3.22393 92.3607
0.85 0.2 78.1579 -1.40352 3.35552 102.278 -1.74929 108.561
0.85 0.25 81.7347 -5.27647e-08 3.46109 103.482 -1.82574e-07 114.182
0.85 0.3 78.1579 1.40352 3.35552 102.278 1.74929 108.561
0.85 0.35 67.793 2.35078 2.8333 98.5315 3.22393 92.3607
0.85 0.4 52.8742 2.43901 1.86731 92.3957 3.94696 67.2191
0.85 0.45 37.3042 1.88157 0.769731 84.5861 3.87859 35.5671
0.85 0.5 24.4528 1.12484 -0.0715404 76.1216 3.07252 0.442035
0.85 0.55 15.2289 0.454635 -0.469178 67.6546 1.66354 -34.8045
0.85 0.6 9.1298 0.0750808 -0.524908 59.606 0.264539 -66.7254
0.85 0.65 5.70112 -0.030187 -0.442687 53.1048 -0.425792 -92.168
0.85 0.7 4.08545 -0.0281655 -0.369413 48.9673 -0.413665 -108.567
0.85 0.75 3.6197 1.71891e-09 -0.343792 47.5518 6.42385e-08 -114.234
0.85 0.8 4.08545 0.0281655 -0.369413 48.9673 0.413665 -108.567
0.85 0.85 5.70112 0.030187 -0.442687 53.1048 0.425792 -92.168
0.85 0.9 9.12981 -0.0750808 -0.524908 59.606 -0.264539 -66.7254
0.85 0.95 15.229 -0.454635 -0.469178 67.6546 -1.66354 -34.8045
0.85 1 24.4528 -1.12484 -0.0715404 76.1216 -3.07252 0.502743
0.9 0 24.3793 -1.32964 -0.106518 76.2423 -3.44676 0.58011
0.9 0.05 33.5479 -1.83017 0.978403 82.5253 -3.79421 25.359
0.9 0.1 45.1882 -2.16679 2.48953 88.898 -3.59835 47.6413
0.9 0.15 56.6684 -2.0415 4.05473 94.1538 -2.87399 65.2772
0.9 0.2 65.0637 -1.25926 5.25586 97.5522 -1.60167 76.5735
0.9 0.25 68.1595 -1.17307e-08 5.71252 98.7359 -1.91718e-07 80.4624
0.9 0.3 65.0637 1.25926 5.25586 97.5522 1.60167 76.5735
0.9 0.35 56.6684 2.0415 4.05473 94.1538 2.87399 65.2772
0.9 0.4 45.1882 2.16679 2.48953 88.898 3.59835 47.6413
0.9 0.45 33.5479 1.83017 0.978403 82.5253 3.79421 25.359
0.9 0.5 24.3793 1.32964 -0.106518 76.2423 3.44676 0.494643
0.9 0.55 17.6434 0.696484 -0.69859 70.2351 2.27908 -24.5407
0.9 0.6 12.5034 0.22251 -0.925382 64.333 0.928626 -47.1908
0.9 0.65 9.31359 0.0469008 -0.935005 59.718 0.194874 -65.2435
0.9 0.7 7.6624 -0.00550189 -0.892646 56.8822 -0.0691605 -76.898
0.9 0.75 7.15148 6.29395e-09 -0.866767 55.9253 -5.79385e-08 -80.9254
0.9 0.8 7.6624 0.00550189 -0.892646 56.8822 0.0691606 -76.898
0.9 0.85 9.31359 -0.0469008 -0.935005 59.718 -0.194874 -65.2435
0.9 0.9 12.5034 -0.22251 -0.925382 64.333 -0.928626 -47.1908
0.9 0.95 17.6434 -0.696484 -0.69859 70.2351 -2.27908 -24.5407
0.9 1 24.3793 -1.32964 -0.106518 76.2423 -3.44676 0.58011
0.95 0 24.2849 -1.44111 -0.162956 76.3549 -3.57315 0.683573
0.95 0.05 29.1266 -1.56611 0.916313 79.8566 -3.43255 12.8343
0.95 0.1 35.722 -1.55275 2.44535 83.8272 -2.83464 23.5905
0.95 0.15 42.2012 -1.33914 4.00445 87.2871 -2.15433 32.073
0.95 0.2 46.9821 -0.776941 5.23355 89.5877 -1.14149 37.4775
0.95 0.25 48.7299 2.22545e-09 5.68736 90.3891 -1.21329e-07 39.338
0.95 0.3 46.9821 0.776941 5.23355 89.5877 1.14149 37.4775
0.95 0.35 42.2012 1.33914 4.00445 87.2871 2.15433 32.073
0.95 0.4 35.722 1.55275 2.44535 83.8272 2.83464 23.5905
0.95 0.45 29.1266 1.56611 0.916313 79.8566 3.43255 12.8343
0.95 0.5 24.2849 1.44111 -0.162956 76.3549 3.57315 0.598035
0.95 0.55 20.742 0.978731 -0.896976 73.1166 2.7766 -11.8093
0.95 0.6 17.643 0.491154 -1.47586 69.8949 1.59579 -22.8678
0.95 0.65 15.6526 0.226323 -1.78525 67.5504 0.79724 -31.6766
0.95 0.7 14.5354 0.0829445 -1.92413 66.1471 0.321751 -37.3797
0.95 0.75 14.1795 1.89048e-08 -1.96099 65.6849 -1.76615e-08 -39.3436
0.95 0.8 14.5354 -0.0829445 -1.92413 66.1471 -0.321751 -37.3797
0.95 0.85 15.6526 -0.226323 -1.78525 67.5504 -0.79724 -31.6766
0.95 0.9 17.643 -0.491154 -1.47586 69.8949 -1.59579 -22.8678
0.95 0.95 20.742 -0.978731 -0.896976 73.1166 -2.7766 -11.8093
0.95 1 24.2849 -1.44111 -0.162956 76.3549 -3.57315 0.683573
1 0 24.204 -1.52019 -0.198116 76.392 -3.5417 -0.0784828
1 0.05 24.8914 -1.27846 0.716726 76.8805 -3.02368 -0.840538
1 0.1 26.3188 -0.925497 1.94528 77.6303 -2.00166 -2.76224
1 0.15 27.8206 -0.631532 2.97468 78.4067 -1.29709 -4.27089
1 0.2 28.9415 -0.323122 3.69488 78.9731 -0.639824 -5.26615
1 0.25 29.3589 4.56458e-09 3.95364 79.1758 5.42998e-08 -5.61439
1 0.3 28.9415 0.323122 3.69488 78.9731 0.639824 -5.26615
1 0.35 27.8205 0.631532 2.97468 78.4067 1.29709 -4.27089
1 0.4 26.3188 0.925496 1.94528 77.6303 2.00166 -2.76224
1 0.45 24.8914 1.27846 0.716726 76.8805 3.02368 -0.840538
1 0.5 24.204 1.52019 -0.198116 76.392 3.5417 0.696035
1 0.55 24.1752 1.2284 -1.06324 75.9621 2.97336 2.15727
1 0.6 24.6299 0.810226 -2.1417 75.7281 1.88337 3.98207
1 0.65 25.2679 0.512342 -2.97256 75.7105 1.15582 5.39592
1 0.7 25.7776 0.246843 -3.50983 75.7805 0.558681 6.28668
1 0.75 25.9544 4.67728e-08 -3.69428 75.8034 1.55632e-07 6.60366
1 0.8 25.7776 -0.246843 -3.50983 75.7805 -0.558681 6.28668
1 0.85 25.2679 -0.512342 -2.97256 75.7105 -1.15582 5.39592
1 0.9 24.6299 -0.810226 -2.1417 75.7281 -1.88337 3.98207
1 0.95 24.1752 -1.2284 -1.06324 75.9621 -2.97336 2.15727
1 1 24.204 -1.52019 -0.198116 76.392 -3.5417 1.42042
