0 0 16.8668 -2.88152 -0.0294303 16.6232 -2.81541 15.9814 -2.77161 -2.35597
0 0.05 16.9504 -2.7316 0.131505 16.5552 -2.63915 16.0457 -2.60556 -4.87547
0 0.1 17.2983 -2.30198 0.436433 16.6503 -2.17553 16.6263 -2.22756 -10.0472
0 0.15 17.7891 -1.62801 0.756765 16.9043 -1.51393 17.3356 -1.59452 -13.6291
0 0.2 18.1957 -0.841811 0.98801 17.1483 -0.77631 17.8531 -0.825156 -15.6188
0 0.25 18.3565 5.54207e-09 1.07495 17.258 1.15423e-08 17.9523 -5.55704e-07 -16.3967
0 0.3 18.1957 0.841811 0.98801 17.1483 0.77631 17.8531 0.825157 -15.6188
0 0.35 17.7891 1.62801 0.756765 16.9043 1.51393 17.3356 1.59452 -13.6291
0 0.4 17.2983 2.30198 0.436433 16.6503 2.17553 16.6263 2.22756 -10.0472
0 0.45 16.9504 2.7316 0.131505 16.5552 2.63915 16.0457 2.60556 -4.87548
0 0.5 16.8668 2.88152 -0.0294303 16.6232 2.81541 15.9717 2.77049 0.0271209
0 0.55 16.9489 2.73142 -0.190606 16.5552 2.63916 16.0069 2.6036 4.92994
0 0.6 17.2944 2.30158 -0.49662 16.6503 2.17553 15.9364 2.14045 10.1016
0 0.65 17.7828 1.62753 -0.818489 16.9043 1.51394 15.8863 1.4652 13.6837
0 0.7 18.1876 0.841489 -1.05101 17.1483 0.776303 15.8459 0.734474 15.6741
0 0.75 18.3477 5.83767e-09 -1.13845 17.258 1.21385e-08 15.795 -4.93265e-07 16.4522
0 0.8 18.1876 -0.841489 -1.05101 17.1483 -0.776303 15.8459 -0.734473 15.6741
0 0.85 17.7828 -1.62753 -0.818489 16.9043 -1.51394 15.8863 -1.4652 13.6837
0 0.9 17.2944 -2.30158 -0.49662 16.6503 -2.17553 15.9364 -2.14045 10.1016
0 0.95 16.9489 -2.73142 -0.190606 16.5552 -2.63916 16.0069 -2.6036 4.92994
0 1 16.8668 -2.88152 -0.0294303 16.6232 -2.81541 15.962 -2.76937 2.54674
0.05 0 16.8369 -2.7281 -0.0527288 16.5482 -2.65591 15.8396 -2.59123 0.163544
0.05 0.05 15.9851 -2.38382 0.0878379 15.5627 -2.29456 16.6592 -2.51298 -3.48051
0.05 0.1 15.1215 -1.80282 0.271502 14.5549 -1.71178 16.8363 -2.02329 -7.09122
0.05 0.15 14.5328 -1.16834 0.436565 13.8455 -1.09442 16.931 -1.3655 -9.71096
0.05 0.2 14.2213 -0.55963 0.553037 13.4509 -0.520602 17.0336 -0.672654 -11.2063
0.05 0.25 14.1261 5.40695e-09 0.590829 13.3218 6.85456e-09 17.1441 -2.01879e-07 -11.6786
0.05 0.3 14.2213 0.55963 0.553037 13.4509 0.520602 17.0336 0.672655 -11.2063
0.05 0.35 14.5328 1.16834 0.436565 13.8455 1.09442 16.931 1.3655 -9.71096
0.05 0.4 15.1215 1.80282 0.271502 14.5549 1.71178 16.8363 2.02329 -7.09122
0.05 0.45 15.9851 2.38382 0.0878379 15.5627 2.29456 16.6592 2.51298 -3.48051
0.05 0.5 16.8369 2.72809 -0.0527288 16.5482 2.65591 15.879 2.59753 1.0277
0.05 0.55 18.0018 2.82394 -0.295704 17.5706 2.72313 15.3026 2.38981 7.26424
0.05 0.6 20.1082 2.72204 -0.755311 19.3503 2.55667 15.6332 2.11684 13.4535
0.05 0.65 22.6519 2.2865 -1.29503 21.5648 2.11949 16.0256 1.61481 17.6662
0.05 0.7 24.8279 1.33042 -1.77983 23.4241 1.21429 16.5136 0.886598 20.233
0.05 0.75 25.6718 -8.12636e-09 -1.96165 24.1248 -1.2551e-09 16.757 -2.68505e-07 21.0338
0.05 0.8 24.8279 -1.33042 -1.77983 23.4241 -1.21429 16.5136 -0.886598 20.233
0.05 0.85 22.6519 -2.2865 -1.29503 21.5648 -2.11949 16.0256 -1.61482 17.6662
0.05 0.9 20.1082 -2.72204 -0.755311 19.3503 -2.55667 15.6332 -2.11684 13.4535
0.05 0.95 18.0018 -2.82394 -0.295704 17.5706 -2.72313 15.3026 -2.38981 7.26423
0.05 1 16.8369 -2.7281 -0.0527288 16.5482 -2.65591 15.9185 -2.60384 0.163544
0.1 0 16.7368 -2.37571 -0.0910814 16.3681 -2.29815 15.877 -2.26565 0.979427
0.1 0.05 15.0412 -1.86342 0.0554932 14.5958 -1.78757 16.9093 -2.11797 -2.13462
0.1 0.1 13.5482 -1.30264 0.162095 13.0403 -1.24023 17.1548 -1.66066 -4.62194
0.1 0.15 12.4973 -0.802734 0.237151 11.9528 -0.758073 17.1937 -1.11134 -6.24537
0.1 0.2 11.9109 -0.379611 0.283016 11.3412 -0.357666 17.209 -0.548696 -7.15973
0.1 0.25 11.7215 -1.94673e-09 0.299914 11.1452 -1.52595e-09 17.1455 -1.80967e-08 -7.51272
0.1 0.3 11.9109 0.379611 0.283016 11.3412 0.357666 17.209 0.548696 -7.15973
0.1 0.35 12.4973 0.802734 0.237151 11.9528 0.758073 17.1937 1.11134 -6.24537
0.1 0.4 13.5482 1.30264 0.162095 13.0403 1.24023 17.1548 1.66066 -4.62194
0.1 0.45 15.0412 1.86342 0.0554932 14.5958 1.78757 16.9093 2.11797 -2.13462
0.1 0.5 16.7368 2.37571 -0.0910814 16.3681 2.29815 15.6911 2.23738 2.16049
0.1 0.55 19.148 2.77275 -0.401971 18.6311 2.65093 14.8224 2.11912 8.81772
0.1 0.6 23.3941 3.14565 -0.984165 22.5742 2.95416 14.7745 1.9643 15.4229
0.1 0.65 29.1188 3.10315 -1.74959 27.9698 2.88704 14.8053 1.55542 20.3806
0.1 0.7 34.5787 2.07803 -2.51503 33.1431 1.91917 14.9122 0.881591 23.7955
0.1 0.75 36.986 -1.17672e-08 -2.88156 35.4504 -1.0027e-08 14.9609 -1.26637e-08 25.0705
0.1 0.8 34.5787 -2.07803 -2.51503 33.1431 -1.91917 14.9122 -0.881591 23.7955
0.1 0.85 29.1188 -3.10315 -1.74959 27.9698 -2.88704 14.8053 -1.55542 20.3806
0.1 0.9 23.3941 -3.14565 -0.984165 22.5742 -2.95416 14.7745 -1.9643 15.4229
0.1 0.95 19.148 -2.77275 -0.401971 18.6311 -2.65093 14.8224 -2.11912 8.81772
0.1 1 16.7368 -2.37571 -0.0910814 16.3681 -2.29815 15.5051 -2.2091 0.979427
0.15 0 16.553 -1.85274 -0.110374 16.1329 -1.78222 16.1643 -1.80751 1.57413
0.15 0.05 14.2452 -1.31779 0.0171048 13.8047 -1.26301 16.863 -1.57187 -0.904325
0.15 0.1 12.4898 -0.857457 0.0801549 12.034 -0.817877 17.3694 -1.20234 -2.54765
0.15 0.15 11.3175 -0.514128 0.106644 10.8703 -0.489117 17.5052 -0.802957 -3.30203
0.15 0.2 10.6627 -0.23968 0.118409 10.2202 -0.227431 17.5827 -0.401252 -3.5791
0.15 0.25 10.4576 -5.97761e-09 0.1204 10.0164 -4.3639e-09 17.6632 -4.37605e-09 -3.63131
0.15 0.3 10.6627 0.23968 0.118409 10.2202 0.227431 17.5827 0.401252 -3.5791
0.15 0.35 11.3175 0.514128 0.106644 10.8703 0.489116 17.5052 0.802957 -3.30203
0.15 0.4 12.4898 0.857457 0.0801549 12.034 0.817877 17.3694 1.20234 -2.54765
0.15 0.45 14.2452 1.31779 0.0171048 13.8047 1.26301 16.863 1.57187 -0.904325
0.15 0.5 16.553 1.85274 -0.110374 16.1329 1.78222 15.5876 1.73944 2.63425
0.15 0.55 20.1351 2.46346 -0.396922 19.5987 2.35233 14.3319 1.71975 8.29307
0.15 0.6 26.4943 3.17195 -0.940924 25.7364 3.00086 13.6352 1.58568 14.1905
0.15 0.65 35.8515 3.4498 -1.63138 34.9763 3.28643 12.3411 1.12263 19.0869
0.15 0.7 45.1355 2.29464 -2.15601 44.4106 2.22549 10.2114 0.450164 22.4086
0.15 0.75 48.9465 1.58342e-08 -2.21349 48.4019 1.32958e-08 8.81171 1.13189e-08 23.4972
0.15 0.8 45.1355 -2.29464 -2.15601 44.4106 -2.22549 10.2114 -0.450164 22.4086
0.15 0.85 35.8515 -3.4498 -1.63138 34.9763 -3.28643 12.3411 -1.12263 19.0869
0.15 0.9 26.4943 -3.17195 -0.940924 25.7364 -3.00086 13.6352 -1.58568 14.1905
0.15 0.95 20.1351 -2.46346 -0.396922 19.5987 -2.35233 14.3319 -1.71975 8.29307
0.15 1 16.553 -1.85274 -0.110374 16.1329 -1.78222 15.011 -1.67137 1.57413
0.2 0 16.3688 -1.06804 -0.0877382 15.9507 -1.02744 16.2141 -1.05071 1.31479
0.2 0.05 13.7097 -0.707049 -0.0117052 13.2949 -0.677416 16.7737 -0.865751 -0.113752
0.2 0.1 11.8953 -0.444775 0.0176862 11.4848 -0.425193 17.4702 -0.657998 -0.951743
0.2 0.15 10.7244 -0.259271 0.0253266 10.3293 -0.246753 17.8287 -0.438533 -1.20049
0.2 0.2 10.0954 -0.11844 0.0203499 9.71557 -0.112629 18.0362 -0.216402 -1.16317
0.2 0.25 9.9032 -3.27928e-09 0.0169917 9.52848 -3.50026e-09 18.0678 -1.81484e-09 -1.12139
0.2 0.3 10.0954 0.11844 0.0203499 9.71557 0.112629 18.0362 0.216402 -1.16317
0.2 0.35 10.7244 0.259271 0.0253266 10.3293 0.246753 17.8287 0.438533 -1.20049
0.2 0.4 11.8953 0.444775 0.0176862 11.4848 0.425193 17.4702 0.657998 -0.951743
0.2 0.45 13.7097 0.707049 -0.0117052 13.2949 0.677416 16.7737 0.865751 -0.113752
0.2 0.5 16.3688 1.06804 -0.0877382 15.9507 1.02744 15.3563 0.990261 1.922
0.2 0.55 20.6904 1.53153 -0.247964 20.1922 1.46718 13.8236 0.98677 5.17217
0.2 0.6 28.5601 2.1507 -0.566334 27.9345 2.05416 12.516 0.884874 8.73583
0.2 0.65 40.7808 2.29493 -0.909305 40.2554 2.26209 9.63573 0.433226 11.5611
0.2 0.7 52.1219 1.26047 -0.674417 52.0168 1.30147 4.34144 0.00509591 12.2661
0.2 0.75 55.3966 2.56497e-08 -0.427608 55.4539 2.47578e-08 1.24565 -1.5805e-09 11.9014
0.2 0.8 52.1219 -1.26047 -0.674417 52.0168 -1.30147 4.34144 -0.0050959 12.2661
0.2 0.85 40.7808 -2.29493 -0.909305 40.2554 -2.26209 9.63573 -0.433226 11.5611
0.2 0.9 28.5601 -2.1507 -0.566334 27.9345 -2.05416 12.516 -0.884874 8.73583
0.2 0.95 20.6904 -1.53153 -0.247964 20.1922 -1.46718 13.8236 -0.98677 5.17217
0.2 1 16.3688 -1.06804 -0.0877382 15.9507 -1.02744 14.4985 -0.929816 1.31479
0.25 0 16.2763 -0.000488043 -0.0284359 15.8692 6.36117e-06 16.2796 0.0115102 0.0270026
0.25 0.05 13.5293 -0.00031823 -0.0236084 13.1325 -2.96317e-06 16.701 0.0106828 0.0271305
0.25 0.1 11.702 -0.000200306 -0.0204108 11.3081 -9.26398e-07 17.5322 0.00693731 0.0270983
0.25 0.15 10.5531 -0.000121527 -0.0184037 10.1727 -7.8696e-06 17.9529 0.00407424 0.0270682
0.25 0.2 9.94905 -5.78962e-05 -0.0173565 9.57191 -5.7647e-06 18.2469 0.00177067 0.0268414
0.25 0.25 9.77836 -1.73224e-10 -0.0170622 9.39679 -1.95374e-10 18.4255 9.05366e-09 0.0267886
0.25 0.3 9.94905 5.78956e-05 -0.0173565 9.57191 5.76477e-06 18.2468 -0.00177069 0.0268414
0.25 0.35 10.5531 0.000121526 -0.0184037 10.1727 7.86836e-06 17.9529 -0.00407422 0.0270682
0.25 0.4 11.702 0.000200306 -0.0204108 11.3081 9.27616e-07 17.5322 -0.00693733 0.0270982
0.25 0.45 13.5293 0.000318231 -0.0236084 13.1325 2.96338e-06 16.701 -0.0106828 0.0271306
0.25 0.5 16.2763 0.000488043 -0.0284359 15.8692 -6.36007e-06 15.2867 -0.0162859 0.0270698
0.25 0.55 20.8579 0.000720049 -0.036497 20.3909 7.24465e-06 13.5611 -0.0246142 0.0271429
0.25 0.6 29.215 0.00105065 -0.0512148 28.6505 1.40505e-06 12.1174 -0.033296 0.0270881
0.25 0.65 42.5973 0.00120479 -0.0747128 42.1954 0.000132986 8.50191 -0.037617 0.027606
0.25 0.7 54.1081 0.000693688 -0.0945328 54.0881 0.000154234 1.92129 -0.0252354 0.0297737
0.25 0.75 56.5774 -4.07056e-10 -0.0986783 56.6035 -2.17378e-10 -0.629079 2.44468e-08 0.0310586
0.25 0.8 54.1081 -0.000693689 -0.0945328 54.0881 -0.000154234 1.92129 0.0252354 0.0297736
0.25 0.85 42.5973 -0.00120479 -0.0747128 42.1954 -0.000132984 8.50191 0.037617 0.027606
0.25 0.9 29.215 -0.00105065 -0.0512148 28.6505 -1.40735e-06 12.1174 0.033296 0.0270882
0.25 0.95 20.8579 -0.000720052 -0.036497 20.3909 -7.24781e-06 13.5611 0.0246143 0.0271429
0.25 1 16.2763 -0.000488043 -0.0284359 15.8692 6.36117e-06 14.2938 0.0210616 0.0270026
0.3 0 16.3689 1.0672 0.030561 15.9507 1.02743 16.2172 1.07458 -1.26037
0.3 0.05 13.7093 0.706473 -0.0361336 13.2949 0.677423 16.7638 0.886824 0.168129
0.3 0.1 11.8948 0.444406 -0.0591617 11.4848 0.425194 17.4569 0.672186 1.00614
0.3 0.15 10.724 0.259057 -0.0627074 10.3293 0.246762 17.8151 0.446967 1.2549
0.3 0.2 10.095 0.118343 -0.0555276 9.71557 0.112635 18.0235 0.220186 1.21787
0.3 0.25 9.90281 3.45407e-09 -0.0514981 9.52848 3.26333e-09 18.0555 -1.40684e-08 1.17618
0.3 0.3 10.095 -0.118343 -0.0555276 9.71557 -0.112635 18.0235 -0.220186 1.21787
0.3 0.35 10.724 -0.259057 -0.0627074 10.3293 -0.246762 17.8151 -0.446967 1.2549
0.3 0.4 11.8948 -0.444406 -0.0591617 11.4848 -0.425194 17.4569 -0.672186 1.00614
0.3 0.45 13.7093 -0.706473 -0.0361336 13.2949 -0.677423 16.7638 -0.886824 0.168129
0.3 0.5 16.3689 -1.0672 0.030561 15.9507 -1.02743 15.3592 -1.02259 -1.86766
0.3 0.55 20.6914 -1.53041 0.175566 20.1922 -1.4672 13.85 -1.03447 -5.11801
0.3 0.6 28.5631 -2.14923 0.466199 27.9345 -2.05415 12.5708 -0.947875 -8.68183
0.3 0.65 40.7867 -2.29338 0.766217 40.2553 -2.26222 9.72988 -0.50024 -11.5076
0.3 0.7 52.1282 -1.25953 0.491346 52.0173 -1.30165 4.45172 -0.0503372 -12.2138
0.3 0.75 55.4008 -2.56041e-08 0.233225 55.4542 -2.49034e-08 1.33868 -3.05088e-08 -11.8496
0.3 0.8 52.1282 1.25953 0.491346 52.0173 1.30165 4.45172 0.0503372 -12.2138
0.3 0.85 40.7867 2.29338 0.766217 40.2553 2.26222 9.72988 0.50024 -11.5076
0.3 0.9 28.5631 2.14923 0.466199 27.9345 2.05415 12.5708 0.947875 -8.68183
0.3 0.95 20.6914 1.53041 0.175566 20.1922 1.4672 13.85 1.03447 -5.11801
0.3 1 16.3689 1.0672 0.030561 15.9507 1.02743 14.5012 0.970592 -1.26037
0.35 0 16.5531 1.85218 0.052591 16.1329 1.78222 16.1669 1.83075 -1.51968
0.35 0.05 14.2444 1.3173 -0.066795 13.8047 1.26301 16.8418 1.59132 0.958793
0.35 0.1 12.4887 0.857098 -0.123688 12.034 0.817884 17.34 1.21586 2.60211
0.35 0.15 11.3163 0.513904 -0.146057 10.8703 0.489121 17.4726 0.811368 3.35648
0.35 0.2 10.6615 0.239573 -0.155517 10.2201 0.227436 17.5495 0.405179 3.63333
0.35 0.25 10.4564 5.28194e-09 -0.156782 10.0164 4.80904e-09 17.6304 1.44274e-08 3.6855
0.35 0.3 10.6615 -0.239573 -0.155517 10.2201 -0.227436 17.5495 -0.405179 3.63333
0.35 0.35 11.3163 -0.513904 -0.146057 10.8703 -0.489121 17.4726 -0.811368 3.35648
0.35 0.4 12.4887 -0.857098 -0.123688 12.034 -0.817884 17.34 -1.21586 2.60211
0.35 0.45 14.2444 -1.3173 -0.066795 13.8047 -1.26301 16.8418 -1.59132 0.958793
0.35 0.5 16.5531 -1.85218 0.052591 16.1329 -1.78222 15.5902 -1.76903 -2.57983
0.35 0.55 20.137 -2.46293 0.326557 19.5987 -2.35231 14.3777 -1.76285 -8.23874
0.35 0.6 26.4997 -3.17158 0.848227 25.7363 -3.00086 13.7277 -1.63842 -14.1363
0.35 0.65 35.8623 -3.4495 1.50576 34.9762 -3.28642 12.4845 -1.17357 -19.033
0.35 0.7 45.1507 -2.29412 1.99744 44.4105 -2.22543 10.3954 -0.48108 -22.3553
0.35 0.75 48.9621 -1.2648e-08 2.04103 48.4019 -1.17314e-08 9.00515 1.02106e-08 -23.4444
0.35 0.8 45.1507 2.29412 1.99744 44.4105 2.22543 10.3954 0.48108 -22.3553
0.35 0.85 35.8623 3.4495 1.50576 34.9762 3.28642 12.4845 1.17357 -19.033
0.35 0.9 26.4997 3.17158 0.848227 25.7363 3.00086 13.7277 1.63842 -14.1363
0.35 0.95 20.137 2.46293 0.326557 19.5987 2.35231 14.3777 1.76285 -8.23874
0.35 1 16.5531 1.85218 0.052591 16.1329 1.78222 15.0135 1.70732 -1.51968
0.4 0 16.7368 2.37534 0.0326899 16.3681 2.29815 15.8771 2.28514 -0.92502
0.4 0.05 15.0401 1.86294 -0.107963 14.5958 1.78757 16.8778 2.1326 2.18906
0.4 0.1 13.5464 1.30223 -0.209302 13.0403 1.24023 17.1075 1.67111 4.67633
0.4 0.15 12.495 0.802457 -0.28063 11.9528 0.75808 17.137 1.11768 6.29979
0.4 0.2 11.9083 0.379479 -0.324404 11.3412 0.357669 17.1473 0.551669 7.21439
0.4 0.25 11.7189 9.25582e-10 -0.340629 11.1452 -4.37572e-10 17.0817 1.38514e-08 7.56744
0.4 0.3 11.9083 -0.379479 -0.324404 11.3412 -0.357669 17.1473 -0.551669 7.21439
0.4 0.35 12.495 -0.802457 -0.28063 11.9528 -0.75808 17.137 -1.11768 6.29979
0.4 0.4 13.5464 -1.30223 -0.209302 13.0403 -1.24023 17.1075 -1.67111 4.67633
0.4 0.45 15.0401 -1.86294 -0.107963 14.5958 -1.78757 16.8778 -2.1326 2.18906
0.4 0.5 16.7368 -2.37534 0.0326899 16.3681 -2.29815 15.6911 -2.26012 -2.10603
0.4 0.55 19.1503 -2.77263 0.335177 18.6311 -2.65092 14.8771 -2.15237 -8.76314
0.4 0.6 23.4003 -3.14592 0.902594 22.5742 -2.95414 14.8812 -2.00227 -15.3682
0.4 0.65 29.1307 -3.10374 1.64814 27.9697 -2.88698 14.9576 -1.589 -20.3253
0.4 0.7 34.5967 -2.0786 2.39457 33.143 -1.91911 15.0996 -0.901529 -23.739
0.4 0.75 37.0069 6.94042e-09 2.75279 35.4502 5.43308e-09 15.1628 -4.10433e-09 -25.0132
0.4 0.8 34.5967 2.0786 2.39457 33.143 1.91911 15.0996 0.901529 -23.739
0.4 0.85 29.1307 3.10374 1.64814 27.9697 2.88698 14.9576 1.589 -20.3253
0.4 0.9 23.4003 3.14592 0.902594 22.5742 2.95414 14.8812 2.00227 -15.3682
0.4 0.95 19.1503 2.77263 0.335177 18.6311 2.65092 14.8771 2.15237 -8.76314
0.4 1 16.7368 2.37534 0.0326899 16.3681 2.29815 15.5052 2.2351 -0.92502
0.45 0 16.837 2.72785 -0.00601478 16.5482 2.6559 15.838 2.60241 -0.10904
0.45 0.05 15.9838 2.3834 -0.14361 15.5627 2.29455 16.6202 2.52015 3.53486
0.45 0.1 15.1188 1.80236 -0.324166 14.5549 1.71178 16.7704 2.02745 7.14563
0.45 0.15 14.529 1.16799 -0.487064 13.8455 1.09442 16.8481 1.36729 9.76534
0.45 0.2 14.2167 0.559446 -0.602373 13.4509 0.520607 16.9422 0.673237 11.2604
0.45 0.25 14.1212 -5.88725e-09 -0.639801 13.3218 -6.06385e-09 17.0504 1.61784e-07 11.7326
0.45 0.3 14.2167 -0.559446 -0.602373 13.4509 -0.520607 16.9422 -0.673237 11.2604
0.45 0.35 14.529 -1.16799 -0.487064 13.8455 -1.09442 16.8481 -1.36729 9.76534
0.45 0.4 15.1188 -1.80236 -0.324166 14.5549 -1.71178 16.7704 -2.02745 7.14563
0.45 0.45 15.9838 -2.3834 -0.14361 15.5627 -2.29455 16.6202 -2.52015 3.53486
0.45 0.5 16.837 -2.72785 -0.0060148 16.5482 -2.6559 15.8774 -2.60903 -0.973212
0.45 0.55 18.0037 -2.82394 0.232975 17.5707 -2.72312 15.3553 -2.40822 -7.20963
0.45 0.6 20.1135 -2.72241 0.685354 19.3504 -2.55666 15.7344 -2.13779 -13.3987
0.45 0.65 22.6613 -2.28719 1.21641 21.5648 -2.11951 16.1613 -1.63271 -17.6114
0.45 0.7 24.8413 -1.33099 1.69392 23.4243 -1.2143 16.6713 -0.896664 -20.1783
0.45 0.75 25.6868 7.70413e-09 1.87293 24.125 -7.19844e-10 16.9217 2.61478e-07 -20.9792
0.45 0.8 24.8413 1.33099 1.69392 23.4243 1.2143 16.6713 0.896664 -20.1783
0.45 0.85 22.6613 2.28719 1.21641 21.5648 2.11951 16.1613 1.63271 -17.6114
0.45 0.9 20.1135 2.72241 0.685354 19.3504 2.55666 15.7344 2.13779 -13.3987
0.45 0.95 18.0037 2.82394 0.232975 17.5707 2.72312 15.3553 2.40822 -7.20963
0.45 1 16.837 2.72785 -0.00601478 16.5482 2.6559 15.9169 2.61566 -0.10904
0.5 0 16.8668 2.88152 -0.0294303 16.6232 2.81541 15.9705 2.77095 0.0271305
0.5 0.05 16.9489 2.73142 -0.190606 16.5552 2.63916 16.0035 2.60302 5.16474
0.5 0.1 17.2944 2.30158 -0.49662 16.6503 2.17553 16.2402 2.18104 10.2006
0.5 0.15 17.7828 1.62753 -0.818489 16.9043 1.51394 16.558 1.52685 13.6997
0.5 0.2 18.1876 0.841489 -1.05101 17.1483 0.776303 16.7901 0.778015 15.7104
0.5 0.25 18.3477 -3.4042e-09 -1.13845 17.258 -9.81942e-09 16.8118 6.03911e-07 16.4177
0.5 0.3 18.1876 -0.841489 -1.05101 17.1483 -0.776303 16.7901 -0.778016 15.7104
0.5 0.35 17.7828 -1.62753 -0.818489 16.9043 -1.51394 16.558 -1.52684 13.6997
0.5 0.4 17.2944 -2.30158 -0.49662 16.6503 -2.17553 16.2402 -2.18104 10.2006
0.5 0.45 16.9489 -2.73142 -0.190606 16.5552 -2.63916 16.0035 -2.60302 5.16475
0.5 0.5 16.8668 -2.88152 -0.0294303 16.6232 -2.81541 15.9705 -2.77038 0.0271827
0.5 0.55 16.9504 -2.7316 0.131505 16.5552 -2.63915 16.0492 -2.60612 -5.11028
0.5 0.6 17.2983 -2.30198 0.436433 16.6503 -2.17553 16.3252 -2.18702 -10.1461
0.5 0.65 17.7891 -1.62801 0.756765 16.9043 -1.51393 16.668 -1.53283 -13.6451
0.5 0.7 18.1957 -0.841811 0.98801 17.1483 -0.77631 16.9138 -0.781541 -15.6555
0.5 0.75 18.3565 -5.09007e-09 1.07495 17.258 -1.2661e-08 16.9403 6.05026e-07 -16.3628
0.5 0.8 18.1957 0.841811 0.98801 17.1483 0.77631 16.9138 0.78154 -15.6555
0.5 0.85 17.7891 1.62801 0.756765 16.9043 1.51393 16.668 1.53283 -13.6451
0.5 0.9 17.2983 2.30198 0.436433 16.6503 2.17553 16.3252 2.18702 -10.1461
0.5 0.95 16.9504 2.7316 0.131505 16.5552 2.63915 16.0492 2.60612 -5.11027
0.5 1 16.8668 2.88152 -0.0294303 16.6232 2.81541 15.9705 2.76983 0.0271305
0.55 0 16.8369 2.72809 -0.0527288 16.5482 2.65591 15.9185 2.60384 0.163543
0.55 0.05 18.0018 2.82394 -0.295704 17.5706 2.72313 15.3026 2.38981 7.26423
0.55 0.1 20.1082 2.72204 -0.755311 19.3503 2.55667 15.6332 2.11684 13.4535
0.55 0.15 22.6519 2.2865 -1.29503 21.5648 2.11949 16.0256 1.61482 17.6662
0.55 0.2 24.8279 1.33042 -1.77983 23.4241 1.21429 16.5136 0.886598 20.233
0.55 0.25 25.6718 6.78119e-09 -1.96165 24.1248 -2.47407e-09 16.757 2.70358e-07 21.0338
0.55 0.3 24.8279 -1.33042 -1.77983 23.4241 -1.21429 16.5136 -0.886598 20.233
0.55 0.35 22.6519 -2.2865 -1.29503 21.5648 -2.11949 16.0256 -1.61481 17.6662
0.55 0.4 20.1082 -2.72204 -0.755311 19.3503 -2.55667 15.6332 -2.11684 13.4535
0.55 0.45 18.0018 -2.82394 -0.295704 17.5706 -2.72313 15.3026 -2.38981 7.26424
0.55 0.5 16.8369 -2.72809 -0.0527288 16.5482 -2.65591 15.879 -2.59753 1.0277
0.55 0.55 15.9851 -2.38382 0.0878379 15.5627 -2.29456 16.6592 -2.51298 -3.48051
0.55 0.6 15.1215 -1.80282 0.271502 14.5549 -1.71178 16.8363 -2.02329 -7.09122
0.55 0.65 14.5328 -1.16834 0.436565 13.8455 -1.09442 16.931 -1.3655 -9.71096
0.55 0.7 14.2213 -0.55963 0.553037 13.4509 -0.520602 17.0336 -0.672655 -11.2063
0.55 0.75 14.1261 -8.91708e-09 0.590829 13.3218 -8.69697e-09 17.1441 1.60305e-07 -11.6786
0.55 0.8 14.2213 0.55963 0.553037 13.4509 0.520602 17.0336 0.672654 -11.2063
0.55 0.85 14.5328 1.16834 0.436565 13.8455 1.09442 16.931 1.3655 -9.71096
0.55 0.9 15.1215 1.80282 0.271502 14.5549 1.71178 16.8363 2.02329 -7.09122
0.55 0.95 15.9851 2.38382 0.0878379 15.5627 2.29456 16.6592 2.51298 -3.48051
0.55 1 16.8369 2.72809 -0.0527288 16.5482 2.65591 15.8396 2.59122 0.163543
0.6 0 16.7368 2.37571 -0.0910814 16.3681 2.29815 15.5051 2.2091 0.979428
0.6 0.05 19.148 2.77275 -0.401971 18.6311 2.65093 14.8224 2.11912 8.81772
0.6 0.1 23.3941 3.14565 -0.984165 22.5742 2.95416 14.7745 1.9643 15.4229
0.6 0.15 29.1188 3.10315 -1.74959 27.9698 2.88704 14.8053 1.55542 20.3806
0.6 0.2 34.5787 2.07803 -2.51503 33.1431 1.91917 14.9122 0.881591 23.7955
0.6 0.25 36.986 7.82403e-09 -2.88156 35.4504 5.12432e-09 14.9609 -3.71396e-09 25.0705
0.6 0.3 34.5787 -2.07803 -2.51503 33.1431 -1.91917 14.9122 -0.881591 23.7955
0.6 0.35 29.1188 -3.10315 -1.74959 27.9698 -2.88704 14.8053 -1.55542 20.3806
0.6 0.4 23.3941 -3.14565 -0.984165 22.5742 -2.95416 14.7745 -1.9643 15.4229
0.6 0.45 19.148 -2.77275 -0.401971 18.6311 -2.65093 14.8224 -2.11912 8.81772
0.6 0.5 16.7368 -2.37571 -0.0910814 16.3681 -2.29815 15.6911 -2.23738 2.16049
0.6 0.55 15.0412 -1.86342 0.0554932 14.5958 -1.78757 16.9093 -2.11797 -2.13462
0.6 0.6 13.5482 -1.30264 0.162095 13.0403 -1.24023 17.1548 -1.66066 -4.62194
0.6 0.65 12.4973 -0.802734 0.237151 11.9528 -0.758073 17.1937 -1.11134 -6.24537
0.6 0.7 11.9109 -0.379611 0.283016 11.3412 -0.357666 17.209 -0.548696 -7.15973
0.6 0.75 11.7215 4.02995e-10 0.299914 11.1452 -9.38223e-10 17.1455 1.18351e-08 -7.51272
0.6 0.8 11.9109 0.379611 0.283016 11.3412 0.357666 17.209 0.548696 -7.15973
0.6 0.85 12.4973 0.802734 0.237151 11.9528 0.758073 17.1937 1.11134 -6.24537
0.6 0.9 13.5482 1.30264 0.162095 13.0403 1.24023 17.1548 1.66066 -4.62194
0.6 0.95 15.0412 1.86342 0.0554932 14.5958 1.78757 16.9093 2.11797 -2.13462
0.6 1 16.7368 2.37571 -0.0910814 16.3681 2.29815 15.877 2.26565 0.979428
0.65 0 16.553 1.85274 -0.110374 16.1329 1.78222 15.011 1.67137 1.57413
0.65 0.05 20.1351 2.46346 -0.396922 19.5987 2.35233 14.3319 1.71975 8.29307
0.65 0.1 26.4943 3.17195 -0.940924 25.7364 3.00086 13.6352 1.58568 14.1905
0.65 0.15 35.8515 3.4498 -1.63138 34.9763 3.28643 12.3411 1.12263 19.0869
0.65 0.2 45.1355 2.29464 -2.15601 44.4106 2.22549 10.2114 0.450164 22.4086
0.65 0.25 48.9465 -1.45021e-08 -2.21349 48.4019 -1.28753e-08 8.81171 8.88615e-09 23.4972
0.65 0.3 45.1355 -2.29464 -2.15601 44.4106 -2.22549 10.2114 -0.450164 22.4086
0.65 0.35 35.8515 -3.4498 -1.63138 34.9763 -3.28643 12.3411 -1.12263 19.0869
0.65 0.4 26.4943 -3.17195 -0.940924 25.7364 -3.00086 13.6352 -1.58568 14.1905
0.65 0.45 20.1351 -2.46346 -0.396922 19.5987 -2.35233 14.3319 -1.71975 8.29307
0.65 0.5 16.553 -1.85274 -0.110374 16.1329 -1.78222 15.5876 -1.73944 2.63425
0.65 0.55 14.2452 -1.31779 0.0171048 13.8047 -1.26301 16.863 -1.57187 -0.904326
0.65 0.6 12.4898 -0.857457 0.0801549 12.034 -0.817877 17.3694 -1.20234 -2.54765
0.65 0.65 11.3175 -0.514128 0.106644 10.8703 -0.489116 17.5052 -0.802956 -3.30203
0.65 0.7 10.6627 -0.23968 0.118409 10.2202 -0.227431 17.5827 -0.401252 -3.5791
0.65 0.75 10.4576 6.52278e-09 0.1204 10.0164 6.03795e-09 17.6632 2.006e-08 -3.63131
0.65 0.8 10.6627 0.23968 0.118409 10.2202 0.227431 17.5827 0.401252 -3.5791
0.65 0.85 11.3175 0.514128 0.106644 10.8703 0.489117 17.5052 0.802956 -3.30203
0.65 0.9 12.4898 0.857457 0.0801549 12.034 0.817877 17.3694 1.20234 -2.54765
0.65 0.95 14.2452 1.31779 0.0171048 13.8047 1.26301 16.863 1.57187 -0.904326
0.65 1 16.553 1.85274 -0.110374 16.1329 1.78222 16.1643 1.80751 1.57413
0.7 0 16.3688 1.06804 -0.0877382 15.9507 1.02744 14.4985 0.929816 1.31479
0.7 0.05 20.6904 1.53153 -0.247964 20.1922 1.46718 13.8236 0.98677 5.17217
0.7 0.1 28.5601 2.1507 -0.566334 27.9345 2.05416 12.516 0.884874 8.73583
0.7 0.15 40.7808 2.29493 -0.909305 40.2554 2.26209 9.63574 0.433226 11.5611
0.7 0.2 52.1219 1.26047 -0.674417 52.0168 1.30147 4.34144 0.00509592 12.2661
0.7 0.25 55.3966 -2.16576e-08 -0.427608 55.4539 -2.1884e-08 1.24565 -3.30538e-08 11.9014
0.7 0.3 52.1219 -1.26047 -0.674417 52.0168 -1.30147 4.34144 -0.00509587 12.2661
0.7 0.35 40.7808 -2.29493 -0.909305 40.2554 -2.26209 9.63573 -0.433226 11.5611
0.7 0.4 28.5601 -2.1507 -0.566334 27.9345 -2.05416 12.516 -0.884873 8.73583
0.7 0.45 20.6904 -1.53153 -0.247964 20.1922 -1.46718 13.8236 -0.98677 5.17217
0.7 0.5 16.3688 -1.06804 -0.0877382 15.9507 -1.02744 15.3563 -0.990261 1.922
0.7 0.55 13.7097 -0.707049 -0.0117052 13.2949 -0.677416 16.7737 -0.865751 -0.113752
0.7 0.6 11.8953 -0.444775 0.0176862 11.4848 -0.425193 17.4702 -0.657998 -0.951743
0.7 0.65 10.7244 -0.259271 0.0253266 10.3293 -0.246753 17.8287 -0.438533 -1.20049
0.7 0.7 10.0954 -0.11844 0.0203499 9.71557 -0.112629 18.0361 -0.216402 -1.16317
0.7 0.75 9.9032 5.70012e-09 0.0169917 9.52848 5.58583e-09 18.0678 -1.52097e-08 -1.12139
0.7 0.8 10.0954 0.11844 0.0203499 9.71557 0.112629 18.0361 0.216402 -1.16317
0.7 0.85 10.7244 0.259271 0.0253266 10.3293 0.246753 17.8287 0.438533 -1.20048
0.7 0.9 11.8953 0.444775 0.0176862 11.4848 0.425193 17.4702 0.657998 -0.951743
0.7 0.95 13.7097 0.707049 -0.0117052 13.2949 0.677416 16.7737 0.865751 -0.113752
0.7 1 16.3688 1.06804 -0.0877382 15.9507 1.02744 16.2141 1.05071 1.31479
0.75 0 16.2763 0.000488047 -0.0284359 15.8692 -6.35406e-06 14.2938 -0.0210616 0.0270018
0.75 0.05 20.8579 0.000720043 -0.036497 20.3909 7.23711e-06 13.5611 -0.0246143 0.0271428
0.75 0.1 29.215 0.00105065 -0.0512148 28.6505 1.40716e-06 12.1174 -0.033296 0.0270882
0.75 0.15 42.5973 0.00120479 -0.0747128 42.1954 0.000132987 8.50191 -0.037617 0.027606
0.75 0.2 54.1081 0.000693688 -0.0945328 54.0881 0.000154233 1.92129 -0.0252354 0.0297737
0.75 0.25 56.5774 -1.60113e-09 -0.0986783 56.6035 -7.22242e-10 -0.62908 2.13193e-08 0.0310585
0.75 0.3 54.1081 -0.000693691 -0.0945328 54.0881 -0.000154236 1.92129 0.0252354 0.0297737
0.75 0.35 42.5973 -0.0012048 -0.0747128 42.1954 -0.00013299 8.50191 0.037617 0.027606
0.75 0.4 29.215 -0.00105065 -0.0512148 28.6505 -1.40669e-06 12.1174 0.033296 0.0270882
0.75 0.45 20.8579 -0.000720042 -0.036497 20.3909 -7.23737e-06 13.5611 0.0246143 0.0271428
0.75 0.5 16.2763 -0.000488046 -0.0284359 15.8692 6.35532e-06 15.2867 0.0162859 0.027069
0.75 0.55 13.5293 -0.000318228 -0.0236084 13.1325 -2.95796e-06 16.701 0.0106828 0.0271301
0.75 0.6 11.702 -0.000200302 -0.0204108 11.3081 -9.25485e-07 17.5322 0.00693732 0.0270982
0.75 0.65 10.5531 -0.000121526 -0.0184037 10.1727 -7.86853e-06 17.9529 0.0040742 0.027068
0.75 0.7 9.94905 -5.78963e-05 -0.0173565 9.57191 -5.76448e-06 18.2468 0.00177065 0.0268412
0.75 0.75 9.77836 1.72869e-10 -0.0170622 9.39679 5.19776e-10 18.4255 9.60358e-09 0.0267883
0.75 0.8 9.94905 5.7896e-05 -0.0173565 9.57191 5.76413e-06 18.2468 -0.00177067 0.0268412
0.75 0.85 10.5531 0.000121525 -0.0184037 10.1727 7.86768e-06 17.9529 -0.00407418 0.027068
0.75 0.9 11.702 0.000200303 -0.0204108 11.3081 9.26256e-07 17.5322 -0.00693735 0.0270983
0.75 0.95 13.5293 0.000318229 -0.0236084 13.1325 2.95938e-06 16.701 -0.0106828 0.0271302
0.75 1 16.2763 0.000488047 -0.0284359 15.8692 -6.35406e-06 16.2796 -0.0115102 0.0270018
0.8 0 16.3689 -1.0672 0.030561 15.9507 -1.02743 14.5012 -0.970592 -1.26037
0.8 0.05 20.6914 -1.53041 0.175566 20.1922 -1.4672 13.85 -1.03447 -5.11801
0.8 0.1 28.5631 -2.14923 0.466199 27.9345 -2.05415 12.5708 -0.947875 -8.68183
0.8 0.15 40.7867 -2.29338 0.766217 40.2553 -2.26222 9.72988 -0.50024 -11.5076
0.8 0.2 52.1282 -1.25953 0.491346 52.0173 -1.30165 4.45172 -0.0503372 -12.2138
0.8 0.25 55.4008 2.02958e-08 0.233225 55.4542 1.87894e-08 1.33868 4.40789e-09 -11.8496
0.8 0.3 52.1282 1.25953 0.491346 52.0173 1.30165 4.45172 0.0503372 -12.2138
0.8 0.35 40.7867 2.29338 0.766217 40.2553 2.26222 9.72988 0.50024 -11.5076
0.8 0.4 28.5631 2.14923 0.466199 27.9345 2.05415 12.5708 0.947875 -8.68183
0.8 0.45 20.6914 1.53041 0.175566 20.1922 1.4672 13.85 1.03447 -5.11801
0.8 0.5 16.3689 1.0672 0.030561 15.9507 1.02743 15.3592 1.02259 -1.86766
0.8 0.55 13.7093 0.706473 -0.0361336 13.2949 0.677423 16.7638 0.886824 0.168129
0.8 0.6 11.8948 0.444406 -0.0591617 11.4848 0.425194 17.4569 0.672186 1.00614
0.8 0.65 10.724 0.259057 -0.0627074 10.3293 0.246762 17.8151 0.446967 1.2549
0.8 0.7 10.095 0.118343 -0.0555276 9.71557 0.112635 18.0235 0.220186 1.21787
0.8 0.75 9.90281 -5.25353e-09 -0.0514981 9.52848 -5.28565e-09 18.0555 -2.17503e-09 1.17618
0.8 0.8 10.095 -0.118343 -0.0555276 9.71557 -0.112635 18.0235 -0.220186 1.21787
0.8 0.85 10.724 -0.259057 -0.0627074 10.3293 -0.246762 17.8151 -0.446967 1.2549
0.8 0.9 11.8948 -0.444406 -0.0591617 11.4848 -0.425194 17.4569 -0.672186 1.00614
0.8 0.95 13.7093 -0.706473 -0.0361336 13.2949 -0.677423 16.7638 -0.886824 0.168129
0.8 1 16.3689 -1.0672 0.030561 15.9507 -1.02743 16.2172 -1.07458 -1.26037
0.85 0 16.5531 -1.85218 0.0525911 16.1329 -1.78222 15.0135 -1.70732 -1.51968
0.85 0.05 20.137 -2.46293 0.326557 19.5987 -2.35231 14.3777 -1.76285 -8.23874
0.85 0.1 26.4997 -3.17158 0.848227 25.7363 -3.00086 13.7277 -1.63842 -14.1363
0.85 0.15 35.8623 -3.4495 1.50576 34.9762 -3.28642 12.4845 -1.17357 -19.033
0.85 0.2 45.1507 -2.29412 1.99744 44.4105 -2.22543 10.3954 -0.48108 -22.3553
0.85 0.25 48.9621 1.1391e-08 2.04103 48.4019 1.18135e-08 9.00515 1.44336e-08 -23.4444
0.85 0.3 45.1507 2.29412 1.99744 44.4105 2.22543 10.3954 0.48108 -22.3553
0.85 0.35 35.8623 3.4495 1.50576 34.9762 3.28642 12.4845 1.17357 -19.033
0.85 0.4 26.4997 3.17158 0.848227 25.7363 3.00086 13.7277 1.63842 -14.1363
0.85 0.45 20.137 2.46293 0.326557 19.5987 2.35231 14.3777 1.76285 -8.23874
0.85 0.5 16.5531 1.85218 0.052591 16.1329 1.78222 15.5902 1.76903 -2.57983
0.85 0.55 14.2444 1.3173 -0.0667951 13.8047 1.26301 16.8418 1.59132 0.958793
0.85 0.6 12.4887 0.857098 -0.123688 12.034 0.817884 17.34 1.21586 2.60211
0.85 0.65 11.3163 0.513904 -0.146057 10.8703 0.489121 17.4726 0.811367 3.35648
0.85 0.7 10.6615 0.239573 -0.155517 10.2201 0.227436 17.5495 0.405179 3.63333
0.85 0.75 10.4564 -7.70353e-09 -0.156782 10.0164 -6.46204e-09 17.6304 -4.47478e-09 3.6855
0.85 0.8 10.6615 -0.239573 -0.155517 10.2201 -0.227436 17.5495 -0.405179 3.63333
0.85 0.85 11.3163 -0.513904 -0.146057 10.8703 -0.489121 17.4726 -0.811367 3.35648
0.85 0.9 12.4887 -0.857098 -0.123688 12.034 -0.817884 17.34 -1.21586 2.60211
0.85 0.95 14.2444 -1.3173 -0.0667951 13.8047 -1.26301 16.8418 -1.59132 0.958793
0.85 1 16.5531 -1.85218 0.0525911 16.1329 -1.78222 16.1669 -1.83075 -1.51968
0.9 0 16.7368 -2.37534 0.0326899 16.3681 -2.29815 15.5052 -2.2351 -0.925019
0.9 0.05 19.1503 -2.77263 0.335177 18.6311 -2.65092 14.8771 -2.15237 -8.76314
0.9 0.1 23.4003 -3.14592 0.902594 22.5742 -2.95414 14.8812 -2.00227 -15.3682
0.9 0.15 29.1307 -3.10374 1.64814 27.9697 -2.88698 14.9576 -1.589 -20.3253
0.9 0.2 34.5967 -2.0786 2.39457 33.143 -1.91911 15.0996 -0.901529 -23.739
0.9 0.25 37.0069 -5.64704e-09 2.75279 35.4502 -4.34907e-09 15.1628 -1.76062e-08 -25.0132
0.9 0.3 34.5967 2.0786 2.39457 33.143 1.91911 15.0996 0.901529 -23.739
0.9 0.35 29.1307 3.10374 1.64814 27.9697 2.88698 14.9576 1.589 -20.3253
0.9 0.4 23.4003 3.14592 0.902594 22.5742 2.95414 14.8812 2.00227 -15.3682
0.9 0.45 19.1503 2.77263 0.335177 18.6311 2.65092 14.8771 2.15237 -8.76314
0.9 0.5 16.7368 2.37534 0.0326899 16.3681 2.29815 15.6911 2.26012 -2.10603
0.9 0.55 15.0401 1.86294 -0.107963 14.5958 1.78757 16.8778 2.1326 2.18906
0.9 0.6 13.5464 1.30223 -0.209302 13.0403 1.24023 17.1075 1.67111 4.67633
0.9 0.65 12.495 0.802457 -0.28063 11.9528 0.75808 17.137 1.11768 6.29979
0.9 0.7 11.9083 0.379479 -0.324404 11.3412 0.357669 17.1473 0.551669 7.21439
0.9 0.75 11.7189 -8.79299e-10 -0.340629 11.1452 -3.04037e-10 17.0817 -2.4073e-08 7.56745
0.9 0.8 11.9083 -0.379479 -0.324404 11.3412 -0.357669 17.1473 -0.551669 7.21439
0.9 0.85 12.495 -0.802457 -0.28063 11.9528 -0.75808 17.137 -1.11768 6.29979
0.9 0.9 13.5464 -1.30223 -0.209302 13.0403 -1.24023 17.1075 -1.67111 4.67633
0.9 0.95 15.0401 -1.86294 -0.107963 14.5958 -1.78757 16.8778 -2.1326 2.18906
0.9 1 16.7368 -2.37534 0.0326899 16.3681 -2.29815 15.8771 -2.28514 -0.925019
0.95 0 16.837 -2.72785 -0.00601474 16.5482 -2.6559 15.9169 -2.61566 -0.109041
0.95 0.05 18.0037 -2.82394 0.232975 17.5707 -2.72312 15.3553 -2.40822 -7.20963
0.95 0.1 20.1135 -2.72241 0.685354 19.3504 -2.55666 15.7344 -2.13779 -13.3987
0.95 0.15 22.6613 -2.28719 1.21641 21.5648 -2.11951 16.1613 -1.63271 -17.6114
0.95 0.2 24.8413 -1.33099 1.69392 23.4243 -1.2143 16.6713 -0.896664 -20.1783
0.95 0.25 25.6868 -8.25259e-09 1.87293 24.125 -5.19192e-10 16.9217 -2.75387e-07 -20.9792
0.95 0.3 24.8413 1.33099 1.69392 23.4243 1.2143 16.6713 0.896664 -20.1783
0.95 0.35 22.6613 2.28719 1.21641 21.5648 2.11951 16.1613 1.63271 -17.6114
0.95 0.4 20.1135 2.72241 0.685354 19.3504 2.55666 15.7344 2.13779 -13.3987
0.95 0.45 18.0037 2.82394 0.232975 17.5707 2.72312 15.3553 2.40822 -7.20963
0.95 0.5 16.837 2.72785 -0.00601476 16.5482 2.6559 15.8774 2.60903 -0.973214
0.95 0.55 15.9838 2.3834 -0.14361 15.5627 2.29455 16.6202 2.52015 3.53486
0.95 0.6 15.1188 1.80236 -0.324166 14.5549 1.71178 16.7704 2.02745 7.14563
0.95 0.65 14.529 1.16799 -0.487064 13.8455 1.09442 16.8481 1.36729 9.76534
0.95 0.7 14.2167 0.559446 -0.602373 13.4509 0.520607 16.9422 0.673237 11.2604
0.95 0.75 14.1212 7.42167e-09 -0.639801 13.3218 7.89836e-09 17.0504 -2.09597e-07 11.7326
0.95 0.8 14.2167 -0.559446 -0.602373 13.4509 -0.520607 16.9422 -0.673237 11.2604
0.95 0.85 14.529 -1.16799 -0.487064 13.8455 -1.09442 16.8481 -1.36729 9.76534
0.95 0.9 15.1188 -1.80236 -0.324166 14.5549 -1.71178 16.7704 -2.02745 7.14563
0.95 0.95 15.9838 -2.3834 -0.14361 15.5627 -2.29455 16.6202 -2.52015 3.53486
0.95 1 16.837 -2.72785 -0.00601474 16.5482 -2.6559 15.838 -2.60241 -0.109041
1 0 16.8668 -2.88152 -0.0294303 16.6232 -2.81541 15.9597 -2.76806 -2.49226
1 0.05 16.9504 -2.7316 0.131505 16.5552 -2.63915 16.0528 -2.60668 -4.87547
1 0.1 17.2983 -2.30198 0.436433 16.6503 -2.17553 16.0241 -2.14648 -10.0472
1 0.15 17.7891 -1.62801 0.756765 16.9043 -1.51393 16.0005 -1.47115 -13.6291
1 0.2 18.1957 -0.841811 0.98801 17.1483 -0.77631 15.9744 -0.737925 -15.6188
1 0.25 18.3565 5.54207e-09 1.07495 17.258 1.15423e-08 15.9284 -4.92775e-07 -16.3967
1 0.3 18.1957 0.841811 0.98801 17.1483 0.77631 15.9744 0.737926 -15.6188
1 0.35 17.7891 1.62801 0.756765 16.9043 1.51393 16.0005 1.47115 -13.6291
1 0.4 17.2983 2.30198 0.436433 16.6503 2.17553 16.0241 2.14648 -10.0472
1 0.45 16.9504 2.7316 0.131505 16.5552 2.63915 16.0528 2.60668 -4.87548
1 0.5 16.8668 2.88152 -0.0294303 16.6232 2.81541 15.9694 2.7703 0.0271209
1 0.55 16.9489 2.73142 -0.190606 16.5552 2.63916 16 2.60245 4.92994
1 0.6 17.2944 2.30158 -0.49662 16.6503 2.17553 16.544 2.22164 10.1016
1 0.65 17.7828 1.62753 -0.818489 16.9043 1.51394 17.2298 1.58849 13.6837
1 0.7 18.1876 0.841489 -1.05101 17.1483 0.776303 17.7343 0.821558 15.6741
1 0.75 18.3477 5.83767e-09 -1.13845 17.258 1.21384e-08 17.8285 -5.56426e-07 16.4522
1 0.8 18.1876 -0.841489 -1.05101 17.1483 -0.776303 17.7343 -0.821556 15.6741
1 0.85 17.7828 -1.62753 -0.818489 16.9043 -1.51394 17.2298 -1.58849 13.6837
1 0.9 17.2944 -2.30158 -0.49662 16.6503 -2.17553 16.544 -2.22164 10.1016
1 0.95 16.9489 -2.73142 -0.190606 16.5552 -2.63916 16 -2.60245 4.92994
1 1 16.8668 -2.88152 -0.0294303 16.6232 -2.81541 15.9791 -2.77254 2.41045
