0 18.3577 1.22104 17.3146 17.3851 -18.5801
0.0025 18.3036 1.2181 17.2417 17.5815 -18.4331
0.005 18.2493 1.21443 17.1692 17.7769 -18.2832
0.0075 18.195 1.21005 17.0974 17.9706 -18.1272
0.01 18.1407 1.20497 17.0262 18.1624 -17.9654
0.0125 18.0864 1.19921 16.9557 18.3525 -17.7978
0.015 18.0321 1.19278 16.8858 18.5407 -17.6244
0.0175 17.9778 1.18569 16.8167 18.7272 -17.4454
0.02 17.9237 1.17798 16.7484 18.9119 -17.2608
0.0225 17.8696 1.16965 16.6808 19.0948 -17.0707
0.025 17.8157 1.16072 16.6141 19.276 -16.8752
0.0275 17.762 1.15122 16.5482 19.4554 -16.6744
0.03 17.7084 1.14116 16.4832 19.6331 -16.4685
0.0325 17.655 1.13056 16.419 19.8092 -16.2575
0.035 17.6019 1.11945 16.3558 19.9835 -16.0416
0.0375 17.5491 1.10785 16.2935 20.1561 -15.821
0.04 17.4966 1.09576 16.2322 20.327 -15.5957
0.0425 17.4443 1.08323 16.1718 20.4964 -15.3662
0.045 17.3925 1.07026 16.1124 20.6639 -15.132
0.0475 17.3409 1.05688 16.054 20.8299 -14.8951
0.05 17.2898 1.04311 15.9966 20.9949 -14.6525
0.0525 17.2391 1.02898 15.9402 21.1576 -14.4057
0.055 17.1888 1.0145 15.8848 21.3185 -14.1577
0.0575 17.1389 0.99969 15.8304 21.478 -13.9057
0.06 17.0896 0.984579 15.777 21.6359 -13.6512
0.0625 17.0407 0.969186 15.7245 21.7922 -13.3939
0.065 16.9923 0.953531 15.6731 21.9469 -13.1346
0.0675 16.9445 0.937636 15.6227 22.1 -12.8733
0.07 16.8972 0.92152 15.5733 22.2515 -12.6106
0.0725 16.8505 0.905203 15.5249 22.4013 -12.3467
0.075 16.8043 0.888706 15.4774 22.5495 -12.082
0.0775 16.7588 0.872048 15.4309 22.6961 -11.8167
0.08 16.7139 0.855249 15.3854 22.841 -11.5514
0.0825 16.6696 0.838326 15.3407 22.9841 -11.2863
0.085 16.6259 0.821299 15.297 23.1256 -11.0219
0.0875 16.5829 0.804184 15.2542 23.2654 -10.7583
0.09 16.5406 0.787001 15.2123 23.4034 -10.4961
0.0925 16.499 0.769765 15.1713 23.5396 -10.235
0.095 16.4581 0.752494 15.1311 23.6741 -9.97669
0.0975 16.4179 0.735203 15.0918 23.807 -9.71955
0.1 16.3784 0.717908 15.0533 23.9377 -9.46417
0.1025 16.3396 0.700625 15.0156 24.0666 -9.21245
0.105 16.3016 0.683367 14.9787 24.1936 -8.96294
0.1075 16.2644 0.66615 14.9426 24.3187 -8.71639
0.11 16.2278 0.648987 14.9072 24.4419 -8.47267
0.1125 16.1921 0.63189 14.8726 24.5631 -8.23204
0.115 16.1571 0.614874 14.8387 24.6823 -7.99447
0.1175 16.1229 0.597951 14.8055 24.7995 -7.76007
0.12 16.0895 0.581132 14.773 24.9147 -7.52881
0.1225 16.0569 0.564429 14.7412 25.0278 -7.30075
0.125 16.0251 0.547852 14.7101 25.1388 -7.07584
0.1275 15.9941 0.531413 14.6796 25.2477 -6.85409
0.13 15.9638 0.515122 14.6498 25.3545 -6.63542
0.1325 15.9344 0.498989 14.6207 25.4591 -6.41981
0.135 15.9058 0.483022 14.5921 25.5616 -6.20718
0.1375 15.8779 0.467232 14.5642 25.6618 -5.99749
0.14 15.8509 0.451625 14.5369 25.7599 -5.79067
0.1425 15.8247 0.436212 14.5102 25.8557 -5.5861
0.145 15.7993 0.420998 14.4842 25.9494 -5.38466
0.1475 15.7747 0.405992 14.4587 26.0408 -5.18668
0.15 15.7509 0.391201 14.4338 26.1299 -4.99059
0.1525 15.7279 0.376631 14.4095 26.2167 -4.79687
0.155 15.7057 0.362288 14.3857 26.3013 -4.60571
0.1575 15.6843 0.348177 14.3626 26.3835 -4.41684
0.16 15.6636 0.334305 14.34 26.4635 -4.23034
0.1625 15.6438 0.320674 14.3179 26.5412 -4.04607
0.165 15.6248 0.30729 14.2965 26.6165 -3.86407
0.1675 15.6065 0.294156 14.2755 26.6895 -3.68426
0.17 15.589 0.281275 14.2552 26.7602 -3.50666
0.1725 15.5723 0.268649 14.2354 26.8285 -3.33125
0.175 15.5563 0.25628 14.2161 26.8945 -3.15807
0.1775 15.5411 0.244168 14.1974 26.9582 -2.98714
0.18 15.5267 0.232315 14.1792 27.0194 -2.81854
0.1825 15.513 0.220718 14.1616 27.0784 -2.65231
0.185 15.5 0.209377 14.1445 27.135 -2.4886
0.1875 15.4878 0.198289 14.128 27.1892 -2.3275
0.19 15.4763 0.187451 14.112 27.2411 -2.16903
0.1925 15.4655 0.176858 14.0966 27.2905 -2.01328
0.195 15.4554 0.166504 14.0817 27.3379 -1.86108
0.1975 15.4461 0.156382 14.0674 27.3827 -1.71241
0.2 15.4374 0.146484 14.0536 27.4252 -1.56718
0.2025 15.4293 0.136801 14.0404 27.4653 -1.42601
0.205 15.422 0.127322 14.0277 27.5032 -1.28911
0.2075 15.4153 0.118035 14.0156 27.5387 -1.15695
0.21 15.4092 0.108927 14.0041 27.5719 -1.02989
0.2125 15.4038 0.0999807 13.9931 27.6029 -0.908415
0.215 15.3989 0.0911828 13.9828 27.6315 -0.792965
0.2175 15.3947 0.0825126 13.973 27.6579 -0.68405
0.22 15.391 0.073955 13.9639 27.6821 -0.582146
0.2225 15.3878 0.0654847 13.9554 27.7041 -0.487766
0.225 15.3851 0.0570886 13.9476 27.7239 -0.401369
0.2275 15.3829 0.0487329 13.9404 27.7416 -0.323423
0.23 15.3812 0.0404148 13.9338 27.7571 -0.254267
0.2325 15.3798 0.0320822 13.928 27.7706 -0.194271
0.235 15.3788 0.0237596 13.9229 27.782 -0.143353
0.2375 15.3781 0.0153537 13.9186 27.7915 -0.102337
0.24 15.3778 0.00697451 13.915 27.7989 -0.0685476
0.2425 15.3774 -0.0014456 13.9122 27.8047 -0.0418907
0.245 15.3772 -0.00995346 13.9102 27.8084 -0.0231726
0.2475 15.3771 -0.018473 13.909 27.8103 -0.00862832
0.25 15.3771 -0.0270216 13.9086 27.8104 0.0035944
0.2525 15.3771 -0.0355687 13.9091 27.8087 0.0159548
0.255 15.3771 -0.0440853 13.9103 27.8052 0.0309058
0.2575 15.3771 -0.0525447 13.9124 27.7999 0.0506407
0.26 15.3773 -0.0609401 13.9153 27.7928 0.0769656
0.2625 15.3777 -0.0692756 13.9189 27.7838 0.11121
0.265 15.3784 -0.0775636 13.9234 27.773 0.154215
0.2675 15.3794 -0.08582 13.9285 27.7602 0.206466
0.27 15.3807 -0.0940645 13.9344 27.7454 0.268062
0.2725 15.3824 -0.102318 13.9409 27.7287 0.33895
0.275 15.3845 -0.110601 13.9482 27.7099 0.4188
0.2775 15.3871 -0.118938 13.9561 27.6889 0.507283
0.28 15.3903 -0.127348 13.9646 27.6659 0.603904
0.2825 15.3939 -0.135854 13.9737 27.6407 0.70804
0.285 15.3981 -0.144476 13.9835 27.6131 0.820168
0.2875 15.4029 -0.153232 13.9939 27.5834 0.937441
0.29 15.4083 -0.162141 14.0048 27.5517 1.06045
0.2925 15.4143 -0.171218 14.0163 27.5175 1.19034
0.295 15.421 -0.180479 14.0284 27.481 1.32484
0.2975 15.4283 -0.189938 14.0411 27.4422 1.46402
0.3 15.4362 -0.199606 14.0543 27.4011 1.60743
0.3025 15.4449 -0.209494 14.0681 27.3576 1.75467
0.305 15.4542 -0.219612 14.0824 27.3118 1.9055
0.3075 15.4642 -0.229968 14.0973 27.2636 2.05954
0.31 15.4749 -0.240568 14.1127 27.2131 2.21666
0.3125 15.4864 -0.251418 14.1286 27.1602 2.37651
0.315 15.4985 -0.262523 14.1451 27.1049 2.53905
0.3175 15.5114 -0.273885 14.1622 27.0473 2.70397
0.32 15.525 -0.285508 14.1798 26.9872 2.87136
0.3225 15.5394 -0.297392 14.1979 26.9249 3.04088
0.325 15.5545 -0.309539 14.2166 26.8601 3.21276
0.3275 15.5704 -0.321947 14.2358 26.7929 3.38663
0.33 15.587 -0.334616 14.2556 26.7233 3.56286
0.3325 15.6044 -0.347545 14.276 26.6514 3.74163
0.335 15.6226 -0.36073 14.2968 26.5783 3.91942
0.3375 15.6415 -0.374168 14.3183 26.5015 4.10029
0.34 15.6613 -0.387857 14.3403 26.4223 4.28644
0.3425 15.6818 -0.401791 14.3629 26.3411 4.47325
0.345 15.7031 -0.415967 14.386 26.2575 4.66216
0.3475 15.7252 -0.430379 14.4098 26.1716 4.85355
0.35 15.7481 -0.44502 14.4341 26.0835 5.04711
0.3525 15.7718 -0.459887 14.4589 25.993 5.24327
0.355 15.7963 -0.47497 14.4844 25.9003 5.44185
0.3575 15.8216 -0.490265 14.5105 25.8053 5.64312
0.36 15.8477 -0.505763 14.5372 25.7081 5.84701
0.3625 15.8746 -0.521456 14.5644 25.6087 6.05373
0.365 15.9023 -0.537338 14.5923 25.507 6.26326
0.3675 15.9308 -0.553397 14.6209 25.4031 6.47574
0.37 15.9601 -0.569627 14.65 25.297 6.69119
0.3725 15.9902 -0.586018 14.6798 25.1888 6.9097
0.375 16.0212 -0.602559 14.7103 25.0784 7.1313
0.3775 16.0529 -0.619241 14.7414 24.9658 7.35609
0.38 16.0854 -0.636053 14.7732 24.8512 7.58377
0.3825 16.1187 -0.652985 14.8057 24.7344 7.81492
0.385 16.1527 -0.670023 14.8388 24.6157 8.04951
0.3875 16.1876 -0.687158 14.8727 24.4949 8.2869
0.39 16.2232 -0.704375 14.9074 24.372 8.52742
0.3925 16.2596 -0.721664 14.9427 24.2472 8.77103
0.395 16.2968 -0.739009 14.9789 24.1204 9.01753
0.3975 16.3347 -0.756398 15.0158 23.9916 9.26692
0.4 16.3733 -0.773816 15.0535 23.861 9.51893
0.4025 16.4127 -0.791249 15.092 23.7284 9.7735
0.405 16.4528 -0.808682 15.1313 23.594 10.0303
0.4075 16.4936 -0.826098 15.1715 23.4578 10.2893
0.41 16.5351 -0.843482 15.2125 23.3198 10.55
0.4125 16.5773 -0.860818 15.2544 23.1799 10.8123
0.415 16.6201 -0.878087 15.2972 23.0383 11.0758
0.4175 16.6637 -0.895273 15.3409 22.895 11.3403
0.42 16.7079 -0.912358 15.3855 22.75 11.6053
0.4225 16.7527 -0.929323 15.4311 22.6032 11.8707
0.425 16.7981 -0.94615 15.4776 22.4549 12.1358
0.4275 16.8441 -0.962819 15.5251 22.3047 12.4012
0.43 16.8908 -0.979311 15.5735 22.1534 12.6648
0.4325 16.938 -0.995607 15.6229 21.9998 12.9267
0.435 16.9857 -1.01168 15.6733 21.8449 13.1883
0.4375 17.034 -1.02752 15.7247 21.6883 13.4476
0.44 17.0828 -1.04311 15.7771 21.5301 13.7049
0.4425 17.1321 -1.05841 15.8305 21.3704 13.9595
0.445 17.1818 -1.07341 15.8849 21.209 14.2115
0.4475 17.232 -1.08809 15.9403 21.0461 14.4603
0.45 17.2827 -1.10243 15.9968 20.8815 14.7057
0.4525 17.3337 -1.1164 16.0542 20.7154 14.9476
0.455 17.3852 -1.12999 16.1126 20.5476 15.1856
0.4575 17.437 -1.14316 16.172 20.3783 15.4195
0.46 17.4891 -1.15591 16.2324 20.2073 15.6492
0.4625 17.5416 -1.16821 16.2937 20.0347 15.8745
0.465 17.5944 -1.18003 16.356 19.8604 16.0951
0.4675 17.6474 -1.19137 16.4192 19.6845 16.3111
0.47 17.7007 -1.20218 16.4833 19.5069 16.522
0.4725 17.7542 -1.21247 16.5483 19.3276 16.7281
0.475 17.8079 -1.2222 16.6142 19.1469 16.928
0.4775 17.8618 -1.23135 16.6809 18.9647 17.1237
0.48 17.9158 -1.23991 16.7485 18.7796 17.3147
0.4825 17.9699 -1.24786 16.8168 18.5936 17.499
0.485 18.0241 -1.25518 16.8859 18.4058 17.6781
0.4875 18.0784 -1.26184 16.9558 18.2162 17.8514
0.49 18.1327 -1.26785 17.0263 18.0249 18.019
0.4925 18.187 -1.27316 17.0975 17.8318 18.1809
0.495 18.2413 -1.27779 17.1694 17.637 18.3368
0.4975 18.2956 -1.28169 17.2418 17.4403 18.4867
0.5 18.3497 -1.28487 17.3147 17.2419 18.6306
0.5025 18.4038 -1.28731 17.3882 17.0418 18.7685
0.505 18.4577 -1.28899 17.4621 16.8398 18.9001
0.5075 18.5114 -1.28992 17.5364 16.6361 19.0256
0.51 18.565 -1.29006 17.6111 16.4307 19.1447
0.5125 18.6183 -1.28942 17.6862 16.2234 19.2576
0.515 18.6714 -1.28799 17.7615 16.0145 19.3638
0.5175 18.7242 -1.28575 17.837 15.8038 19.4638
0.52 18.7767 -1.28272 17.9126 15.5916 19.557
0.5225 18.8289 -1.27887 17.9884 15.3776 19.6426
0.525 18.8807 -1.2742 18.0643 15.1607 19.7246
0.5275 18.9321 -1.26872 18.1401 14.944 19.7992
0.53 18.9831 -1.26243 18.2159 14.725 19.8648
0.5325 19.0337 -1.25532 18.2916 14.5046 19.9246
0.535 19.0839 -1.24739 18.3671 14.2826 19.9773
0.5375 19.1335 -1.23865 18.4424 14.0591 20.0232
0.54 19.1827 -1.22911 18.5174 13.8342 20.0619
0.5425 19.2313 -1.21877 18.592 13.6079 20.0936
0.545 19.2794 -1.20764 18.6663 13.3803 20.1181
0.5475 19.3269 -1.19573 18.7401 13.1514 20.1353
0.55 19.3739 -1.18305 18.8133 12.9213 20.1452
0.5525 19.4202 -1.16961 18.886 12.6901 20.1477
0.555 19.4659 -1.15543 18.958 12.4579 20.1426
0.5575 19.511 -1.14052 19.0293 12.2246 20.1301
0.56 19.5554 -1.12491 19.0998 11.9905 20.1099
0.5625 19.5991 -1.10861 19.1695 11.7556 20.0821
0.565 19.6421 -1.09164 19.2383 11.52 20.0465
0.5675 19.6845 -1.07403 19.3062 11.2837 20.0031
0.57 19.7261 -1.0558 19.3731 11.0468 19.952
0.5725 19.767 -1.03697 19.4389 10.8096 19.8921
0.575 19.8072 -1.01757 19.5036 10.5723 19.8244
0.5775 19.8466 -0.997637 19.5671 10.3346 19.7493
0.58 19.8853 -0.977194 19.6295 10.0968 19.6657
0.5825 19.9232 -0.956274 19.6906 9.85892 19.5738
0.585 19.9603 -0.934909 19.7504 9.62126 19.4737
0.5875 19.9967 -0.913134 19.8088 9.38382 19.3652
0.59 20.0323 -0.890985 19.8659 9.14679 19.2483
0.5925 20.0672 -0.868496 19.9215 8.91024 19.1228
0.595 20.1012 -0.845707 19.9757 8.67434 18.9889
0.5975 20.1345 -0.822655 20.0284 8.43918 18.8464
0.6 20.167 -0.799379 20.0795 8.20493 18.6952
0.6025 20.1987 -0.775919 20.1291 7.97169 18.5354
0.605 20.2297 -0.752315 20.1771 7.73962 18.3669
0.6075 20.2598 -0.728609 20.2235 7.50885 18.1895
0.61 20.2892 -0.704841 20.2683 7.27947 18.0034
0.6125 20.3178 -0.681054 20.3115 7.05174 17.8083
0.615 20.3457 -0.657288 20.353 6.82553 17.6047
0.6175 20.3728 -0.633586 20.3928 6.60173 17.3908
0.62 20.3991 -0.609989 20.431 6.38042 17.1692
0.6225 20.4247 -0.586538 20.4676 6.15884 16.9396
0.625 20.4496 -0.563273 20.5025 5.94092 16.6996
0.6275 20.4737 -0.540235 20.5358 5.72542 16.451
0.63 20.4971 -0.517463 20.5674 5.51231 16.1932
0.6325 20.5198 -0.494995 20.5974 5.30192 15.9265
0.635 20.5417 -0.472868 20.6258 5.09422 15.6507
0.6375 20.563 -0.451118 20.6526 4.88944 15.3658
0.64 20.5836 -0.429779 20.6779 4.68763 15.0719
0.6425 20.6034 -0.408885 20.7017 4.48897 14.7689
0.645 20.6226 -0.388467 20.724 4.29352 14.4569
0.6475 20.6411 -0.368553 20.7448 4.10145 14.1357
0.65 20.659 -0.34917 20.7642 3.91279 13.8055
0.6525 20.6762 -0.330344 20.7822 3.72776 13.466
0.655 20.6927 -0.312097 20.7989 3.54629 13.1175
0.6575 20.7086 -0.294448 20.8144 3.36875 12.7595
0.66 20.7238 -0.277416 20.8286 3.19476 12.3928
0.6625 20.7385 -0.261015 20.8416 3.02535 12.0151
0.665 20.7525 -0.245258 20.8534 2.85751 11.6305
0.6675 20.7659 -0.230153 20.8642 2.69037 11.2304
0.67 20.7786 -0.215708 20.874 2.54026 10.8218
0.6725 20.7908 -0.201928 20.8828 2.38747 10.409
0.675 20.8024 -0.188812 20.8907 2.23807 9.98147
0.6775 20.8134 -0.176362 20.8978 2.0939 9.54352
0.68 20.8238 -0.164573 20.904 1.95369 9.09284
0.6825 20.8336 -0.15344 20.9096 1.81835 8.62988
0.685 20.8429 -0.142955 20.9144 1.68738 8.15341
0.6875 20.8516 -0.133107 20.9187 1.56118 7.6632
0.69 20.8597 -0.123885 20.9224 1.43954 7.15882
0.6925 20.8674 -0.115274 20.9256 1.32268 6.64079
0.695 20.8745 -0.10726 20.9284 1.21048 6.11041
0.6975 20.8811 -0.0998242 20.9308 1.10308 5.57036
0.7 20.8872 -0.0929488 20.9328 1.00041 5.02455
0.7025 20.8928 -0.0866136 20.9346 0.902563 4.47788
0.705 20.898 -0.0807977 20.9361 0.809518 3.93568
0.7075 20.9027 -0.0754788 20.9374 0.72137 3.403
0.71 20.907 -0.070634 20.9385 0.638088 2.88423
0.7125 20.9108 -0.0662394 20.9395 0.559766 2.38259
0.715 20.9142 -0.0622704 20.9404 0.486458 1.90053
0.7175 20.9173 -0.0587022 20.9411 0.418118 1.43938
0.72 20.92 -0.055509 20.9417 0.354764 1.00017
0.7225 20.9223 -0.0526649 20.9422 0.296549 0.583692
0.725 20.9243 -0.0501437 20.9427 0.243353 0.190422
0.7275 20.926 -0.0479185 20.9431 0.195304 -0.178797
0.73 20.9275 -0.0459626 20.9434 0.15234 -0.522863
0.7325 20.9286 -0.0442484 20.9437 0.114549 -0.839914
0.735 20.9295 -0.0427483 20.9439 0.081896 -1.12695
0.7375 20.9302 -0.0414335 20.9441 0.0544601 -1.37892
0.74 20.9306 -0.0402747 20.9442 0.0322308 -1.58684
0.7425 20.9309 -0.0392408 20.9443 0.0153105 -1.73338
0.745 20.9311 -0.0383001 20.9443 0.00379842 -1.77842
0.7475 20.9312 -0.0374169 20.9444 -0.00247745 -1.56878
0.75 20.9312 -0.0365612 20.9444 -0.00228441 0.0278439
0.7525 20.9312 -0.0357057 20.9444 0.00943853 1.62308
0.755 20.9311 -0.0348254 20.9443 0.0187886 1.83196
0.7575 20.931 -0.0338893 20.9443 0.0329931 1.7867
0.76 20.9307 -0.0328618 20.9442 0.0521299 1.6411
0.7625 20.9302 -0.0317111 20.9441 0.0765544 1.43231
0.765 20.9296 -0.0304057 20.9439 0.10515 1.17964
0.7675 20.9287 -0.0289162 20.9437 0.14001 0.893621
0.77 20.9276 -0.0272138 20.9434 0.1793 0.576193
0.7725 20.9262 -0.0252706 20.9431 0.224102 0.232371
0.775 20.9245 -0.023059 20.9427 0.273784 -0.136998
0.7775 20.9225 -0.0205521 20.9422 0.328713 -0.530147
0.78 20.9202 -0.0177231 20.9417 0.388662 -0.94673
0.7825 20.9176 -0.0145456 20.9411 0.45374 -1.38582
0.785 20.9146 -0.0109934 20.9404 0.523891 -1.847
0.7875 20.9112 -0.00704106 20.9395 0.599091 -2.32908
0.79 20.9074 -0.00266329 20.9385 0.679389 -2.83075
0.7925 20.9031 0.00216449 20.9374 0.764651 -3.3495
0.795 20.8985 0.00746621 20.9361 0.855037 -3.88225
0.7975 20.8934 0.013265 20.9346 0.950258 -4.42437
0.8 20.8878 0.0195831 20.9328 1.05066 -4.97121
0.8025 20.8818 0.0264418 20.9308 1.15567 -5.51681
0.805 20.8752 0.033861 20.9284 1.26605 -6.05729
0.8075 20.8682 0.0418597 20.9256 1.3807 -6.58636
0.81 20.8606 0.050455 20.9224 1.50164 -7.10485
0.8125 20.8525 0.0596629 20.9187 1.62477 -7.61071
0.815 20.8438 0.0694973 20.9144 1.75431 -8.10031
0.8175 20.8346 0.0799706 20.9096 1.88796 -8.57703
0.82 20.8249 0.0910929 20.904 2.02648 -9.04008
0.8225 20.8146 0.102872 20.8978 2.16935 -9.49078
0.825 20.8037 0.115315 20.8907 2.31678 -9.92942
0.8275 20.7922 0.128424 20.8828 2.46852 -10.3568
0.83 20.7801 0.142201 20.874 2.62462 -10.7734
0.8325 20.7674 0.156645 20.8642 2.78493 -11.1795
0.835 20.7541 0.17175 20.8534 2.94941 -11.5756
0.8375 20.7402 0.187512 20.8416 3.11796 -11.9619
0.84 20.7257 0.20392 20.8285 3.29051 -12.3386
0.8425 20.7106 0.220962 20.8144 3.46695 -12.7058
0.845 20.6948 0.238624 20.7989 3.6472 -13.0636
0.8475 20.6783 0.256888 20.7822 3.83116 -13.4123
0.85 20.6613 0.275735 20.7642 4.01874 -13.7517
0.8525 20.6435 0.295142 20.7448 4.20983 -14.082
0.855 20.6251 0.315084 20.724 4.40431 -14.4031
0.8575 20.6061 0.335536 20.7017 4.60209 -14.7152
0.86 20.5863 0.356467 20.6779 4.80304 -15.0181
0.8625 20.5659 0.377848 20.6526 5.00706 -15.3121
0.865 20.5448 0.399645 20.6258 5.21402 -15.5969
0.8675 20.5229 0.421823 20.5974 5.42379 -15.8727
0.87 20.5004 0.444349 20.5674 5.63626 -16.1395
0.8725 20.4771 0.467183 20.5357 5.8513 -16.3972
0.875 20.4531 0.490288 20.5025 6.06876 -16.6459
0.8775 20.4284 0.513626 20.4676 6.28855 -16.8856
0.88 20.4029 0.537155 20.431 6.51049 -17.1163
0.8825 20.3767 0.560836 20.3928 6.73449 -17.338
0.885 20.3497 0.584627 20.353 6.96037 -17.5508
0.8875 20.322 0.608487 20.3114 7.18806 -17.7546
0.89 20.2935 0.632374 20.2683 7.41733 -17.9496
0.8925 20.2643 0.656248 20.2235 7.64817 -18.1358
0.895 20.2342 0.680065 20.1771 7.88029 -18.313
0.8975 20.2034 0.703786 20.1291 8.11374 -18.4816
0.9 20.1719 0.727368 20.0795 8.34817 -18.6413
0.9025 20.1395 0.750772 20.0283 8.58383 -18.7918
0.905 20.1063 0.773958 19.9757 8.82119 -18.935
0.9075 20.0724 0.796886 19.9215 9.0565 -19.0698
0.91 20.0377 0.819518 19.8659 9.2942 -19.1948
0.9125 20.0022 0.841817 19.8088 9.53222 -19.3116
0.915 19.966 0.863747 19.7503 9.77044 -19.4202
0.9175 19.929 0.885271 19.6906 10.0089 -19.5203
0.92 19.8912 0.906356 19.6295 10.2474 -19.6122
0.9225 19.8526 0.926969 19.5671 10.4859 -19.6958
0.925 19.8133 0.947078 19.5035 10.7242 -19.7712
0.9275 19.7733 0.966652 19.4388 10.9623 -19.8386
0.93 19.7325 0.985664 19.373 11.1999 -19.8979
0.9325 19.691 1.00409 19.3061 11.4371 -19.9492
0.935 19.6487 1.02189 19.2382 11.6736 -19.9927
0.9375 19.6058 1.03906 19.1694 11.9095 -20.0283
0.94 19.5622 1.05556 19.0997 12.1446 -20.0562
0.9425 19.5179 1.07137 19.0292 12.3789 -20.0763
0.945 19.4729 1.08649 18.9579 12.6122 -20.0889
0.9475 19.4273 1.10088 18.8859 12.8445 -20.0939
0.95 19.3811 1.11453 18.8132 13.0756 -20.0914
0.9525 19.3342 1.12743 18.74 13.3056 -20.0815
0.955 19.2868 1.13956 18.6662 13.5343 -20.0643
0.9575 19.2388 1.15091 18.592 13.7617 -20.0398
0.96 19.1902 1.16148 18.5173 13.9878 -20.0081
0.9625 19.1411 1.17125 18.4423 14.2124 -19.9693
0.965 19.0915 1.18021 18.367 14.4355 -19.9234
0.9675 19.0414 1.18837 18.2915 14.6571 -19.8706
0.97 18.9909 1.19572 18.2158 14.8772 -19.8108
0.9725 18.9399 1.20225 18.14 15.0956 -19.7442
0.975 18.8885 1.20797 18.0642 15.3124 -19.6707
0.9775 18.8367 1.21287 17.9883 15.5275 -19.5906
0.98 18.7846 1.21696 17.9126 15.7408 -19.5038
0.9825 18.7321 1.22023 17.8369 15.9525 -19.4104
0.985 18.6793 1.22271 17.7614 16.1624 -19.3104
0.9875 18.6263 1.22438 17.6861 16.3705 -19.204
0.99 18.573 1.22526 17.611 16.5769 -19.0912
0.9925 18.5194 1.22536 17.5363 16.7814 -18.972
0.995 18.4657 1.22468 17.462 16.9841 -18.8466
0.9975 18.4118 1.22324 17.3881 17.1851 -18.7149
1 18.3577 1.22104 17.3146 17.3851 -18.5801
