0 0 -0.0282852 100.085 -3.64257e-13 -0.0040336
0 0.025 -0.0507483 100.081 0.03493 -0.0040722
0 0.05 -0.118894 100.07 0.0709936 -0.00418079
0 0.075 -0.234903 100.05 0.10919 -0.00433791
0 0.1 -0.402124 100.019 0.150248 -0.00450844
0 0.125 -0.624639 99.9769 0.194494 -0.00464473
0 0.15 -0.906655 99.921 0.241718 -0.00468873
0 0.175 -1.25174 99.8495 0.291067 -0.00457545
0 0.2 -1.66193 99.7605 0.340963 -0.00423794
0 0.225 -2.13674 99.6533 0.389075 -0.00361417
0 0.25 -2.67219 99.5275 0.432376 -0.00265533
0 0.275 -3.25999 99.3846 0.467296 -0.00133528
0 0.3 -3.88688 99.2273 0.489981 0.000340321
0 0.325 -4.53451 99.0602 0.496673 0.00232661
0 0.35 -5.17976 98.8896 0.484163 0.00453586
0 0.375 -5.7958 98.7234 0.450282 0.00683933
0 0.4 -6.35368 98.5702 0.394344 0.00907605
0 0.425 -6.8246 98.4392 0.317466 0.0110683
0 0.45 -7.18241 98.3386 0.222682 0.0126426
0 0.475 -7.40617 98.2752 0.114802 0.0136527
0 0.5 -7.48233 98.2536 3.44186e-13 0.0140009
0 0.525 -7.40617 98.2752 -0.114802 0.0136527
0 0.55 -7.18241 98.3386 -0.222682 0.0126426
0 0.575 -6.8246 98.4392 -0.317466 0.0110683
0 0.6 -6.35368 98.5702 -0.394344 0.00907605
0 0.625 -5.7958 98.7234 -0.450282 0.00683933
0 0.65 -5.17976 98.8896 -0.484163 0.00453586
0 0.675 -4.53451 99.0602 -0.496673 0.00232661
0 0.7 -3.88688 99.2273 -0.489981 0.000340321
0 0.725 -3.25999 99.3846 -0.467296 -0.00133528
0 0.75 -2.67219 99.5275 -0.432376 -0.00265533
0 0.775 -2.13674 99.6533 -0.389075 -0.00361417
0 0.8 -1.66193 99.7605 -0.340963 -0.00423794
0 0.825 -1.25174 99.8495 -0.291067 -0.00457545
0 0.85 -0.906655 99.921 -0.241718 -0.00468873
0 0.875 -0.624639 99.9769 -0.194494 -0.00464473
0 0.9 -0.402124 100.019 -0.150248 -0.00450844
0 0.925 -0.234903 100.05 -0.10919 -0.00433791
0 0.95 -0.118894 100.07 -0.0709936 -0.00418079
0 0.975 -0.0507483 100.081 -0.03493 -0.0040722
0 1 -0.0282852 100.085 -3.64257e-13 -0.0040336
0.025 0 -0.144852 100.06 -4.72423e-13 -0.00410212
0.025 0.025 -0.168081 100.055 0.0360528 -0.00412599
0.025 0.05 -0.238351 100.042 0.0729716 -0.00419104
0.025 0.075 -0.357327 100.02 0.111497 -0.0042778
0.025 0.1 -0.527516 99.9874 0.152119 -0.00435468
0.025 0.125 -0.751867 99.9427 0.19496 -0.0043795
0.025 0.15 -1.03322 99.8846 0.239669 -0.00430184
0.025 0.175 -1.37365 99.8116 0.28533 -0.00406662
0.025 0.2 -1.77364 99.7227 0.330418 -0.00361899
0.025 0.225 -2.23135 99.6173 0.372798 -0.00291042
0.025 0.25 -2.74176 99.4957 0.409793 -0.00190593
0.025 0.275 -3.29609 99.3596 0.438344 -0.00059163
0.025 0.3 -3.88137 99.2119 0.45524 0.00101831
0.025 0.325 -4.48043 99.0568 0.457446 0.00287657
0.025 0.35 -5.0723 98.9003 0.442468 0.00490097
0.025 0.375 -5.63321 98.7492 0.408739 0.00697728
0.025 0.4 -6.13796 98.6111 0.355951 0.00896731
0.025 0.425 -6.56185 98.4937 0.285284 0.010722
0.025 0.45 -6.88267 98.404 0.199465 0.0120983
0.025 0.475 -7.08276 98.3477 0.102632 0.0129771
0.025 0.5 -7.15076 98.3285 -1.00366e-13 0.0132792
0.025 0.525 -7.08276 98.3477 -0.102632 0.0129771
0.025 0.55 -6.88267 98.404 -0.199465 0.0120983
0.025 0.575 -6.56185 98.4937 -0.285284 0.010722
0.025 0.6 -6.13796 98.6111 -0.355951 0.00896731
0.025 0.625 -5.63321 98.7492 -0.408739 0.00697728
0.025 0.65 -5.0723 98.9003 -0.442468 0.00490097
0.025 0.675 -4.48043 99.0568 -0.457446 0.00287657
0.025 0.7 -3.88137 99.2119 -0.45524 0.00101831
0.025 0.725 -3.29609 99.3596 -0.438344 -0.00059163
0.025 0.75 -2.74176 99.4957 -0.409793 -0.00190593
0.025 0.775 -2.23135 99.6173 -0.372798 -0.00291042
0.025 0.8 -1.77364 99.7227 -0.330418 -0.00361899
0.025 0.825 -1.37365 99.8116 -0.28533 -0.00406662
0.025 0.85 -1.03322 99.8846 -0.239669 -0.00430184
0.025 0.875 -0.751867 99.9427 -0.19496 -0.0043795
0.025 0.9 -0.527516 99.9874 -0.152119 -0.00435468
0.025 0.925 -0.357327 100.02 -0.111497 -0.0042778
0.025 0.95 -0.238351 100.042 -0.0729716 -0.00419104
0.025 0.975 -0.168081 100.055 -0.0360528 -0.00412599
0.025 1 -0.144852 100.06 -4.72423e-13 -0.00410212
0.05 0 -0.257564 100.033 -1.00239e-12 -0.00411221
0.05 0.025 -0.281201 100.029 0.0366256 -0.00412236
0.05 0.05 -0.352538 100.015 0.0738759 -0.0041469
0.05 0.075 -0.472775 99.991 0.112261 -0.00416837
0.05 0.1 -0.643669 99.9564 0.152067 -0.00415871
0.05 0.125 -0.867174 99.91 0.193251 -0.00408089
0.05 0.15 -1.14496 99.8505 0.235353 -0.00389147
0.05 0.175 -1.4778 99.7769 0.277436 -0.00354409
0.05 0.2 -1.86498 99.6886 0.318054 -0.00299407
0.05 0.225 -2.30355 99.5855 0.355275 -0.00220389
0.05 0.25 -2.78778 99.4683 0.386757 -0.00114936
0.05 0.275 -3.30866 99.3387 0.409895 0.000174262
0.05 0.3 -3.85368 99.1997 0.422035 0.00174691
0.05 0.325 -4.40687 99.0554 0.420742 0.00352021
0.05 0.35 -4.94929 98.9111 0.4041 0.00541691
0.05 0.375 -5.45989 98.7729 0.37101 0.00733411
0.05 0.4 -5.91675 98.6475 0.321439 0.00915062
0.05 0.425 -6.29861 98.5415 0.256578 0.0107382
0.05 0.45 -6.58659 98.4608 0.178866 0.0119754
0.05 0.475 -6.76576 98.4104 0.0918691 0.0127619
0.05 0.5 -6.82658 98.3932 2.07301e-13 0.0130318
0.05 0.525 -6.76576 98.4104 -0.0918691 0.0127619
0.05 0.55 -6.58659 98.4608 -0.178866 0.0119754
0.05 0.575 -6.29861 98.5415 -0.256578 0.0107382
0.05 0.6 -5.91675 98.6475 -0.321439 0.00915062
0.05 0.625 -5.45989 98.7729 -0.37101 0.00733411
0.05 0.65 -4.94929 98.9111 -0.4041 0.00541691
0.05 0.675 -4.40687 99.0554 -0.420742 0.00352021
0.05 0.7 -3.85368 99.1997 -0.422035 0.00174691
0.05 0.725 -3.30866 99.3387 -0.409895 0.000174262
0.05 0.75 -2.78778 99.4683 -0.386757 -0.00114936
0.05 0.775 -2.30355 99.5855 -0.355275 -0.00220389
0.05 0.8 -1.86498 99.6886 -0.318054 -0.00299407
0.05 0.825 -1.4778 99.7769 -0.277436 -0.00354409
0.05 0.85 -1.14496 99.8505 -0.235353 -0.00389147
0.05 0.875 -0.867174 99.91 -0.193251 -0.00408089
0.05 0.9 -0.643669 99.9564 -0.152067 -0.00415871
0.05 0.925 -0.472775 99.991 -0.112261 -0.00416837
0.05 0.95 -0.352538 100.015 -0.0738759 -0.0041469
0.05 0.975 -0.281201 100.029 -0.0366256 -0.00412236
0.05 1 -0.257564 100.033 -1.00239e-12 -0.00411221
0.075 0 -0.364717 100.007 -6.60168e-13 -0.00406198
0.075 0.025 -0.388428 100.002 0.0366849 -0.00405924
0.075 0.05 -0.459844 99.9874 0.0737791 -0.00404576
0.075 0.075 -0.579752 99.9625 0.11159 -0.00400597
0.075 0.1 -0.749246 99.9266 0.150227 -0.00391502
0.075 0.125 -0.969409 99.8789 0.189511 -0.00374053
0.075 0.15 -1.24089 99.8187 0.228908 -0.00344507
0.075 0.175 -1.56342 99.7451 0.267482 -0.00298954
0.075 0.2 -1.93524 99.6579 0.303885 -0.00233748
0.075 0.225 -2.35258 99.5573 0.336385 -0.00145992
0.075 0.25 -2.80923 99.4443 0.362954 -0.000340751
0.075 0.275 -3.29615 99.3208 0.3814 0.00101816
0.075 0.3 -3.80139 99.1897 0.389554 0.00259267
0.075 0.325 -4.31021 99.0547 0.385493 0.00433383
0.075 0.35 -4.8056 98.9209 0.367782 0.00616794
0.075 0.375 -5.26897 98.7936 0.3357 0.00799974
0.075 0.4 -5.68132 98.6787 0.289421 0.00971918
0.075 0.425 -6.02444 98.5821 0.230119 0.0112113
0.075 0.45 -6.28231 98.5088 0.159966 0.0123681
0.075 0.475 -6.44239 98.463 0.0820198 0.0131012
0.075 0.5 -6.49666 98.4475 8.91437e-14 0.0133523
0.075 0.525 -6.44239 98.463 -0.0820198 0.0131012
0.075 0.55 -6.28231 98.5088 -0.159966 0.0123681
0.075 0.575 -6.02444 98.5821 -0.230119 0.0112113
0.075 0.6 -5.68132 98.6787 -0.289421 0.00971918
0.075 0.625 -5.26897 98.7936 -0.3357 0.00799974
0.075 0.65 -4.8056 98.9209 -0.367782 0.00616794
0.075 0.675 -4.31021 99.0547 -0.385493 0.00433383
0.075 0.7 -3.80139 99.1897 -0.389554 0.00259267
0.075 0.725 -3.29615 99.3208 -0.3814 0.00101816
0.075 0.75 -2.80923 99.4443 -0.362954 -0.000340751
0.075 0.775 -2.35258 99.5573 -0.336385 -0.00145992
0.075 0.8 -1.93524 99.6579 -0.303885 -0.00233748
0.075 0.825 -1.56342 99.7451 -0.267482 -0.00298954
0.075 0.85 -1.24089 99.8187 -0.228908 -0.00344507
0.075 0.875 -0.969409 99.8789 -0.189511 -0.00374053
0.075 0.9 -0.749246 99.9266 -0.150227 -0.00391502
0.075 0.925 -0.579752 99.9625 -0.11159 -0.00400597
0.075 0.95 -0.459844 99.9874 -0.0737791 -0.00404576
0.075 0.975 -0.388428 100.002 -0.0366849 -0.00405924
0.075 1 -0.364717 100.007 -6.60168e-13 -0.00406198
0.1 0 -0.464662 99.9806 -6.94102e-13 -0.00394851
0.1 0.025 -0.488128 99.9756 0.0362543 -0.00393332
0.1 0.05 -0.558682 99.9604 0.0727254 -0.00388299
0.1 0.075 -0.676742 99.9347 0.109541 -0.00378356
0.1 0.1 -0.842813 99.898 0.146658 -0.00361288
0.1 0.125 -1.05721 99.8496 0.183785 -0.00334229
0.1 0.15 -1.31972 99.789 0.220336 -0.00293905
0.1 0.175 -1.62914 99.7159 0.25539 -0.0023696
0.1 0.2 -1.9829 99.6301 0.287704 -0.00160343
0.1 0.225 -2.37659 99.5322 0.315745 -0.000617579
0.1 0.25 -2.80365 99.4232 0.337778 0.000598591
0.1 0.275 -3.25517 99.3051 0.35199 0.00203886
0.1 0.3 -3.71984 99.1807 0.356649 0.0036764
0.1 0.325 -4.18418 99.0537 0.350291 0.00546151
0.1 0.35 -4.633 98.9284 0.331908 0.00732176
0.1 0.375 -5.0501 98.8099 0.301109 0.00916489
0.1 0.4 -5.41916 98.7035 0.258246 0.010885
0.1 0.425 -5.72481 98.6142 0.204468 0.0123717
0.1 0.45 -5.95367 98.5466 0.141696 0.0135212
0.1 0.475 -6.09539 98.5045 0.0725145 0.0142484
0.1 0.5 -6.14338 98.4902 9.52091e-14 0.0144973
0.1 0.525 -6.09539 98.5045 -0.0725145 0.0142484
0.1 0.55 -5.95367 98.5466 -0.141696 0.0135212
0.1 0.575 -5.72481 98.6142 -0.204468 0.0123717
0.1 0.6 -5.41916 98.7035 -0.258246 0.010885
0.1 0.625 -5.0501 98.8099 -0.301109 0.00916489
0.1 0.65 -4.633 98.9284 -0.331908 0.00732176
0.1 0.675 -4.18418 99.0537 -0.350291 0.00546151
0.1 0.7 -3.71984 99.1807 -0.356649 0.0036764
0.1 0.725 -3.25517 99.3051 -0.35199 0.00203886
0.1 0.75 -2.80365 99.4232 -0.337778 0.000598591
0.1 0.775 -2.37659 99.5322 -0.315745 -0.000617579
0.1 0.8 -1.9829 99.6301 -0.287704 -0.00160343
0.1 0.825 -1.62914 99.7159 -0.25539 -0.0023696
0.1 0.85 -1.31972 99.789 -0.220336 -0.00293905
0.1 0.875 -1.05721 99.8496 -0.183785 -0.00334229
0.1 0.9 -0.842813 99.898 -0.146658 -0.00361288
0.1 0.925 -0.676742 99.9347 -0.109541 -0.00378356
0.1 0.95 -0.558682 99.9604 -0.0727254 -0.00388299
0.1 0.975 -0.488128 99.9756 -0.0362543 -0.00393332
0.1 1 -0.464662 99.9806 -6.94101e-13 -0.00394851
0.125 0 -0.55577 99.9548 -6.89662e-13 -0.00376675
0.125 0.025 -0.578677 99.9497 0.0353409 -0.00373907
0.125 0.05 -0.647441 99.9341 0.0707243 -0.00365167
0.125 0.075 -0.762145 99.9079 0.106117 -0.00349176
0.125 0.1 -0.922763 99.8707 0.141338 -0.00323905
0.125 0.125 -1.12893 99.8221 0.176002 -0.00286742
0.125 0.15 -1.37964 99.7616 0.209479 -0.00234717
0.125 0.175 -1.67292 99.6892 0.240874 -0.00164799
0.125 0.2 -2.00545 99.6049 0.269046 -0.000742665
0.125 0.225 -2.37232 99.5095 0.292653 0.000388823
0.125 0.25 -2.76673 99.4041 0.310236 0.00175477
0.125 0.275 -3.17995 99.2906 0.320341 0.00334733
0.125 0.3 -3.60137 99.1717 0.321655 0.00513863
0.125 0.325 -4.01879 99.0509 0.313155 0.00707805
0.125 0.35 -4.41885 98.9322 0.294256 0.00909162
0.125 0.375 -4.7877 98.8202 0.264909 0.011084
0.125 0.4 -5.11176 98.7197 0.225664 0.012944
0.125 0.425 -5.3785 98.6355 0.177668 0.0145538
0.125 0.45 -5.57727 98.5719 0.122603 0.0158006
0.125 0.475 -5.69994 98.5322 0.0625786 0.0165905
0.125 0.5 -5.74141 98.5188 4.12184e-14 0.0168611
0.125 0.525 -5.69994 98.5322 -0.0625786 0.0165905
0.125 0.55 -5.57727 98.5719 -0.122603 0.0158006
0.125 0.575 -5.3785 98.6355 -0.177668 0.0145538
0.125 0.6 -5.11176 98.7197 -0.225664 0.012944
0.125 0.625 -4.7877 98.8202 -0.264909 0.011084
0.125 0.65 -4.41885 98.9322 -0.294256 0.00909162
0.125 0.675 -4.01879 99.0509 -0.313155 0.00707805
0.125 0.7 -3.60137 99.1717 -0.321655 0.00513863
0.125 0.725 -3.17995 99.2906 -0.320341 0.00334733
0.125 0.75 -2.76673 99.4041 -0.310236 0.00175477
0.125 0.775 -2.37232 99.5095 -0.292653 0.000388823
0.125 0.8 -2.00545 99.6049 -0.269046 -0.000742665
0.125 0.825 -1.67292 99.6892 -0.240874 -0.00164799
0.125 0.85 -1.37964 99.7616 -0.209479 -0.00234717
0.125 0.875 -1.12893 99.8221 -0.176002 -0.00286742
0.125 0.9 -0.922763 99.8707 -0.141338 -0.00323905
0.125 0.925 -0.762145 99.9079 -0.106117 -0.00349176
0.125 0.95 -0.647441 99.9341 -0.0707243 -0.00365167
0.125 0.975 -0.578677 99.9497 -0.0353409 -0.00373907
0.125 1 -0.55577 99.9548 -6.89662e-13 -0.00376675
0.15 0 -0.636396 99.9299 -8.08298e-13 -0.00351046
0.15 0.025 -0.658424 99.9247 0.0339335 -0.00346978
0.15 0.05 -0.724446 99.9089 0.0677466 -0.00334357
0.15 0.075 -0.834231 99.8825 0.101255 -0.00311959
0.15 0.1 -0.98726 99.8451 0.13415 -0.00277842
0.15 0.125 -1.18253 99.7964 0.165957 -0.00229486
0.15 0.15 -1.4183 99.7363 0.196002 -0.00164002
0.15 0.175 -1.69184 99.6648 0.22341 -0.000784048
0.15 0.2 -1.99918 99.582 0.247132 0.000300581
0.15 0.225 -2.33488 99.4888 0.266001 0.00163506
0.15 0.25 -2.69192 99.3864 0.278822 0.00322976
0.15 0.275 -3.06176 99.2764 0.28449 0.00507941
0.15 0.3 -3.43447 99.1616 0.282118 0.0071582
0.15 0.325 -3.79911 99.0449 0.271165 0.00941547
0.15 0.35 -4.14426 98.9302 0.251534 0.0117728
0.15 0.375 -4.4586 98.8217 0.223618 0.0141241
0.15 0.4 -4.73156 98.7242 0.188272 0.0163391
0.15 0.425 -4.9539 98.6423 0.146726 0.0182736
0.15 0.45 -5.11815 98.5801 0.100447 0.0197839
0.15 0.475 -5.21888 98.5413 0.0510093 0.0207465
0.15 0.5 -5.25282 98.5281 2.77473e-13 0.0210773
0.15 0.525 -5.21888 98.5413 -0.0510093 0.0207465
0.15 0.55 -5.11815 98.5801 -0.100447 0.0197839
0.15 0.575 -4.9539 98.6423 -0.146726 0.0182736
0.15 0.6 -4.73156 98.7242 -0.188272 0.0163391
0.15 0.625 -4.4586 98.8217 -0.223618 0.0141241
0.15 0.65 -4.14426 98.9302 -0.251534 0.0117728
0.15 0.675 -3.79911 99.0449 -0.271165 0.00941547
0.15 0.7 -3.43447 99.1616 -0.282118 0.0071582
0.15 0.725 -3.06176 99.2764 -0.28449 0.00507941
0.15 0.75 -2.69192 99.3864 -0.278822 0.00322976
0.15 0.775 -2.33488 99.4888 -0.266001 0.00163506
0.15 0.8 -1.99918 99.582 -0.247132 0.000300581
0.15 0.825 -1.69184 99.6648 -0.22341 -0.000784048
0.15 0.85 -1.4183 99.7363 -0.196002 -0.00164002
0.15 0.875 -1.18253 99.7964 -0.165957 -0.00229486
0.15 0.9 -0.98726 99.8451 -0.13415 -0.00277842
0.15 0.925 -0.834231 99.8825 -0.101255 -0.00311959
0.15 0.95 -0.724446 99.9089 -0.0677466 -0.00334357
0.15 0.975 -0.658424 99.9247 -0.0339335 -0.00346978
0.15 1 -0.636396 99.9299 -8.08299e-13 -0.00351046
0.175 0 -0.704853 99.9061 -1.21497e-12 -0.00317297
0.175 0.025 -0.725664 99.9008 0.0320016 -0.00311828
0.175 0.05 -0.78793 99.885 0.0637227 -0.00295
0.175 0.075 -0.891114 99.8585 0.0948285 -0.0026557
0.175 0.1 -1.0342 99.8212 0.124882 -0.00221546
0.175 0.125 -1.21556 99.7728 0.153307 -0.001603
0.175 0.15 -1.43269 99.7133 0.179375 -0.000787428
0.175 0.175 -1.6821 99.6428 0.202207 0.000264487
0.175 0.2 -1.95905 99.5615 0.220819 0.00158541
0.175 0.225 -2.25751 99.4701 0.234188 0.00320368
0.175 0.25 -2.57009 99.3698 0.241359 0.00513867
0.175 0.275 -2.88827 99.2621 0.241574 0.00739499
0.175 0.3 -3.20268 99.1493 0.234416 0.00995551
0.175 0.325 -3.50364 99.034 0.219926 0.0127736
0.175 0.35 -3.78175 98.9199 0.198678 0.0157654
0.175 0.375 -4.02862 98.8111 0.171752 0.0188041
0.175 0.4 -4.23743 98.7122 0.140586 0.0217206
0.175 0.425 -4.40326 98.6282 0.106719 0.0243126
0.175 0.45 -4.52306 98.5638 0.0714848 0.0263664
0.175 0.475 -4.59531 98.5234 0.0357789 0.0276895
0.175 0.5 -4.61943 98.5095 1.78288e-13 0.0281467
0.175 0.525 -4.59531 98.5234 -0.0357789 0.0276895
0.175 0.55 -4.52306 98.5638 -0.0714848 0.0263664
0.175 0.575 -4.40326 98.6282 -0.106719 0.0243126
0.175 0.6 -4.23743 98.7122 -0.140586 0.0217206
0.175 0.625 -4.02862 98.8111 -0.171752 0.0188041
0.175 0.65 -3.78175 98.9199 -0.198678 0.0157654
0.175 0.675 -3.50364 99.034 -0.219926 0.0127736
0.175 0.7 -3.20268 99.1493 -0.234416 0.00995551
0.175 0.725 -2.88827 99.2621 -0.241574 0.00739499
0.175 0.75 -2.57009 99.3698 -0.241359 0.00513867
0.175 0.775 -2.25751 99.4701 -0.234188 0.00320368
0.175 0.8 -1.95905 99.5615 -0.220819 0.00158541
0.175 0.825 -1.6821 99.6428 -0.202207 0.000264487
0.175 0.85 -1.43269 99.7133 -0.179375 -0.000787428
0.175 0.875 -1.21556 99.7728 -0.153307 -0.001603
0.175 0.9 -1.0342 99.8212 -0.124882 -0.00221546
0.175 0.925 -0.891114 99.8585 -0.0948285 -0.0026557
0.175 0.95 -0.78793 99.885 -0.0637227 -0.00295
0.175 0.975 -0.725664 99.9008 -0.0320016 -0.00311828
0.175 1 -0.704853 99.9061 -1.21497e-12 -0.00317297
0.2 0 -0.759412 99.8837 -7.22626e-13 -0.00274817
0.2 0.025 -0.778637 99.8784 0.0294969 -0.00267805
0.2 0.05 -0.836036 99.8627 0.0585452 -0.00246313
0.2 0.075 -0.930748 99.8364 0.0866492 -0.00208989
0.2 0.1 -1.06124 99.7993 0.113225 -0.00153629
0.2 0.125 -1.22517 99.7515 0.137575 -0.000772524
0.2 0.15 -1.41922 99.6928 0.158875 0.000237875
0.2 0.175 -1.63895 99.6234 0.176197 0.00153647
0.2 0.2 -1.87867 99.5435 0.188563 0.00316773
0.2 0.225 -2.13145 99.4535 0.195031 0.00517589
0.2 0.25 -2.38919 99.3545 0.194833 0.00760024
0.2 0.275 -2.64299 99.2475 0.187545 0.0104681
0.2 0.3 -2.88365 99.1343 0.173274 0.0137847
0.2 0.325 -3.10249 99.0171 0.152831 0.0175188
0.2 0.35 -3.29228 98.8989 0.12781 0.0215853
0.2 0.375 -3.44818 98.7839 0.100497 0.025828
0.2 0.4 -3.56847 98.6768 0.0735284 0.0300088
0.2 0.425 -3.65462 98.5838 0.0492976 0.0338147
0.2 0.45 -3.71062 98.5111 0.0292487 0.0368909
0.2 0.475 -3.74146 98.4647 0.0133424 0.0389009
0.2 0.5 -3.75122 98.4487 3.86461e-13 0.0396007
0.2 0.525 -3.74146 98.4647 -0.0133424 0.0389009
0.2 0.55 -3.71062 98.5111 -0.0292487 0.0368909
0.2 0.575 -3.65462 98.5838 -0.0492976 0.0338147
0.2 0.6 -3.56847 98.6768 -0.0735284 0.0300088
0.2 0.625 -3.44818 98.7839 -0.100497 0.025828
0.2 0.65 -3.29228 98.8989 -0.12781 0.0215853
0.2 0.675 -3.10249 99.0171 -0.152831 0.0175188
0.2 0.7 -2.88365 99.1343 -0.173274 0.0137847
0.2 0.725 -2.64299 99.2475 -0.187545 0.0104681
0.2 0.75 -2.38919 99.3545 -0.194833 0.00760024
0.2 0.775 -2.13145 99.4535 -0.195031 0.00517589
0.2 0.8 -1.87867 99.5435 -0.188563 0.00316773
0.2 0.825 -1.63895 99.6234 -0.176197 0.00153647
0.2 0.85 -1.41922 99.6928 -0.158875 0.000237875
0.2 0.875 -1.22517 99.7515 -0.137575 -0.000772524
0.2 0.9 -1.06124 99.7993 -0.113225 -0.00153629
0.2 0.925 -0.930748 99.8364 -0.0866492 -0.00208989
0.2 0.95 -0.836036 99.8627 -0.0585452 -0.00246313
0.2 0.975 -0.778637 99.8784 -0.0294969 -0.00267805
0.2 1 -0.759412 99.8837 -7.22626e-13 -0.00274817
0.225 0 -0.798315 99.8631 -8.42298e-13 -0.00223181
0.225 0.025 -0.815546 99.8579 0.0263576 -0.00214456
0.225 0.05 -0.866842 99.8424 0.0520781 -0.00187757
0.225 0.075 -0.950978 99.8164 0.0764806 -0.00141524
0.225 0.1 -1.06582 99.78 0.098802 -0.000731595
0.225 0.125 -1.20821 99.733 0.118173 0.00020957
0.225 0.15 -1.37379 99.6755 0.133616 0.00145453
0.225 0.175 -1.5569 99.6073 0.144064 0.00305932
0.225 0.2 -1.7505 99.5288 0.148436 0.00508899
0.225 0.225 -1.94619 99.44 0.145748 0.0076159
0.225 0.25 -2.13446 99.3415 0.135295 0.0107159
0.225 0.275 -2.30517 99.2336 0.116906 0.0144606
0.225 0.3 -2.44845 99.1172 0.0912545 0.0189025
0.225 0.325 -2.55593 98.9936 0.0601785 0.0240514
0.225 0.35 -2.62237 98.865 0.0268901 0.0298383
0.225 0.375 -2.64731 98.735 -0.00413109 0.036073
0.225 0.4 -2.63636 98.6093 -0.0277805 0.0424089
0.225 0.425 -2.60122 98.4958 -0.0395927 0.0483368
0.225 0.45 -2.55797 98.4042 -0.0373633 0.0532354
0.225 0.475 -2.52339 98.3443 -0.0224578 0.0564865
0.225 0.5 -2.51027 98.3234 -3.10201e-13 0.0576275
0.225 0.525 -2.52339 98.3443 0.0224578 0.0564865
0.225 0.55 -2.55797 98.4042 0.0373633 0.0532354
0.225 0.575 -2.60122 98.4958 0.0395927 0.0483368
0.225 0.6 -2.63636 98.6093 0.0277805 0.0424089
0.225 0.625 -2.64731 98.735 0.00413109 0.036073
0.225 0.65 -2.62237 98.865 -0.0268901 0.0298383
0.225 0.675 -2.55593 98.9936 -0.0601785 0.0240514
0.225 0.7 -2.44845 99.1172 -0.0912545 0.0189025
0.225 0.725 -2.30517 99.2336 -0.116906 0.0144606
0.225 0.75 -2.13446 99.3415 -0.135295 0.0107159
0.225 0.775 -1.94619 99.44 -0.145748 0.0076159
0.225 0.8 -1.7505 99.5288 -0.148436 0.00508899
0.225 0.825 -1.5569 99.6073 -0.144064 0.00305932
0.225 0.85 -1.37379 99.6755 -0.133616 0.00145453
0.225 0.875 -1.20821 99.733 -0.118173 0.00020957
0.225 0.9 -1.06582 99.78 -0.098802 -0.000731595
0.225 0.925 -0.950978 99.8164 -0.0764806 -0.00141524
0.225 0.95 -0.866842 99.8424 -0.0520781 -0.00187757
0.225 0.975 -0.815546 99.8579 -0.0263576 -0.00214456
0.225 1 -0.798315 99.8631 -8.42298e-13 -0.00223181
0.25 0 -0.819836 99.8446 -3.86534e-13 -0.001623
0.25 0.025 -0.834622 99.8396 0.022516 -0.00151688
0.25 0.05 -0.87844 99.8244 0.0441733 -0.00119234
0.25 0.075 -0.949635 99.7992 0.0640665 -0.000630652
0.25 0.1 -1.04535 99.7637 0.0812016 0.000199922
0.25 0.125 -1.16141 99.718 0.0944678 0.00134495
0.25 0.15 -1.29211 99.6621 0.102629 0.00286509
0.25 0.175 -1.43012 99.5957 0.104346 0.00483783
0.25 0.2 -1.56638 99.519 0.0982487 0.00735932
0.25 0.225 -1.69012 99.4316 0.0830797 0.0105458
0.25 0.25 -1.78916 99.3332 0.0579392 0.0145329
0.25 0.275 -1.85064 99.2232 0.0226789 0.0194686
0.25 0.3 -1.86226 99.101 -0.0215377 0.0254952
0.25 0.325 -1.81435 98.966 -0.0715516 0.03271
0.25 0.35 -1.70273 98.8184 -0.12161 0.0411002
0.25 0.375 -1.53209 98.661 -0.163303 0.0504524
0.25 0.4 -1.3187 98.5001 -0.186623 0.0602631
0.25 0.425 -1.09109 98.3474 -0.182521 0.069699
0.25 0.45 -0.886721 98.2189 -0.146511 0.0776694
0.25 0.475 -0.744245 98.1323 -0.0818061 0.0830397
0.25 0.5 -0.693078 98.1017 2.28564e-13 0.084939
0.25 0.525 -0.744245 98.1323 0.0818061 0.0830397
0.25 0.55 -0.886721 98.2189 0.146511 0.0776694
0.25 0.575 -1.09109 98.3474 0.182521 0.069699
0.25 0.6 -1.3187 98.5001 0.186623 0.0602631
0.25 0.625 -1.53209 98.661 0.163303 0.0504524
0.25 0.65 -1.70273 98.8184 0.12161 0.0411002
0.25 0.675 -1.81435 98.966 0.0715516 0.03271
0.25 0.7 -1.86226 99.101 0.0215377 0.0254952
0.25 0.725 -1.85064 99.2232 -0.0226789 0.0194686
0.25 0.75 -1.78916 99.3332 -0.0579392 0.0145329
0.25 0.775 -1.69012 99.4316 -0.0830797 0.0105458
0.25 0.8 -1.56638 99.519 -0.0982487 0.00735932
0.25 0.825 -1.43012 99.5957 -0.104346 0.00483783
0.25 0.85 -1.29211 99.6621 -0.102629 0.00286509
0.25 0.875 -1.16141 99.718 -0.0944678 0.00134495
0.25 0.9 -1.04535 99.7637 -0.0812016 0.000199922
0.25 0.925 -0.949635 99.7992 -0.0640665 -0.000630652
0.25 0.95 -0.87844 99.8244 -0.0441733 -0.00119234
0.25 0.975 -0.834622 99.8396 -0.022516 -0.00151688
0.25 1 -0.819836 99.8446 -3.86534e-13 -0.001623
0.275 0 -0.822364 99.8288 -8.04907e-13 -0.00092574
0.275 0.025 -0.834214 99.824 0.0179109 -0.000799379
0.275 0.05 -0.869052 99.8094 0.0346968 -0.000412861
0.275 0.075 -0.924707 99.7852 0.0491748 0.000256474
0.275 0.1 -0.997436 99.7512 0.0600503 0.00124766
0.275 0.125 -1.08175 99.7075 0.0658727 0.00261821
0.275 0.15 -1.17021 99.6539 0.0650083 0.00444731
0.275 0.175 -1.25316 99.5904 0.0556424 0.00684052
0.275 0.2 -1.31858 99.5165 0.0358345 0.00993594
0.275 0.225 -1.35197 99.4315 0.00366848 0.0139112
0.275 0.25 -1.33663 99.3341 -0.0424295 0.0189891
0.275 0.275 -1.25442 99.2221 -0.103091 0.0254366
0.275 0.3 -1.08753 99.0925 -0.177002 0.0335441
0.275 0.325 -0.821785 98.9413 -0.259476 0.0435701
0.275 0.35 -0.451693 98.7651 -0.340936 0.0556284
0.275 0.375 0.0128779 98.5638 -0.406222 0.0695179
0.275 0.4 0.540372 98.344 -0.436152 0.0845322
0.275 0.425 1.07498 98.123 -0.412412 0.0993466
0.275 0.45 1.54199 97.9286 -0.325138 0.112112
0.275 0.475 1.863 97.7937 -0.179963 0.120831
0.275 0.5 1.97759 97.7452 -7.41498e-14 0.123936
0.275 0.525 1.863 97.7937 0.179963 0.120831
0.275 0.55 1.54199 97.9286 0.325138 0.112112
0.275 0.575 1.07498 98.123 0.412412 0.0993466
0.275 0.6 0.540372 98.344 0.436152 0.0845322
0.275 0.625 0.0128779 98.5638 0.406222 0.0695179
0.275 0.65 -0.451693 98.7651 0.340936 0.0556284
0.275 0.675 -0.821785 98.9413 0.259476 0.0435701
0.275 0.7 -1.08753 99.0925 0.177002 0.0335441
0.275 0.725 -1.25442 99.2221 0.103091 0.0254366
0.275 0.75 -1.33663 99.3341 0.0424295 0.0189891
0.275 0.775 -1.35197 99.4315 -0.00366848 0.0139112
0.275 0.8 -1.31858 99.5165 -0.0358345 0.00993594
0.275 0.825 -1.25316 99.5904 -0.0556424 0.00684052
0.275 0.85 -1.17021 99.6539 -0.0650083 0.00444731
0.275 0.875 -1.08175 99.7075 -0.0658727 0.00261821
0.275 0.9 -0.997436 99.7512 -0.0600503 0.00124766
0.275 0.925 -0.924707 99.7852 -0.0491748 0.000256474
0.275 0.95 -0.869052 99.8094 -0.0346968 -0.000412861
0.275 0.975 -0.834214 99.824 -0.0179109 -0.000799379
0.275 1 -0.822364 99.8288 -8.04907e-13 -0.00092574
0.3 0 -0.804532 99.8162 -3.83903e-13 -0.000150417
0.3 0.025 -0.812929 99.8117 0.0125039 -3.21526e-06
0.3 0.05 -0.837206 99.798 0.0235638 0.000447191
0.3 0.075 -0.874565 99.7752 0.0316572 0.00122779
0.3 0.1 -0.920176 99.7435 0.0351058 0.0023857
0.3 0.125 -0.966934 99.7027 0.032001 0.00399168
0.3 0.15 -1.00512 99.6528 0.0201361 0.00614585
0.3 0.175 -1.022 99.5937 -0.00304196 0.00898612
0.3 0.2 -1.00138 99.5248 -0.0404347 0.0127002
0.3 0.225 -0.923278 99.4449 -0.0951814 0.0175414
0.3 0.25 -0.76381 99.3514 -0.170296 0.0238449
0.3 0.275 -0.495891 99.2403 -0.267798 0.0320385
0.3 0.3 -0.0914274 99.1048 -0.387002 0.0426263
0.3 0.325 0.473773 98.9354 -0.521752 0.0561149
0.3 0.35 1.21125 98.7219 -0.657061 0.0728403
0.3 0.375 2.10733 98.4576 -0.766913 0.0926792
0.3 0.4 3.10973 98.148 -0.816251 0.1147
0.3 0.425 4.1202 97.8182 -0.769807 0.136917
0.3 0.45 5.0023 97.5155 -0.606941 0.156396
0.3 0.475 5.6092 97.2995 -0.336188 0.169858
0.3 0.5 5.82606 97.2208 5.25459e-13 0.174681
0.3 0.525 5.6092 97.2995 0.336188 0.169858
0.3 0.55 5.0023 97.5155 0.606941 0.156396
0.3 0.575 4.1202 97.8182 0.769807 0.136917
0.3 0.6 3.10973 98.148 0.816251 0.1147
0.3 0.625 2.10733 98.4576 0.766913 0.0926792
0.3 0.65 1.21125 98.7219 0.657061 0.0728403
0.3 0.675 0.473773 98.9354 0.521752 0.0561149
0.3 0.7 -0.0914274 99.1048 0.387002 0.0426263
0.3 0.725 -0.495891 99.2403 0.267798 0.0320385
0.3 0.75 -0.76381 99.3514 0.170296 0.0238449
0.3 0.775 -0.923278 99.4449 0.0951814 0.0175414
0.3 0.8 -1.00138 99.5248 0.0404347 0.0127002
0.3 0.825 -1.022 99.5937 0.00304196 0.00898612
0.3 0.85 -1.00512 99.6528 -0.0201361 0.00614585
0.3 0.875 -0.966934 99.7027 -0.032001 0.00399168
0.3 0.9 -0.920176 99.7435 -0.0351058 0.0023857
0.3 0.925 -0.874565 99.7752 -0.0316572 0.00122779
0.3 0.95 -0.837206 99.798 -0.0235638 0.000447191
0.3 0.975 -0.812929 99.8117 -0.0125039 -3.21526e-06
0.3 1 -0.804532 99.8162 -3.83902e-13 -0.000150417
0.325 0 -0.765373 99.8073 -3.75066e-13 0.000685186
0.325 0.025 -0.769802 99.8032 0.00629832 0.000852527
0.325 0.05 -0.781935 99.7908 0.0107804 0.0013646
0.325 0.075 -0.798242 99.7702 0.0115212 0.00225241
0.325 0.1 -0.812605 99.7415 0.0063738 0.00357054
0.325 0.125 -0.815962 99.7051 -0.00715281 0.00540216
0.325 0.15 -0.795792 99.6609 -0.0320271 0.00786709
0.325 0.175 -0.735432 99.6088 -0.0718359 0.0111344
0.325 0.2 -0.613236 99.5485 -0.130904 0.0154411
0.325 0.225 -0.40166 99.4784 -0.214305 0.021118
0.325 0.25 -0.0665344 99.3952 -0.327521 0.0286213
0.325 0.275 0.432804 99.2924 -0.475276 0.0385595
0.325 0.3 1.14113 99.1585 -0.658809 0.0516895
0.325 0.325 2.10042 98.9756 -0.87097 0.0688296
0.325 0.35 3.33576 98.7217 -1.0897 0.0906227
0.325 0.375 4.83332 98.3781 -1.27292 0.117108
0.325 0.4 6.51474 97.9445 -1.36071 0.147166
0.325 0.425 8.22041 97.4561 -1.29013 0.178082
0.325 0.45 9.71913 96.9899 -1.02195 0.205611
0.325 0.475 10.7556 96.6488 -0.567829 0.224843
0.325 0.5 11.1271 96.5231 -2.61641e-13 0.23177
0.325 0.525 10.7556 96.6488 0.567829 0.224843
0.325 0.55 9.71913 96.9899 1.02195 0.205611
0.325 0.575 8.22041 97.4561 1.29013 0.178082
0.325 0.6 6.51474 97.9445 1.36071 0.147166
0.325 0.625 4.83332 98.3781 1.27292 0.117108
0.325 0.65 3.33576 98.7217 1.0897 0.0906227
0.325 0.675 2.10042 98.9756 0.87097 0.0688296
0.325 0.7 1.14113 99.1585 0.658809 0.0516895
0.325 0.725 0.432804 99.2924 0.475276 0.0385595
0.325 0.75 -0.0665344 99.3952 0.327521 0.0286213
0.325 0.775 -0.40166 99.4784 0.214305 0.021118
0.325 0.8 -0.613236 99.5485 0.130904 0.0154411
0.325 0.825 -0.735432 99.6088 0.0718359 0.0111344
0.325 0.85 -0.795792 99.6609 0.0320271 0.00786709
0.325 0.875 -0.815962 99.7051 0.00715281 0.00540216
0.325 0.9 -0.812605 99.7415 -0.0063738 0.00357054
0.325 0.925 -0.798242 99.7702 -0.0115212 0.00225241
0.325 0.95 -0.781935 99.7908 -0.0107804 0.0013646
0.325 0.975 -0.769802 99.8032 -0.00629832 0.000852527
0.325 1 -0.765373 99.8073 -3.75067e-13 0.000685186
0.35 0 -0.704495 99.8028 2.65956e-13 0.00155554
0.35 0.025 -0.704479 99.7992 -0.000641093 0.00174054
0.35 0.05 -0.70301 99.7885 -0.00351347 0.00230642
0.35 0.075 -0.695737 99.7708 -0.0109955 0.00328686
0.35 0.1 -0.675088 99.7466 -0.025772 0.00474142
0.35 0.125 -0.629774 99.7162 -0.0510184 0.0067615
0.35 0.15 -0.544029 99.6802 -0.0906261 0.00948013
0.35 0.175 -0.396554 99.639 -0.149477 0.0130876
0.35 0.2 -0.159103 99.5926 -0.233754 0.0178554
0.35 0.225 0.205268 99.5399 -0.351165 0.0241708
0.35 0.25 0.743994 99.4774 -0.510742 0.0325819
0.35 0.275 1.51594 99.3967 -0.721388 0.0438424
0.35 0.3 2.58928 99.2807 -0.987852 0.0589231
0.35 0.325 4.03251 99.1002 -1.30285 0.0789254
0.35 0.35 5.89351 98.8152 -1.63587 0.104806
0.35 0.375 8.1643 98.3862 -1.92355 0.13684
0.35 0.4 10.7372 97.8 -2.07151 0.173878
0.35 0.425 13.3727 97.1019 -1.97741 0.212669
0.35 0.45 15.7086 96.4107 -1.57462 0.24777
0.35 0.475 17.3346 95.8937 -0.877792 0.272597
0.35 0.5 17.9193 95.7012 1.34688e-12 0.281597
0.35 0.525 17.3346 95.8937 0.877792 0.272597
0.35 0.55 15.7086 96.4107 1.57462 0.24777
0.35 0.575 13.3727 97.1019 1.97741 0.212669
0.35 0.6 10.7372 97.8 2.07151 0.173878
0.35 0.625 8.1643 98.3862 1.92355 0.13684
0.35 0.65 5.89351 98.8152 1.63587 0.104806
0.35 0.675 4.03251 99.1002 1.30285 0.0789254
0.35 0.7 2.58928 99.2807 0.987852 0.0589231
0.35 0.725 1.51594 99.3967 0.721388 0.0438424
0.35 0.75 0.743994 99.4774 0.510742 0.0325819
0.35 0.775 0.205268 99.5399 0.351165 0.0241708
0.35 0.8 -0.159103 99.5926 0.233754 0.0178554
0.35 0.825 -0.396554 99.639 0.149477 0.0130876
0.35 0.85 -0.544029 99.6802 0.0906261 0.00948013
0.35 0.875 -0.629774 99.7162 0.0510184 0.0067615
0.35 0.9 -0.675088 99.7466 0.025772 0.00474142
0.35 0.925 -0.695737 99.7708 0.0109955 0.00328686
0.35 0.95 -0.70301 99.7885 0.00351347 0.00230642
0.35 0.975 -0.704479 99.7992 0.000641093 0.00174054
0.35 1 -0.704495 99.8028 2.65957e-13 0.00155554
0.375 0 -0.622247 99.8032 -7.46477e-13 0.00242794
0.375 0.025 -0.617397 99.8003 -0.00817184 0.00262599
0.375 0.05 -0.601148 99.7918 -0.0190089 0.00323108
0.375 0.075 -0.568287 99.778 -0.0353649 0.00427705
0.375 0.1 -0.509715 99.7596 -0.0604916 0.00582372
0.375 0.125 -0.411789 99.7375 -0.0982926 0.00796269
0.375 0.15 -0.255304 99.7129 -0.153653 0.0108272
0.375 0.175 -0.0140029 99.6871 -0.232875 0.0146076
0.375 0.2 0.347508 99.6614 -0.344222 0.0195763
0.375 0.225 0.876506 99.6362 -0.498443 0.0261236
0.375 0.25 1.63532 99.6092 -0.708791 0.034806
0.375 0.275 2.70373 99.5711 -0.989344 0.0463976
0.375 0.3 4.17771 99.4995 -1.34955 0.0619137
0.375 0.325 6.15851 99.3513 -1.7828 0.0825453
0.375 0.35 8.72464 99.0615 -2.2496 0.109413
0.375 0.375 11.8812 98.5591 -2.66218 0.143053
0.375 0.4 15.4932 97.8079 -2.8855 0.18261
0.375 0.425 19.231 96.8609 -2.76986 0.224922
0.375 0.45 22.575 95.8896 -2.21499 0.264063
0.375 0.475 24.9192 95.1482 -1.23799 0.292259
0.375 0.5 25.7654 94.8695 -9.60384e-13 0.302581
0.375 0.525 24.9192 95.1482 1.23799 0.292259
0.375 0.55 22.575 95.8896 2.21499 0.264063
0.375 0.575 19.231 96.8609 2.76986 0.224922
0.375 0.6 15.4932 97.8079 2.8855 0.18261
0.375 0.625 11.8812 98.5591 2.66218 0.143053
0.375 0.65 8.72464 99.0615 2.2496 0.109413
0.375 0.675 6.15851 99.3513 1.7828 0.0825453
0.375 0.7 4.17771 99.4995 1.34955 0.0619137
0.375 0.725 2.70373 99.5711 0.989344 0.0463976
0.375 0.75 1.63532 99.6092 0.708791 0.034806
0.375 0.775 0.876506 99.6362 0.498443 0.0261236
0.375 0.8 0.347508 99.6614 0.344222 0.0195763
0.375 0.825 -0.0140029 99.6871 0.232875 0.0146076
0.375 0.85 -0.255304 99.7129 0.153653 0.0108272
0.375 0.875 -0.411789 99.7375 0.0982926 0.00796269
0.375 0.9 -0.509715 99.7596 0.0604916 0.00582372
0.375 0.925 -0.568287 99.778 0.0353649 0.00427705
0.375 0.95 -0.601148 99.7918 0.0190089 0.00323108
0.375 0.975 -0.617397 99.8003 0.00817184 0.00262599
0.375 1 -0.622247 99.8032 -7.46476e-13 0.00242794
0.4 0 -0.519863 99.8089 -3.333e-13 0.00326422
0.4 0.025 -0.509934 99.8069 -0.0160649 0.00346847
0.4 0.05 -0.478182 99.8012 -0.0352098 0.00409112
0.4 0.075 -0.418569 99.7923 -0.0607394 0.00516259
0.4 0.1 -0.320538 99.7814 -0.0964368 0.00673607
0.4 0.125 -0.168223 99.7699 -0.146878 0.00889178
0.4 0.15 0.0608142 99.7602 -0.217856 0.0117439
0.4 0.175 0.397445 99.755 -0.316957 0.0154517
0.4 0.2 0.883661 99.7577 -0.454326 0.0202362
0.4 0.225 1.57624 99.7716 -0.643471 0.0264048
0.4 0.25 2.55116 99.7971 -0.901511 0.0343828
0.4 0.275 3.90753 99.8264 -1.2473 0.0447465
0.4 0.3 5.76728 99.8328 -1.69469 0.0582426
0.4 0.325 8.26335 99.7578 -2.23783 0.0757664
0.4 0.35 11.5061 99.5051 -2.82905 0.0982582
0.4 0.375 15.5191 98.9617 -3.35805 0.126433
0.4 0.4 20.1503 98.0568 -3.65195 0.160179
0.4 0.425 24.9898 96.8459 -3.51647 0.197498
0.4 0.45 29.3607 95.5612 -2.819 0.2334
0.4 0.475 32.4485 94.5623 -1.57809 0.260148
0.4 0.5 33.5678 94.1839 5.50887e-13 0.27012
0.4 0.525 32.4485 94.5623 1.57809 0.260148
0.4 0.55 29.3607 95.5612 2.819 0.2334
0.4 0.575 24.9898 96.8459 3.51647 0.197498
0.4 0.6 20.1503 98.0568 3.65195 0.160179
0.4 0.625 15.5191 98.9617 3.35805 0.126433
0.4 0.65 11.5061 99.5051 2.82905 0.0982582
0.4 0.675 8.26335 99.7578 2.23783 0.0757664
0.4 0.7 5.76728 99.8328 1.69469 0.0582426
0.4 0.725 3.90753 99.8264 1.2473 0.0447465
0.4 0.75 2.55116 99.7971 0.901511 0.0343828
0.4 0.775 1.57624 99.7716 0.643471 0.0264048
0.4 0.8 0.883661 99.7577 0.454326 0.0202362
0.4 0.825 0.397445 99.755 0.316957 0.0154517
0.4 0.85 0.0608142 99.7602 0.217856 0.0117439
0.4 0.875 -0.168223 99.7699 0.146878 0.00889178
0.4 0.9 -0.320538 99.7814 0.0964368 0.00673607
0.4 0.925 -0.418569 99.7923 0.0607394 0.00516259
0.4 0.95 -0.478182 99.8012 0.0352098 0.00409112
0.4 0.975 -0.509934 99.8069 0.0160649 0.00346847
0.4 1 -0.519863 99.8089 -3.333e-13 0.00326422
0.425 0 -0.399546 99.8204 -3.22925e-13 0.0040234
0.425 0.025 -0.384491 99.8195 -0.0240078 0.00422501
0.425 0.05 -0.337138 99.8171 -0.0514415 0.00483732
0.425 0.075 -0.250758 99.8141 -0.0859724 0.00588301
0.425 0.1 -0.113605 99.8122 -0.131795 0.00740047
0.425 0.125 0.0919663 99.8137 -0.193973 0.00944465
0.425 0.15 0.390874 99.8221 -0.278909 0.0120881
0.425 0.175 0.817376 99.8423 -0.394992 0.0154215
0.425 0.2 1.41805 99.8806 -0.553454 0.0195533
0.425 0.225 2.25588 99.9442 -0.769298 0.0246059
0.425 0.25 3.41526 100.038 -1.0616 0.0307051
0.425 0.275 5.00657 100.158 -1.45144 0.0379632
0.425 0.3 7.16656 100.274 -1.95434 0.0464687
0.425 0.325 10.0468 100.313 -2.56388 0.0563233
0.425 0.35 13.7789 100.143 -3.22677 0.06779
0.425 0.375 18.4043 99.6028 -3.81948 0.0815163
0.425 0.4 23.771 98.5767 -4.14777 0.0984858
0.425 0.425 29.4255 97.1183 -3.99208 0.119066
0.425 0.45 34.5801 95.5221 -3.2007 0.141134
0.425 0.475 38.2507 94.2611 -1.79232 0.159066
0.425 0.5 39.5875 93.78 -3.1376e-13 0.166055
0.425 0.525 38.2507 94.2611 1.79232 0.159066
0.425 0.55 34.5801 95.5221 3.2007 0.141134
0.425 0.575 29.4255 97.1183 3.99208 0.119066
0.425 0.6 23.771 98.5767 4.14777 0.0984858
0.425 0.625 18.4043 99.6028 3.81948 0.0815163
0.425 0.65 13.7789 100.143 3.22677 0.06779
0.425 0.675 10.0468 100.313 2.56388 0.0563233
0.425 0.7 7.16656 100.274 1.95434 0.0464687
0.425 0.725 5.00657 100.158 1.45144 0.0379632
0.425 0.75 3.41526 100.038 1.0616 0.0307051
0.425 0.775 2.25588 99.9442 0.769298 0.0246059
0.425 0.8 1.41805 99.8806 0.553454 0.0195533
0.425 0.825 0.817376 99.8423 0.394992 0.0154215
0.425 0.85 0.390874 99.8221 0.278909 0.0120881
0.425 0.875 0.0919663 99.8137 0.193973 0.00944465
0.425 0.9 -0.113605 99.8122 0.131795 0.00740047
0.425 0.925 -0.250758 99.8141 0.0859724 0.00588301
0.425 0.95 -0.337138 99.8171 0.0514415 0.00483732
0.425 0.975 -0.384491 99.8195 0.0240078 0.00422501
0.425 1 -0.399546 99.8204 -3.22925e-13 0.0040234
0.45 0 -0.264472 99.8376 -1.12655e-13 0.00466526
0.45 0.025 -0.244486 99.838 -0.0316214 0.00485396
0.45 0.05 -0.18219 99.8395 -0.0668908 0.00542376
0.45 0.075 -0.0704177 99.8433 -0.109696 0.00638519
0.45 0.1 0.103298 99.8516 -0.164433 0.00775362
0.45 0.125 0.357573 99.8679 -0.236335 0.00954522
0.45 0.15 0.718491 99.8971 -0.331902 0.0117692
0.45 0.175 1.22154 99.9462 -0.459483 0.0144139
0.45 0.2 1.91436 100.025 -0.630014 0.0174205
0.45 0.225 2.86033 100.145 -0.857736 0.020639
0.45 0.25 4.14289 100.316 -1.16022 0.0237569
0.45 0.275 5.8692 100.54 -1.55607 0.0262077
0.45 0.3 8.17004 100.784 -2.0574 0.0271067
0.45 0.325 11.1898 100.959 -2.6544 0.0253441
0.45 0.35 15.056 100.903 -3.29252 0.0200267
0.45 0.375 19.8168 100.401 -3.85159 0.011333
0.45 0.4 25.3378 99.2943 -4.14608 0.00129646
0.45 0.425 31.1818 97.6317 -3.96717 -0.00662657
0.45 0.45 36.5481 95.7642 -3.16997 -0.00988614
0.45 0.475 40.3967 94.2706 -1.77226 -0.00934624
0.45 0.5 41.8044 93.6979 2.00617e-13 -0.00853046
0.45 0.525 40.3967 94.2706 1.77226 -0.00934624
0.45 0.55 36.5481 95.7642 3.16997 -0.00988614
0.45 0.575 31.1818 97.6317 3.96717 -0.00662657
0.45 0.6 25.3378 99.2943 4.14608 0.00129646
0.45 0.625 19.8168 100.401 3.85159 0.011333
0.45 0.65 15.056 100.903 3.29252 0.0200267
0.45 0.675 11.1898 100.959 2.6544 0.0253441
0.45 0.7 8.17004 100.784 2.0574 0.0271067
0.45 0.725 5.8692 100.54 1.55607 0.0262077
0.45 0.75 4.14289 100.316 1.16022 0.0237569
0.45 0.775 2.86033 100.145 0.857736 0.020639
0.45 0.8 1.91436 100.025 0.630014 0.0174205
0.45 0.825 1.22154 99.9462 0.459483 0.0144139
0.45 0.85 0.718491 99.8971 0.331902 0.0117692
0.45 0.875 0.357573 99.8679 0.236335 0.00954522
0.45 0.9 0.103298 99.8516 0.164433 0.00775362
0.45 0.925 -0.0704177 99.8433 0.109696 0.00638519
0.45 0.95 -0.18219 99.8395 0.0668908 0.00542376
0.45 0.975 -0.244486 99.838 0.0316214 0.00485396
0.45 1 -0.264472 99.8376 -1.12655e-13 0.00466526
0.475 0 -0.118707 99.8605 -7.57565e-13 0.00515413
0.475 0.025 -0.094249 99.8622 -0.038491 0.00531918
0.475 0.05 -0.0184992 99.8679 -0.0806772 0.00581306
0.475 0.075 0.115796 99.8791 -0.130454 0.00663047
0.475 0.1 0.321161 99.8985 -0.192135 0.00775727
0.475 0.125 0.616076 99.9306 -0.270693 0.0091607
0.475 0.15 1.026 99.9817 -0.372064 0.010772
0.475 0.175 1.58478 100.061 -0.503483 0.0124561
0.475 0.2 2.33647 100.181 -0.67384 0.0139592
0.475 0.225 3.33742 100.357 -0.893822 0.0148223
0.475 0.25 4.65824 100.604 -1.17528 0.01425
0.475 0.275 6.3846 100.926 -1.52864 0.0109453
0.475 0.3 8.61515 101.289 -1.95664 0.00298939
0.475 0.325 11.4536 101.593 -2.44303 -0.0120328
0.475 0.35 14.9888 101.643 -2.93753 -0.0363516
0.475 0.375 19.2518 101.187 -3.34359 -0.0706013
0.475 0.4 24.1354 100.031 -3.52078 -0.112167
0.475 0.425 29.2832 98.2192 -3.31524 -0.154741
0.475 0.45 34.016 96.1488 -2.62184 -0.190411
0.475 0.475 37.421 94.4798 -1.45773 -0.21326
0.475 0.5 38.6694 93.8379 2.13003e-13 -0.220998
0.475 0.525 37.421 94.4798 1.45773 -0.21326
0.475 0.55 34.016 96.1488 2.62184 -0.190411
0.475 0.575 29.2832 98.2192 3.31524 -0.154741
0.475 0.6 24.1354 100.031 3.52078 -0.112167
0.475 0.625 19.2518 101.187 3.34359 -0.0706013
0.475 0.65 14.9888 101.643 2.93753 -0.0363516
0.475 0.675 11.4536 101.593 2.44303 -0.0120328
0.475 0.7 8.61515 101.289 1.95664 0.00298939
0.475 0.725 6.3846 100.926 1.52864 0.0109453
0.475 0.75 4.65824 100.604 1.17528 0.01425
0.475 0.775 3.33742 100.357 0.893822 0.0148223
0.475 0.8 2.33647 100.181 0.67384 0.0139592
0.475 0.825 1.58478 100.061 0.503483 0.0124561
0.475 0.85 1.026 99.9817 0.372064 0.010772
0.475 0.875 0.616076 99.9306 0.270693 0.0091607
0.475 0.9 0.321161 99.8985 0.192135 0.00775727
0.475 0.925 0.115796 99.8791 0.130454 0.00663047
0.475 0.95 -0.0184992 99.8679 0.0806772 0.00581306
0.475 0.975 -0.094249 99.8622 0.038491 0.00531918
0.475 1 -0.118707 99.8605 -7.57566e-13 0.00515413
0.5 0 0.0329758 99.8885 -3.84595e-13 0.00546257
0.5 0.025 0.0611832 99.8916 -0.0442074 0.00559385
0.5 0.05 0.148083 99.9016 -0.0919454 0.00598075
0.5 0.075 0.300592 99.9203 -0.14687 0.0066001
0.5 0.1 0.530501 99.951 -0.212882 0.00740493
0.5 0.125 0.854864 99.9988 -0.294233 0.00830962
0.5 0.15 1.29649 100.071 -0.395588 0.00916417
0.5 0.175 1.88444 100.178 -0.521997 0.00971079
0.5 0.2 2.65433 100.335 -0.67864 0.00951223
0.5 0.225 3.64801 100.559 -0.870129 0.00783777
0.5 0.25 4.91186 100.867 -1.09899 0.00349646
0.5 0.275 6.49329 101.261 -1.36298 -0.00536594
0.5 0.3 8.43545 101.707 -1.65106 -0.0214133
0.5 0.325 10.7716 102.09 -1.93911 -0.0479777
0.5 0.35 13.5191 102.2 -2.18702 -0.0882635
0.5 0.375 16.6654 101.761 -2.33937 -0.143635
0.5 0.4 20.1283 100.564 -2.33119 -0.211377
0.5 0.425 23.6826 98.6547 -2.10041 -0.283398
0.5 0.45 26.8997 96.4593 -1.61034 -0.347588
0.5 0.475 29.1946 94.6847 -0.879404 -0.391736
0.5 0.5 30.0327 94.0013 6.11425e-14 -0.407426
0.5 0.525 29.1946 94.6847 0.879404 -0.391736
0.5 0.55 26.8997 96.4593 1.61034 -0.347588
0.5 0.575 23.6826 98.6547 2.10041 -0.283398
0.5 0.6 20.1283 100.564 2.33119 -0.211377
0.5 0.625 16.6654 101.761 2.33937 -0.143635
0.5 0.65 13.5191 102.2 2.18702 -0.0882635
0.5 0.675 10.7716 102.09 1.93911 -0.0479777
0.5 0.7 8.43545 101.707 1.65106 -0.0214133
0.5 0.725 6.49329 101.261 1.36298 -0.00536594
0.5 0.75 4.91186 100.867 1.09899 0.00349646
0.5 0.775 3.64801 100.559 0.870129 0.00783777
0.5 0.8 2.65433 100.335 0.67864 0.00951223
0.5 0.825 1.88444 100.178 0.521997 0.00971079
0.5 0.85 1.29649 100.071 0.395588 0.00916417
0.5 0.875 0.854864 99.9988 0.294233 0.00830962
0.5 0.9 0.530501 99.951 0.212882 0.00740493
0.5 0.925 0.300592 99.9203 0.14687 0.0066001
0.5 0.95 0.148083 99.9016 0.0919454 0.00598075
0.5 0.975 0.0611832 99.8916 0.0442074 0.00559385
0.5 1 0.0329758 99.8885 -3.84595e-13 0.00546257
0.525 0 0.185358 99.9207 -5.45132e-13 0.00557414
0.525 0.025 0.216358 99.9253 -0.0484122 0.00566332
0.525 0.05 0.311396 99.9395 -0.0999645 0.00591819
0.525 0.075 0.476596 99.9654 -0.157817 0.00629776
0.525 0.1 0.7222 100.007 -0.225139 0.00672324
0.525 0.125 1.06254 100.069 -0.305031 0.00705986
0.525 0.15 1.51582 100.159 -0.400307 0.0070865
0.525 0.175 2.10351 100.29 -0.513019 0.00644659
0.525 0.2 2.84875 100.474 -0.64355 0.00457127
0.525 0.225 3.77322 100.73 -0.789048 0.000563854
0.525 0.25 4.8915 101.072 -0.941142 -0.0069594
0.525 0.275 6.20295 101.498 -1.08349 -0.0200513
0.525 0.3 7.68319 101.967 -1.1909 -0.0415496
0.525 0.325 9.28102 102.357 -1.23306 -0.0749136
0.525 0.35 10.927 102.452 -1.18498 -0.123439
0.525 0.375 12.5509 101.977 -1.04132 -0.188561
0.525 0.4 14.0917 100.729 -0.825189 -0.267538
0.525 0.425 15.4805 98.7662 -0.581007 -0.351806
0.525 0.45 16.6148 96.5226 -0.352822 -0.427828
0.525 0.475 17.3665 94.7134 -0.162061 -0.480889
0.525 0.5 17.6302 94.0172 1.18245e-13 -0.499925
0.525 0.525 17.3665 94.7134 0.162061 -0.480889
0.525 0.55 16.6148 96.5226 0.352822 -0.427828
0.525 0.575 15.4805 98.7662 0.581007 -0.351806
0.525 0.6 14.0917 100.729 0.825189 -0.267538
0.525 0.625 12.5509 101.977 1.04132 -0.188561
0.525 0.65 10.927 102.452 1.18498 -0.123439
0.525 0.675 9.28102 102.357 1.23306 -0.0749136
0.525 0.7 7.68319 101.967 1.1909 -0.0415496
0.525 0.725 6.20295 101.498 1.08349 -0.0200513
0.525 0.75 4.8915 101.072 0.941142 -0.0069594
0.525 0.775 3.77322 100.73 0.789048 0.000563854
0.525 0.8 2.84875 100.474 0.64355 0.00457127
0.525 0.825 2.10351 100.29 0.513019 0.00644659
0.525 0.85 1.51582 100.159 0.400307 0.0070865
0.525 0.875 1.06254 100.069 0.305031 0.00705986
0.525 0.9 0.7222 100.007 0.225139 0.00672324
0.525 0.925 0.476596 99.9654 0.157817 0.00629776
0.525 0.95 0.311396 99.9395 0.0999645 0.00591819
0.525 0.975 0.216358 99.9253 0.0484122 0.00566332
0.525 1 0.185358 99.9207 -5.45132e-13 0.00557414
0.55 0 0.333084 99.9562 -5.7186e-13 0.00548502
0.55 0.025 0.365745 99.9619 -0.050839 0.0055265
0.55 0.05 0.465388 99.98 -0.104215 0.0056332
0.55 0.075 0.636926 100.012 -0.162563 0.00574869
0.55 0.1 0.888308 100.063 -0.228058 0.0057677
0.55 0.125 1.23003 100.136 -0.302343 0.00551735
0.55 0.15 1.67419 100.241 -0.386037 0.00472716
0.55 0.175 2.23264 100.387 -0.477863 0.00298358
0.55 0.2 2.9137 100.587 -0.573214 -0.000335593
0.55 0.225 3.71648 100.854 -0.66199 -0.00615056
0.55 0.25 4.62207 101.198 -0.726004 -0.0157884
0.55 0.275 5.58207 101.609 -0.73731 -0.0310872
0.55 0.3 6.5084 102.036 -0.660638 -0.0544259
0.55 0.325 7.27352 102.357 -0.464298 -0.088525
0.55 0.35 7.73199 102.363 -0.141397 -0.135763
0.55 0.375 7.76614 101.801 0.265542 -0.196783
0.55 0.4 7.34093 100.498 0.654572 -0.268612
0.55 0.425 6.5433 98.529 0.888021 -0.343409
0.55 0.45 5.59217 96.3165 0.851449 -0.409448
0.55 0.475 4.80701 94.5459 0.521657 -0.454685
0.55 0.5 4.50034 93.8664 7.68528e-14 -0.47072
0.55 0.525 4.80701 94.5459 -0.521657 -0.454685
0.55 0.55 5.59217 96.3165 -0.851449 -0.409448
0.55 0.575 6.5433 98.529 -0.888021 -0.343409
0.55 0.6 7.34093 100.498 -0.654572 -0.268612
0.55 0.625 7.76614 101.801 -0.265542 -0.196783
0.55 0.65 7.73199 102.363 0.141397 -0.135763
0.55 0.675 7.27352 102.357 0.464298 -0.088525
0.55 0.7 6.5084 102.036 0.660638 -0.0544259
0.55 0.725 5.58207 101.609 0.73731 -0.0310872
0.55 0.75 4.62207 101.198 0.726004 -0.0157884
0.55 0.775 3.71648 100.854 0.66199 -0.00615056
0.55 0.8 2.9137 100.587 0.573214 -0.000335593
0.55 0.825 2.23264 100.387 0.477863 0.00298358
0.55 0.85 1.67419 100.241 0.386037 0.00472716
0.55 0.875 1.23003 100.136 0.302343 0.00551735
0.55 0.9 0.888308 100.063 0.228058 0.0057677
0.55 0.925 0.636926 100.012 0.162563 0.00574869
0.55 0.95 0.465388 99.98 0.104215 0.0056332
0.55 0.975 0.365745 99.9619 0.050839 0.0055265
0.55 1 0.333084 99.9562 -5.71859e-13 0.00548502
0.575 0 0.470994 99.9934 -3.90924e-13 0.00520408
0.575 0.025 0.504085 100 -0.0513436 0.0051956
0.575 0.05 0.604528 100.021 -0.10445 0.00514863
0.575 0.075 0.775689 100.059 -0.160855 0.00499566
0.575 0.1 1.02267 100.116 -0.221575 0.00461378
0.575 0.125 1.35137 100.198 -0.286663 0.00380828
0.575 0.15 1.76687 100.311 -0.354508 0.00228793
0.575 0.175 2.27062 100.464 -0.420711 -0.000368506
0.575 0.2 2.85581 100.665 -0.476394 -0.00475392
0.575 0.225 3.50016 100.923 -0.505918 -0.0116772
0.575 0.25 4.1555 101.238 -0.484593 -0.0221971
0.575 0.275 4.73535 101.592 -0.378272 -0.0376215
0.575 0.3 5.10565 101.927 -0.148645 -0.0594294
0.575 0.325 5.08918 102.123 0.231129 -0.089039
0.575 0.35 4.49734 101.992 0.749451 -0.127294
0.575 0.375 3.19505 101.322 1.32745 -0.173571
0.575 0.4 1.18646 99.9837 1.81026 -0.22471
0.575 0.425 -1.30929 98.0684 2.00181 -0.274629
0.575 0.45 -3.8306 95.973 1.74624 -0.315774
0.575 0.475 -5.74482 94.3177 1.02379 -0.342125
0.575 0.5 -6.46465 93.6858 -2.9676e-13 -0.35104
0.575 0.525 -5.74482 94.3177 -1.02379 -0.342125
0.575 0.55 -3.8306 95.973 -1.74624 -0.315774
0.575 0.575 -1.30929 98.0684 -2.00181 -0.274629
0.575 0.6 1.18646 99.9837 -1.81026 -0.22471
0.575 0.625 3.19505 101.322 -1.32745 -0.173571
0.575 0.65 4.49734 101.992 -0.749451 -0.127294
0.575 0.675 5.08918 102.123 -0.231129 -0.089039
0.575 0.7 5.10565 101.927 0.148645 -0.0594294
0.575 0.725 4.73535 101.592 0.378272 -0.0376215
0.575 0.75 4.1555 101.238 0.484593 -0.0221971
0.575 0.775 3.50016 100.923 0.505918 -0.0116772
0.575 0.8 2.85581 100.665 0.476394 -0.00475392
0.575 0.825 2.27062 100.464 0.420711 -0.000368506
0.575 0.85 1.76687 100.311 0.354508 0.00228793
0.575 0.875 1.35137 100.198 0.286663 0.00380828
0.575 0.9 1.02267 100.116 0.221575 0.00461378
0.575 0.925 0.775689 100.059 0.160855 0.00499566
0.575 0.95 0.604528 100.021 0.10445 0.00514863
0.575 0.975 0.504085 100 0.0513436 0.0051956
0.575 1 0.470994 99.9934 -3.90924e-13 0.00520408
0.6 0 0.594432 100.031 -1.04757e-13 0.0047515
0.6 0.025 0.62671 100.039 -0.0499171 0.00469428
0.6 0.05 0.72415 100.062 -0.100712 0.00449907
0.6 0.075 0.88836 100.103 -0.152929 0.00409284
0.6 0.1 1.12128 100.164 -0.206378 0.00334586
0.6 0.125 1.42391 100.25 -0.259576 0.00205984
0.6 0.15 1.79415 100.366 -0.308938 -4.76882e-05
0.6 0.175 2.22343 100.516 -0.347594 -0.00336035
0.6 0.2 2.69146 100.706 -0.363771 -0.00837502
0.6 0.225 3.15857 100.937 -0.33886 -0.0156975
0.6 0.25 3.55569 101.201 -0.245971 -0.0260034
0.6 0.275 3.77346 101.471 -0.0510013 -0.039944
0.6 0.3 3.6562 101.685 0.28014 -0.0579852
0.6 0.325 3.01126 101.733 0.76422 -0.0801759
0.6 0.35 1.64697 101.458 1.37344 -0.105855
0.6 0.375 -0.554348 100.695 2.00847 -0.13332
0.6 0.4 -3.53996 99.3651 2.49354 -0.159636
0.6 0.425 -7.00101 97.5749 2.61606 -0.181143
0.6 0.45 -10.3499 95.6796 2.21403 -0.195106
0.6 0.475 -12.8231 94.2084 1.27759 -0.201622
0.6 0.5 -13.74 93.6511 7.62941e-13 -0.203241
0.6 0.525 -12.8231 94.2084 -1.27759 -0.201622
0.6 0.55 -10.3499 95.6796 -2.21403 -0.195106
0.6 0.575 -7.00101 97.5749 -2.61606 -0.181143
0.6 0.6 -3.53996 99.3651 -2.49354 -0.159636
0.6 0.625 -0.554348 100.695 -2.00847 -0.13332
0.6 0.65 1.64697 101.458 -1.37344 -0.105855
0.6 0.675 3.01126 101.733 -0.76422 -0.0801759
0.6 0.7 3.6562 101.685 -0.28014 -0.0579852
0.6 0.725 3.77346 101.471 0.0510013 -0.039944
0.6 0.75 3.55569 101.201 0.245971 -0.0260034
0.6 0.775 3.15857 100.937 0.33886 -0.0156975
0.6 0.8 2.69146 100.706 0.363771 -0.00837502
0.6 0.825 2.22343 100.516 0.347594 -0.00336035
0.6 0.85 1.79415 100.366 0.308938 -4.76882e-05
0.6 0.875 1.42391 100.25 0.259576 0.00205984
0.6 0.9 1.12128 100.164 0.206378 0.00334586
0.6 0.925 0.88836 100.103 0.152929 0.00409284
0.6 0.95 0.72415 100.062 0.100712 0.00449907
0.6 0.975 0.62671 100.039 0.0499171 0.00469428
0.6 1 0.594432 100.031 -1.04757e-13 0.0047515
0.625 0 0.699495 100.068 -6.84841e-13 0.00415628
0.625 0.025 0.729789 100.076 -0.0466822 0.00405475
0.625 0.05 0.820684 100.1 -0.0933189 0.00372646
0.625 0.075 0.971967 100.143 -0.139458 0.00309883
0.625 0.1 1.18239 100.206 -0.183769 0.00204616
0.625 0.125 1.44815 100.291 -0.223445 0.000383747
0.625 0.15 1.76056 100.403 -0.253394 -0.00213735
0.625 0.175 2.10238 100.543 -0.265187 -0.00583
0.625 0.2 2.44276 100.711 -0.245763 -0.0110562
0.625 0.225 2.73028 100.903 -0.176188 -0.0181838
0.625 0.25 2.88474 101.103 -0.0312994 -0.0274967
0.625 0.275 2.78965 101.279 0.217905 -0.0390485
0.625 0.3 2.29075 101.369 0.596234 -0.0524697
0.625 0.325 1.2098 101.277 1.10798 -0.0667899
0.625 0.35 -0.61568 100.882 1.71353 -0.0803623
0.625 0.375 -3.26208 100.07 2.30848 -0.0910031
0.625 0.4 -6.63044 98.8041 2.72366 -0.096482
0.625 0.425 -10.3726 97.2017 2.76454 -0.0955371
0.625 0.45 -13.8851 95.5656 2.29093 -0.0892753
0.625 0.475 -16.4254 94.3221 1.30641 -0.0818218
0.625 0.5 -17.3568 93.8557 -5.87666e-13 -0.0784815
0.625 0.525 -16.4254 94.3221 -1.30641 -0.0818218
0.625 0.55 -13.8851 95.5656 -2.29093 -0.0892753
0.625 0.575 -10.3726 97.2017 -2.76454 -0.0955371
0.625 0.6 -6.63044 98.8041 -2.72366 -0.096482
0.625 0.625 -3.26208 100.07 -2.30848 -0.0910031
0.625 0.65 -0.61568 100.882 -1.71353 -0.0803623
0.625 0.675 1.2098 101.277 -1.10798 -0.0667899
0.625 0.7 2.29075 101.369 -0.596234 -0.0524697
0.625 0.725 2.78965 101.279 -0.217905 -0.0390485
0.625 0.75 2.88474 101.103 0.0312994 -0.0274967
0.625 0.775 2.73028 100.903 0.176188 -0.0181838
0.625 0.8 2.44276 100.711 0.245763 -0.0110562
0.625 0.825 2.10238 100.543 0.265187 -0.00583
0.625 0.85 1.76056 100.403 0.253394 -0.00213735
0.625 0.875 1.44815 100.291 0.223445 0.000383747
0.625 0.9 1.18239 100.206 0.183769 0.00204616
0.625 0.925 0.971967 100.143 0.139458 0.00309883
0.625 0.95 0.820684 100.1 0.0933189 0.00372646
0.625 0.975 0.729789 100.076 0.0466822 0.00405475
0.625 1 0.699495 100.068 -6.84841e-13 0.00415628
0.65 0 0.783216 100.102 1.6975e-13 0.00345298
0.65 0.025 0.810498 100.11 -0.0418722 0.00331411
0.65 0.05 0.891786 100.135 -0.0828102 0.00287541
0.65 0.075 1.02513 100.177 -0.121438 0.00207016
0.65 0.1 1.20629 100.239 -0.155449 0.000786067
0.65 0.125 1.42722 100.32 -0.181027 -0.00113457
0.65 0.15 1.67366 100.423 -0.192145 -0.00389032
0.65 0.175 1.92176 100.546 -0.179757 -0.00770597
0.65 0.2 2.13362 100.685 -0.130988 -0.0127987
0.65 0.225 2.25187 100.832 -0.0286733 -0.0193123
0.65 0.25 2.1941 100.965 0.147967 -0.0272081
0.65 0.275 1.84929 101.05 0.420059 -0.03611
0.65 0.3 1.08091 101.03 0.801276 -0.0451383
0.65 0.325 -0.256448 100.828 1.28422 -0.0528129
0.65 0.35 -2.27953 100.356 1.82288 -0.0571538
0.65 0.375 -5.01618 99.5434 2.31933 -0.0561061
0.65 0.4 -8.33427 98.3902 2.62831 -0.0483507
0.65 0.425 -11.8898 97.012 2.59251 -0.0343979
0.65 0.45 -15.138 95.6565 2.10713 -0.0174912
0.65 0.475 -17.4431 94.6496 1.18806 -0.00332844
0.65 0.5 -18.28 94.2761 1.12655e-12 0.00224855
0.65 0.525 -17.4431 94.6496 -1.18806 -0.00332844
0.65 0.55 -15.138 95.6565 -2.10713 -0.0174912
0.65 0.575 -11.8898 97.012 -2.59251 -0.0343979
0.65 0.6 -8.33427 98.3902 -2.62831 -0.0483507
0.65 0.625 -5.01618 99.5434 -2.31933 -0.0561061
0.65 0.65 -2.27953 100.356 -1.82288 -0.0571538
0.65 0.675 -0.256448 100.828 -1.28422 -0.0528129
0.65 0.7 1.08091 101.03 -0.801276 -0.0451383
0.65 0.725 1.84929 101.05 -0.420059 -0.03611
0.65 0.75 2.1941 100.965 -0.147967 -0.0272081
0.65 0.775 2.25187 100.832 0.0286733 -0.0193123
0.65 0.8 2.13362 100.685 0.130988 -0.0127987
0.65 0.825 1.92176 100.546 0.179757 -0.00770597
0.65 0.85 1.67366 100.423 0.192145 -0.00389032
0.65 0.875 1.42722 100.32 0.181027 -0.00113457
0.65 0.9 1.20629 100.239 0.155449 0.000786067
0.65 0.925 1.02513 100.177 0.121438 0.00207016
0.65 0.95 0.891786 100.135 0.0828102 0.00287541
0.65 0.975 0.810498 100.11 0.0418722 0.00331411
0.65 1 0.783216 100.102 1.6975e-13 0.00345298
0.675 0 0.843648 100.133 -2.78371e-13 0.00267837
0.675 0.025 0.867088 100.141 -0.0358002 0.00251079
0.675 0.05 0.936338 100.165 -0.0698742 0.00198899
0.675 0.075 1.0479 100.205 -0.100059 0.00105635
0.675 0.1 1.19501 100.262 -0.123293 -0.00037929
0.675 0.125 1.36612 100.336 -0.135114 -0.00244018
0.675 0.15 1.54279 100.426 -0.129122 -0.00526658
0.675 0.175 1.6968 100.528 -0.0964739 -0.0089927
0.675 0.2 1.78669 100.636 -0.0255687 -0.0137032
0.675 0.225 1.75417 100.736 0.0977203 -0.0193623
0.675 0.25 1.52127 100.806 0.288625 -0.0257094
0.675 0.275 0.990434 100.812 0.559893 -0.0321327
0.675 0.3 0.0509666 100.706 0.914975 -0.0375578
0.675 0.325 -1.40341 100.429 1.33776 -0.0404373
0.675 0.35 -3.44197 99.9229 1.78106 -0.0389555
0.675 0.375 -6.05017 99.1519 2.16005 -0.0315477
0.675 0.4 -9.07961 98.1383 2.35987 -0.0177201
0.675 0.425 -12.2186 96.9892 2.2648 0.00106102
0.675 0.45 -15.0134 95.8996 1.80568 0.0209355
0.675 0.475 -16.9619 95.1089 1.00645 0.0363588
0.675 0.5 -17.6627 94.8189 2.75098e-13 0.0422111
0.675 0.525 -16.9619 95.1089 -1.00645 0.0363588
0.675 0.55 -15.0134 95.8996 -1.80568 0.0209355
0.675 0.575 -12.2186 96.9892 -2.2648 0.00106102
0.675 0.6 -9.07961 98.1383 -2.35987 -0.0177201
0.675 0.625 -6.05017 99.1519 -2.16005 -0.0315477
0.675 0.65 -3.44197 99.9229 -1.78106 -0.0389555
0.675 0.675 -1.40341 100.429 -1.33776 -0.0404373
0.675 0.7 0.0509666 100.706 -0.914975 -0.0375578
0.675 0.725 0.990434 100.812 -0.559893 -0.0321327
0.675 0.75 1.52127 100.806 -0.288625 -0.0257094
0.675 0.775 1.75417 100.736 -0.0977203 -0.0193623
0.675 0.8 1.78669 100.636 0.0255687 -0.0137032
0.675 0.825 1.6968 100.528 0.0964739 -0.0089927
0.675 0.85 1.54279 100.426 0.129122 -0.00526658
0.675 0.875 1.36612 100.336 0.135114 -0.00244018
0.675 0.9 1.19501 100.262 0.123293 -0.00037929
0.675 0.925 1.0479 100.205 0.100059 0.00105635
0.675 0.95 0.936338 100.165 0.0698742 0.00198899
0.675 0.975 0.867088 100.141 0.0358002 0.00251079
0.675 1 0.843648 100.133 -2.78371e-13 0.00267837
0.7 0 0.87987 100.159 -7.6842e-13 0.00186828
0.7 0.025 0.898866 100.166 -0.0288228 0.00168134
0.7 0.05 0.954356 100.188 -0.0552695 0.00110547
0.7 0.075 1.04159 100.225 -0.0765673 9.67988e-05
0.7 0.1 1.15182 100.277 -0.0891471 -0.00141296
0.7 0.125 1.27095 100.341 -0.0882509 -0.00350729
0.7 0.15 1.37781 100.415 -0.0675842 -0.00626818
0.7 0.175 1.44199 100.494 -0.0191049 -0.0097477
0.7 0.2 1.42146 100.569 0.0668742 -0.0139235
0.7 0.225 1.26075 100.625 0.200964 -0.0186343
0.7 0.25 0.890477 100.641 0.392898 -0.0234971
0.7 0.275 0.230093 100.584 0.648106 -0.0278222
0.7 0.3 -0.803768 100.417 0.962272 -0.0305635
0.7 0.325 -2.28064 100.098 1.3143 -0.0303732
0.7 0.35 -4.22986 99.592 1.6598 -0.0258435
0.7 0.375 -6.6069 98.8872 1.92935 -0.0159878
0.7 0.4 -9.26196 98.018 2.03732 -0.000900227
0.7 0.425 -11.9275 97.0783 1.90432 0.0176479
0.7 0.45 -14.2438 96.2172 1.48978 0.0360958
0.7 0.475 -15.8317 95.6062 0.820923 0.049863
0.7 0.5 -16.398 95.3846 -9.81196e-14 0.0549842
0.7 0.525 -15.8317 95.6062 -0.820923 0.049863
0.7 0.55 -14.2438 96.2172 -1.48978 0.0360958
0.7 0.575 -11.9275 97.0783 -1.90432 0.0176479
0.7 0.6 -9.26196 98.018 -2.03732 -0.000900227
0.7 0.625 -6.6069 98.8872 -1.92935 -0.0159878
0.7 0.65 -4.22986 99.592 -1.6598 -0.0258435
0.7 0.675 -2.28064 100.098 -1.3143 -0.0303732
0.7 0.7 -0.803768 100.417 -0.962272 -0.0305635
0.7 0.725 0.230093 100.584 -0.648106 -0.0278222
0.7 0.75 0.890477 100.641 -0.392898 -0.0234971
0.7 0.775 1.26075 100.625 -0.200964 -0.0186343
0.7 0.8 1.42146 100.569 -0.0668742 -0.0139235
0.7 0.825 1.44199 100.494 0.0191049 -0.0097477
0.7 0.85 1.37781 100.415 0.0675842 -0.00626818
0.7 0.875 1.27095 100.341 0.0882509 -0.00350729
0.7 0.9 1.15182 100.277 0.0891471 -0.00141296
0.7 0.925 1.04159 100.225 0.0765673 9.67988e-05
0.7 0.95 0.954356 100.188 0.0552695 0.00110547
0.7 0.975 0.898866 100.166 0.0288228 0.00168134
0.7 1 0.87987 100.159 -7.6842e-13 0.00186828
0.725 0 0.891921 100.18 -1.66557e-13 0.00105509
0.725 0.025 0.906102 100.186 -0.0213048 0.000858025
0.725 0.05 0.946831 100.206 -0.0397515 0.000256224
0.725 0.075 1.00845 100.238 -0.0521507 -0.000780356
0.725 0.1 1.0808 100.282 -0.0546669 -0.00229526
0.725 0.125 1.14824 100.335 -0.042549 -0.00433429
0.725 0.15 1.18826 100.392 -0.00996284 -0.00692692
0.725 0.175 1.17009 100.448 0.0499749 -0.010058
0.725 0.2 1.05344 100.492 0.144801 -0.0136279
0.725 0.225 0.788066 100.509 0.281719 -0.0174009
0.725 0.25 0.315121 100.479 0.465744 -0.0209494
0.725 0.275 -0.42856 100.376 0.696752 -0.0236089
0.725 0.3 -1.50159 100.171 0.965476 -0.0244776
0.725 0.325 -2.94345 99.835 1.24914 -0.0225078
0.725 0.35 -4.75434 99.3506 1.50846 -0.0167372
0.725 0.375 -6.87257 98.7216 1.68888 -0.00667137
0.725 0.4 -9.15691 97.9864 1.72892 0.00725653
0.725 0.425 -11.385 97.2238 1.57683 0.0233469
0.725 0.45 -13.2782 96.5463 1.21171 0.0386932
0.725 0.475 -14.5561 96.0753 0.660454 0.049839
0.725 0.5 -15.0083 95.9062 1.52679e-13 0.0539281
0.725 0.525 -14.5561 96.0753 -0.660454 0.049839
0.725 0.55 -13.2782 96.5463 -1.21171 0.0386932
0.725 0.575 -11.385 97.2238 -1.57683 0.0233469
0.725 0.6 -9.15691 97.9864 -1.72892 0.00725653
0.725 0.625 -6.87257 98.7216 -1.68888 -0.00667137
0.725 0.65 -4.75434 99.3506 -1.50846 -0.0167372
0.725 0.675 -2.94345 99.835 -1.24914 -0.0225078
0.725 0.7 -1.50159 100.171 -0.965476 -0.0244776
0.725 0.725 -0.42856 100.376 -0.696752 -0.0236089
0.725 0.75 0.315121 100.479 -0.465744 -0.0209494
0.725 0.775 0.788066 100.509 -0.281719 -0.0174009
0.725 0.8 1.05344 100.492 -0.144801 -0.0136279
0.725 0.825 1.17009 100.448 -0.0499749 -0.010058
0.725 0.85 1.18826 100.392 0.00996284 -0.00692692
0.725 0.875 1.14824 100.335 0.042549 -0.00433429
0.725 0.9 1.0808 100.282 0.0546669 -0.00229526
0.725 0.925 1.00845 100.238 0.0521507 -0.000780356
0.725 0.95 0.946831 100.206 0.0397515 0.000256224
0.725 0.975 0.906102 100.186 0.0213048 0.000858025
0.725 1 0.891921 100.18 -1.66558e-13 0.00105509
0.75 0 0.880673 100.195 -2.40219e-13 0.000266091
0.75 0.025 0.889893 100.2 -0.0135895 6.73305e-05
0.75 0.05 0.91553 100.217 -0.0240137 -0.000535145
0.75 0.075 0.951351 100.244 -0.0278557 -0.00155784
0.75 0.1 0.986431 100.279 -0.0212262 -0.00302105
0.75 0.125 1.00443 100.319 0.000386109 -0.00493703
0.75 0.15 0.982711 100.36 0.0421303 -0.00729199
0.75 0.175 0.891615 100.393 0.109584 -0.0100207
0.75 0.2 0.69411 100.409 0.20819 -0.0129743
0.75 0.225 0.346487 100.394 0.342196 -0.0158842
0.75 0.25 -0.199238 100.329 0.512967 -0.0183294
0.75 0.275 -0.990332 100.193 0.716647 -0.0197242
0.75 0.3 -2.06497 99.9664 0.941439 -0.0193479
0.75 0.325 -3.44021 99.6307 1.16521 -0.0164481
0.75 0.35 -5.09734 99.1799 1.3547 -0.0104356
0.75 0.375 -6.96755 98.626 1.4681 -0.00116226
0.75 0.4 -8.92341 98.0068 1.46231 0.010791
0.75 0.425 -10.783 97.387 1.30471 0.023953
0.75 0.45 -12.3319 96.8509 0.986575 0.0360916
0.75 0.475 -13.3633 96.485 0.532463 0.0447163
0.75 0.5 -13.7256 96.3548 -8.40676e-14 0.0478456
0.75 0.525 -13.3633 96.485 -0.532463 0.0447163
0.75 0.55 -12.3319 96.8509 -0.986575 0.0360916
0.75 0.575 -10.783 97.387 -1.30471 0.023953
0.75 0.6 -8.92341 98.0068 -1.46231 0.010791
0.75 0.625 -6.96755 98.626 -1.4681 -0.00116226
0.75 0.65 -5.09734 99.1799 -1.3547 -0.0104356
0.75 0.675 -3.44021 99.6307 -1.16521 -0.0164481
0.75 0.7 -2.06497 99.9664 -0.941439 -0.0193479
0.75 0.725 -0.990332 100.193 -0.716647 -0.0197242
0.75 0.75 -0.199238 100.329 -0.512967 -0.0183294
0.75 0.775 0.346487 100.394 -0.342196 -0.0158842
0.75 0.8 0.69411 100.409 -0.20819 -0.0129743
0.75 0.825 0.891615 100.393 -0.109584 -0.0100207
0.75 0.85 0.982711 100.36 -0.0421303 -0.00729199
0.75 0.875 1.00443 100.319 -0.000386109 -0.00493703
0.75 0.9 0.986431 100.279 0.0212262 -0.00302105
0.75 0.925 0.951351 100.244 0.0278557 -0.00155784
0.75 0.95 0.91553 100.217 0.0240137 -0.000535145
0.75 0.975 0.889893 100.2 0.0135895 6.73305e-05
0.75 1 0.880673 100.195 -2.40218e-13 0.000266091
0.775 0 0.847681 100.204 -5.45095e-13 -0.000477398
0.775 0.025 0.851988 100.209 -0.00597777 -0.000670698
0.775 0.05 0.862785 100.222 -0.00864838 -0.00125274
0.775 0.075 0.87359 100.243 -0.00453733 -0.00222784
0.775 0.1 0.873245 100.269 0.0101262 -0.00359607
0.775 0.125 0.845482 100.297 0.0394545 -0.00534217
0.775 0.15 0.768492 100.321 0.0878027 -0.00741945
0.775 0.175 0.614746 100.334 0.159452 -0.0097292
0.775 0.2 0.351384 100.325 0.257987 -0.012097
0.775 0.225 -0.0583753 100.283 0.385292 -0.0142502
0.775 0.25 -0.652279 100.192 0.540142 -0.0158044
0.775 0.275 -1.46403 100.035 0.716486 -0.0162715
0.775 0.3 -2.5159 99.7994 0.90175 -0.0151043
0.775 0.325 -3.80936 99.4747 1.07576 -0.0117939
0.775 0.35 -5.31472 99.0618 1.21121 -0.00602243
0.775 0.375 -6.96272 98.5769 1.27655 0.00214798
0.775 0.4 -8.64142 98.0545 1.2419 0.0121088
0.775 0.425 -10.2028 97.5469 1.08723 0.0226487
0.775 0.45 -11.4813 97.1178 0.810723 0.0320959
0.775 0.475 -12.3226 96.8294 0.433823 0.0386838
0.775 0.5 -12.6164 96.7276 -4.20073e-13 0.0410515
0.775 0.525 -12.3226 96.8294 -0.433823 0.0386838
0.775 0.55 -11.4813 97.1178 -0.810723 0.0320959
0.775 0.575 -10.2028 97.5469 -1.08723 0.0226487
0.775 0.6 -8.64142 98.0545 -1.2419 0.0121088
0.775 0.625 -6.96272 98.5769 -1.27655 0.00214798
0.775 0.65 -5.31472 99.0618 -1.21121 -0.00602243
0.775 0.675 -3.80936 99.4747 -1.07576 -0.0117939
0.775 0.7 -2.5159 99.7994 -0.90175 -0.0151043
0.775 0.725 -1.46403 100.035 -0.716486 -0.0162715
0.775 0.75 -0.652279 100.192 -0.540142 -0.0158044
0.775 0.775 -0.0583753 100.283 -0.385292 -0.0142502
0.775 0.8 0.351384 100.325 -0.257987 -0.012097
0.775 0.825 0.614746 100.334 -0.159452 -0.0097292
0.775 0.85 0.768492 100.321 -0.0878027 -0.00741945
0.775 0.875 0.845482 100.297 -0.0394545 -0.00534217
0.775 0.9 0.873245 100.269 -0.0101262 -0.00359607
0.775 0.925 0.87359 100.243 0.00453733 -0.00222784
0.775 0.95 0.862785 100.222 0.00864838 -0.00125274
0.775 0.975 0.851988 100.209 0.00597777 -0.000670698
0.775 1 0.847681 100.204 -5.45095e-13 -0.000477398
0.8 0 0.795014 100.208 -1.28242e-13 -0.00116016
0.8 0.025 0.794617 100.211 0.00128532 -0.00134234
0.8 0.05 0.791296 100.221 0.00587438 -0.00188756
0.8 0.075 0.778599 100.236 0.0171583 -0.00278995
0.8 0.1 0.745593 100.253 0.0386621 -0.00403327
0.8 0.125 0.67669 100.268 0.0740067 -0.00558132
0.8 0.15 0.551585 100.277 0.126734 -0.00736476
0.8 0.175 0.345534 100.272 0.199939 -0.0092656
0.8 0.2 0.0302361 100.243 0.295665 -0.0111016
0.8 0.225 -0.424344 100.179 0.414031 -0.0126147
0.8 0.25 -1.04686 100.069 0.552129 -0.0134705
0.8 0.275 -1.85995 99.901 0.702856 -0.0132777
0.8 0.3 -2.87408 99.6647 0.853964 -0.0116362
0.8 0.325 -4.0804 99.3567 0.987817 -0.0082201
0.8 0.35 -5.44387 98.982 1.08242 -0.00289175
0.8 0.375 -6.89853 98.5578 1.11417 0.00417604
0.8 0.4 -8.34759 98.1147 1.06246 0.0124105
0.8 0.425 -9.67057 97.6948 0.915293 0.020837
0.8 0.45 -10.7383 97.3464 0.674483 0.0282087
0.8 0.475 -11.4339 97.1153 0.358312 0.0332674
0.8 0.5 -11.6756 97.0343 3.13601e-13 0.035071
0.8 0.525 -11.4339 97.1153 -0.358312 0.0332674
0.8 0.55 -10.7383 97.3464 -0.674483 0.0282087
0.8 0.575 -9.67057 97.6948 -0.915293 0.020837
0.8 0.6 -8.34759 98.1147 -1.06246 0.0124105
0.8 0.625 -6.89853 98.5578 -1.11417 0.00417604
0.8 0.65 -5.44387 98.982 -1.08242 -0.00289175
0.8 0.675 -4.0804 99.3567 -0.987817 -0.0082201
0.8 0.7 -2.87408 99.6647 -0.853964 -0.0116362
0.8 0.725 -1.85995 99.901 -0.702856 -0.0132777
0.8 0.75 -1.04686 100.069 -0.552129 -0.0134705
0.8 0.775 -0.424344 100.179 -0.414031 -0.0126147
0.8 0.8 0.0302361 100.243 -0.295665 -0.0111016
0.8 0.825 0.345534 100.272 -0.199939 -0.0092656
0.8 0.85 0.551585 100.277 -0.126734 -0.00736476
0.8 0.875 0.67669 100.268 -0.0740067 -0.00558132
0.8 0.9 0.745593 100.253 -0.0386621 -0.00403327
0.8 0.925 0.778599 100.236 -0.0171583 -0.00278995
0.8 0.95 0.791296 100.221 -0.00587438 -0.00188756
0.8 0.975 0.794617 100.211 -0.00128532 -0.00134234
0.8 1 0.795014 100.208 -1.28242e-13 -0.00116016
0.825 0 0.72509 100.206 -6.43658e-13 -0.00177262
0.825 0.025 0.720321 100.208 0.00801455 -0.00193956
0.825 0.05 0.703955 100.214 0.019211 -0.00243632
0.825 0.075 0.669796 100.223 0.0367883 -0.00324911
0.825 0.1 0.607493 100.232 0.0639416 -0.00434953
0.825 0.125 0.502574 100.236 0.103762 -0.00568685
0.825 0.15 0.336689 100.231 0.159019 -0.00717803
0.825 0.175 0.0882048 100.21 0.231787 -0.00869709
0.825 0.2 -0.266602 100.164 0.3229 -0.0100661
0.825 0.225 -0.751549 100.085 0.431238 -0.011052
0.825 0.25 -1.38753 99.9622 0.55292 -0.0113736
0.825 0.275 -2.18846 99.788 0.680565 -0.0107261
0.825 0.3 -3.1563 99.5568 0.80286 -0.00882586
0.825 0.325 -4.27582 99.2682 0.90479 -0.00547745
0.825 0.35 -5.51014 98.9297 0.968855 -0.000655025
0.825 0.375 -6.79849 98.5579 0.977476 0.00542088
0.825 0.4 -8.05785 98.1794 0.916455 0.0122401
0.825 0.425 -9.18973 97.8281 0.778859 0.0190253
0.825 0.45 -10.0921 97.5413 0.568257 0.0248406
0.825 0.475 -10.6752 97.353 0.300049 0.0287774
0.825 0.5 -10.8769 97.2874 7.47058e-14 0.0301714
0.825 0.525 -10.6752 97.353 -0.300049 0.0287774
0.825 0.55 -10.0921 97.5413 -0.568257 0.0248406
0.825 0.575 -9.18973 97.8281 -0.778859 0.0190253
0.825 0.6 -8.05785 98.1794 -0.916455 0.0122401
0.825 0.625 -6.79849 98.5579 -0.977476 0.00542088
0.825 0.65 -5.51014 98.9297 -0.968855 -0.000655025
0.825 0.675 -4.27582 99.2682 -0.90479 -0.00547745
0.825 0.7 -3.1563 99.5568 -0.80286 -0.00882586
0.825 0.725 -2.18846 99.788 -0.680565 -0.0107261
0.825 0.75 -1.38753 99.9622 -0.55292 -0.0113736
0.825 0.775 -0.751549 100.085 -0.431238 -0.011052
0.825 0.8 -0.266602 100.164 -0.3229 -0.0100661
0.825 0.825 0.0882048 100.21 -0.231787 -0.00869709
0.825 0.85 0.336689 100.231 -0.159019 -0.00717803
0.825 0.875 0.502574 100.236 -0.103762 -0.00568685
0.825 0.9 0.607493 100.232 -0.0639416 -0.00434953
0.825 0.925 0.669796 100.223 -0.0367883 -0.00324911
0.825 0.95 0.703955 100.214 -0.019211 -0.00243632
0.825 0.975 0.720321 100.208 -0.00801455 -0.00193956
0.825 1 0.72509 100.206 -6.43658e-13 -0.00177262
0.85 0 0.640529 100.199 -7.64922e-13 -0.00231003
0.85 0.025 0.631805 100.2 0.014083 -0.00245905
0.85 0.05 0.603703 100.203 0.0311365 -0.00290006
0.85 0.075 0.550456 100.206 0.0540912 -0.00361361
0.85 0.1 0.462542 100.206 0.0857641 -0.00456307
0.85 0.125 0.326899 100.201 0.128719 -0.00568887
0.85 0.15 0.127373 100.183 0.185031 -0.00690158
0.85 0.175 -0.154473 100.149 0.255936 -0.00807544
0.85 0.2 -0.538011 100.09 0.341364 -0.00904458
0.85 0.225 -1.04154 99.999 0.439389 -0.00960514
0.85 0.25 -1.67954 99.8688 0.545671 -0.00952681
0.85 0.275 -2.45918 99.6936 0.653034 -0.0085774
0.85 0.3 -3.37652 99.4708 0.751374 -0.00656199
0.85 0.325 -4.41267 99.2024 0.828127 -0.00337474
0.85 0.35 -5.53107 98.897 0.869471 0.000944627
0.85 0.375 -6.67679 98.5701 0.862324 0.00616425
0.85 0.4 -7.77884 98.2444 0.796927 0.0118431
0.85 0.425 -8.75623 97.9473 0.669526 0.0173619
0.85 0.45 -9.52751 97.7079 0.484397 0.0220108
0.85 0.475 -10.0224 97.5522 0.254461 0.0251221
0.85 0.5 -10.193 97.4982 -6.84465e-13 0.0262175
0.85 0.525 -10.0224 97.5522 -0.254461 0.0251221
0.85 0.55 -9.52751 97.7079 -0.484397 0.0220108
0.85 0.575 -8.75623 97.9473 -0.669526 0.0173619
0.85 0.6 -7.77884 98.2444 -0.796927 0.0118431
0.85 0.625 -6.67679 98.5701 -0.862324 0.00616425
0.85 0.65 -5.53107 98.897 -0.869471 0.000944627
0.85 0.675 -4.41267 99.2024 -0.828127 -0.00337474
0.85 0.7 -3.37652 99.4708 -0.751374 -0.00656199
0.85 0.725 -2.45918 99.6936 -0.653034 -0.0085774
0.85 0.75 -1.67954 99.8688 -0.545671 -0.00952681
0.85 0.775 -1.04154 99.999 -0.439389 -0.00960514
0.85 0.8 -0.538011 100.09 -0.341364 -0.00904458
0.85 0.825 -0.154473 100.149 -0.255936 -0.00807544
0.85 0.85 0.127373 100.183 -0.185031 -0.00690158
0.85 0.875 0.326899 100.201 -0.128719 -0.00568887
0.85 0.9 0.462542 100.206 -0.0857641 -0.00456307
0.85 0.925 0.550456 100.206 -0.0540912 -0.00361361
0.85 0.95 0.603703 100.203 -0.0311365 -0.00290006
0.85 0.975 0.631805 100.2 -0.014083 -0.00245905
0.85 1 0.640529 100.199 -7.64923e-13 -0.00231003
0.875 0 0.544026 100.188 1.48703e-13 -0.00277141
0.875 0.025 0.531816 100.188 0.0194158 -0.00290108
0.875 0.05 0.493425 100.187 0.0415293 -0.00328276
0.875 0.075 0.423627 100.185 0.0689552 -0.00389338
0.875 0.1 0.313894 100.178 0.104115 -0.00469155
0.875 0.125 0.152732 100.163 0.149073 -0.00561354
0.875 0.15 -0.0737361 100.136 0.205306 -0.00656908
0.875 0.175 -0.380836 100.091 0.273386 -0.00743822
0.875 0.2 -0.783956 100.021 0.352603 -0.00807132
0.875 0.225 -1.29664 99.9223 0.440557 -0.00829444
0.875 0.25 -1.92815 99.788 0.5328 -0.00792253
0.875 0.275 -2.68062 99.615 0.622637 -0.00678233
0.875 0.3 -3.54608 99.4025 0.701244 -0.00474472
0.875 0.325 -4.50384 99.1541 0.75822 -0.00176367
0.875 0.35 -5.51893 98.8785 0.782694 0.00208539
0.875 0.375 -6.54219 98.5898 0.764928 0.00657849
0.875 0.4 -7.51295 98.3074 0.698246 0.0113404
0.875 0.425 -8.36416 98.0536 0.580883 0.0158766
0.875 0.45 -9.03002 97.8514 0.417266 0.0196421
0.875 0.475 -9.4547 97.7209 0.218243 0.0221379
0.875 0.5 -9.60067 97.6758 1.7966e-13 0.0230122
0.875 0.525 -9.4547 97.7209 -0.218243 0.0221379
0.875 0.55 -9.03002 97.8514 -0.417266 0.0196421
0.875 0.575 -8.36416 98.0536 -0.580883 0.0158766
0.875 0.6 -7.51295 98.3074 -0.698246 0.0113404
0.875 0.625 -6.54219 98.5898 -0.764928 0.00657849
0.875 0.65 -5.51893 98.8785 -0.782694 0.00208539
0.875 0.675 -4.50384 99.1541 -0.75822 -0.00176367
0.875 0.7 -3.54608 99.4025 -0.701244 -0.00474472
0.875 0.725 -2.68062 99.615 -0.622637 -0.00678233
0.875 0.75 -1.92815 99.788 -0.5328 -0.00792253
0.875 0.775 -1.29664 99.9223 -0.440557 -0.00829444
0.875 0.8 -0.783956 100.021 -0.352603 -0.00807132
0.875 0.825 -0.380836 100.091 -0.273386 -0.00743822
0.875 0.85 -0.0737361 100.136 -0.205306 -0.00656908
0.875 0.875 0.152732 100.163 -0.149073 -0.00561354
0.875 0.9 0.313894 100.178 -0.104115 -0.00469155
0.875 0.925 0.423627 100.185 -0.0689552 -0.00389338
0.875 0.95 0.493425 100.187 -0.0415293 -0.00328276
0.875 0.975 0.531816 100.188 -0.0194158 -0.00290108
0.875 1 0.544026 100.188 1.48704e-13 -0.00277141
0.9 0 0.438253 100.173 -4.76465e-14 -0.00315846
0.9 0.025 0.423047 100.172 0.0239815 -0.00326838
0.9 0.05 0.375866 100.168 0.0503513 -0.00359007
0.9 0.075 0.292093 100.161 0.0813851 -0.00409867
0.9 0.1 0.164273 100.148 0.119112 -0.00475078
0.9 0.125 -0.0174664 100.125 0.165145 -0.00548217
0.9 0.15 -0.264758 100.089 0.220456 -0.00620569
0.9 0.175 -0.590014 100.035 0.285113 -0.00681067
0.9 0.2 -1.00508 99.9585 0.357978 -0.00716539
0.9 0.225 -1.51947 99.8542 0.436424 -0.00712424
0.9 0.25 -2.13832 99.7186 0.516117 -0.00654101
0.9 0.275 -2.86002 99.5498 0.590984 -0.00528896
0.9 0.3 -3.67402 99.3486 0.653427 -0.00328687
0.9 0.325 -4.55905 99.1191 0.694902 -0.000527581
0.9 0.35 -5.48229 98.8701 0.706873 0.00289632
0.9 0.375 -6.40009 98.614 0.682093 0.00677794
0.9 0.4 -7.26045 98.3674 0.616032 0.0108006
0.9 0.425 -8.00751 98.1485 0.508169 0.0145674
0.9 0.45 -8.58751 97.9758 0.362795 0.0176551
0.9 0.475 -8.95555 97.8651 0.189046 0.0196846
0.9 0.5 -9.08173 97.827 9.9448e-14 0.0203927
0.9 0.525 -8.95555 97.8651 -0.189046 0.0196846
0.9 0.55 -8.58751 97.9758 -0.362795 0.0176551
0.9 0.575 -8.00751 98.1485 -0.508169 0.0145674
0.9 0.6 -7.26045 98.3674 -0.616032 0.0108006
0.9 0.625 -6.40009 98.614 -0.682093 0.00677794
0.9 0.65 -5.48229 98.8701 -0.706873 0.00289632
0.9 0.675 -4.55905 99.1191 -0.694902 -0.000527581
0.9 0.7 -3.67402 99.3486 -0.653427 -0.00328687
0.9 0.725 -2.86002 99.5498 -0.590984 -0.00528896
0.9 0.75 -2.13832 99.7186 -0.516117 -0.00654101
0.9 0.775 -1.51947 99.8542 -0.436424 -0.00712424
0.9 0.8 -1.00508 99.9585 -0.357978 -0.00716539
0.9 0.825 -0.590014 100.035 -0.285113 -0.00681067
0.9 0.85 -0.264758 100.089 -0.220456 -0.00620569
0.9 0.875 -0.0174664 100.125 -0.165145 -0.00548217
0.9 0.9 0.164273 100.148 -0.119112 -0.00475078
0.9 0.925 0.292093 100.161 -0.0813851 -0.00409867
0.9 0.95 0.375866 100.168 -0.0503513 -0.00359007
0.9 0.975 0.423047 100.172 -0.0239815 -0.00326838
0.9 1 0.438253 100.173 -4.76465e-14 -0.00315846
0.925 0 0.325785 100.154 2.09186e-13 -0.00347452
0.925 0.025 0.308076 100.152 0.0277824 -0.00356503
0.925 0.05 0.253595 100.146 0.0576279 -0.00382829
0.925 0.075 0.158357 100.135 0.0914692 -0.00423897
0.925 0.1 0.0160049 100.116 0.130963 -0.00475391
0.925 0.125 -0.181738 100.087 0.17732 -0.00531098
0.925 0.15 -0.444374 100.044 0.231106 -0.00582876
0.925 0.175 -0.781667 99.9835 0.292015 -0.00620768
0.925 0.2 -1.20237 99.9013 0.358648 -0.00633406
0.925 0.225 -1.71268 99.794 0.428317 -0.00608789
0.925 0.25 -2.31446 99.6591 0.496946 -0.00535536
0.925 0.275 -3.00342 99.4959 0.559122 -0.0040459
0.925 0.3 -3.76744 99.3061 0.608376 -0.00211255
0.925 0.325 -4.58544 99.0944 0.637717 0.000427235
0.925 0.35 -5.42705 98.8688 0.640453 0.00347501
0.925 0.375 -6.25359 98.6407 0.611191 0.00684436
0.925 0.4 -7.02041 98.4238 0.546908 0.0102689
0.925 0.425 -7.6806 98.2334 0.447847 0.0134281
0.925 0.45 -8.18983 98.0845 0.318032 0.0159894
0.925 0.475 -8.51154 97.9896 0.165186 0.0176609
0.925 0.5 -8.62158 97.9569 1.28988e-13 0.0182419
0.925 0.525 -8.51154 97.9896 -0.165186 0.0176609
0.925 0.55 -8.18983 98.0845 -0.318032 0.0159894
0.925 0.575 -7.6806 98.2334 -0.447847 0.0134281
0.925 0.6 -7.02041 98.4238 -0.546908 0.0102689
0.925 0.625 -6.25359 98.6407 -0.611191 0.00684436
0.925 0.65 -5.42705 98.8688 -0.640453 0.00347501
0.925 0.675 -4.58544 99.0944 -0.637717 0.000427235
0.925 0.7 -3.76744 99.3061 -0.608376 -0.00211255
0.925 0.725 -3.00342 99.4959 -0.559122 -0.0040459
0.925 0.75 -2.31446 99.6591 -0.496946 -0.00535536
0.925 0.775 -1.71268 99.794 -0.428317 -0.00608789
0.925 0.8 -1.20237 99.9013 -0.358648 -0.00633406
0.925 0.825 -0.781667 99.9835 -0.292015 -0.00620768
0.925 0.85 -0.444374 100.044 -0.231106 -0.00582876
0.925 0.875 -0.181738 100.087 -0.17732 -0.00531098
0.925 0.9 0.0160049 100.116 -0.130963 -0.00475391
0.925 0.925 0.158357 100.135 -0.0914692 -0.00423897
0.925 0.95 0.253595 100.146 -0.0576279 -0.00382829
0.925 0.975 0.308076 100.152 -0.0277824 -0.00356503
0.925 1 0.325785 100.154 2.09186e-13 -0.00347452
0.95 0 0.209057 100.133 -5.79733e-13 -0.00372359
0.95 0.025 0.189322 100.131 0.0308449 -0.00379558
0.95 0.05 0.128972 100.122 0.0634282 -0.00400339
0.95 0.075 0.024653 100.107 0.0993496 -0.00432232
0.95 0.1 -0.128923 100.084 0.139922 -0.00471097
0.95 0.125 -0.338514 100.049 0.18601 -0.00511111
0.95 0.15 -0.611661 100.001 0.237853 -0.00544855
0.95 0.175 -0.955769 99.9353 0.294884 -0.00563553
0.95 0.2 -1.37695 99.8494 0.355562 -0.00557547
0.95 0.225 -1.87867 99.7409 0.417257 -0.00517082
0.95 0.25 -2.4603 99.6082 0.476221 -0.00433434
0.95 0.275 -3.11563 99.4515 0.527697 -0.00300318
0.95 0.3 -3.83171 99.273 0.566212 -0.00115467
0.95 0.325 -4.58813 99.0776 0.586069 0.00117884
0.95 0.35 -5.35704 98.8727 0.582023 0.0038995
0.95 0.375 -6.10418 98.6684 0.550069 0.00684171
0.95 0.4 -6.79106 98.4764 0.488243 0.00978129
0.95 0.425 -7.37805 98.3096 0.397252 0.0124576
0.95 0.45 -7.82826 98.18 0.280795 0.0146065
0.95 0.475 -8.11159 98.0978 0.145436 0.0159999
0.95 0.5 -8.20832 98.0696 4.24592e-13 0.0164828
0.95 0.525 -8.11159 98.0978 -0.145436 0.0159999
0.95 0.55 -7.82826 98.18 -0.280795 0.0146065
0.95 0.575 -7.37805 98.3096 -0.397252 0.0124576
0.95 0.6 -6.79106 98.4764 -0.488243 0.00978129
0.95 0.625 -6.10418 98.6684 -0.550069 0.00684171
0.95 0.65 -5.35704 98.8727 -0.582023 0.0038995
0.95 0.675 -4.58813 99.0776 -0.586069 0.00117884
0.95 0.7 -3.83171 99.273 -0.566212 -0.00115467
0.95 0.725 -3.11563 99.4515 -0.527697 -0.00300318
0.95 0.75 -2.4603 99.6082 -0.476221 -0.00433434
0.95 0.775 -1.87867 99.7409 -0.417257 -0.00517082
0.95 0.8 -1.37695 99.8494 -0.355562 -0.00557547
0.95 0.825 -0.955769 99.9353 -0.294884 -0.00563553
0.95 0.85 -0.611661 100.001 -0.237853 -0.00544855
0.95 0.875 -0.338514 100.049 -0.18601 -0.00511111
0.95 0.9 -0.128923 100.084 -0.139922 -0.00471097
0.95 0.925 0.024653 100.107 -0.0993496 -0.00432232
0.95 0.95 0.128972 100.122 -0.0634282 -0.00400339
0.95 0.975 0.189322 100.131 -0.0308449 -0.00379558
0.95 1 0.209057 100.133 -5.79733e-13 -0.00372359
0.975 0 0.0903345 100.11 -1.13747e-13 -0.00390956
0.975 0.025 0.0690256 100.107 0.0332109 -0.0039642
0.975 0.05 0.00415349 100.097 0.0678478 -0.00412036
0.975 0.075 -0.107029 100.079 0.105197 -0.00435471
0.975 0.1 -0.2688 100.051 0.146262 -0.00462861
0.975 0.125 -0.486514 100.013 0.191613 -0.0048888
0.975 0.15 -0.765943 99.9598 0.241237 -0.00506906
0.975 0.175 -1.11243 99.8906 0.294388 -0.00509326
0.975 0.2 -1.52986 99.8026 0.349476 -0.00488047
0.975 0.225 -2.01951 99.6942 0.404001 -0.00435246
0.975 0.25 -2.57882 99.5647 0.454572 -0.00344345
0.975 0.275 -3.20031 99.4148 0.497051 -0.00211169
0.975 0.3 -3.87071 99.2472 0.526835 -0.000351535
0.975 0.325 -4.57055 99.0667 0.539292 0.00179611
0.975 0.35 -5.2744 98.88 0.530313 0.00423746
0.975 0.375 -5.95197 98.6962 0.496939 0.00682637
0.975 0.4 -6.56992 98.5253 0.437955 0.00937363
0.975 0.425 -7.09457 98.3779 0.354335 0.0116655
0.975 0.45 -7.49497 98.2642 0.24944 0.0134899
0.975 0.475 -7.7461 98.1923 0.128877 0.0146662
0.975 0.5 -7.8317 98.1678 5.46592e-14 0.0150726
0.975 0.525 -7.7461 98.1923 -0.128877 0.0146662
0.975 0.55 -7.49497 98.2642 -0.24944 0.0134899
0.975 0.575 -7.09457 98.3779 -0.354335 0.0116655
0.975 0.6 -6.56992 98.5253 -0.437955 0.00937363
0.975 0.625 -5.95197 98.6962 -0.496939 0.00682637
0.975 0.65 -5.2744 98.88 -0.530313 0.00423746
0.975 0.675 -4.57055 99.0667 -0.539292 0.00179611
0.975 0.7 -3.87071 99.2472 -0.526835 -0.000351535
0.975 0.725 -3.20031 99.4148 -0.497051 -0.00211169
0.975 0.75 -2.57882 99.5647 -0.454572 -0.00344345
0.975 0.775 -2.01951 99.6942 -0.404001 -0.00435246
0.975 0.8 -1.52986 99.8026 -0.349476 -0.00488047
0.975 0.825 -1.11243 99.8906 -0.294388 -0.00509326
0.975 0.85 -0.765943 99.9598 -0.241237 -0.00506906
0.975 0.875 -0.486514 100.013 -0.191613 -0.0048888
0.975 0.9 -0.2688 100.051 -0.146262 -0.00462861
0.975 0.925 -0.107029 100.079 -0.105197 -0.00435471
0.975 0.95 0.00415349 100.097 -0.0678478 -0.00412036
0.975 0.975 0.0690256 100.107 -0.0332109 -0.0039642
0.975 1 0.0903345 100.11 -1.13747e-13 -0.00390956
1 0 -0.0282852 100.085 -3.64257e-13 -0.0040336
1 0.025 -0.0507483 100.081 0.03493 -0.0040722
1 0.05 -0.118894 100.07 0.0709936 -0.00418079
1 0.075 -0.234903 100.05 0.10919 -0.00433791
1 0.1 -0.402124 100.019 0.150248 -0.00450844
1 0.125 -0.624639 99.9769 0.194494 -0.00464473
1 0.15 -0.906655 99.921 0.241718 -0.00468873
1 0.175 -1.25174 99.8495 0.291067 -0.00457545
1 0.2 -1.66193 99.7605 0.340963 -0.00423794
1 0.225 -2.13674 99.6533 0.389075 -0.00361417
1 0.25 -2.67219 99.5275 0.432376 -0.00265533
1 0.275 -3.25999 99.3846 0.467296 -0.00133528
1 0.3 -3.88688 99.2273 0.489981 0.000340321
1 0.325 -4.53451 99.0602 0.496673 0.00232661
1 0.35 -5.17976 98.8896 0.484163 0.00453586
1 0.375 -5.7958 98.7234 0.450282 0.00683933
1 0.4 -6.35368 98.5702 0.394344 0.00907605
1 0.425 -6.8246 98.4392 0.317466 0.0110683
1 0.45 -7.18241 98.3386 0.222682 0.0126426
1 0.475 -7.40617 98.2752 0.114802 0.0136527
1 0.5 -7.48233 98.2536 3.44186e-13 0.0140009
1 0.525 -7.40617 98.2752 -0.114802 0.0136527
1 0.55 -7.18241 98.3386 -0.222682 0.0126426
1 0.575 -6.8246 98.4392 -0.317466 0.0110683
1 0.6 -6.35368 98.5702 -0.394344 0.00907605
1 0.625 -5.7958 98.7234 -0.450282 0.00683933
1 0.65 -5.17976 98.8896 -0.484163 0.00453586
1 0.675 -4.53451 99.0602 -0.496673 0.00232661
1 0.7 -3.88688 99.2273 -0.489981 0.000340321
1 0.725 -3.25999 99.3846 -0.467296 -0.00133528
1 0.75 -2.67219 99.5275 -0.432376 -0.00265533
1 0.775 -2.13674 99.6533 -0.389075 -0.00361417
1 0.8 -1.66193 99.7605 -0.340963 -0.00423794
1 0.825 -1.25174 99.8495 -0.291067 -0.00457545
1 0.85 -0.906655 99.921 -0.241718 -0.00468873
1 0.875 -0.624639 99.9769 -0.194494 -0.00464473
1 0.9 -0.402124 100.019 -0.150248 -0.00450844
1 0.925 -0.234903 100.05 -0.10919 -0.00433791
1 0.95 -0.118894 100.07 -0.0709936 -0.00418079
1 0.975 -0.0507483 100.081 -0.03493 -0.0040722
1 1 -0.0282852 100.085 -3.64257e-13 -0.0040336
