0 28.5049 3.78573 79.7047 -5.4867
0.0025 27.6879 3.68646 79.2486 -5.45386
0.005 26.8852 3.58755 78.6685 -5.42013
0.0075 26.0969 3.48911 78.0864 -5.38465
0.01 25.3233 3.39128 77.5026 -5.34746
0.0125 24.5644 3.29415 76.917 -5.30861
0.015 23.8204 3.19785 76.3301 -5.26813
0.0175 23.0915 3.10248 75.7418 -5.22608
0.02 22.3777 3.00814 75.1525 -5.1825
0.0225 21.6792 2.91491 74.5623 -5.13744
0.025 20.996 2.82289 73.9714 -5.09095
0.0275 20.3281 2.73216 73.3799 -5.04307
0.03 19.6756 2.64278 72.7881 -4.99386
0.0325 19.0384 2.55484 72.1961 -4.94337
0.035 18.4165 2.4684 71.6042 -4.89165
0.0375 17.81 2.38351 71.0125 -4.83873
0.04 17.2187 2.30023 70.4212 -4.78469
0.0425 16.6426 2.2186 69.8305 -4.72956
0.045 16.0815 2.13867 69.2406 -4.67339
0.0475 15.5355 2.06047 68.6518 -4.61624
0.05 15.0043 1.98404 68.0641 -4.55816
0.0525 14.4878 1.90941 67.4777 -4.4992
0.055 13.986 1.83659 66.893 -4.4394
0.0575 13.4985 1.7656 66.31 -4.37881
0.06 13.0253 1.69646 65.729 -4.3175
0.0625 12.5662 1.62917 65.1501 -4.25549
0.065 12.121 1.56375 64.5736 -4.19285
0.0675 11.6894 1.50018 63.9997 -4.12963
0.07 11.2713 1.43847 63.4285 -4.06586
0.0725 10.8664 1.37861 62.8602 -4.0016
0.075 10.4746 1.32059 62.295 -3.93689
0.0775 10.0955 1.2644 61.7332 -3.87177
0.08 9.72896 1.21001 61.1748 -3.80631
0.0825 9.37472 1.15741 60.6202 -3.74053
0.085 9.03251 1.10659 60.0695 -3.67448
0.0875 8.70208 1.0575 59.5228 -3.6082
0.09 8.38318 1.01014 58.9804 -3.54174
0.0925 8.07553 0.964459 58.4424 -3.47513
0.095 7.77889 0.920439 57.9091 -3.40842
0.0975 7.49297 0.878044 57.3805 -3.34163
0.1 7.21751 0.83724 56.857 -3.27482
0.1025 6.95225 0.797994 56.3387 -3.20801
0.105 6.69692 0.760267 55.8257 -3.14124
0.1075 6.45125 0.724024 55.3182 -3.07455
0.11 6.21498 0.689225 54.8165 -3.00795
0.1125 5.98784 0.655833 54.3206 -2.94149
0.115 5.76957 0.623807 53.8307 -2.8752
0.1175 5.55991 0.593108 53.3471 -2.80909
0.12 5.35861 0.563696 52.8699 -2.7432
0.1225 5.1654 0.53553 52.3992 -2.67755
0.125 4.98005 0.508571 51.9353 -2.61217
0.1275 4.8023 0.482777 51.4782 -2.54707
0.13 4.63192 0.458109 51.0282 -2.48227
0.1325 4.46866 0.434526 50.5854 -2.41779
0.135 4.31229 0.41199 50.1499 -2.35365
0.1375 4.16259 0.39046 49.722 -2.28986
0.14 4.01934 0.369898 49.3017 -2.22644
0.1425 3.88231 0.350267 48.8893 -2.16339
0.145 3.75129 0.331527 48.4849 -2.10072
0.1475 3.62608 0.313642 48.0886 -2.03845
0.15 3.50648 0.296576 47.7006 -1.97656
0.1525 3.39229 0.280293 47.3211 -1.91508
0.155 3.28333 0.264758 46.9502 -1.85399
0.1575 3.17941 0.249937 46.588 -1.79331
0.16 3.08036 0.235797 46.2347 -1.73302
0.1625 2.98601 0.222305 45.8905 -1.67311
0.165 2.89619 0.209429 45.5556 -1.6136
0.1675 2.81074 0.197139 45.23 -1.55446
0.17 2.72952 0.185404 44.9139 -1.49568
0.1725 2.65238 0.174196 44.6075 -1.43726
0.175 2.57918 0.163486 44.311 -1.37918
0.1775 2.50979 0.153247 44.0245 -1.32142
0.18 2.44409 0.143453 43.7481 -1.26398
0.1825 2.38194 0.134079 43.482 -1.20682
0.185 2.32324 0.1251 43.2264 -1.14995
0.1875 2.26788 0.116492 42.9814 -1.09332
0.19 2.21576 0.108234 42.7471 -1.03694
0.1925 2.16677 0.100304 42.5237 -0.980776
0.195 2.12083 0.0926822 42.3113 -0.924812
0.1975 2.07784 0.0853503 42.1101 -0.869034
0.2 2.03773 0.0782908 41.9201 -0.813427
0.2025 2.00041 0.0714876 41.7415 -0.757979
0.205 1.96581 0.0649266 41.5742 -0.70268
0.2075 1.93385 0.0585952 41.4183 -0.647525
0.21 1.90447 0.0524825 41.2738 -0.592512
0.2125 1.87759 0.04658 41.1408 -0.537642
0.215 1.85315 0.0408813 41.0191 -0.482923
0.2175 1.83107 0.0353819 40.9085 -0.428374
0.22 1.81129 0.0300805 40.809 -0.374033
0.2225 1.79374 0.024977 40.7203 -0.319968
0.225 1.77834 0.0200745 40.6421 -0.266267
0.2275 1.76501 0.0153778 40.5741 -0.212957
0.23 1.75365 0.0108978 40.5159 -0.159819
0.2325 1.74417 0.00665418 40.4671 -0.106114
0.235 1.73646 0.00268568 40.4271 -0.0504514
0.2375 1.73038 -0.000953802 40.3944 0.00859101
0.24 1.72583 -0.00420261 40.367 0.0703987
0.2425 1.72268 -0.00705863 40.3421 0.128824
0.245 1.7208 -0.00962568 40.318 0.17001
0.2475 1.71998 -0.0121968 40.2976 0.178341
0.25 1.71981 -0.014947 40.2885 0.156304
0.2525 1.71992 -0.0177041 40.2959 0.134452
0.255 1.72064 -0.0202933 40.3146 0.14319
0.2575 1.72243 -0.0228853 40.337 0.184924
0.26 1.72546 -0.0257773 40.3602 0.244167
0.2625 1.72989 -0.0290839 40.386 0.307108
0.265 1.73582 -0.032809 40.4169 0.367568
0.2675 1.74338 -0.0368943 40.4553 0.424909
0.27 1.75269 -0.0412876 40.5023 0.480542
0.2725 1.76387 -0.0459507 40.5588 0.535857
0.275 1.77702 -0.0508655 40.625 0.591595
0.2775 1.79223 -0.056022 40.7015 0.647978
0.28 1.80958 -0.0614167 40.7884 0.704977
0.2825 1.82914 -0.0670478 40.8861 0.762506
0.285 1.851 -0.0729163 40.9949 0.820494
0.2875 1.87521 -0.0790248 41.1148 0.878901
0.29 1.90185 -0.0853788 41.246 0.937709
0.2925 1.93098 -0.0919855 41.3886 0.996909
0.295 1.96268 -0.0988549 41.5425 1.0565
0.2975 1.99701 -0.105999 41.7079 1.11648
0.3 2.03405 -0.113431 41.8847 1.17685
0.3025 2.07387 -0.121166 42.0727 1.23762
0.305 2.11654 -0.129222 42.272 1.29881
0.3075 2.16217 -0.137618 42.4823 1.36043
0.31 2.21082 -0.146373 42.7037 1.42248
0.3125 2.26259 -0.155509 42.9359 1.485
0.315 2.31758 -0.165049 43.1788 1.54798
0.3175 2.3759 -0.175016 43.4323 1.61146
0.32 2.43764 -0.185436 43.6963 1.67545
0.3225 2.50292 -0.196335 43.9705 1.73996
0.325 2.57187 -0.20774 44.2548 1.80501
0.3275 2.6446 -0.219679 44.5491 1.87061
0.33 2.72125 -0.232183 44.8533 1.93678
0.3325 2.80195 -0.24528 45.167 2.00353
0.335 2.88686 -0.259004 45.4903 2.07087
0.3375 2.97611 -0.273385 45.8229 2.1388
0.34 3.06987 -0.288459 46.1647 2.20733
0.3425 3.16829 -0.304258 46.5155 2.27647
0.345 3.27154 -0.320818 46.8752 2.34622
0.3475 3.37981 -0.338176 47.2437 2.41658
0.35 3.49327 -0.356368 47.6207 2.48755
0.3525 3.6121 -0.375433 48.0061 2.55912
0.355 3.7365 -0.395409 48.3998 2.63129
0.3575 3.86667 -0.416337 48.8016 2.70406
0.36 4.00281 -0.438255 49.2114 2.7774
0.3625 4.14513 -0.461206 49.6289 2.85132
0.365 4.29385 -0.485232 50.0542 2.9258
0.3675 4.44918 -0.510374 50.4869 3.00082
0.37 4.61136 -0.536676 50.9269 3.07636
0.3725 4.78061 -0.564182 51.3741 3.15241
0.375 4.95717 -0.592934 51.8284 3.22896
0.3775 5.14128 -0.622978 52.2895 3.30596
0.38 5.33319 -0.654357 52.7573 3.38341
0.3825 5.53313 -0.687116 53.2316 3.46127
0.385 5.74137 -0.7213 53.7123 3.53953
0.3875 5.95815 -0.756953 54.1991 3.61814
0.39 6.18374 -0.79412 54.6921 3.69708
0.3925 6.41839 -0.832843 55.1908 3.77632
0.395 6.66237 -0.873166 55.6953 3.85582
0.3975 6.91594 -0.915133 56.2053 3.93556
0.4 7.17937 -0.958784 56.7206 4.01548
0.4025 7.45291 -1.00416 57.241 4.09557
0.405 7.73684 -1.0513 57.7665 4.17577
0.4075 8.03143 -1.10025 58.2968 4.25605
0.41 8.33693 -1.15103 58.8316 4.33636
0.4125 8.6536 -1.2037 59.371 4.41666
0.415 8.98172 -1.25827 59.9145 4.49692
0.4175 9.32154 -1.31478 60.4622 4.57708
0.42 9.67331 -1.37326 61.0137 4.6571
0.4225 10.0373 -1.43373 61.569 4.73693
0.425 10.4137 -1.49623 62.1277 4.81653
0.4275 10.8028 -1.56076 62.6898 4.89584
0.43 11.2049 -1.62735 63.255 4.97482
0.4325 11.62 -1.69602 63.8232 5.05342
0.435 12.0486 -1.76677 64.3941 5.13159
0.4375 12.4908 -1.83961 64.9676 5.20927
0.44 12.9467 -1.91455 65.5434 5.28641
0.4425 13.4166 -1.99158 66.1214 5.36297
0.445 13.9007 -2.07069 66.7014 5.43888
0.4475 14.3991 -2.15189 67.2832 5.51411
0.45 14.9121 -2.23515 67.8666 5.58858
0.4525 15.4397 -2.32046 68.4514 5.66225
0.455 15.982 -2.40779 69.0374 5.73507
0.4575 16.5393 -2.49712 69.6245 5.80698
0.46 17.1115 -2.5884 70.2124 5.87793
0.4625 17.6989 -2.6816 70.8009 5.94786
0.465 18.3014 -2.77668 71.3899 6.01672
0.4675 18.9192 -2.87357 71.9791 6.08445
0.47 19.5522 -2.97224 72.5684 6.151
0.4725 20.2006 -3.0726 73.1577 6.21633
0.475 20.8642 -3.1746 73.7466 6.28036
0.4775 21.5431 -3.27815 74.335 6.34306
0.48 22.2372 -3.38319 74.9228 6.40437
0.4825 22.9465 -3.48961 75.5098 6.46423
0.485 23.671 -3.59734 76.0957 6.5226
0.4875 24.4104 -3.70626 76.6804 6.57943
0.49 25.1648 -3.81628 77.2637 6.63466
0.4925 25.9339 -3.92728 77.8454 6.68824
0.495 26.7176 -4.03915 78.4255 6.74013
0.4975 27.5157 -4.15177 79.0036 6.79027
0.5 28.328 -4.265 79.5796 6.83863
0.5025 29.1542 -4.37872 80.1534 6.88515
0.505 29.9942 -4.49279 80.7248 6.92979
0.5075 30.8477 -4.60705 81.2936 6.9725
0.51 31.7142 -4.72137 81.8596 7.01324
0.5125 32.5936 -4.83559 82.4228 7.05196
0.515 33.4855 -4.94956 82.9828 7.08864
0.5175 34.3895 -5.0631 83.5397 7.12322
0.52 35.3053 -5.17606 84.0932 7.15566
0.5225 36.2323 -5.28827 84.6431 7.18594
0.525 37.1702 -5.39954 85.1894 7.214
0.5275 38.1186 -5.50972 85.7318 7.23982
0.53 39.0768 -5.61861 86.2703 7.26337
0.5325 40.0446 -5.72604 86.8047 7.2846
0.535 41.0213 -5.83182 87.3348 7.3035
0.5375 42.0064 -5.93577 87.8605 7.32002
0.54 42.9993 -6.03771 88.3817 7.33414
0.5425 43.9995 -6.13745 88.8982 7.34584
0.545 45.0064 -6.23479 89.41 7.35508
0.5475 46.0193 -6.32957 89.9168 7.36185
0.55 47.0377 -6.42159 90.4186 7.36612
0.5525 48.0609 -6.51066 90.9152 7.36787
0.555 49.0883 -6.59661 91.4066 7.36709
0.5575 50.1191 -6.67925 91.8925 7.36375
0.56 51.1527 -6.75841 92.373 7.35783
0.5625 52.1884 -6.8339 92.8478 7.34933
0.565 53.2255 -6.90557 93.3169 7.33824
0.5675 54.2633 -6.97323 93.7801 7.32453
0.57 55.3011 -7.03673 94.2375 7.30821
0.5725 56.3381 -7.09591 94.6887 7.28927
0.575 57.3736 -7.15061 95.1339 7.26769
0.5775 58.4068 -7.20069 95.5728 7.24348
0.58 59.4371 -7.246 96.0054 7.21663
0.5825 60.4636 -7.28641 96.4316 7.18714
0.585 61.4856 -7.3218 96.8513 7.15502
0.5875 62.5024 -7.35204 97.2645 7.12027
0.59 63.5131 -7.37702 97.671 7.08289
0.5925 64.5172 -7.39663 98.0707 7.04289
0.595 65.5137 -7.41079 98.4637 7.00027
0.5975 66.502 -7.41941 98.8498 6.95506
0.6 67.4814 -7.4224 99.229 6.90726
0.6025 68.4511 -7.41971 99.6012 6.85689
0.605 69.4104 -7.41128 99.9663 6.80395
0.6075 70.3586 -7.39706 100.324 6.74848
0.61 71.295 -7.37702 100.675 6.69048
0.6125 72.2189 -7.35113 101.019 6.62998
0.615 73.1297 -7.31938 101.355 6.56701
0.6175 74.0266 -7.28177 101.684 6.50159
0.62 74.9092 -7.23831 102.006 6.43374
0.6225 75.7767 -7.18903 102.32 6.36349
0.625 76.6285 -7.13395 102.627 6.29088
0.6275 77.4641 -7.07313 102.927 6.21594
0.63 78.2829 -7.00662 103.219 6.1387
0.6325 79.0845 -6.9345 103.504 6.05919
0.635 79.8681 -6.85684 103.781 5.97745
0.6375 80.6335 -6.77375 104.05 5.89353
0.64 81.3802 -6.68533 104.312 5.80746
0.6425 82.1076 -6.5917 104.567 5.71929
0.645 82.8154 -6.493 104.814 5.62905
0.6475 83.5033 -6.38936 105.054 5.5368
0.65 84.1709 -6.28095 105.286 5.44259
0.6525 84.8179 -6.16793 105.511 5.34645
0.655 85.444 -6.05048 105.728 5.24846
0.6575 86.0489 -5.92879 105.938 5.14865
0.66 86.6325 -5.80307 106.14 5.0471
0.6625 87.1946 -5.67352 106.335 4.94385
0.665 87.7351 -5.54036 106.523 4.83897
0.6675 88.2538 -5.40383 106.703 4.73252
0.67 88.7507 -5.26416 106.877 4.62457
0.6725 89.2258 -5.12161 107.043 4.51519
0.675 89.679 -4.97643 107.202 4.40445
0.6775 90.1105 -4.82888 107.354 4.29239
0.68 90.5203 -4.67923 107.499 4.1791
0.6825 90.9085 -4.52778 107.637 4.0646
0.685 91.2754 -4.3748 107.768 3.94894
0.6875 91.6212 -4.22059 107.893 3.83212
0.69 91.946 -4.06547 108.011 3.71413
0.6925 92.2503 -3.90976 108.122 3.59492
0.695 92.5343 -3.75378 108.227 3.4744
0.6975 92.7985 -3.59789 108.326 3.35246
0.7 93.0433 -3.44247 108.419 3.22891
0.7025 93.269 -3.28789 108.505 3.10358
0.705 93.4763 -3.13456 108.586 2.97624
0.7075 93.6657 -2.9829 108.662 2.84671
0.71 93.8375 -2.83335 108.732 2.71485
0.7125 93.9925 -2.68635 108.797 2.58064
0.715 94.1312 -2.54232 108.858 2.44425
0.7175 94.2542 -2.40166 108.916 2.30611
0.72 94.362 -2.2647 108.97 2.16704
0.7225 94.4553 -2.13168 109.021 2.02831
0.725 94.5347 -2.00272 109.07 1.89171
0.7275 94.6009 -1.87777 109.117 1.75962
0.73 94.6547 -1.75657 109.162 1.63495
0.7325 94.6969 -1.63862 109.206 1.52101
0.735 94.7286 -1.52322 109.248 1.42126
0.7375 94.751 -1.40947 109.288 1.33887
0.74 94.7656 -1.29635 109.325 1.27616
0.7425 94.7741 -1.18291 109.356 1.23385
0.745 94.7784 -1.06848 109.381 1.21039
0.7475 94.7803 -0.952909 109.398 1.20158
0.75 94.7815 -0.836804 109.406 1.20084
0.7525 94.7824 -0.72068 109.403 1.20023
0.755 94.7828 -0.604942 109.392 1.19173
0.7575 94.7811 -0.490225 109.372 1.16868
0.76 94.7755 -0.376513 109.346 1.12671
0.7625 94.7642 -0.26318 109.315 1.0641
0.765 94.7454 -0.14927 109.28 0.981466
0.7675 94.7176 -0.0337431 109.243 0.881033
0.77 94.6796 0.0843533 109.204 0.765946
0.7725 94.6303 0.205792 109.163 0.639658
0.775 94.5687 0.33112 109.121 0.5055
0.7775 94.4942 0.460651 109.077 0.366409
0.78 94.4059 0.594489 109.031 0.224791
0.7825 94.3034 0.732562 108.982 0.0824834
0.785 94.1858 0.874657 108.929 -0.0592116
0.7875 94.0527 1.02047 108.873 -0.199458
0.79 93.9034 1.16961 108.813 -0.337795
0.7925 93.7374 1.32168 108.748 -0.474038
0.795 93.5542 1.47626 108.677 -0.608198
0.7975 93.353 1.6329 108.601 -0.740404
0.8 93.1335 1.7912 108.519 -0.870847
0.8025 92.8951 1.95076 108.432 -0.999732
0.805 92.6374 2.11119 108.338 -1.12726
0.8075 92.3598 2.27213 108.238 -1.25358
0.81 92.0621 2.43322 108.131 -1.37884
0.8125 91.7439 2.59415 108.018 -1.50312
0.815 91.4047 2.75459 107.898 -1.62646
0.8175 91.0445 2.91423 107.771 -1.74888
0.82 90.6629 3.07278 107.637 -1.87037
0.8225 90.2597 3.22994 107.497 -1.99091
0.825 89.8348 3.38545 107.349 -2.11043
0.8275 89.3881 3.53902 107.195 -2.22888
0.83 88.9195 3.69039 107.033 -2.3462
0.8325 88.429 3.8393 106.864 -2.46231
0.835 87.9166 3.98551 106.688 -2.57715
0.8375 87.3824 4.12876 106.504 -2.69066
0.84 86.8264 4.26883 106.313 -2.80275
0.8425 86.2487 4.40548 106.115 -2.91338
0.845 85.6496 4.53851 105.909 -3.02248
0.8475 85.0293 4.6677 105.696 -3.12998
0.85 84.3879 4.79286 105.475 -3.23583
0.8525 83.7257 4.91381 105.247 -3.33998
0.855 83.043 5.03036 105.011 -3.44237
0.8575 82.3403 5.14235 104.768 -3.54295
0.86 81.6177 5.24963 104.517 -3.64167
0.8625 80.8757 5.35205 104.258 -3.73849
0.865 80.1148 5.44949 103.992 -3.83336
0.8675 79.3354 5.54183 103.718 -3.92624
0.87 78.5379 5.62896 103.436 -4.01709
0.8725 77.7229 5.71078 103.147 -4.10586
0.875 76.8909 5.78722 102.851 -4.19251
0.8775 76.0424 5.8582 102.547 -4.27701
0.88 75.1781 5.92366 102.235 -4.35933
0.8825 74.2984 5.98355 101.916 -4.43943
0.885 73.4041 6.03785 101.59 -4.51728
0.8875 72.4957 6.08652 101.256 -4.59284
0.89 71.574 6.12955 100.915 -4.6661
0.8925 70.6395 6.16694 100.566 -4.73702
0.895 69.693 6.1987 100.211 -4.80558
0.8975 68.7351 6.22486 99.8478 -4.87175
0.9 67.7666 6.24544 99.4776 -4.93552
0.9025 66.7881 6.26048 99.1004 -4.99687
0.905 65.8004 6.27003 98.7162 -5.05577
0.9075 64.8043 6.27417 98.3249 -5.11222
0.91 63.8005 6.27295 97.9268 -5.16619
0.9125 62.7896 6.26647 97.5218 -5.21768
0.915 61.7725 6.2548 97.1101 -5.26667
0.9175 60.75 6.23805 96.6917 -5.31316
0.92 59.7227 6.21632 96.2668 -5.35714
0.9225 58.6915 6.18972 95.8353 -5.39861
0.925 57.657 6.15838 95.3973 -5.43755
0.9275 56.6201 6.12243 94.9531 -5.47398
0.93 55.5814 6.08199 94.5026 -5.50788
0.9325 54.5418 6.03721 94.046 -5.53926
0.935 53.502 5.98824 93.5833 -5.56813
0.9375 52.4626 5.93521 93.1147 -5.59449
0.94 51.4245 5.8783 92.6402 -5.61834
0.9425 50.3882 5.81765 92.1601 -5.6397
0.945 49.3546 5.75343 91.6743 -5.65858
0.9475 48.3243 5.68581 91.183 -5.67498
0.95 47.298 5.61496 90.6863 -5.68893
0.9525 46.2764 5.54105 90.1844 -5.70043
0.955 45.26 5.46425 89.6773 -5.7095
0.9575 44.2496 5.38473 89.1652 -5.71616
0.96 43.2457 5.30268 88.6482 -5.72044
0.9625 42.249 5.21827 88.1265 -5.72235
0.965 41.26 5.13167 87.6001 -5.72191
0.9675 40.2793 5.04306 87.0693 -5.71915
0.97 39.3075 4.95262 86.5341 -5.7141
0.9725 38.345 4.86053 85.9947 -5.70679
0.975 37.3924 4.76694 85.4512 -5.69723
0.9775 36.4501 4.67205 84.9039 -5.68546
0.98 35.5187 4.57601 84.3527 -5.67152
0.9825 34.5985 4.47899 83.7979 -5.65544
0.985 33.69 4.38115 83.2397 -5.63724
0.9875 32.7936 4.28266 82.6782 -5.61697
0.99 31.9096 4.18367 82.1135 -5.59466
0.9925 31.0384 4.08434 81.5459 -5.57034
0.995 30.1804 3.98481 80.9754 -5.54407
0.9975 29.3358 3.88523 80.4022 -5.51587
1 28.5049 3.78573 79.9485 -5.4867
