0 11.0371 4.92278 27.209 -63.3614
0.0025 11.0501 4.92685 27.3394 -63.2164
0.005 11.0631 4.92972 27.5146 -63.0616
0.0075 11.0761 4.93138 27.7014 -62.8871
0.01 11.089 4.93183 27.9002 -62.693
0.0125 11.1018 4.93105 28.111 -62.4794
0.015 11.1146 4.92906 28.3341 -62.2461
0.0175 11.1273 4.92584 28.5694 -61.9933
0.02 11.14 4.9214 28.8172 -61.7211
0.0225 11.1526 4.91573 29.0776 -61.4295
0.025 11.1651 4.90884 29.3508 -61.1186
0.0275 11.1776 4.90072 29.6367 -60.7885
0.03 11.1899 4.89136 29.9356 -60.4393
0.0325 11.2022 4.88078 30.2476 -60.0711
0.035 11.2144 4.86896 30.5727 -59.684
0.0375 11.2265 4.8559 30.911 -59.2782
0.04 11.2385 4.84161 31.2626 -58.8539
0.0425 11.2504 4.82609 31.6275 -58.4112
0.045 11.2622 4.80933 32.0059 -57.9504
0.0475 11.2738 4.79133 32.3977 -57.4715
0.05 11.2854 4.7721 32.803 -56.9749
0.0525 11.2969 4.75164 33.2218 -56.4607
0.055 11.3082 4.72994 33.6541 -55.9293
0.0575 11.3195 4.707 34.1 -55.3809
0.06 11.3306 4.68284 34.5593 -54.8157
0.0625 11.3415 4.65744 35.0321 -54.2341
0.065 11.3524 4.63081 35.5183 -53.6365
0.0675 11.3631 4.60296 36.0178 -53.023
0.07 11.3737 4.57388 36.5306 -52.3942
0.0725 11.3841 4.54358 37.0565 -51.7503
0.075 11.3944 4.51206 37.5955 -51.0917
0.0775 11.4045 4.47932 38.1474 -50.419
0.08 11.4145 4.44537 38.7121 -49.7324
0.0825 11.4244 4.41021 39.2893 -49.0324
0.085 11.434 4.37385 39.8789 -48.3196
0.0875 11.4436 4.33629 40.4807 -47.5943
0.09 11.4529 4.29754 41.0944 -46.8571
0.0925 11.4621 4.2576 41.7198 -46.1086
0.095 11.4712 4.21647 42.3566 -45.3491
0.0975 11.48 4.17417 43.0044 -44.5794
0.1 11.4887 4.13071 43.663 -43.7998
0.1025 11.4972 4.08607 44.332 -43.0112
0.105 11.5056 4.04029 45.011 -42.2139
0.1075 11.5138 3.99335 45.6996 -41.4088
0.11 11.5218 3.94527 46.3974 -40.5963
0.1125 11.5296 3.89606 47.1039 -39.7771
0.115 11.5372 3.84573 47.8186 -38.9519
0.1175 11.5447 3.79429 48.541 -38.1213
0.12 11.5519 3.74174 49.2706 -37.286
0.1225 11.559 3.68809 50.0068 -36.4467
0.125 11.5659 3.63337 50.749 -35.6041
0.1275 11.5726 3.57758 51.4966 -34.7589
0.13 11.5791 3.52073 52.2489 -33.9117
0.1325 11.5854 3.46283 53.0053 -33.0633
0.135 11.5915 3.40392 53.765 -32.2143
0.1375 11.5975 3.34398 54.5274 -31.3654
0.14 11.6032 3.28306 55.2917 -30.5174
0.1425 11.6087 3.22115 56.0571 -29.6708
0.145 11.6141 3.15827 56.8229 -28.8264
0.1475 11.6192 3.09445 57.5881 -27.9849
0.15 11.6242 3.02969 58.352 -27.1467
0.1525 11.629 2.96401 59.1136 -26.3126
0.155 11.6336 2.89744 59.8722 -25.4832
0.1575 11.638 2.82999 60.6267 -24.659
0.16 11.6422 2.76169 61.3764 -23.8407
0.1625 11.6462 2.69254 62.1202 -23.0287
0.165 11.65 2.62258 62.8571 -22.2235
0.1675 11.6536 2.55182 63.5864 -21.4256
0.17 11.6571 2.48029 64.3069 -20.6355
0.1725 11.6604 2.40801 65.0177 -19.8536
0.175 11.6634 2.335 65.7178 -19.0801
0.1775 11.6664 2.26129 66.4062 -18.3155
0.18 11.6691 2.1869 67.082 -17.56
0.1825 11.6716 2.11185 67.7442 -16.8137
0.185 11.674 2.03617 68.3918 -16.0769
0.1875 11.6762 1.95988 69.0237 -15.3497
0.19 11.6783 1.88301 69.6391 -14.6322
0.1925 11.6801 1.80559 70.237 -13.9243
0.195 11.6818 1.72764 70.8164 -13.2261
0.1975 11.6834 1.64919 71.3764 -12.5374
0.2 11.6847 1.57026 71.9161 -11.8581
0.2025 11.6859 1.49089 72.4345 -11.1879
0.205 11.687 1.41109 72.9309 -10.5267
0.2075 11.6879 1.33091 73.4044 -9.87412
0.21 11.6887 1.25036 73.854 -9.22976
0.2125 11.6893 1.16947 74.2791 -8.59322
0.215 11.6898 1.08827 74.6789 -7.96406
0.2175 11.6901 1.0068 75.0526 -7.34178
0.22 11.6903 0.925065 75.3995 -6.72583
0.2225 11.6904 0.843106 75.719 -6.11567
0.225 11.6903 0.760947 76.0103 -5.5107
0.2275 11.6902 0.678612 76.273 -4.91034
0.23 11.6899 0.596128 76.5063 -4.314
0.2325 11.6896 0.513518 76.71 -3.72111
0.235 11.6891 0.430803 76.8833 -3.13112
0.2375 11.6886 0.348004 77.026 -2.54356
0.24 11.688 0.265138 77.1376 -1.95799
0.2425 11.6874 0.182221 77.218 -1.37405
0.245 11.6867 0.0992657 77.2667 -0.791452
0.2475 11.686 0.016287 77.2838 -0.209974
0.25 11.6853 -0.0667025 77.269 0.370571
0.2525 11.6845 -0.149692 77.2225 0.950352
0.255 11.6838 -0.232668 77.1444 1.52955
0.2575 11.683 -0.315619 77.0348 2.1084
0.26 11.6822 -0.398531 76.894 2.68719
0.2625 11.6813 -0.481389 76.7224 3.2663
0.265 11.6803 -0.56418 76.5204 3.84619
0.2675 11.6793 -0.646885 76.2884 4.42739
0.27 11.6782 -0.729485 76.027 5.01049
0.2725 11.677 -0.81196 75.7367 5.59614
0.275 11.6756 -0.894287 75.4181 6.185
0.2775 11.6742 -0.97644 75.0718 6.77774
0.28 11.6726 -1.05839 74.6986 7.37503
0.2825 11.6709 -1.14012 74.2991 7.97753
0.285 11.669 -1.22159 73.874 8.58585
0.2875 11.667 -1.30279 73.4242 9.20061
0.29 11.6649 -1.38367 72.9503 9.82234
0.2925 11.6626 -1.46422 72.4533 10.4516
0.295 11.6602 -1.5444 71.9339 11.0887
0.2975 11.6577 -1.62419 71.393 11.7342
0.3 11.6549 -1.70356 70.8315 12.3885
0.3025 11.6521 -1.78248 70.2504 13.0517
0.305 11.6491 -1.86092 69.6504 13.7242
0.3075 11.6459 -1.93887 69.0326 14.406
0.31 11.6426 -2.01628 68.3978 15.0975
0.3125 11.6391 -2.09315 67.7471 15.7985
0.315 11.6354 -2.16943 67.0815 16.5092
0.3175 11.6316 -2.24512 66.4018 17.2295
0.32 11.6277 -2.32017 65.709 17.9594
0.3225 11.6236 -2.39458 65.0042 18.6986
0.325 11.6193 -2.46831 64.2883 19.4471
0.3275 11.6149 -2.54134 63.5623 20.2045
0.33 11.6103 -2.61365 62.8272 20.9706
0.3325 11.6055 -2.68522 62.0838 21.7451
0.335 11.6006 -2.75601 61.3332 22.5277
0.3375 11.5955 -2.82602 60.5763 23.3178
0.34 11.5903 -2.89522 59.8141 24.1152
0.3425 11.5849 -2.96359 59.0474 24.9193
0.345 11.5793 -3.03111 58.2771 25.7295
0.3475 11.5736 -3.09776 57.5042 26.5455
0.35 11.5677 -3.16353 56.7295 27.3666
0.3525 11.5616 -3.2284 55.9539 28.1923
0.355 11.5554 -3.29235 55.1781 29.0219
0.3575 11.549 -3.35536 54.4031 29.8549
0.36 11.5424 -3.41742 53.6294 30.6907
0.3625 11.5357 -3.47851 52.8581 31.5285
0.365 11.5288 -3.53862 52.0896 32.3678
0.3675 11.5217 -3.59774 51.3249 33.2079
0.37 11.5145 -3.65584 50.5645 34.0481
0.3725 11.5071 -3.71291 49.8091 34.8878
0.375 11.4995 -3.76895 49.0594 35.7263
0.3775 11.4918 -3.82393 48.3159 36.5628
0.38 11.4839 -3.87785 47.5792 37.3968
0.3825 11.4759 -3.9307 46.85 38.2276
0.385 11.4677 -3.98246 46.1286 39.0544
0.3875 11.4593 -4.03312 45.4157 39.8767
0.39 11.4508 -4.08267 44.7116 40.6937
0.3925 11.4421 -4.13111 44.0169 41.5049
0.395 11.4333 -4.17843 43.332 42.3096
0.3975 11.4243 -4.22462 42.6572 43.1071
0.4 11.4152 -4.26967 41.9929 43.8968
0.4025 11.406 -4.31358 41.3395 44.6782
0.405 11.3966 -4.35634 40.6973 45.4507
0.4075 11.387 -4.39794 40.0667 46.2136
0.41 11.3773 -4.43837 39.4478 46.9665
0.4125 11.3675 -4.47764 38.8409 47.7088
0.415 11.3576 -4.51574 38.2464 48.4399
0.4175 11.3475 -4.55266 37.6643 49.1593
0.42 11.3372 -4.58839 37.0949 49.8667
0.4225 11.3269 -4.62294 36.5383 50.5614
0.425 11.3164 -4.65629 35.9947 51.243
0.4275 11.3058 -4.68845 35.4643 51.9111
0.43 11.2951 -4.71942 34.9471 52.5653
0.4325 11.2843 -4.74918 34.4432 53.2051
0.435 11.2733 -4.77773 33.9528 53.8302
0.4375 11.2623 -4.80509 33.4759 54.4401
0.44 11.2511 -4.83123 33.0125 55.0346
0.4425 11.2398 -4.85616 32.5626 55.6133
0.445 11.2284 -4.87988 32.1264 56.1759
0.4475 11.217 -4.90239 31.7038 56.722
0.45 11.2054 -4.92369 31.2947 57.2515
0.4525 11.1938 -4.94377 30.8992 57.7639
0.455 11.182 -4.96264 30.5173 58.2591
0.4575 11.1702 -4.98029 30.1489 58.7369
0.46 11.1583 -4.99673 29.7939 59.1969
0.4625 11.1463 -5.01195 29.4523 59.6391
0.465 11.1342 -5.02596 29.124 60.0632
0.4675 11.1221 -5.03876 28.809 60.469
0.47 11.1099 -5.05034 28.5071 60.8563
0.4725 11.0976 -5.06071 28.2182 61.2251
0.475 11.0853 -5.06987 27.9423 61.5752
0.4775 11.0729 -5.07783 27.6792 61.9064
0.48 11.0605 -5.08457 27.4288 62.2187
0.4825 11.048 -5.09011 27.191 62.5119
0.485 11.0354 -5.09445 26.9656 62.786
0.4875 11.0229 -5.09758 26.7525 63.0409
0.49 11.0102 -5.09951 26.5517 63.2765
0.4925 10.9976 -5.10025 26.3628 63.4927
0.495 10.9849 -5.09978 26.1858 63.6896
0.4975 10.9722 -5.09813 26.0205 63.8671
0.5 10.9594 -5.09529 25.8668 64.0252
0.5025 10.9467 -5.09125 25.7245 64.1638
0.505 10.9339 -5.08604 25.5934 64.2829
0.5075 10.9211 -5.07964 25.4734 64.3826
0.51 10.9083 -5.07206 25.3642 64.4629
0.5125 10.8955 -5.06332 25.2658 64.5237
0.515 10.8827 -5.0534 25.1778 64.5652
0.5175 10.8699 -5.04231 25.1003 64.5872
0.52 10.8571 -5.03007 25.0329 64.59
0.5225 10.8444 -5.01666 24.9755 64.5735
0.525 10.8316 -5.00211 24.9279 64.5377
0.5275 10.8189 -4.9864 24.8899 64.4828
0.53 10.8062 -4.96956 24.8613 64.4088
0.5325 10.7935 -4.95157 24.842 64.3158
0.535 10.7809 -4.93245 24.8317 64.2039
0.5375 10.7683 -4.91221 24.8303 64.073
0.54 10.7557 -4.89084 24.8375 63.9234
0.5425 10.7432 -4.86836 24.8532 63.7552
0.545 10.7308 -4.84477 24.8772 63.5683
0.5475 10.7184 -4.82008 24.9093 63.363
0.55 10.706 -4.79429 24.9492 63.1393
0.5525 10.6938 -4.76741 24.9969 62.8974
0.555 10.6816 -4.73945 25.052 62.6373
0.5575 10.6695 -4.71042 25.1145 62.3592
0.56 10.6574 -4.68031 25.184 62.0632
0.5625 10.6455 -4.64915 25.2604 61.7494
0.565 10.6336 -4.61693 25.3436 61.418
0.5675 10.6218 -4.58367 25.4332 61.0691
0.57 10.6102 -4.54938 25.5292 60.7028
0.5725 10.5986 -4.51405 25.6312 60.3194
0.575 10.5871 -4.47771 25.7392 59.9188
0.5775 10.5758 -4.44036 25.8529 59.5014
0.58 10.5646 -4.402 25.972 59.0672
0.5825 10.5535 -4.36266 26.0965 58.6164
0.585 10.5425 -4.32233 26.2261 58.1491
0.5875 10.5316 -4.28103 26.3605 57.6655
0.59 10.5209 -4.23877 26.4997 57.1658
0.5925 10.5103 -4.19555 26.6433 56.6502
0.595 10.4999 -4.1514 26.7912 56.1188
0.5975 10.4896 -4.10631 26.9432 55.5718
0.6 10.4794 -4.06031 27.0991 55.0093
0.6025 10.4694 -4.01339 27.2587 54.4316
0.605 10.4596 -3.96558 27.4216 53.8388
0.6075 10.4499 -3.91689 27.5879 53.2311
0.61 10.4404 -3.86732 27.7572 52.6088
0.6125 10.431 -3.81689 27.9293 51.9719
0.615 10.4219 -3.7656 28.104 51.3207
0.6175 10.4129 -3.71349 28.2811 50.6554
0.62 10.4041 -3.66054 28.4604 49.9761
0.6225 10.3954 -3.60679 28.6417 49.2832
0.625 10.387 -3.55223 28.8248 48.5767
0.6275 10.3787 -3.4969 29.0094 47.8569
0.63 10.3706 -3.44078 29.1953 47.1239
0.6325 10.3627 -3.38392 29.3824 46.3781
0.635 10.355 -3.3263 29.5703 45.6196
0.6375 10.3475 -3.26796 29.759 44.8486
0.64 10.3402 -3.2089 29.948 44.0654
0.6425 10.3331 -3.14914 30.1374 43.2701
0.645 10.3263 -3.08869 30.3267 42.4631
0.6475 10.3196 -3.02757 30.5158 41.6444
0.65 10.3131 -2.96579 30.7045 40.8144
0.6525 10.3068 -2.90337 30.8926 39.9732
0.655 10.3008 -2.84032 31.0798 39.1212
0.6575 10.2949 -2.77666 31.2658 38.2584
0.66 10.2893 -2.71241 31.4506 37.3853
0.6625 10.2839 -2.64757 31.6338 36.502
0.665 10.2787 -2.58217 31.8153 35.6087
0.6675 10.2737 -2.51623 31.9948 34.7057
0.67 10.269 -2.44975 32.1721 33.7933
0.6725 10.2644 -2.38275 32.347 32.8717
0.675 10.2601 -2.31526 32.5192 31.9411
0.6775 10.256 -2.24729 32.6886 31.0018
0.68 10.2521 -2.17884 32.855 30.0541
0.6825 10.2484 -2.10995 33.018 29.0982
0.685 10.2449 -2.04063 33.1776 28.1344
0.6875 10.2417 -1.9709 33.3335 27.1629
0.69 10.2386 -1.90076 33.4855 26.184
0.6925 10.2358 -1.83025 33.6335 25.198
0.695 10.2332 -1.75937 33.7771 24.2052
0.6975 10.2308 -1.68815 33.9163 23.2057
0.7 10.2286 -1.6166 34.0508 22.2
0.7025 10.2265 -1.54474 34.1805 21.1882
0.705 10.2247 -1.47259 34.3052 20.1706
0.7075 10.2231 -1.40016 34.4247 19.1476
0.71 10.2217 -1.32748 34.5389 18.1194
0.7125 10.2205 -1.25455 34.6476 17.0862
0.715 10.2194 -1.18141 34.7507 16.0484
0.7175 10.2185 -1.10805 34.8479 15.0063
0.72 10.2178 -1.03451 34.9393 13.9601
0.7225 10.2173 -0.960806 35.0245 12.9101
0.725 10.2169 -0.886946 35.1037 11.8567
0.7275 10.2166 -0.81295 35.1765 10.8
0.73 10.2165 -0.738836 35.243 9.74047
0.7325 10.2166 -0.664621 35.303 8.67833
0.735 10.2167 -0.590321 35.3565 7.61387
0.7375 10.217 -0.515952 35.4034 6.54739
0.74 10.2174 -0.441528 35.4436 5.47919
0.7425 10.2179 -0.367066 35.477 4.40956
0.745 10.2184 -0.292578 35.5037 3.3388
0.7475 10.219 -0.218075 35.5236 2.26722
0.75 10.2196 -0.143564 35.5366 1.19509
0.7525 10.2202 -0.06905 35.5429 0.122734
0.755 10.2209 0.00546788 35.5422 -0.949565
0.7575 10.2216 0.0799918 35.5348 -2.0215
0.76 10.2223 0.154517 35.5205 -3.09279
0.7625 10.2231 0.229036 35.4995 -4.16312
0.765 10.2239 0.303537 35.4717 -5.2322
0.7675 10.2248 0.378005 35.4373 -6.29973
0.77 10.2259 0.452426 35.3963 -7.36542
0.7725 10.227 0.526784 35.3486 -8.42897
0.775 10.2283 0.601061 35.2946 -9.49009
0.7775 10.2297 0.675242 35.2341 -10.5485
0.78 10.2313 0.749309 35.1674 -11.6039
0.7825 10.233 0.823245 35.0945 -12.6559
0.785 10.2349 0.897031 35.0156 -13.7044
0.7875 10.2369 0.970651 34.9308 -14.7489
0.79 10.2391 1.04409 34.8401 -15.7893
0.7925 10.2415 1.11732 34.7438 -16.8252
0.795 10.2441 1.19033 34.6421 -17.8564
0.7975 10.2469 1.26311 34.5349 -18.8825
0.8 10.2498 1.33562 34.4227 -19.9033
0.8025 10.253 1.40787 34.3054 -20.9185
0.805 10.2563 1.47982 34.1832 -21.9278
0.8075 10.2599 1.55146 34.0564 -22.9309
0.81 10.2636 1.62277 33.9252 -23.9276
0.8125 10.2676 1.69373 33.7897 -24.9176
0.815 10.2717 1.76433 33.6501 -25.9007
0.8175 10.2761 1.83455 33.5066 -26.8764
0.82 10.2807 1.90437 33.3595 -27.8447
0.8225 10.2855 1.97377 33.2089 -28.8052
0.825 10.2905 2.04274 33.055 -29.7576
0.8275 10.2957 2.11125 32.8981 -30.7017
0.83 10.3011 2.1793 32.7383 -31.6373
0.8325 10.3068 2.24686 32.576 -32.564
0.835 10.3126 2.31391 32.4112 -33.4817
0.8375 10.3187 2.38044 32.2443 -34.39
0.84 10.325 2.44644 32.0754 -35.2887
0.8425 10.3315 2.51188 31.9048 -36.1776
0.845 10.3382 2.57675 31.7326 -37.0565
0.8475 10.3451 2.64104 31.5592 -37.925
0.85 10.3522 2.70472 31.3848 -38.783
0.8525 10.3595 2.76778 31.2095 -39.6301
0.855 10.367 2.83021 31.0335 -40.4663
0.8575 10.3747 2.89199 30.8573 -41.2911
0.86 10.3827 2.9531 30.6808 -42.1045
0.8625 10.3908 3.01352 30.5044 -42.9061
0.865 10.3991 3.07326 30.3283 -43.6958
0.8675 10.4076 3.13227 30.1527 -44.4733
0.87 10.4163 3.19057 29.9779 -45.2385
0.8725 10.4252 3.24812 29.804 -45.991
0.875 10.4343 3.30491 29.6313 -46.7306
0.8775 10.4435 3.36093 29.46 -47.4572
0.88 10.453 3.41617 29.2903 -48.1706
0.8825 10.4626 3.47061 29.1225 -48.8705
0.885 10.4724 3.52424 28.9567 -49.5567
0.8875 10.4823 3.57704 28.7932 -50.229
0.89 10.4925 3.629 28.6322 -50.8873
0.8925 10.5027 3.68011 28.4739 -51.5312
0.895 10.5132 3.73036 28.3185 -52.1607
0.8975 10.5238 3.77973 28.1663 -52.7755
0.9 10.5345 3.82821 28.0174 -53.3755
0.9025 10.5454 3.87578 27.8721 -53.9604
0.905 10.5565 3.92244 27.7305 -54.53
0.9075 10.5676 3.96818 27.593 -55.0842
0.91 10.5789 4.01298 27.4596 -55.6228
0.9125 10.5904 4.05683 27.3307 -56.1457
0.915 10.6019 4.09972 27.2063 -56.6525
0.9175 10.6136 4.14164 27.0868 -57.1432
0.92 10.6254 4.18257 26.9724 -57.6177
0.9225 10.6374 4.22252 26.8631 -58.0756
0.925 10.6494 4.26146 26.7593 -58.5169
0.9275 10.6615 4.2994 26.6612 -58.9414
0.93 10.6738 4.33631 26.5689 -59.349
0.9325 10.6861 4.37218 26.4827 -59.7394
0.935 10.6985 4.40702 26.4028 -60.1126
0.9375 10.711 4.44081 26.3293 -60.4684
0.94 10.7236 4.47354 26.2625 -60.8066
0.9425 10.7362 4.50521 26.2026 -61.1271
0.945 10.7489 4.5358 26.1497 -61.4298
0.9475 10.7617 4.5653 26.1041 -61.7145
0.95 10.7746 4.59372 26.066 -61.9811
0.9525 10.7875 4.62103 26.0356 -62.2294
0.955 10.8005 4.64725 26.0131 -62.4594
0.9575 10.8135 4.67234 25.9986 -62.671
0.96 10.8265 4.69632 25.9924 -62.864
0.9625 10.8396 4.71917 25.9947 -63.0383
0.965 10.8527 4.74089 26.0056 -63.1937
0.9675 10.8659 4.76146 26.0254 -63.3303
0.97 10.879 4.7809 26.0543 -63.448
0.9725 10.8922 4.79917 26.0924 -63.5465
0.975 10.9054 4.8163 26.14 -63.6258
0.9775 10.9186 4.83226 26.1972 -63.686
0.98 10.9318 4.84705 26.2642 -63.7268
0.9825 10.945 4.86067 26.3412 -63.7482
0.985 10.9582 4.87311 26.4284 -63.7502
0.9875 10.9714 4.88437 26.526 -63.7327
0.99 10.9846 4.89444 26.6342 -63.6957
0.9925 10.9978 4.90332 26.7531 -63.6391
0.995 11.0109 4.911 26.8829 -63.5629
0.9975 11.024 4.91749 27.0237 -63.4671
1 11.0371 4.92278 27.1428 -63.3614
