0 19.9452 1.69546 18.465 18.5384 -20.9577
0.0025 19.5918 1.64114 18.1451 18.5027 -20.6555
0.005 19.2496 1.58867 17.8355 18.4673 -20.3549
0.0075 18.9181 1.53797 17.5358 18.4323 -20.0576
0.01 18.5971 1.48898 17.2457 18.398 -19.7635
0.0125 18.2862 1.44164 16.9648 18.3642 -19.4725
0.015 17.985 1.3959 16.6928 18.331 -19.1846
0.0175 17.6932 1.35169 16.4293 18.2985 -18.8997
0.02 17.4105 1.30896 16.1742 18.2667 -18.6176
0.0225 17.1366 1.26765 15.9272 18.2357 -18.3384
0.025 16.8713 1.22771 15.6879 18.2054 -18.0618
0.0275 16.6141 1.18909 15.456 18.1758 -17.7879
0.03 16.365 1.15174 15.2315 18.1471 -17.5166
0.0325 16.1235 1.11561 15.014 18.1191 -17.2476
0.035 15.8895 1.08065 14.8032 18.092 -16.981
0.0375 15.6626 1.04681 14.599 18.0658 -16.7166
0.04 15.4428 1.01406 14.4012 18.0404 -16.4544
0.0425 15.2297 0.982352 14.2096 18.0159 -16.1942
0.045 15.0232 0.951644 14.0238 17.9923 -15.936
0.0475 14.823 0.921897 13.8439 17.9696 -15.6796
0.05 14.6289 0.893075 13.6696 17.9478 -15.4249
0.0525 14.4408 0.86514 13.5006 17.9269 -15.1719
0.055 14.2585 0.838058 13.3369 17.907 -14.9204
0.0575 14.0817 0.811795 13.1783 17.888 -14.6704
0.06 13.9104 0.786319 13.0247 17.87 -14.4216
0.0625 13.7443 0.7616 12.8758 17.8529 -14.1741
0.065 13.5833 0.737607 12.7316 17.8368 -13.9278
0.0675 13.4272 0.714311 12.5919 17.8217 -13.6824
0.07 13.276 0.691687 12.4566 17.8076 -13.438
0.0725 13.1294 0.669706 12.3256 17.7944 -13.1944
0.075 12.9874 0.648345 12.1987 17.7822 -12.9515
0.0775 12.8498 0.627579 12.0758 17.7711 -12.7093
0.08 12.7164 0.607385 11.9569 17.7609 -12.4676
0.0825 12.5872 0.587742 11.8417 17.7517 -12.2263
0.085 12.4621 0.568628 11.7303 17.7436 -11.9854
0.0875 12.3408 0.550023 11.6225 17.7364 -11.7448
0.09 12.2235 0.531908 11.5182 17.7303 -11.5044
0.0925 12.1098 0.514264 11.4173 17.7251 -11.2641
0.095 11.9998 0.497075 11.3197 17.721 -11.0238
0.0975 11.8933 0.480324 11.2254 17.7179 -10.7836
0.1 11.7902 0.463994 11.1342 17.7158 -10.5432
0.1025 11.6905 0.448072 11.0462 17.7147 -10.3028
0.105 11.5941 0.432542 10.9611 17.7146 -10.0622
0.1075 11.5009 0.417392 10.879 17.7155 -9.82137
0.11 11.4108 0.402608 10.7997 17.7174 -9.58036
0.1125 11.3237 0.388178 10.7233 17.7203 -9.33913
0.115 11.2396 0.374092 10.6495 17.7242 -9.09767
0.1175 11.1583 0.360337 10.5785 17.7291 -8.85602
0.12 11.0799 0.346905 10.51 17.7349 -8.61418
0.1225 11.0042 0.333786 10.444 17.7416 -8.37223
0.125 10.9313 0.32097 10.3805 17.7493 -8.13021
0.1275 10.8609 0.308449 10.3195 17.758 -7.8882
0.13 10.7931 0.296216 10.2607 17.7675 -7.64631
0.1325 10.7278 0.284263 10.2043 17.7779 -7.40466
0.135 10.665 0.272583 10.1501 17.7892 -7.16338
0.1375 10.6046 0.26117 10.0981 17.8013 -6.92263
0.14 10.5465 0.250019 10.0483 17.8143 -6.68258
0.1425 10.4906 0.239123 10.0005 17.828 -6.44344
0.145 10.437 0.228478 9.95472 17.8425 -6.20541
0.1475 10.3856 0.218079 9.91093 17.8578 -5.96874
0.15 10.3363 0.207923 9.86906 17.8737 -5.73365
0.1525 10.2891 0.198004 9.82905 17.8903 -5.50043
0.155 10.2439 0.18832 9.79087 17.9076 -5.26933
0.1575 10.2007 0.178867 9.75446 17.9254 -5.04065
0.16 10.1594 0.169643 9.71977 17.9437 -4.81466
0.1625 10.12 0.160646 9.68675 17.9626 -4.59165
0.165 10.0825 0.151872 9.65536 17.9819 -4.37191
0.1675 10.0468 0.14332 9.62554 18.0016 -4.15572
0.17 10.0128 0.134987 9.59725 18.0217 -3.94335
0.1725 9.98054 0.126874 9.57044 18.042 -3.73505
0.175 9.94995 0.118978 9.54506 18.0626 -3.53108
0.1775 9.92099 0.111298 9.52107 18.0834 -3.33166
0.18 9.89362 0.103834 9.49842 18.1044 -3.137
0.1825 9.86779 0.0965844 9.47708 18.1254 -2.94728
0.185 9.84347 0.0895498 9.45698 18.1464 -2.76265
0.1875 9.82061 0.0827297 9.4381 18.1674 -2.58327
0.19 9.79918 0.0761244 9.42038 18.1882 -2.40923
0.1925 9.77912 0.069734 9.40378 18.2089 -2.24063
0.195 9.76041 0.0635592 9.38827 18.2294 -2.07752
0.1975 9.743 0.0576007 9.37379 18.2495 -1.91995
0.2 9.72685 0.0518596 9.36031 18.2693 -1.76793
0.2025 9.71193 0.0463371 9.3478 18.2886 -1.62143
0.205 9.69818 0.0410349 9.3362 18.3075 -1.48042
0.2075 9.68557 0.035955 9.32548 18.3258 -1.34482
0.21 9.67405 0.0310997 9.3156 18.3434 -1.21452
0.2125 9.6636 0.026472 9.30652 18.3604 -1.08937
0.215 9.65416 0.0220754 9.2982 18.3765 -0.969174
0.2175 9.64569 0.0179142 9.29061 18.3919 -0.8537
0.22 9.63815 0.0139932 9.28371 18.4063 -0.742681
0.2225 9.6315 0.0103176 9.27745 18.4197 -0.635852
0.225 9.62569 0.0068923 9.2718 18.4321 -0.533015
0.2275 9.6207 0.00372081 9.26672 18.4433 -0.434144
0.23 9.61646 0.000803399 9.26217 18.4534 -0.339539
0.2325 9.61296 -0.001866 9.25812 18.4621 -0.250039
0.235 9.61014 -0.00430274 9.25453 18.4695 -0.167251
0.2375 9.60798 -0.00653709 9.25139 18.4756 -0.0937465
0.24 9.60642 -0.00861533 9.2487 18.4803 -0.0330724
0.2425 9.60542 -0.0106057 9.24649 18.4836 0.0106536
0.245 9.60487 -0.0125841 9.24481 18.4857 0.0340422
0.2475 9.60467 -0.0146296 9.24374 18.4867 0.0372347
0.25 9.60464 -0.0167448 9.24338 18.4867 0.0271814
0.2525 9.60466 -0.0188607 9.24374 18.4859 0.0171351
0.255 9.60485 -0.0209081 9.24481 18.4843 0.0203406
0.2575 9.60538 -0.0228889 9.24649 18.4816 0.043737
0.26 9.60637 -0.024882 9.2487 18.4777 0.0874644
0.2625 9.60791 -0.0269634 9.25139 18.4726 0.148138
0.265 9.61006 -0.0292021 9.25453 18.4661 0.221641
0.2675 9.61285 -0.0316448 9.25812 18.4582 0.304427
0.27 9.61633 -0.0343222 9.26217 18.449 0.393927
0.2725 9.62054 -0.0372499 9.26672 18.4384 0.488531
0.275 9.62552 -0.0404343 9.2718 18.4266 0.587403
0.2775 9.63129 -0.0438754 9.27745 18.4136 0.690239
0.28 9.63792 -0.0475698 9.28371 18.3995 0.797068
0.2825 9.64543 -0.0515128 9.29061 18.3844 0.908088
0.285 9.65387 -0.0556994 9.2982 18.3683 1.02356
0.2875 9.66327 -0.0601247 9.30652 18.3514 1.14376
0.29 9.6737 -0.0647849 9.3156 18.3336 1.2689
0.2925 9.68517 -0.0696763 9.32548 18.3151 1.3992
0.295 9.69775 -0.0747963 9.3362 18.296 1.53481
0.2975 9.71146 -0.0801425 9.3478 18.2762 1.67582
0.3 9.72634 -0.0857131 9.36031 18.2558 1.82231
0.3025 9.74245 -0.0915067 9.37379 18.2351 1.97434
0.305 9.75982 -0.0975221 9.38827 18.2138 2.13191
0.3075 9.77848 -0.103758 9.40378 18.1923 2.29502
0.31 9.79849 -0.110215 9.42038 18.1705 2.46362
0.3125 9.81988 -0.116891 9.4381 18.1484 2.63766
0.315 9.84269 -0.123787 9.45698 18.1262 2.81704
0.3175 9.86696 -0.130903 9.47708 18.104 3.00166
0.32 9.89273 -0.138238 9.49842 18.0817 3.19139
0.3225 9.92005 -0.145794 9.52107 18.0594 3.38605
0.325 9.94896 -0.153571 9.54506 18.0373 3.58547
0.3275 9.97949 -0.16157 9.57044 18.0152 3.78944
0.33 10.0117 -0.169792 9.59725 17.9935 3.99773
0.3325 10.0456 -0.178239 9.62554 17.9719 4.21011
0.335 10.0813 -0.186912 9.65536 17.9507 4.4263
0.3375 10.1187 -0.195813 9.68675 17.9299 4.64604
0.34 10.1581 -0.204944 9.71977 17.9095 4.86905
0.3425 10.1993 -0.214308 9.75446 17.8896 5.09504
0.345 10.2424 -0.223907 9.79087 17.8702 5.32372
0.3475 10.2875 -0.233744 9.82905 17.8514 5.55482
0.35 10.3347 -0.243824 9.86906 17.8332 5.78804
0.3525 10.3839 -0.254148 9.91093 17.8156 6.02312
0.355 10.4352 -0.264722 9.95472 17.7988 6.2598
0.3575 10.4888 -0.275549 10.0005 17.7826 6.49783
0.36 10.5445 -0.286635 10.0483 17.7672 6.73697
0.3625 10.6026 -0.297985 10.0981 17.7526 6.97702
0.365 10.6629 -0.309604 10.1501 17.7388 7.21777
0.3675 10.7257 -0.321498 10.2043 17.7259 7.45905
0.37 10.7909 -0.333674 10.2607 17.7138 7.7007
0.3725 10.8586 -0.346139 10.3195 17.7026 7.94259
0.375 10.9288 -0.3589 10.3805 17.6923 8.18459
0.3775 11.0017 -0.371965 10.444 17.6829 8.42661
0.38 11.0773 -0.385343 10.51 17.6745 8.66857
0.3825 11.1556 -0.399043 10.5785 17.667 8.9104
0.385 11.2367 -0.413075 10.6495 17.6605 9.15206
0.3875 11.3208 -0.427449 10.7233 17.6549 9.39352
0.39 11.4077 -0.442176 10.7997 17.6504 9.63475
0.3925 11.4978 -0.457268 10.879 17.6468 9.87576
0.395 11.5909 -0.472737 10.9611 17.6442 10.1166
0.3975 11.6872 -0.488596 11.0462 17.6426 10.3572
0.4 11.7868 -0.50486 11.1342 17.6421 10.5976
0.4025 11.8897 -0.521541 11.2254 17.6425 10.8379
0.405 11.9961 -0.538656 11.3197 17.644 11.0782
0.4075 12.106 -0.556222 11.4173 17.6464 11.3185
0.41 12.2195 -0.574253 11.5182 17.6499 11.5588
0.4125 12.3368 -0.592769 11.6225 17.6544 11.7992
0.415 12.4578 -0.611789 11.7303 17.6599 12.0398
0.4175 12.5829 -0.63133 11.8417 17.6664 12.2807
0.42 12.7119 -0.651415 11.9569 17.6739 12.5219
0.4225 12.8451 -0.672064 12.0758 17.6824 12.7636
0.425 12.9826 -0.6933 12.1987 17.6918 13.0059
0.4275 13.1245 -0.715146 12.3256 17.7023 13.2488
0.43 13.2709 -0.737626 12.4566 17.7138 13.4924
0.4325 13.422 -0.760767 12.5919 17.7263 13.7368
0.435 13.5779 -0.784595 12.7316 17.7397 13.9821
0.4375 13.7387 -0.809137 12.8758 17.7541 14.2285
0.44 13.9046 -0.834423 13.0247 17.7694 14.476
0.4425 14.0758 -0.860483 13.1783 17.7857 14.7247
0.445 14.2523 -0.887348 13.3369 17.803 14.9748
0.4475 14.4345 -0.915051 13.5006 17.8212 15.2263
0.45 14.6224 -0.943627 13.6696 17.8403 15.4793
0.4525 14.8163 -0.973111 13.8439 17.8603 15.734
0.455 15.0162 -1.00354 14.0238 17.8812 15.9904
0.4575 15.2226 -1.03495 14.2096 17.903 16.2486
0.46 15.4354 -1.06739 14.4012 17.9258 16.5088
0.4625 15.655 -1.10088 14.599 17.9493 16.771
0.465 15.8816 -1.13549 14.8032 17.9737 17.0354
0.4675 16.1153 -1.17125 15.014 17.999 17.302
0.47 16.3566 -1.2082 15.2315 18.0251 17.5709
0.4725 16.6055 -1.2464 15.456 18.0519 17.8423
0.475 16.8623 -1.2859 15.6879 18.0796 18.1162
0.4775 17.1274 -1.32674 15.9272 18.108 18.3928
0.48 17.401 -1.36898 16.1742 18.1371 18.672
0.4825 17.6834 -1.41267 16.4293 18.1669 18.954
0.485 17.9748 -1.45787 16.6928 18.1975 19.239
0.4875 18.2757 -1.50464 16.9648 18.2286 19.5269
0.49 18.5863 -1.55303 17.2457 18.2604 19.8179
0.4925 18.907 -1.60311 17.5358 18.2927 20.112
0.495 19.2381 -1.65493 17.8355 18.3256 20.4093
0.4975 19.5799 -1.70857 18.1451 18.3589 20.7099
0.5 19.9329 -1.76408 18.465 18.3927 21.0138
0.5025 20.2975 -1.82154 18.7954 18.4269 21.3212
0.505 20.6739 -1.88101 19.1369 18.4614 21.632
0.5075 21.0627 -1.94256 19.4897 18.4961 21.9464
0.51 21.4643 -2.00625 19.8543 18.5311 22.2643
0.5125 21.8791 -2.07217 20.2311 18.5662 22.5859
0.515 22.3075 -2.14036 20.6206 18.6013 22.9111
0.5175 22.75 -2.21092 21.0232 18.6364 23.24
0.52 23.2071 -2.2839 21.4394 18.6713 23.5726
0.5225 23.6793 -2.35938 21.8697 18.706 23.909
0.525 24.167 -2.43741 22.3145 18.7404 24.2491
0.5275 24.6708 -2.51808 22.7744 18.7743 24.5929
0.53 25.1912 -2.60143 23.2499 18.8076 24.9404
0.5325 25.7288 -2.68754 23.7416 18.8402 25.2917
0.535 26.284 -2.77644 24.25 18.8719 25.6465
0.5375 26.8574 -2.86821 24.7757 18.9025 26.005
0.54 27.4496 -2.96288 25.3193 18.932 26.367
0.5425 28.061 -3.0605 25.8813 18.96 26.7324
0.545 28.6924 -3.1611 26.4625 18.9865 27.1012
0.5475 29.3442 -3.26469 27.0634 19.0112 27.4733
0.55 30.017 -3.3713 27.6846 19.0338 27.8484
0.5525 30.7114 -3.48093 28.3269 19.0542 28.2265
0.555 31.4279 -3.59357 28.9908 19.072 28.6073
0.5575 32.167 -3.70919 29.677 19.0871 28.9907
0.56 32.9293 -3.82775 30.3862 19.0991 29.3764
0.5625 33.7153 -3.94919 31.1189 19.1077 29.7641
0.565 34.5254 -4.07344 31.876 19.1126 30.1537
0.5675 35.3602 -4.20039 32.6579 19.1134 30.5447
0.57 36.22 -4.32992 33.4654 19.1099 30.9368
0.5725 37.1054 -4.46186 34.2991 19.1015 31.3296
0.575 38.0165 -4.59605 35.1594 19.0879 31.7227
0.5775 38.9537 -4.73227 36.0471 19.0687 32.1156
0.58 39.9173 -4.87025 36.9626 19.0434 32.5078
0.5825 40.9075 -5.00973 37.9064 19.0116 32.8988
0.585 41.9243 -5.15038 38.879 18.9728 33.2879
0.5875 42.9677 -5.29182 39.8807 18.9265 33.6745
0.59 44.0379 -5.43365 40.9119 18.8722 34.0579
0.5925 45.1345 -5.5754 41.9728 18.8094 34.4373
0.595 46.2573 -5.71658 43.0636 18.7375 34.812
0.5975 47.4061 -5.85662 44.1843 18.6559 35.1809
0.6 48.5801 -5.99491 45.3349 18.5642 35.5432
0.6025 49.779 -6.1308 46.5153 18.4617 35.8979
0.605 51.0019 -6.26357 47.7252 18.3479 36.2439
0.6075 52.2478 -6.39245 48.9641 18.2222 36.5801
0.61 53.5158 -6.51664 50.2314 18.084 36.9053
0.6125 54.8045 -6.63526 51.5265 17.9327 37.2181
0.615 56.1127 -6.74741 52.8483 17.7679 37.5173
0.6175 57.4387 -6.85213 54.1957 17.589 37.8014
0.62 58.7807 -6.94844 55.5674 17.3956 38.069
0.6225 60.137 -7.03533 56.9619 17.187 38.3185
0.625 61.5052 -7.11177 58.3773 16.963 38.5483
0.6275 62.8833 -7.1767 59.8117 16.7231 38.7566
0.63 64.2686 -7.22909 61.2627 16.4671 38.9419
0.6325 65.6586 -7.2679 62.7279 16.1947 39.1022
0.635 67.0505 -7.29215 64.2045 15.9057 39.2357
0.6375 68.4414 -7.30086 65.6895 15.6 39.3406
0.64 69.8281 -7.29315 67.1796 15.2776 39.4149
0.6425 71.2075 -7.2682 68.6714 14.9386 39.4568
0.645 72.5764 -7.22529 70.1611 14.5832 39.4641
0.6475 73.9313 -7.16382 71.6448 14.2118 39.4351
0.65 75.2689 -7.08331 73.1185 13.8248 39.3677
0.6525 76.5858 -6.98345 74.5778 13.4226 39.26
0.655 77.8785 -6.86411 76.0185 13.0061 39.1102
0.6575 79.1438 -6.72532 77.436 12.5761 38.9164
0.66 80.3782 -6.56732 78.826 12.1334 38.6769
0.6625 81.5786 -6.39057 80.1839 11.6793 38.3901
0.665 82.742 -6.19575 81.5054 11.2148 38.0543
0.6675 83.8656 -5.98376 82.7862 10.7413 37.6681
0.67 84.9467 -5.75572 84.0221 10.2603 37.2304
0.6725 85.9828 -5.51298 85.2094 9.77332 36.7399
0.675 86.9719 -5.25708 86.3445 9.28196 36.1957
0.6775 87.912 -4.98979 87.4242 8.78796 35.597
0.68 88.8018 -4.71302 88.4456 8.29308 34.9434
0.6825 89.64 -4.42886 89.4065 7.79911 34.2344
0.685 90.4258 -4.1395 90.3049 7.30791 33.4699
0.6875 91.1587 -3.84724 91.1397 6.82131 32.65
0.69 91.8387 -3.55442 91.9099 6.34112 31.7751
0.6925 92.4659 -3.26341 92.6154 5.86914 30.8457
0.695 93.0412 -2.97654 93.2567 5.4071 29.8627
0.6975 93.5655 -2.69609 93.8346 4.95667 28.8269
0.7 94.0402 -2.42424 94.3506 4.51944 27.7395
0.7025 94.4669 -2.16303 94.8069 4.09688 26.6019
0.705 94.8477 -1.91434 95.206 3.69037 25.4153
0.7075 95.1849 -1.67985 95.5507 3.30119 24.1809
0.71 95.4809 -1.46101 95.8446 2.93047 22.8997
0.7125 95.7386 -1.25904 96.0912 2.57923 21.5724
0.715 95.9607 -1.07491 96.2946 2.24836 20.1989
0.7175 96.1504 -0.90928 96.459 1.93865 18.7786
0.72 96.3106 -0.762554 96.5887 1.65074 17.3101
0.7225 96.4444 -0.6348 96.6883 1.38518 15.7907
0.725 96.5548 -0.525747 96.7622 1.1424 14.2163
0.7275 96.6445 -0.434736 96.8148 0.922737 12.5788
0.73 96.7161 -0.360717 96.8504 0.726371 10.8612
0.7325 96.7719 -0.30226 96.873 0.553344 9.03951
0.735 96.8141 -0.257642 96.8865 0.403615 7.10724
0.7375 96.8449 -0.224912 96.8941 0.277156 5.11596
0.74 96.8662 -0.202054 96.8983 0.173929 3.17892
0.7425 96.8797 -0.186987 96.9007 0.0939288 1.41501
0.745 96.8872 -0.177786 96.902 0.0373293 -0.0941
0.7475 96.8902 -0.172434 96.9027 0.00487684 -1.13638
0.75 96.8907 -0.169135 96.9029 0.00230025 0.027631
0.7525 96.8903 -0.165846 96.9027 0.0236232 1.19093
0.755 96.8873 -0.160537 96.902 0.062422 0.148466
0.7575 96.8799 -0.151394 96.9007 0.12498 -1.36021
0.76 96.8666 -0.136399 96.8983 0.211572 -3.12414
0.7625 96.8456 -0.113621 96.8941 0.322871 -5.06129
0.765 96.8151 -0.0809742 96.8865 0.459132 -7.05279
0.7675 96.7732 -0.0364349 96.873 0.620005 -8.98514
0.77 96.7178 0.0219587 96.8504 0.804768 -10.8069
0.7725 96.6468 0.095941 96.8148 1.01294 -12.5244
0.775 96.5578 0.186957 96.7622 1.24423 -14.1619
0.7775 96.4482 0.296072 96.6883 1.49838 -15.7363
0.78 96.3152 0.423961 96.5887 1.77501 -17.2557
0.7825 96.156 0.570912 96.459 2.07368 -18.7242
0.785 95.9675 0.736871 96.2946 2.39381 -20.1445
0.7875 95.7465 0.921463 96.0912 2.73475 -21.518
0.79 95.4903 1.12402 95.8446 3.09571 -22.8453
0.7925 95.1957 1.3436 95.5507 3.47579 -24.1265
0.795 94.8601 1.57901 95.206 3.87397 -25.3609
0.7975 94.4809 1.82879 94.8069 4.28909 -26.5475
0.8 94.0559 2.09128 94.3506 4.71989 -27.6851
0.8025 93.5831 2.36461 93.8346 5.16498 -28.7725
0.805 93.0606 2.64676 93.2567 5.62287 -29.8083
0.8075 92.4872 2.93554 92.6154 6.09196 -30.7914
0.81 91.8619 3.22868 91.9099 6.5706 -31.7207
0.8125 91.1839 3.52386 91.1397 7.05703 -32.5956
0.815 90.4529 3.8187 90.3049 7.54946 -33.4155
0.8175 89.6691 4.11087 89.4065 8.04607 -34.18
0.82 88.8328 4.39806 88.4456 8.54503 -34.889
0.8225 87.9449 4.67808 87.4242 9.04449 -35.5426
0.825 87.0065 4.94883 86.3445 9.54266 -36.1413
0.8275 86.0192 5.20839 85.2094 10.0378 -36.6855
0.83 84.9847 5.45499 84.0221 10.5281 -37.176
0.8325 83.9052 5.68707 82.7862 11.0121 -37.6137
0.835 82.7831 5.90327 81.5054 11.4881 -37.9999
0.8375 81.621 6.10245 80.1839 11.9548 -38.3357
0.84 80.4218 6.28371 78.826 12.4108 -38.6225
0.8425 79.1886 6.44634 77.436 12.855 -38.862
0.845 77.9243 6.58989 76.0185 13.2862 -39.0558
0.8475 76.6325 6.71408 74.5778 13.7035 -39.2056
0.85 75.3164 6.81887 73.1185 14.1062 -39.3133
0.8525 73.9794 6.90438 71.6448 14.4935 -39.3807
0.855 72.625 6.97091 70.1611 14.8648 -39.4097
0.8575 71.2565 7.01892 68.6714 15.2199 -39.4024
0.86 69.8773 7.04899 67.1796 15.5583 -39.3605
0.8625 68.4907 7.06183 65.6895 15.8799 -39.2862
0.865 67.0999 7.05825 64.2045 16.1846 -39.1813
0.8675 65.7079 7.03913 62.7279 16.4724 -39.0478
0.87 64.3177 7.00541 61.2627 16.7434 -38.8875
0.8725 62.9321 6.95809 59.8117 16.9979 -38.7022
0.875 61.5537 6.89818 58.3773 17.236 -38.4939
0.8775 60.185 6.82672 56.9619 17.4582 -38.2641
0.88 58.8282 6.74473 55.5674 17.6647 -38.0146
0.8825 57.4855 6.65326 54.1957 17.8561 -37.7471
0.885 56.1589 6.55331 52.8483 18.0328 -37.4629
0.8875 54.85 6.44585 51.5265 18.1952 -37.1637
0.89 53.5605 6.33184 50.2314 18.3441 -36.8509
0.8925 52.2917 6.21217 48.9641 18.4798 -36.5257
0.895 51.045 6.08771 47.7252 18.6029 -36.1896
0.8975 49.8212 5.95927 46.5153 18.7141 -35.8435
0.9 48.6215 5.82762 45.3349 18.814 -35.4888
0.9025 47.4465 5.69346 44.1843 18.903 -35.1265
0.905 46.2968 5.55746 43.0636 18.9818 -34.7576
0.9075 45.1731 5.42022 41.9728 19.0509 -34.3829
0.91 44.0755 5.2823 40.9119 19.1109 -34.0035
0.9125 43.0044 5.14421 39.8807 19.1624 -33.6201
0.915 41.96 5.0064 38.879 19.2058 -33.2335
0.9175 40.9422 4.86929 37.9064 19.2418 -32.8444
0.92 39.9511 4.73325 36.9626 19.2707 -32.4534
0.9225 38.9866 4.5986 36.0471 19.2932 -32.0612
0.925 38.0484 4.46563 35.1594 19.3095 -31.6683
0.9275 37.1364 4.33458 34.2991 19.3203 -31.2752
0.93 36.2502 4.20569 33.4654 19.3258 -30.8824
0.9325 35.3894 4.07912 32.6579 19.3266 -30.4903
0.935 34.5538 3.95504 31.876 19.3229 -30.0993
0.9375 33.7428 3.83358 31.1189 19.3153 -29.7098
0.94 32.956 3.71483 30.3862 19.3039 -29.322
0.9425 32.1929 3.59888 29.677 19.2891 -28.9363
0.945 31.4529 3.48579 28.9908 19.2713 -28.5529
0.9475 30.7357 3.3756 28.3269 19.2508 -28.1721
0.95 30.0406 3.26835 27.6846 19.2277 -27.794
0.9525 29.367 3.16404 27.0634 19.2024 -27.4189
0.955 28.7145 3.06266 26.4625 19.1751 -27.0469
0.9575 28.0824 2.96422 25.8813 19.146 -26.6781
0.96 27.4702 2.86869 25.3193 19.1154 -26.3126
0.9625 26.8774 2.77604 24.7757 19.0834 -25.9506
0.965 26.3034 2.68622 24.25 19.0502 -25.5921
0.9675 25.7475 2.5992 23.7416 19.016 -25.2373
0.97 25.2094 2.51493 23.2499 18.981 -24.886
0.9725 24.6884 2.43335 22.7744 18.9452 -24.5385
0.975 24.184 2.3544 22.3145 18.9089 -24.1947
0.9775 23.6957 2.27802 21.8697 18.8722 -23.8546
0.98 23.223 2.20415 21.4394 18.8351 -23.5182
0.9825 22.7654 2.13272 21.0232 18.7978 -23.1856
0.985 22.3224 2.06367 20.6206 18.7604 -22.8567
0.9875 21.8935 1.99693 20.2311 18.723 -22.5315
0.99 21.4783 1.93242 19.8543 18.6857 -22.2099
0.9925 21.0763 1.87009 19.4897 18.6485 -21.892
0.995 20.687 1.80987 19.1369 18.6116 -21.5776
0.9975 20.3102 1.75168 18.7954 18.5749 -21.2668
1 19.9452 1.69546 18.465 18.5384 -20.9577
