0 0 16.1486 -0.198782 -0.0281971 15.9342 -0.173721 15.4892 -0.0446943 -1.60675
0 0.05 16.1508 -0.192393 0.00796983 15.9238 -0.164896 15.397 -0.0814056 -3.49431
0 0.1 16.1555 -0.170106 0.0440101 15.8995 -0.140657 15.1675 -0.103345 -5.87829
0 0.15 16.1603 -0.128462 0.0762547 15.874 -0.103477 14.9372 -0.0847184 -7.31416
0 0.2 16.1635 -0.069421 0.0985469 15.8562 -0.0551581 14.7913 -0.0469805 -8.12922
0 0.25 16.1646 1.58924e-09 0.106558 15.85 1.34776e-09 14.7412 4.03796e-08 -8.39937
0 0.3 16.1635 0.069421 0.0985469 15.8562 0.0551581 14.7913 0.0469804 -8.12922
0 0.35 16.1603 0.128462 0.0762547 15.874 0.103477 14.9372 0.0847185 -7.31415
0 0.4 16.1555 0.170106 0.0440101 15.8995 0.140657 15.1675 0.103345 -5.87829
0 0.45 16.1508 0.192393 0.00796982 15.9238 0.164896 15.397 0.0814058 -3.49431
0 0.5 16.1486 0.198782 -0.0281971 15.9342 0.173721 15.4813 0.0454276 0.0271762
0 0.55 16.1505 0.192422 -0.0643897 15.9238 0.164897 15.4266 0.0842829 3.5487
0 0.6 16.155 0.170162 -0.100505 15.8995 0.140657 15.3792 0.108233 5.93278
0 0.65 16.1595 0.128525 -0.132837 15.874 0.103478 15.3391 0.089692 7.36882
0 0.7 16.1626 0.0694616 -0.155199 15.8562 0.0551583 15.317 0.0500626 8.18404
0 0.75 16.1636 2.40259e-09 -0.163236 15.85 1.97937e-09 15.3092 -3.59338e-08 8.45424
0 0.8 16.1626 -0.0694615 -0.155199 15.8562 -0.0551583 15.317 -0.0500625 8.18404
0 0.85 16.1595 -0.128525 -0.132837 15.874 -0.103478 15.3391 -0.0896921 7.36882
0 0.9 16.155 -0.170162 -0.100505 15.8995 -0.140657 15.3792 -0.108233 5.93278
0 0.95 16.1505 -0.192422 -0.0643897 15.9238 -0.164897 15.4266 -0.0842829 3.5487
0 1 16.1486 -0.198782 -0.0281971 15.9342 -0.173721 15.4734 -0.0461609 1.91475
0.05 0 16.1497 -0.187435 -0.0248134 15.9328 -0.16354 15.3887 -0.0405747 0.280804
0.05 0.05 16.1328 -0.184986 0.0115482 15.8437 -0.156704 16.8101 -0.0917319 -2.85474
0.05 0.1 16.1181 -0.167267 0.0529539 15.7366 -0.133349 17.9593 -0.114243 -5.05114
0.05 0.15 16.1049 -0.128853 0.0923709 15.634 -0.0970363 18.8297 -0.103154 -6.36858
0.05 0.2 16.0949 -0.0704543 0.120929 15.5607 -0.0512163 19.3735 -0.059765 -7.05952
0.05 0.25 16.0912 1.43201e-09 0.131297 15.5341 9.10009e-10 19.5584 4.73218e-08 -7.27624
0.05 0.3 16.0949 0.0704543 0.120929 15.5607 0.0512163 19.3735 0.0597649 -7.05952
0.05 0.35 16.1049 0.128853 0.0923709 15.634 0.0970363 18.8297 0.103154 -6.36858
0.05 0.4 16.1181 0.167267 0.0529539 15.7366 0.133349 17.9593 0.114243 -5.05114
0.05 0.45 16.1328 0.184986 0.0115482 15.8437 0.156704 16.8101 0.0917321 -2.85474
0.05 0.5 16.1497 0.187435 -0.0248134 15.9328 0.16354 15.442 0.0417186 0.297538
0.05 0.55 16.1703 0.177219 -0.0562541 15.994 0.153457 13.9424 0.0504884 3.48329
0.05 0.6 16.1938 0.152331 -0.0823279 16.0347 0.130051 12.4938 0.0791431 5.53749
0.05 0.65 16.2156 0.112273 -0.102906 16.0657 0.0955775 11.3092 0.0572315 6.56729
0.05 0.7 16.2309 0.0596844 -0.115894 16.0877 0.0508938 10.5529 0.0302568 7.09163
0.05 0.75 16.2364 2.39456e-09 -0.120366 16.0958 2.02289e-09 10.2925 -1.04726e-07 7.25373
0.05 0.8 16.2309 -0.0596844 -0.115894 16.0877 -0.0508938 10.5529 -0.0302566 7.09163
0.05 0.85 16.2156 -0.112273 -0.102906 16.0657 -0.0955775 11.3092 -0.0572317 6.56729
0.05 0.9 16.1938 -0.152331 -0.0823279 16.0347 -0.130051 12.4938 -0.0791429 5.53749
0.05 0.95 16.1703 -0.177219 -0.0562541 15.994 -0.153457 13.9424 -0.0504886 3.48329
0.05 1 16.1497 -0.187435 -0.0248134 15.9328 -0.16354 15.4952 -0.0428621 0.280804
0.1 0 16.1527 -0.155619 -0.0226688 15.929 -0.13542 15.1885 -0.0337354 0.431432
0.1 0.05 16.1186 -0.155949 0.00907359 15.7617 -0.130747 18.0083 -0.081616 -2.1885
0.1 0.1 16.0865 -0.14351 0.0487615 15.5646 -0.11039 20.2649 -0.105333 -4.07997
0.1 0.15 16.0566 -0.11223 0.0879688 15.3761 -0.0786924 21.9598 -0.0987651 -5.21101
0.1 0.2 16.0346 -0.0619015 0.117124 15.2407 -0.0407511 23.0001 -0.0583352 -5.76708
0.1 0.25 16.0264 1.61976e-09 0.127755 15.1915 7.34839e-10 23.3496 1.99501e-08 -5.93142
0.1 0.3 16.0346 0.0619015 0.117124 15.2407 0.0407511 23.0001 0.0583352 -5.76708
0.1 0.35 16.0566 0.11223 0.0879688 15.3761 0.0786924 21.9598 0.0987651 -5.21102
0.1 0.4 16.0865 0.14351 0.0487615 15.5646 0.11039 20.2649 0.105333 -4.07997
0.1 0.45 16.1186 0.155949 0.00907359 15.7617 0.130747 18.0083 0.081616 -2.1885
0.1 0.5 16.1527 0.155619 -0.0226688 15.929 0.13542 15.3436 0.0356924 0.452617
0.1 0.55 16.1896 0.143421 -0.0461864 16.0497 0.12509 12.5459 0.0184938 3.1361
0.1 0.6 16.2292 0.119288 -0.061187 16.1342 0.104262 9.93675 0.0467915 4.71991
0.1 0.65 16.2652 0.0852864 -0.0698189 16.1979 0.0753974 7.83636 0.0373426 5.13283
0.1 0.7 16.2902 0.0443167 -0.0738466 16.2405 0.0397068 6.47324 0.0172653 5.11848
0.1 0.75 16.2992 1.34139e-09 -0.07496 16.2557 1.12947e-09 6.00435 2.16973e-08 5.08051
0.1 0.8 16.2902 -0.0443167 -0.0738466 16.2405 -0.0397068 6.47324 -0.0172654 5.11848
0.1 0.85 16.2652 -0.0852864 -0.0698189 16.1979 -0.0753974 7.83636 -0.0373426 5.13283
0.1 0.9 16.2292 -0.119288 -0.061187 16.1342 -0.104262 9.93675 -0.0467915 4.71991
0.1 0.95 16.1896 -0.143421 -0.0461864 16.0497 -0.12509 12.5459 -0.0184937 3.1361
0.1 1 16.1527 -0.155619 -0.0226688 15.929 -0.13542 15.4987 -0.0376495 0.431432
0.15 0 16.1561 -0.109398 -0.0225655 15.924 -0.0950382 14.9555 -0.0212929 0.421735
0.15 0.05 16.1094 -0.110983 0.000791561 15.6894 -0.092294 18.9302 -0.0562908 -1.44205
0.15 0.1 16.0638 -0.103431 0.0317915 15.4106 -0.0770344 22.0244 -0.0777257 -2.81462
0.15 0.15 16.0213 -0.0819055 0.0632077 15.1439 -0.0535466 24.3078 -0.0735687 -3.61673
0.15 0.2 15.9899 -0.045446 0.0869738 14.9526 -0.0270061 25.6868 -0.0438288 -3.98178
0.15 0.25 15.9782 1.59141e-09 0.0956669 14.8833 8.80263e-10 26.1457 -1.7659e-08 -4.07987
0.15 0.3 15.9899 0.045446 0.0869738 14.9526 0.0270061 25.6868 0.0438288 -3.98178
0.15 0.35 16.0213 0.0819056 0.0632077 15.1439 0.0535466 24.3078 0.0735687 -3.61673
0.15 0.4 16.0638 0.103431 0.0317915 15.4106 0.0770344 22.0244 0.0777257 -2.81462
0.15 0.45 16.1094 0.110983 0.000791561 15.6894 0.092294 18.9302 0.0562907 -1.44205
0.15 0.5 16.1561 0.109398 -0.0225655 15.924 0.0950382 15.2391 0.0239875 0.439745
0.15 0.55 16.2053 0.098729 -0.0373867 16.0896 0.0863103 11.3504 0.00223085 2.35756
0.15 0.6 16.257 0.0795518 -0.0435639 16.1993 0.0700446 7.83015 0.0224033 3.29909
0.15 0.65 16.3031 0.0548312 -0.0443227 16.2757 0.0490793 5.05872 0.0348909 2.87582
0.15 0.7 16.3343 0.0275714 -0.0430576 16.323 0.0250778 3.24791 0.0174541 1.97494
0.15 0.75 16.3451 -6.05826e-11 -0.0422924 16.339 -6.52158e-11 2.61529 1.02488e-08 1.5654
0.15 0.8 16.3343 -0.0275714 -0.0430576 16.323 -0.0250778 3.24791 -0.0174542 1.97494
0.15 0.85 16.3031 -0.0548312 -0.0443227 16.2757 -0.0490793 5.05872 -0.0348909 2.87582
0.15 0.9 16.257 -0.0795518 -0.0435639 16.1993 -0.0700446 7.83015 -0.0224033 3.29909
0.15 0.95 16.2053 -0.098729 -0.0373867 16.0896 -0.0863103 11.3504 -0.00223083 2.35756
0.15 1 16.1561 -0.109398 -0.0225655 15.924 -0.0950382 15.5228 -0.0266821 0.421735
0.2 0 16.1587 -0.0560027 -0.0246886 15.9196 -0.0485676 14.7784 -0.00349892 0.268693
0.2 0.05 16.1051 -0.0570635 -0.0122261 15.639 -0.0472533 19.5082 -0.0236785 -0.695058
0.2 0.1 16.0518 -0.0539496 0.00469625 15.3031 -0.0390029 23.1165 -0.0369127 -1.40764
0.2 0.15 16.0016 -0.0432541 0.0223452 14.9817 -0.0264526 25.7436 -0.0358151 -1.8111
0.2 0.2 15.9645 -0.0240684 0.03579 14.7519 -0.012994 27.3119 -0.0214267 -1.97928
0.2 0.25 15.9508 1.25423e-09 0.040714 14.6688 2.09295e-10 27.8303 2.37369e-08 -2.01941
0.2 0.3 15.9645 0.0240684 0.03579 14.7519 0.012994 27.3119 0.0214266 -1.97928
0.2 0.35 16.0016 0.0432541 0.0223452 14.9817 0.0264526 25.7436 0.0358152 -1.8111
0.2 0.4 16.0518 0.0539496 0.00469625 15.3031 0.0390029 23.1165 0.0369127 -1.40764
0.2 0.45 16.1051 0.0570635 -0.0122261 15.639 0.0472533 19.5082 0.0236785 -0.695058
0.2 0.5 16.1587 0.0560027 -0.0246886 15.9196 0.0485676 15.1647 0.00638726 0.27838
0.2 0.55 16.215 0.0502372 -0.031589 16.1133 0.0434788 10.5548 -0.0033497 1.27119
0.2 0.6 16.2744 0.0396528 -0.0329302 16.235 0.0345542 6.42791 0.00535537 1.65925
0.2 0.65 16.3259 0.0263528 -0.0311722 16.3136 0.0232354 3.25715 0.0218757 0.817367
0.2 0.7 16.3591 0.0127617 -0.0290345 16.3581 0.0110162 1.20699 0.0261745 -0.740421
0.2 0.75 16.37 -6.09129e-10 -0.028247 16.3712 -8.00066e-10 0.529396 -3.31982e-09 -1.52481
0.2 0.8 16.3591 -0.0127617 -0.0290345 16.3581 -0.0110162 1.20699 -0.0261745 -0.740421
0.2 0.85 16.3259 -0.0263528 -0.0311722 16.3136 -0.0232354 3.25715 -0.0218757 0.817367
0.2 0.9 16.2744 -0.0396528 -0.0329302 16.235 -0.0345542 6.42791 -0.00535534 1.65925
0.2 0.95 16.215 -0.0502372 -0.031589 16.1133 -0.0434788 10.5548 0.00334967 1.27119
0.2 1 16.1587 -0.0560027 -0.0246886 15.9196 -0.0485676 15.551 -0.0092755 0.268693
0.25 0 16.1595 -0.000203528 -0.0281902 15.9178 -6.75198e-06 14.7152 0.0149205 0.0272565
0.25 0.05 16.1041 -0.000207432 -0.0280501 15.621 -5.94836e-06 19.7018 0.011284 0.0272482
0.25 0.1 16.0486 -0.00019924 -0.0278924 15.2643 -4.92914e-06 23.4815 0.00928991 0.0272301
0.25 0.15 15.9956 -0.000162731 -0.0277344 14.9233 -3.68877e-06 26.2193 0.0065801 0.0272254
0.25 0.2 15.9567 -9.09041e-05 -0.0276164 14.6798 -2.03571e-06 27.8475 0.00340185 0.027222
0.25 0.25 15.9424 -1.82227e-11 -0.0275732 14.5918 2.99945e-10 28.3844 -2.38209e-08 0.0272209
0.25 0.3 15.9567 9.09045e-05 -0.0276164 14.6798 2.0353e-06 27.8475 -0.0034018 0.0272219
0.25 0.35 15.9956 0.000162732 -0.0277344 14.9233 3.68887e-06 26.2193 -0.00658016 0.0272253
0.25 0.4 16.0486 0.00019924 -0.0278924 15.2643 4.92911e-06 23.4815 -0.00928987 0.02723
0.25 0.45 16.1041 0.000207432 -0.0280501 15.621 5.94816e-06 19.7018 -0.011284 0.027248
0.25 0.5 16.1595 0.000203527 -0.0281902 15.9178 6.75222e-06 15.1385 -0.0123776 0.0273099
0.25 0.55 16.2181 0.000184663 -0.0283151 16.1212 7.27781e-06 10.2843 -0.0126711 0.0274791
0.25 0.6 16.2802 0.00014957 -0.028425 16.2461 7.58222e-06 5.96969 -0.0124074 0.027803
0.25 0.65 16.3332 0.000105691 -0.0285102 16.3247 7.30441e-06 2.69806 -0.0107435 0.0282687
0.25 0.7 16.3662 5.31674e-05 -0.0285611 16.367 4.07773e-06 0.519099 -0.00589333 0.0284917
0.25 0.75 16.3767 -1.7079e-10 -0.0285772 16.3785 -1.34579e-10 -0.114391 2.95531e-08 0.0284501
0.25 0.8 16.3662 -5.31677e-05 -0.0285611 16.367 -4.07794e-06 0.519099 0.00589327 0.0284917
0.25 0.85 16.3332 -0.000105692 -0.0285102 16.3247 -7.30459e-06 2.69806 0.0107435 0.0282687
0.25 0.9 16.2802 -0.00014957 -0.028425 16.2461 -7.58242e-06 5.96969 0.0124074 0.0278029
0.25 0.95 16.2181 -0.000184663 -0.0283151 16.1212 -7.27758e-06 10.2843 0.0126711 0.0274791
0.25 1 16.1595 -0.000203528 -0.0281902 15.9178 -6.75198e-06 15.5619 0.00983461 0.0272565
0.3 0 16.1587 0.0556065 -0.0316951 15.9196 0.0485576 14.7763 0.0319472 -0.214241
0.3 0.05 16.105 0.0566602 -0.043887 15.639 0.0472442 19.498 0.045281 0.749548
0.3 0.1 16.0517 0.0535768 -0.0605123 15.3031 0.0389952 23.1003 0.0547322 1.46216
0.3 0.15 16.0013 0.0429617 -0.0778763 14.9817 0.0264469 25.7229 0.0484352 1.86565
0.3 0.2 15.9642 0.0239061 -0.0911092 14.7519 0.0129909 27.2886 0.0279473 2.03384
0.3 0.25 15.9505 -6.67596e-10 -0.0959553 14.6689 -5.58284e-10 27.8061 3.17185e-08 2.07397
0.3 0.3 15.9642 -0.0239061 -0.0911092 14.7519 -0.0129909 27.2886 -0.0279473 2.03384
0.3 0.35 16.0013 -0.0429617 -0.0778763 14.9817 -0.0264469 25.7229 -0.0484351 1.86565
0.3 0.4 16.0517 -0.0535768 -0.0605123 15.3031 -0.0389952 23.1003 -0.0547323 1.46216
0.3 0.45 16.105 -0.0566602 -0.043887 15.639 -0.0472442 19.498 -0.045281 0.749548
0.3 0.5 16.1587 -0.0556065 -0.0316951 15.9196 -0.0485576 15.1625 -0.0299853 -0.223893
0.3 0.55 16.2151 -0.0498834 -0.0250423 16.1133 -0.0434691 10.5645 -0.0204548 -1.21664
0.3 0.6 16.2745 -0.0393711 -0.0239268 16.235 -0.0345459 6.45089 -0.0272886 -1.60457
0.3 0.65 16.3261 -0.0261642 -0.0258618 16.3136 -0.0232303 3.28734 -0.039188 -0.762582
0.3 0.7 16.3592 -0.0126679 -0.0281026 16.3581 -0.0110135 1.23777 -0.0356307 0.795038
0.3 0.75 16.3701 2.8914e-10 -0.0289216 16.3713 4.77743e-10 0.55837 -4.03719e-08 1.57924
0.3 0.8 16.3592 0.0126679 -0.0281026 16.3581 0.0110135 1.23777 0.0356307 0.795038
0.3 0.85 16.3261 0.0261642 -0.0258618 16.3136 0.0232303 3.28734 0.0391879 -0.762582
0.3 0.9 16.2745 0.0393711 -0.0239268 16.235 0.0345459 6.45089 0.0272887 -1.60457
0.3 0.95 16.2151 0.0498834 -0.0250423 16.1133 0.0434691 10.5645 0.0204547 -1.21664
0.3 1 16.1587 0.0556065 -0.0316951 15.9196 0.0485576 15.5488 0.0280236 -0.214241
0.35 0 16.1562 0.109035 -0.0338227 15.924 0.0950334 14.9522 0.0456139 -0.367363
0.35 0.05 16.1092 0.110623 -0.0569466 15.6894 0.0922894 18.9108 0.0751278 1.49655
0.35 0.1 16.0635 0.103104 -0.0877037 15.4106 0.0770306 21.9933 0.0933788 2.86923
0.35 0.15 16.0208 0.0816539 -0.118892 15.1439 0.0535439 24.2683 0.0846716 3.67142
0.35 0.2 15.9893 0.0453082 -0.14249 14.9526 0.0270048 25.6422 0.0495584 4.03651
0.35 0.25 15.9775 -1.29196e-09 -0.151121 14.8833 -4.02574e-10 26.0994 -3.97161e-08 4.13461
0.35 0.3 15.9893 -0.0453082 -0.14249 14.9526 -0.0270048 25.6422 -0.0495583 4.03651
0.35 0.35 16.0208 -0.0816539 -0.118892 15.1439 -0.0535439 24.2683 -0.0846717 3.67142
0.35 0.4 16.0635 -0.103104 -0.0877037 15.4106 -0.0770306 21.9933 -0.0933787 2.86923
0.35 0.45 16.1092 -0.110623 -0.0569466 15.6894 -0.0922894 18.9108 -0.0751278 1.49655
0.35 0.5 16.1562 -0.109035 -0.0338227 15.924 -0.0950334 15.2357 -0.0441884 -0.385418
0.35 0.55 16.2055 -0.0983908 -0.0192338 16.0896 -0.0863063 11.3697 -0.0214673 -2.3035
0.35 0.6 16.2572 -0.0792657 -0.013286 16.1993 -0.0700422 7.87106 -0.0378506 -3.24543
0.35 0.65 16.3034 -0.05462 -0.0127237 16.2757 -0.0490785 5.10969 -0.0457268 -2.82269
0.35 0.7 16.3346 -0.0274587 -0.0141186 16.323 -0.0250778 3.30104 -0.0230496 -1.92225
0.35 0.75 16.3454 -1.02707e-10 -0.014928 16.339 -1.21596e-10 2.66807 3.81367e-08 -1.5129
0.35 0.8 16.3346 0.0274587 -0.0141186 16.323 0.0250778 3.30104 0.0230495 -1.92225
0.35 0.85 16.3034 0.05462 -0.0127237 16.2757 0.0490785 5.10969 0.0457268 -2.82269
0.35 0.9 16.2572 0.0792657 -0.013286 16.1993 0.0700422 7.87106 0.0378505 -3.24543
0.35 0.95 16.2055 0.0983908 -0.0192338 16.0896 0.0863063 11.3697 0.0214674 -2.3035
0.35 1 16.1562 0.109035 -0.0338227 15.924 0.0950334 15.5193 0.0427626 -0.367363
0.4 0 16.1527 0.155334 -0.0337238 15.929 0.135419 15.1852 0.0516118 -0.377082
0.4 0.05 16.1184 0.155678 -0.0652979 15.7617 0.130745 17.9816 0.0961591 2.243
0.4 0.1 16.086 0.143276 -0.104835 15.5646 0.110389 20.2213 0.117642 4.13461
0.4 0.15 16.0559 0.112058 -0.143908 15.3761 0.0786918 21.9041 0.107526 5.26577
0.4 0.2 16.0337 0.0618097 -0.172967 15.2407 0.0407508 22.9372 0.0628527 5.8219
0.4 0.25 16.0254 -1.1438e-09 -0.183563 15.1915 -1.09417e-09 23.2844 5.88672e-08 5.98626
0.4 0.3 16.0337 -0.0618097 -0.172967 15.2407 -0.0407508 22.9372 -0.0628529 5.8219
0.4 0.35 16.0559 -0.112058 -0.143908 15.3761 -0.0786918 21.9041 -0.107526 5.26577
0.4 0.4 16.086 -0.143276 -0.104835 15.5646 -0.110389 20.2213 -0.117642 4.13461
0.4 0.45 16.1184 -0.155678 -0.0652979 15.7617 -0.130745 17.9816 -0.0961591 2.243
0.4 0.5 16.1527 -0.155334 -0.0337238 15.929 -0.135419 15.3403 -0.0505261 -0.398307
0.4 0.55 16.1898 -0.143134 -0.0103962 16.0497 -0.125089 12.5734 -0.0308678 -3.08206
0.4 0.6 16.2295 -0.119021 0.00439274 16.1343 -0.104262 9.9892 -0.055346 -4.66618
0.4 0.65 16.2656 -0.0850767 0.0128255 16.1979 -0.0753977 7.90198 -0.0431021 -5.0793
0.4 0.7 16.2908 -0.0441997 0.0167133 16.2405 -0.0397072 6.54466 -0.0203297 -5.06504
0.4 0.75 16.2997 -1.04859e-09 0.0177762 16.2557 -1.04408e-09 6.07739 -6.555e-08 -5.02709
0.4 0.8 16.2908 0.0441997 0.0167133 16.2405 0.0397072 6.54466 0.0203298 -5.06504
0.4 0.85 16.2656 0.0850767 0.0128255 16.1979 0.0753977 7.90198 0.043102 -5.0793
0.4 0.9 16.2295 0.119021 0.00439274 16.1343 0.104262 9.9892 0.0553461 -4.66618
0.4 0.95 16.1898 0.143134 -0.0103962 16.0497 0.125089 12.5734 0.0308676 -3.08206
0.4 1 16.1527 0.155334 -0.0337238 15.929 0.135419 15.4953 0.0494407 -0.377082
0.45 0 16.1497 0.187278 -0.0315804 15.9328 0.16354 15.3867 0.0504288 -0.226464
0.45 0.05 16.1326 0.184853 -0.0678656 15.8437 0.156704 16.7785 0.100756 2.9092
0.45 0.1 16.1176 0.167169 -0.109234 15.7365 0.133349 17.9065 0.122249 5.10573
0.45 0.15 16.1041 0.128793 -0.14863 15.634 0.0970366 18.7621 0.108893 6.42329
0.45 0.2 16.094 0.0704267 -0.177179 15.5606 0.0512166 19.2972 0.0627118 7.1143
0.45 0.25 16.0902 -1.48245e-09 -0.187543 15.5341 -3.14438e-10 19.4792 -8.39402e-08 7.33106
0.45 0.3 16.094 -0.0704267 -0.177179 15.5606 -0.0512166 19.2972 -0.0627117 7.1143
0.45 0.35 16.1041 -0.128793 -0.14863 15.634 -0.0970366 18.7621 -0.108893 6.42329
0.45 0.4 16.1176 -0.167169 -0.109234 15.7365 -0.133349 17.9065 -0.122249 5.10573
0.45 0.45 16.1326 -0.184853 -0.0678656 15.8437 -0.156704 16.7785 -0.100756 2.9092
0.45 0.5 16.1497 -0.187278 -0.0315804 15.9328 -0.16354 15.44 -0.0496002 -0.243208
0.45 0.55 16.1706 -0.177038 -0.000259839 15.994 -0.153457 13.9748 -0.0552093 -3.4291
0.45 0.6 16.1942 -0.152142 0.0256525 16.0347 -0.130051 12.5517 -0.0816119 -5.48338
0.45 0.65 16.2162 -0.112112 0.0460648 16.0657 -0.0955777 11.3826 -0.0588126 -6.51317
0.45 0.7 16.2317 -0.0595914 0.0589303 16.0877 -0.0508939 10.6347 -0.0311316 -7.03747
0.45 0.75 16.2372 -1.89289e-09 0.0633564 16.0959 -1.68751e-09 10.3769 4.59436e-08 -7.19954
0.45 0.8 16.2317 0.0595914 0.0589303 16.0877 0.0508939 10.6347 0.0311315 -7.03747
0.45 0.85 16.2162 0.112112 0.0460648 16.0657 0.0955777 11.3826 0.0588127 -6.51317
0.45 0.9 16.1942 0.152142 0.0256525 16.0347 0.130051 12.5517 0.0816118 -5.48338
0.45 0.95 16.1706 0.177038 -0.000259837 15.994 0.153457 13.9748 0.0552094 -3.4291
0.45 1 16.1497 0.187278 -0.0315804 15.9328 0.16354 15.4932 0.0487712 -0.226464
0.5 0 16.1486 0.198782 -0.0281971 15.9342 0.173721 15.4811 0.0461847 0.0271631
0.5 0.05 16.1505 0.192422 -0.0643897 15.9238 0.164897 15.3945 0.0841092 3.37247
0.5 0.1 16.155 0.170162 -0.100505 15.8995 0.140657 15.2435 0.107284 5.62719
0.5 0.15 16.1595 0.128525 -0.132837 15.874 0.103478 15.1001 0.0883015 6.93205
0.5 0.2 16.1626 0.0694615 -0.155199 15.8562 0.0551583 15.0114 0.0490682 7.6435
0.5 0.25 16.1636 -1.70836e-09 -0.163236 15.85 -1.88027e-09 14.9809 1.45697e-07 7.87332
0.5 0.3 16.1626 -0.0694615 -0.155199 15.8562 -0.0551583 15.0114 -0.0490685 7.6435
0.5 0.35 16.1595 -0.128525 -0.132837 15.874 -0.103478 15.1001 -0.0883012 6.93205
0.5 0.4 16.155 -0.170162 -0.100505 15.8995 -0.140657 15.2435 -0.107284 5.6272
0.5 0.45 16.1505 -0.192422 -0.0643897 15.9238 -0.164897 15.3945 -0.0841092 3.37247
0.5 0.5 16.1486 -0.198782 -0.0281971 15.9342 -0.173721 15.4811 -0.0454279 0.0271706
0.5 0.55 16.1508 -0.192393 0.00796983 15.9238 -0.164896 15.4281 -0.0815722 -3.31812
0.5 0.6 16.1555 -0.170106 0.0440101 15.8995 -0.140657 15.3014 -0.104262 -5.57278
0.5 0.65 16.1603 -0.128462 0.0762547 15.874 -0.103477 15.174 -0.0860685 -6.87752
0.5 0.7 16.1635 -0.069421 0.0985469 15.8562 -0.0551581 15.0945 -0.0479483 -7.58886
0.5 0.75 16.1646 -1.96067e-09 0.106558 15.85 -1.46258e-09 15.0671 -7.15034e-08 -7.81863
0.5 0.8 16.1635 0.069421 0.0985469 15.8562 0.0551581 15.0945 0.0479485 -7.58886
0.5 0.85 16.1603 0.128462 0.0762547 15.874 0.103477 15.174 0.0860683 -6.87752
0.5 0.9 16.1555 0.170106 0.0440101 15.8995 0.140657 15.3014 0.104262 -5.57278
0.5 0.95 16.1508 0.192393 0.00796983 15.9238 0.164896 15.4281 0.0815719 -3.31812
0.5 1 16.1486 0.198782 -0.0281971 15.9342 0.173721 15.4811 0.0446718 0.0271631
0.55 0 16.1497 0.187435 -0.0248134 15.9328 0.16354 15.4952 0.0428625 0.280802
0.55 0.05 16.1703 0.177219 -0.0562541 15.994 0.153457 13.9424 0.0504884 3.48329
0.55 0.1 16.1938 0.152331 -0.0823279 16.0347 0.130051 12.4938 0.0791427 5.53749
0.55 0.15 16.2156 0.112273 -0.102906 16.0657 0.0955775 11.3092 0.0572318 6.56729
0.55 0.2 16.2309 0.0596844 -0.115894 16.0877 0.0508938 10.5529 0.0302565 7.09163
0.55 0.25 16.2364 -1.58938e-09 -0.120366 16.0958 -1.79679e-09 10.2925 1.42548e-07 7.25373
0.55 0.3 16.2309 -0.0596844 -0.115894 16.0877 -0.0508938 10.5529 -0.0302568 7.09163
0.55 0.35 16.2156 -0.112273 -0.102906 16.0657 -0.0955775 11.3092 -0.0572315 6.56729
0.55 0.4 16.1938 -0.152331 -0.0823279 16.0347 -0.130051 12.4938 -0.079143 5.53749
0.55 0.45 16.1703 -0.177219 -0.0562541 15.994 -0.153457 13.9424 -0.0504885 3.48329
0.55 0.5 16.1497 -0.187435 -0.0248134 15.9328 -0.16354 15.442 -0.0417185 0.297538
0.55 0.55 16.1328 -0.184986 0.0115482 15.8437 -0.156704 16.8101 -0.0917321 -2.85474
0.55 0.6 16.1181 -0.167267 0.0529539 15.7366 -0.133349 17.9593 -0.114243 -5.05114
0.55 0.65 16.1049 -0.128853 0.0923709 15.634 -0.0970363 18.8297 -0.103154 -6.36859
0.55 0.7 16.0949 -0.0704543 0.120929 15.5607 -0.0512163 19.3735 -0.0597648 -7.05952
0.55 0.75 16.0912 -1.77421e-09 0.131297 15.5341 -9.25397e-10 19.5584 -8.16755e-08 -7.27624
0.55 0.8 16.0949 0.0704543 0.120929 15.5607 0.0512163 19.3735 0.059765 -7.05952
0.55 0.85 16.1049 0.128853 0.0923709 15.634 0.0970363 18.8297 0.103154 -6.36859
0.55 0.9 16.1181 0.167267 0.0529539 15.7366 0.133349 17.9593 0.114243 -5.05114
0.55 0.95 16.1328 0.184986 0.0115482 15.8437 0.156704 16.8101 0.0917318 -2.85474
0.55 1 16.1497 0.187435 -0.0248134 15.9328 0.16354 15.3887 0.0405751 0.280802
0.6 0 16.1527 0.155619 -0.0226688 15.929 0.13542 15.4987 0.0376493 0.431431
0.6 0.05 16.1896 0.143421 -0.0461864 16.0497 0.12509 12.5459 0.0184935 3.1361
0.6 0.1 16.2292 0.119288 -0.061187 16.1342 0.104262 9.93675 0.0467916 4.71991
0.6 0.15 16.2652 0.0852864 -0.0698189 16.1979 0.0753974 7.83636 0.0373425 5.13283
0.6 0.2 16.2902 0.0443167 -0.0738466 16.2405 0.0397068 6.47324 0.0172654 5.11848
0.6 0.25 16.2992 -5.2917e-10 -0.07496 16.2557 -5.30226e-10 6.00435 -7.24629e-08 5.08051
0.6 0.3 16.2902 -0.0443167 -0.0738466 16.2405 -0.0397068 6.47324 -0.0172653 5.11848
0.6 0.35 16.2652 -0.0852864 -0.0698189 16.1979 -0.0753974 7.83636 -0.0373426 5.13283
0.6 0.4 16.2292 -0.119288 -0.061187 16.1342 -0.104262 9.93675 -0.0467915 4.71991
0.6 0.45 16.1896 -0.143421 -0.0461864 16.0497 -0.12509 12.5459 -0.0184938 3.1361
0.6 0.5 16.1527 -0.155619 -0.0226688 15.929 -0.13542 15.3436 -0.0356925 0.452617
0.6 0.55 16.1186 -0.155949 0.00907359 15.7617 -0.130747 18.0083 -0.081616 -2.1885
0.6 0.6 16.0865 -0.14351 0.0487615 15.5646 -0.11039 20.2649 -0.105333 -4.07997
0.6 0.65 16.0566 -0.11223 0.0879688 15.3761 -0.0786924 21.9598 -0.098765 -5.21102
0.6 0.7 16.0346 -0.0619015 0.117124 15.2407 -0.0407511 23.0001 -0.0583352 -5.76708
0.6 0.75 16.0264 -1.37227e-09 0.127755 15.1915 -1.19845e-09 23.3496 2.85745e-08 -5.93142
0.6 0.8 16.0346 0.0619015 0.117124 15.2407 0.0407511 23.0001 0.0583351 -5.76708
0.6 0.85 16.0566 0.11223 0.0879688 15.3761 0.0786924 21.9598 0.0987651 -5.21102
0.6 0.9 16.0865 0.14351 0.0487615 15.5646 0.11039 20.2649 0.105333 -4.07997
0.6 0.95 16.1186 0.155949 0.00907359 15.7617 0.130747 18.0083 0.0816161 -2.1885
0.6 1 16.1527 0.155619 -0.0226688 15.929 0.13542 15.1885 0.0337352 0.431431
0.65 0 16.1561 0.109398 -0.0225655 15.924 0.0950382 15.5228 0.0266823 0.421734
0.65 0.05 16.2053 0.098729 -0.0373867 16.0896 0.0863103 11.3504 0.00223102 2.35756
0.65 0.1 16.257 0.0795518 -0.0435639 16.1993 0.0700446 7.83015 0.0224032 3.29909
0.65 0.15 16.3031 0.0548312 -0.0443227 16.2757 0.0490793 5.05872 0.034891 2.87582
0.65 0.2 16.3343 0.0275714 -0.0430576 16.323 0.0250778 3.24791 0.0174541 1.97494
0.65 0.25 16.3451 3.38972e-10 -0.0422924 16.339 2.60025e-10 2.61529 6.85981e-08 1.5654
0.65 0.3 16.3343 -0.0275714 -0.0430576 16.323 -0.0250778 3.24791 -0.0174542 1.97494
0.65 0.35 16.3031 -0.0548312 -0.0443227 16.2757 -0.0490793 5.05872 -0.0348909 2.87582
0.65 0.4 16.257 -0.0795518 -0.0435639 16.1993 -0.0700446 7.83015 -0.0224033 3.29909
0.65 0.45 16.2053 -0.098729 -0.0373867 16.0896 -0.0863103 11.3504 -0.00223083 2.35756
0.65 0.5 16.1561 -0.109398 -0.0225655 15.924 -0.0950382 15.2391 -0.0239875 0.439744
0.65 0.55 16.1094 -0.110983 0.000791561 15.6894 -0.092294 18.9302 -0.0562907 -1.44205
0.65 0.6 16.0638 -0.103431 0.0317915 15.4106 -0.0770344 22.0244 -0.0777257 -2.81462
0.65 0.65 16.0213 -0.0819055 0.0632077 15.1439 -0.0535466 24.3078 -0.0735687 -3.61673
0.65 0.7 15.9899 -0.045446 0.0869738 14.9526 -0.0270061 25.6868 -0.0438288 -3.98178
0.65 0.75 15.9782 -1.54936e-09 0.0956669 14.8833 -1.8427e-10 26.1457 -2.98081e-08 -4.07987
0.65 0.8 15.9899 0.045446 0.0869738 14.9526 0.0270061 25.6868 0.0438288 -3.98178
0.65 0.85 16.0213 0.0819055 0.0632077 15.1439 0.0535466 24.3078 0.0735686 -3.61673
0.65 0.9 16.0638 0.103431 0.0317915 15.4106 0.0770344 22.0244 0.0777257 -2.81462
0.65 0.95 16.1094 0.110983 0.000791562 15.6894 0.092294 18.9302 0.0562907 -1.44206
0.65 1 16.1561 0.109398 -0.0225655 15.924 0.0950382 14.9555 0.021293 0.421734
0.7 0 16.1587 0.0560027 -0.0246886 15.9196 0.0485676 15.551 0.0092754 0.268693
0.7 0.05 16.215 0.0502372 -0.031589 16.1133 0.0434788 10.5548 -0.00334977 1.27119
0.7 0.1 16.2744 0.0396528 -0.0329302 16.235 0.0345542 6.42791 0.00535539 1.65925
0.7 0.15 16.3259 0.0263528 -0.0311722 16.3136 0.0232354 3.25715 0.0218756 0.817367
0.7 0.2 16.3591 0.0127617 -0.0290345 16.3581 0.0110162 1.20699 0.0261746 -0.740421
0.7 0.25 16.37 5.90008e-10 -0.028247 16.3712 7.85332e-10 0.529396 -7.37441e-08 -1.52481
0.7 0.3 16.3591 -0.0127617 -0.0290345 16.3581 -0.0110162 1.20699 -0.0261744 -0.740421
0.7 0.35 16.3259 -0.0263528 -0.0311722 16.3136 -0.0232354 3.25715 -0.0218758 0.817367
0.7 0.4 16.2744 -0.0396528 -0.0329302 16.235 -0.0345542 6.42791 -0.00535531 1.65925
0.7 0.45 16.215 -0.0502372 -0.031589 16.1133 -0.0434788 10.5548 0.00334966 1.27119
0.7 0.5 16.1587 -0.0560027 -0.0246886 15.9196 -0.0485676 15.1647 -0.00638723 0.278379
0.7 0.55 16.1051 -0.0570635 -0.0122261 15.639 -0.0472533 19.5082 -0.0236785 -0.695058
0.7 0.6 16.0518 -0.0539496 0.00469625 15.3031 -0.0390029 23.1165 -0.0369127 -1.40764
0.7 0.65 16.0016 -0.0432541 0.0223452 14.9817 -0.0264526 25.7436 -0.0358151 -1.8111
0.7 0.7 15.9645 -0.0240684 0.03579 14.7519 -0.012994 27.3119 -0.0214267 -1.97928
0.7 0.75 15.9508 -8.76619e-10 0.040714 14.6688 -2.91014e-10 27.8303 1.12705e-08 -2.01941
0.7 0.8 15.9645 0.0240684 0.03579 14.7519 0.012994 27.3119 0.0214266 -1.97928
0.7 0.85 16.0016 0.0432541 0.0223452 14.9817 0.0264526 25.7436 0.0358152 -1.8111
0.7 0.9 16.0518 0.0539496 0.00469625 15.3031 0.0390029 23.1165 0.0369126 -1.40764
0.7 0.95 16.1051 0.0570635 -0.0122261 15.639 0.0472533 19.5082 0.0236786 -0.695058
0.7 1 16.1587 0.0560027 -0.0246886 15.9196 0.0485676 14.7784 0.00349883 0.268693
0.75 0 16.1595 0.000203528 -0.0281902 15.9178 6.75172e-06 15.5619 -0.0098345 0.0272557
0.75 0.05 16.2181 0.000184664 -0.0283151 16.1212 7.27859e-06 10.2843 -0.0126711 0.0274786
0.75 0.1 16.2802 0.00014957 -0.028425 16.2461 7.58181e-06 5.96969 -0.0124074 0.027803
0.75 0.15 16.3332 0.000105692 -0.0285102 16.3247 7.30461e-06 2.69806 -0.0107434 0.0282687
0.75 0.2 16.3662 5.31675e-05 -0.0285611 16.367 4.07772e-06 0.519098 -0.00589338 0.0284918
0.75 0.25 16.3767 -8.37609e-11 -0.0285772 16.3785 -7.57361e-11 -0.114391 8.40769e-08 0.0284502
0.75 0.3 16.3662 -5.31676e-05 -0.0285611 16.367 -4.07784e-06 0.519098 0.00589322 0.0284918
0.75 0.35 16.3332 -0.000105692 -0.0285102 16.3247 -7.30491e-06 2.69806 0.0107436 0.0282687
0.75 0.4 16.2802 -0.00014957 -0.028425 16.2461 -7.58193e-06 5.96969 0.0124073 0.027803
0.75 0.45 16.2181 -0.000184663 -0.0283151 16.1212 -7.27862e-06 10.2843 0.0126712 0.0274791
0.75 0.5 16.1595 -0.000203528 -0.0281902 15.9178 -6.75126e-06 15.1385 0.0123775 0.0273099
0.75 0.55 16.1041 -0.000207432 -0.0280501 15.621 -5.94917e-06 19.7018 0.0112841 0.027248
0.75 0.6 16.0486 -0.00019924 -0.0278924 15.2643 -4.92736e-06 23.4815 0.00928984 0.0272301
0.75 0.65 15.9956 -0.000162731 -0.0277344 14.9233 -3.68986e-06 26.2193 0.00658016 0.0272254
0.75 0.7 15.9567 -9.09045e-05 -0.0276164 14.6798 -2.03451e-06 27.8475 0.00340182 0.027222
0.75 0.75 15.9424 -2.82587e-10 -0.0275732 14.5918 6.94335e-10 28.3844 -2.09018e-08 0.0272211
0.75 0.8 15.9567 9.09044e-05 -0.0276164 14.6798 2.03493e-06 27.8475 -0.00340179 0.0272222
0.75 0.85 15.9956 0.000162731 -0.0277344 14.9233 3.69006e-06 26.2193 -0.0065802 0.0272257
0.75 0.9 16.0486 0.00019924 -0.0278924 15.2643 4.92663e-06 23.4815 -0.0092898 0.0272303
0.75 0.95 16.1041 0.000207432 -0.0280501 15.621 5.94932e-06 19.7018 -0.0112841 0.027248
0.75 1 16.1595 0.000203528 -0.0281902 15.9178 6.75172e-06 14.7152 -0.0149204 0.0272557
0.8 0 16.1587 -0.0556065 -0.0316951 15.9196 -0.0485576 15.5488 -0.0280236 -0.214242
0.8 0.05 16.2151 -0.0498834 -0.0250423 16.1133 -0.0434691 10.5645 -0.0204547 -1.21664
0.8 0.1 16.2745 -0.0393711 -0.0239268 16.235 -0.0345459 6.45089 -0.0272886 -1.60457
0.8 0.15 16.3261 -0.0261642 -0.0258618 16.3136 -0.0232303 3.28734 -0.039188 -0.762582
0.8 0.2 16.3592 -0.0126679 -0.0281026 16.3581 -0.0110135 1.23777 -0.0356306 0.795038
0.8 0.25 16.3701 -7.22926e-10 -0.0289216 16.3713 -8.57524e-10 0.55837 -5.45098e-08 1.57924
0.8 0.3 16.3592 0.0126679 -0.0281026 16.3581 0.0110135 1.23777 0.0356307 0.795038
0.8 0.35 16.3261 0.0261642 -0.0258618 16.3136 0.0232303 3.28734 0.0391879 -0.762582
0.8 0.4 16.2745 0.0393711 -0.0239268 16.235 0.0345459 6.45089 0.0272887 -1.60457
0.8 0.45 16.2151 0.0498834 -0.0250423 16.1133 0.0434691 10.5645 0.0204547 -1.21664
0.8 0.5 16.1587 0.0556065 -0.0316951 15.9196 0.0485576 15.1625 0.0299854 -0.223893
0.8 0.55 16.105 0.0566602 -0.043887 15.639 0.0472442 19.498 0.0452809 0.749548
0.8 0.6 16.0517 0.0535768 -0.0605123 15.3031 0.0389952 23.1003 0.0547324 1.46216
0.8 0.65 16.0013 0.0429617 -0.0778763 14.9817 0.0264469 25.7229 0.0484351 1.86565
0.8 0.7 15.9642 0.0239061 -0.0911092 14.752 0.012991 27.2886 0.0279473 2.03384
0.8 0.75 15.9505 9.70025e-10 -0.0959553 14.6689 1.55392e-10 27.8061 1.77979e-08 2.07397
0.8 0.8 15.9642 -0.0239061 -0.0911092 14.752 -0.012991 27.2886 -0.0279474 2.03384
0.8 0.85 16.0013 -0.0429617 -0.0778763 14.9817 -0.0264469 25.7229 -0.0484351 1.86565
0.8 0.9 16.0517 -0.0535768 -0.0605123 15.3031 -0.0389952 23.1003 -0.0547324 1.46216
0.8 0.95 16.105 -0.0566602 -0.043887 15.639 -0.0472442 19.498 -0.0452808 0.749549
0.8 1 16.1587 -0.0556065 -0.0316951 15.9196 -0.0485576 14.7763 -0.0319473 -0.214242
0.85 0 16.1562 -0.109035 -0.0338227 15.924 -0.0950334 15.5193 -0.0427625 -0.367364
0.85 0.05 16.2055 -0.0983908 -0.0192338 16.0896 -0.0863063 11.3697 -0.0214675 -2.3035
0.85 0.1 16.2572 -0.0792657 -0.013286 16.1993 -0.0700422 7.87106 -0.0378505 -3.24543
0.85 0.15 16.3034 -0.05462 -0.0127237 16.2757 -0.0490785 5.10969 -0.0457268 -2.82269
0.85 0.2 16.3346 -0.0274587 -0.0141186 16.323 -0.0250778 3.30104 -0.0230495 -1.92225
0.85 0.25 16.3454 -5.40353e-10 -0.014928 16.339 -4.8003e-10 2.66807 -1.10988e-08 -1.5129
0.85 0.3 16.3346 0.0274587 -0.0141186 16.323 0.0250778 3.30104 0.0230495 -1.92225
0.85 0.35 16.3034 0.05462 -0.0127237 16.2757 0.0490785 5.10969 0.0457268 -2.82269
0.85 0.4 16.2572 0.0792657 -0.013286 16.1993 0.0700422 7.87106 0.0378505 -3.24543
0.85 0.45 16.2055 0.0983908 -0.0192338 16.0896 0.0863063 11.3697 0.0214674 -2.3035
0.85 0.5 16.1562 0.109035 -0.0338227 15.924 0.0950334 15.2357 0.0441883 -0.385418
0.85 0.55 16.1092 0.110623 -0.0569466 15.6894 0.0922894 18.9108 0.0751279 1.49655
0.85 0.6 16.0635 0.103104 -0.0877037 15.4106 0.0770306 21.9933 0.0933786 2.86923
0.85 0.65 16.0208 0.0816539 -0.118892 15.1439 0.0535439 24.2683 0.0846717 3.67142
0.85 0.7 15.9893 0.0453082 -0.14249 14.9526 0.0270048 25.6422 0.0495583 4.03651
0.85 0.75 15.9775 1.07495e-09 -0.151121 14.8833 5.98558e-10 26.0994 -4.13163e-09 4.13461
0.85 0.8 15.9893 -0.0453082 -0.14249 14.9526 -0.0270048 25.6422 -0.0495583 4.03651
0.85 0.85 16.0208 -0.0816538 -0.118892 15.1439 -0.0535439 24.2683 -0.0846718 3.67142
0.85 0.9 16.0635 -0.103104 -0.0877037 15.4106 -0.0770306 21.9933 -0.0933786 2.86923
0.85 0.95 16.1092 -0.110623 -0.0569466 15.6894 -0.0922894 18.9108 -0.0751279 1.49655
0.85 1 16.1562 -0.109035 -0.0338227 15.924 -0.0950334 14.9522 -0.0456138 -0.367364
0.9 0 16.1527 -0.155334 -0.0337238 15.929 -0.135419 15.4953 -0.0494404 -0.377083
0.9 0.05 16.1898 -0.143134 -0.0103962 16.0497 -0.125089 12.5734 -0.0308678 -3.08206
0.9 0.1 16.2295 -0.119021 0.00439274 16.1343 -0.104262 9.9892 -0.0553459 -4.66618
0.9 0.15 16.2656 -0.0850767 0.0128255 16.1979 -0.0753977 7.90198 -0.0431022 -5.0793
0.9 0.2 16.2908 -0.0441997 0.0167133 16.2405 -0.0397072 6.54466 -0.0203296 -5.06504
0.9 0.25 16.2997 5.55486e-10 0.0177762 16.2557 6.56747e-10 6.0774 -5.66021e-08 -5.02709
0.9 0.3 16.2908 0.0441997 0.0167133 16.2405 0.0397072 6.54466 0.0203298 -5.06504
0.9 0.35 16.2656 0.0850767 0.0128255 16.1979 0.0753977 7.90198 0.0431021 -5.0793
0.9 0.4 16.2295 0.119021 0.00439274 16.1343 0.104262 9.9892 0.055346 -4.66618
0.9 0.45 16.1898 0.143134 -0.0103962 16.0497 0.125089 12.5734 0.0308677 -3.08206
0.9 0.5 16.1527 0.155334 -0.0337238 15.929 0.135419 15.3403 0.0505261 -0.398307
0.9 0.55 16.1184 0.155678 -0.0652979 15.7617 0.130745 17.9816 0.0961591 2.243
0.9 0.6 16.086 0.143276 -0.104835 15.5646 0.110389 20.2213 0.117642 4.13461
0.9 0.65 16.0559 0.112058 -0.143908 15.3761 0.0786918 21.9041 0.107526 5.26577
0.9 0.7 16.0337 0.0618097 -0.172967 15.2407 0.0407508 22.9372 0.0628528 5.8219
0.9 0.75 16.0254 1.30759e-09 -0.183563 15.1915 3.79937e-10 23.2844 5.40092e-08 5.98626
0.9 0.8 16.0337 -0.0618097 -0.172967 15.2407 -0.0407508 22.9372 -0.0628529 5.8219
0.9 0.85 16.0559 -0.112058 -0.143908 15.3761 -0.0786918 21.9041 -0.107526 5.26577
0.9 0.9 16.086 -0.143276 -0.104835 15.5646 -0.110389 20.2213 -0.117642 4.13461
0.9 0.95 16.1184 -0.155678 -0.0652979 15.7617 -0.130745 17.9816 -0.0961591 2.243
0.9 1 16.1527 -0.155334 -0.0337238 15.929 -0.135419 15.1852 -0.0516115 -0.377083
0.95 0 16.1497 -0.187278 -0.0315804 15.9328 -0.16354 15.4932 -0.0487712 -0.226466
0.95 0.05 16.1706 -0.177038 -0.00025984 15.994 -0.153457 13.9748 -0.0552094 -3.4291
0.95 0.1 16.1942 -0.152142 0.0256525 16.0347 -0.130051 12.5517 -0.0816118 -5.48338
0.95 0.15 16.2162 -0.112112 0.0460648 16.0657 -0.0955777 11.3826 -0.0588127 -6.51317
0.95 0.2 16.2317 -0.0595914 0.0589303 16.0877 -0.0508939 10.6347 -0.0311315 -7.03747
0.95 0.25 16.2372 1.30408e-09 0.0633564 16.0959 1.46286e-09 10.3769 -7.98855e-08 -7.19954
0.95 0.3 16.2317 0.0595914 0.0589303 16.0877 0.0508939 10.6347 0.0311317 -7.03747
0.95 0.35 16.2162 0.112112 0.0460648 16.0657 0.0955777 11.3826 0.0588126 -6.51317
0.95 0.4 16.1942 0.152142 0.0256525 16.0347 0.130051 12.5517 0.081612 -5.48338
0.95 0.45 16.1706 0.177038 -0.000259841 15.994 0.153457 13.9748 0.0552092 -3.4291
0.95 0.5 16.1497 0.187278 -0.0315804 15.9328 0.16354 15.44 0.0496003 -0.243208
0.95 0.55 16.1326 0.184853 -0.0678656 15.8437 0.156704 16.7785 0.100756 2.9092
0.95 0.6 16.1176 0.167169 -0.109234 15.7365 0.133349 17.9065 0.122249 5.10573
0.95 0.65 16.1041 0.128793 -0.14863 15.634 0.0970366 18.7621 0.108893 6.42329
0.95 0.7 16.094 0.0704267 -0.177179 15.5606 0.0512166 19.2972 0.0627117 7.1143
0.95 0.75 16.0902 1.66698e-09 -0.187543 15.5341 1.65859e-09 19.4792 2.48871e-08 7.33106
0.95 0.8 16.094 -0.0704267 -0.177179 15.5606 -0.0512166 19.2972 -0.0627118 7.1143
0.95 0.85 16.1041 -0.128793 -0.14863 15.634 -0.0970366 18.7621 -0.108893 6.42329
0.95 0.9 16.1176 -0.167169 -0.109234 15.7365 -0.133349 17.9065 -0.122249 5.10573
0.95 0.95 16.1326 -0.184853 -0.0678656 15.8437 -0.156704 16.7785 -0.100756 2.9092
0.95 1 16.1497 -0.187278 -0.0315804 15.9328 -0.16354 15.3867 -0.0504288 -0.226466
1 0 16.1486 -0.198782 -0.0281971 15.9342 -0.173721 15.4731 -0.0446484 -1.86039
1 0.05 16.1508 -0.192393 0.00796983 15.9238 -0.164896 15.4593 -0.0817387 -3.49431
1 0.1 16.1555 -0.170106 0.0440101 15.8995 -0.140657 15.4352 -0.105179 -5.87829
1 0.15 16.1603 -0.128462 0.0762547 15.874 -0.103477 15.4108 -0.0874184 -7.31416
1 0.2 16.1635 -0.069421 0.0985469 15.8562 -0.0551581 15.3978 -0.0489164 -8.12922
1 0.25 16.1646 1.58924e-09 0.106558 15.85 1.34743e-09 15.393 4.2263e-08 -8.39937
1 0.3 16.1635 0.069421 0.0985469 15.8562 0.0551581 15.3978 0.0489163 -8.12922
1 0.35 16.1603 0.128462 0.0762547 15.874 0.103477 15.4108 0.0874185 -7.31415
1 0.4 16.1555 0.170106 0.0440101 15.8995 0.140657 15.4352 0.105179 -5.87829
1 0.45 16.1508 0.192393 0.00796982 15.9238 0.164896 15.4593 0.0817388 -3.49431
1 0.5 16.1486 0.198782 -0.0281971 15.9342 0.173721 15.4809 0.045428 0.0271762
1 0.55 16.1505 0.192422 -0.0643897 15.9238 0.164897 15.3624 0.0839357 3.5487
1 0.6 16.155 0.170162 -0.100505 15.8995 0.140657 15.1079 0.106335 5.93278
1 0.65 16.1595 0.128525 -0.132837 15.874 0.103478 14.8611 0.0869105 7.36882
1 0.7 16.1626 0.0694616 -0.155199 15.8562 0.0551583 14.7058 0.0480743 8.18404
1 0.75 16.1636 2.40259e-09 -0.163236 15.85 1.97937e-09 14.6527 -3.44e-08 8.45424
1 0.8 16.1626 -0.0694615 -0.155199 15.8562 -0.0551583 14.7058 -0.0480742 8.18404
1 0.85 16.1595 -0.128525 -0.132837 15.874 -0.103478 14.8611 -0.0869106 7.36882
1 0.9 16.155 -0.170162 -0.100505 15.8995 -0.140657 15.1079 -0.106335 5.93278
1 0.95 16.1505 -0.192422 -0.0643897 15.9238 -0.164897 15.3624 -0.0839357 3.5487
1 1 16.1486 -0.198782 -0.0281971 15.9342 -0.173721 15.4888 -0.0462075 1.66112
